30402,'1',2605,,91579,3,0,5 6 7,2,10,,91581,3,0,5 6 7,2,10,,91583,3,0,5 6 7,2,10,,91589,3,0,5 6 7,2,10,,91584,3,0,5 6 7,2,10,,91585,3,0,5 6 7,2,50,,91574,3,0,5 6 7,2,10,,91593,3,0,5 6 7,2,10,,91582,3,0,5 6 7,2,10,,91576,3,0,5 6 7,2,10,,91595,3,0,5 6 7,2,10,,91594,3,0,5 6 7,2,50,,91592,3,0,5 6 7,2,10,,91588,3,0,5 6 7,2,10,,91573,3,0,5 6 7,2,10,,91578,3,0,5 6 7,2,6,,91575,3,0,5 6 7,2,11,,91580,3,0,14,2,50,,91586,3,0,14,2,10,,91591,3,0,14,2,10,,91577,3,0,14,2,10,,91590,3,0,14,2,14,,91587,3,0,14,2
30402,'2',2558,,91613,3,0,14,2,50,,78758,3,0,14,2,17,,91606,3,0,5 6 7,2,10,,91610,3,0,5 6 7,2,10,,91604,3,0,5 6 7,2,10,,91608,3,0,5 6 7,2,50,,91601,3,0,5 6 7,2,10,,91597,3,0,5 6 7,2,10,,91600,3,0,5 6 7,2,10,,90101,3,0,5 6 7,2,10,,91602,3,0,5 6 7,2,10,,91617,3,0,5 6 7,2,50,,91596,3,0,5 6 7,2,10,,91615,3,0,5 6 7,2,10,,91616,3,0,5 6 7,2,10,,91607,3,0,5 6 7,2,10,,91609,3,0,5 6 7,2,10,,91611,3,0,5 6 7,2,53,,91614,3,0,5 6 7,2,7,,91603,3,0,14,2,10,,91598,3,0,14,2,10,,91612,3,0,14,2,10,,91605,3,0,14,2,10,,91599,3,0,14,2
30402,'3',502,,91652,3,0,21,2,21,,91641,3,0,21,2,16,,91623,3,0,21,2,13,,91670,3,0,21,2,54,,91650,3,0,21,2,14,,91624,3,0,21,2,14,,91647,3,0,21,2,14,,81689,3,0,21,2,54,,91658,3,0,21,2,14,,91622,3,0,21,2,14,,91630,3,0,21,2,14,,91621,3,0,21,2,14,,91633,3,0,21,2,1870,,91657,3,0,5 6 7,2,10,,91659,3,0,5 6 7,2,10,,91628,3,0,5 6 7,2,10,,91663,3,0,5 6 7,2,50,,91666,3,0,5 6 7,2,10,,91648,3,0,5 6 7,2,10,,91643,3,0,5 6 7,2,10,,91636,3,0,5 6 7,2,10,,91632,3,0,5 6 7,2,10,,91664,3,0,5 6 7,2,50,,91635,3,0,5 6 7,2,11,,91627,3,0,5 6 7,2,4,,91653,3,0,14,2,10,,91639,3,0,14,2,10,,91655,3,0,14,2,10,,91629,3,0,14,2,50,,91642,3,0,14,2,10,,91619,3,0,14,2,10,,91637,3,0,14,2,10,,91660,3,0,14,2,10,,91620,3,0,14,2
30402,'5',2628,,91687,3,0,5 6 7,2,10,,91674,3,0,5 6 7,2,10,,91688,3,0,5 6 7,2,10,,91683,3,0,5 6 7,2,50,,91680,3,0,5 6 7,2,10,,91684,3,0,5 6 7,2,10,,91677,3,0,5 6 7,2,10,,91672,3,0,5 6 7,2,10,,91673,3,0,5 6 7,2,10,,91678,3,0,5 6 7,2,50,,91676,3,0,5 6 7,2,11,,91679,3,0,5 6 7,2,4,,91686,3,0,14,2,10,,91675,3,0,14,2,10,,91689,3,0,14,2,10,,91690,3,0,14,2,50,,91685,3,0,14,2,10,,91671,3,0,14,2,10,,91682,3,0,14,2,10,,91691,3,0,14,2,10,,91681,3,0,14,2
30502,'1',2514,,91782,3,0,5 41,2,20,,91778,3,0,5 41,2,20,,91779,3,0,5 41,2,60,,91772,3,0,5 41,2,20,,91775,3,0,5 41,2,4,,91777,3,,,2,16,,91776,3,0,5 41,2,60,,91773,3,0,5 41,2,30,,91774,3,0,5 41,2,15,,91771,3,,,2,55,,91781,3,0,5 41,2,20,,91780,3,,,2
30502,'2',2504,,91785,3,0,5 41,2,5,,91798,3,,,2,6,,91794,3,,,2,9,,91790,3,0,5 41,2,20,,91786,3,0,5 41,2,10,,91789,3,,,2,50,,91787,3,0,5 41,2,4,,91799,3,,,2,16,,91792,3,0,5 41,2,20,,91796,3,0,5 41,2,60,,91784,3,0,5 41,2,20,,91795,3,0,5 41,2,20,,91788,3,0,5 41,2,60,,91783,3,0,5 41,2,30,,91793,3,0,5 41,2,9,,91791,3,,,2,70,,85880,3,,,2,30,,91797,3,,,2
30502,'3',451,,91804,3,0,5 41,2,57,,91812,3,0,5 41,2,17,,91817,3,0,5 41,2,15,,91827,3,0,5 41,2,15,,91813,3,0,5 41,2,55,,91825,3,0,5 41,2,10,,91821,3,0,5 41,2,10,,91820,3,0,5 41,2,10,,91832,3,0,5 41,2,10,,91807,3,0,5 41,2,50,,91814,3,0,5 41,2,10,,87883,3,0,5 41,2,10,,91816,3,0,5 41,2,10,,91824,3,0,5 41,2,10,,91810,3,0,5 41,2,1768,,91829,3,0,5 41,2,10,,91831,3,0,5 41,2,5,,91808,3,,,2,15,,91826,3,0,5 41,2,11,,81716,3,,,2,9,,91801,3,0,5 41,2,50,,91803,3,0,5 41,2,11,,91830,3,,,2,6,,91802,3,,,2,13,,91805,3,0,5 41,2,20,,91823,3,0,5 41,2,60,,91811,3,0,5 41,2,20,,91806,3,0,5 41,2,20,,91819,3,0,5 41,2,60,,91818,3,,,2,30,,91815,3,,,2,70,,91822,3,,,2,20,,91809,3,,,2
30502,'5',2508,,91843,3,0,5 41,2,10,,91844,3,0,5 41,2,10,,91841,3,,,2,10,,91838,3,0,5 41,2,20,,79306,3,0,5 41,2,60,,91835,3,0,5 41,2,5,,91842,3,,,2,5,,91846,3,,,2,10,,91839,3,0,5 41,2,20,,91833,3,0,5 41,2,60,,91837,3,0,5 41,2,20,,83635,3,0,5 41,2,70,,91834,3,0,5 41,2,9,,91840,3,,,2,30,,91847,3,,,2,70,,91845,3,,,2,30,,91836,3,,,2
50402,'1',451,,95609,3,0,21,2,50,,95547,3,0,21,2,10,,95742,3,0,21,2,10,,95683,3,0,21,2,10,,95625,3,0,21,2,10,,95511,3,0,21,2,10,,89912,3,0,21,2,6,,95657,2,0,21,2,50,,95540,2,0,21,2,10,,95685,2,0,21,2,10,,95741,2,0,21,2,10,,95721,2,0,21,2,10,,95643,2,0,21,2,10,,95566,2,0,21,2,50,,95580,2,0,21,2,8,,95706,2,0,21,2,8,,95736,2,0,21,2,6,,95718,2,0,21,2,6,,95552,2,0,21,2,7,,95777,2,0,21,2,6,,95679,2,0,21,2,6,,95676,2,0,21,2,53,,95659,2,0,21,2,6,,95638,2,0,21,2,5,,95560,2,0,21,2,12,,95563,2,0,21,2,11,,95754,2,0,21,2,9,,95616,2,0,21,2,8,,95607,2,0,21,2,48,,95693,2,0,21,2,8,,95512,2,0,21,2,8,,95602,2,0,21,2,8,,95720,2,0,21,2,8,,84638,2,0,21,2,8,,95513,2,0,21,2,8,,95651,2,0,21,2,48,,95620,2,0,21,2,8,,95608,2,0,21,2,8,,95684,2,0,21,2,10,,95554,2,,,2,4,,95681,2,0,21,2,9,,95740,2,0,21,2,8,,95630,2,0,21,2,9,,95546,2,0,21,2,50,,95570,2,0,21,2,10,,95568,2,0,21,2,10,,95646,2,0,21,2,10,,95768,2,0,21,2,10,,95597,2,0,21,2,10,,95592,2,0,21,2,50,,95709,2,0,21,2,10,,95519,2,0,21,2,10,,95599,2,0,21,2,10,,95572,2,0,21,2,10,,95654,2,0,21,2,10,,95732,2,0,21,2,50,,95532,2,0,21,2,10,,95680,2,0,21,2,10,,95522,2,0,21,2,10,,95534,2,0,21,2,10,,95555,2,0,21,2,10,,95593,2,0,21,2,50,,95645,2,0,21,2,10,,95518,2,0,21,2,11,,95716,2,0,21,2,10,,95686,2,0,21,2,10,,95506,2,0,21,2,10,,95767,2,0,21,2,50,,95725,2,0,21,2,10,,95640,2,0,21,2,11,,95600,2,0,21,2,12,,95728,2,0,21,2,11,,95514,2,0,21,2,50,,95622,2,0,21,2,10,,95746,2,0,21,2,10,,95760,2,0,21,2,10,,95672,2,0,21,2,10,,95629,2,0,21,2,10,,95614,2,0,21,2,50,,95574,2,0,21,2,10,,95658,2,0,21,2,10,,95531,2,0,21,2,10,,95601,2,0,21,2,10,,95617,2,0,21,2,10,,95719,2,0,21,2,50,,95582,2,0,21,2,10,,95650,2,0,21,2,10,,95710,2,0,21,2,10,,95642,2,0,21,2,10,,95594,2,0,21,2,10,,95722,2,0,21,2,50,,95714,2,0,21,2,9,,95739,2,0,21,2,10,,95649,2,0,21,2,10,,95586,2,0,21,2,10,,95762,2,0,21,2,8,,95557,2,0,21,2,8,,95675,2,0,21,2,50,,95655,2,0,21,2,10,,95556,2,0,21,2,9,,95704,2,0,21,2,10,,95653,2,0,21,2,10,,95565,2,0,21,2,10,,95700,2,0,21,2,50,,95699,2,0,21,2,10,,95713,2,0,21,2,10,,95778,2,0,21,2,10,,95770,2,0,21,2,10,,95727,2,0,21,2,10,,95505,2,0,21,2,50,,95578,2,0,21,2,10,,95743,2,0,21,2,10,,95781,2,0,21,2,10,,95605,2,0,21,2,9,,86558,2,0,21,2,10,,95544,2,0,21,2,50,,95689,2,0,21,2,10,,95575,2,0,21,2,10,,95756,2,0,21,2,10,,95588,2,0,21,2,10,,95753,2,0,21,2,10,,95589,2,0,21,2,50,,95584,2,0,21,2,10,,95529,2,0,21,2,10,,95613,2,0,21,2,10,,95691,2,0,21,2,10,,95772,2,0,21,2,10,,95619,2,0,21,2,50,,95668,2,0,21,2,10,,95664,2,0,21,2,10,,95726,2,0,21,2,10,,95648,2,0,21,2,10,,95515,2,0,21,2,10,,95780,2,0,21,2
50402,'2',502,,96015,3,0,21,2,15,,95990,3,0,21,2,10,,95961,3,0,21,2,10,,95851,3,0,21,2,10,,95951,3,0,21,2,10,,95975,2,0,21,2,50,,95992,2,0,21,2,10,,82134,2,0,21,2,15,,95913,2,0,21,2,10,,95949,2,0,21,2,10,,96019,2,0,21,2,50,,95869,2,0,21,2,10,,95987,2,0,21,2,10,,95881,2,0,21,2,10,,95787,2,0,21,2,10,,95923,2,0,21,2,10,,95922,2,0,21,2,50,,95929,2,0,21,2,11,,95784,2,0,21,2,10,,95822,2,0,21,2,11,,96018,2,0,21,2,13,,95988,2,0,21,2,55,,95853,2,0,21,2,13,,95887,2,0,21,2,11,,95950,2,0,21,2,10,,95792,2,0,21,2,10,,95935,2,0,21,2,10,,96008,2,0,21,2,50,,96036,2,0,21,2,10,,95839,2,0,21,2,10,,95915,2,0,21,2,10,,95848,2,0,21,2,10,,95905,2,0,21,2,10,,95804,2,0,21,2,50,,96010,2,0,21,2,10,,95831,2,0,21,2,10,,95944,2,0,21,2,10,,96033,2,0,21,2,10,,95909,2,0,21,2,10,,96040,2,0,21,2,50,,95845,2,0,21,2,10,,95934,2,0,21,2,10,,95808,2,0,21,2,10,,95833,2,0,21,2,10,,95924,2,0,21,2,10,,96000,2,0,21,2,50,,95895,2,0,21,2,7,,95825,2,0,21,2,7,,95850,2,0,21,2,14,,95898,2,0,21,2,10,,96009,2,0,21,2,10,,95865,2,0,21,2,50,,95912,2,0,21,2,10,,95918,2,0,21,2,10,,96028,2,0,21,2,10,,95884,2,0,21,2,10,,95786,2,0,21,2,10,,90149,2,0,21,2,50,,96002,2,0,21,2,10,,95977,2,0,21,2,10,,95812,2,0,21,2,10,,95814,2,0,21,2,10,,95960,2,0,21,2,10,,95837,2,0,21,2,50,,95885,2,0,21,2,10,,95876,2,0,21,2,10,,95974,2,0,21,2,10,,96012,2,0,21,2,10,,95793,2,0,21,2,10,,95927,2,0,21,2,50,,95867,2,0,21,2,10,,95886,2,0,21,2,10,,95875,2,0,21,2,10,,95896,2,0,21,2,10,,95798,2,0,21,2,10,,95925,2,0,21,2,50,,95783,2,0,21,2,10,,95819,2,0,21,2,10,,95941,2,0,21,2,10,,95800,2,0,21,2,10,,95902,2,0,21,2,10,,86704,2,0,21,2,50,,95880,2,0,21,2,10,,95959,2,0,21,2,10,,96020,2,0,21,2,8,,95842,2,0,21,2,8,,96003,2,0,21,2,8,,96023,2,0,21,2,10,,95939,2,0,21,2,50,,95874,2,0,21,2,10,,95805,2,0,21,2,10,,95947,2,0,21,2,10,,95882,2,0,21,2,10,,95986,2,0,21,2,10,,96006,2,0,21,2,50,,95921,2,0,21,2,10,,95967,2,0,21,2,10,,95852,2,0,21,2,10,,95790,2,0,21,2,10,,95982,2,0,21,2,10,,95830,2,0,21,2,50,,96013,2,0,21,2,10,,95979,2,0,21,2,10,,95785,2,0,21,2,10,,95846,2,0,21,2,10,,95931,2,0,21,2,9,,95926,2,0,21,2,50,,95815,2,0,21,2,12,,95904,2,0,21,2,10,,95847,2,0,21,2,10,,95788,2,0,21,2,10,,95892,2,0,21,2,10,,95952,2,0,21,2,50,,95933,2,0,21,2,10,,95894,2,0,21,2,10,,95811,2,0,21,2,10,,95835,2,0,21,2,10,,95964,2,0,21,2,10,,96024,2,0,21,2,50,,96034,2,0,21,2,10,,95803,2,0,21,2,10,,95968,2,0,21,2,10,,95937,2,0,21,2,10,,96016,2,0,21,2
50402,'3',812,,96244,2,0,21,2,14,,96246,2,0,21,2,8,,96073,2,0,21,2,7,,96259,2,0,21,2,14,,96131,2,0,21,2,54,,96115,2,0,21,2,8,,96185,2,0,21,2,8,,96074,2,0,21,2,15,,96110,2,0,21,2,8,,96114,2,0,21,2,52,,96094,2,0,21,2,12,,96042,2,0,21,2,10,,96257,2,0,21,2,10,,96062,2,0,21,2,10,,96229,2,0,21,2,10,,96196,2,0,21,2,50,,96099,2,0,21,2,10,,96249,2,0,21,2,10,,96258,2,0,21,2,10,,96231,2,0,21,2,10,,96070,2,0,21,2,10,,96113,2,0,21,2,50,,96130,2,0,21,2,10,,96050,2,0,21,2,10,,96173,2,0,21,2,10,,96176,2,0,21,2,13,,96091,2,0,21,2,14,,96118,2,0,21,2,51,,96245,2,0,21,2,10,,96227,2,0,21,2,10,,96193,2,0,21,2,10,,96126,2,0,21,2,10,,96075,2,0,21,2,50,,96243,2,0,21,2,10,,96160,2,0,21,2,10,,96092,2,0,21,2,10,,96226,2,0,21,2,10,,96104,2,0,21,2,10,,96156,2,0,21,2,50,,96097,2,0,21,2,10,,96143,2,0,21,2,10,,96183,2,0,21,2,10,,96214,2,0,21,2,10,,96072,2,0,21,2,10,,96177,2,0,21,2,50,,96233,2,0,21,2,10,,96085,2,0,21,2,10,,96253,2,0,21,2,10,,96116,2,0,21,2,10,,96164,2,0,21,2,10,,96045,2,0,21,2,50,,96108,2,0,21,2,10,,96127,2,0,21,2,10,,96098,2,0,21,2,10,,96081,2,0,21,2,10,,96225,2,0,21,2,10,,96187,2,0,21,2,50,,96184,2,0,21,2,10,,96061,2,0,21,2,10,,96224,2,0,21,2,10,,96057,2,0,21,2,10,,96146,2,0,21,2,10,,96155,2,0,21,2,50,,96124,2,0,21,2,10,,96137,2,0,21,2,10,,96179,2,0,21,2,10,,96218,2,0,21,2,10,,96241,2,0,21,2,8,,96145,2,0,21,2,9,,96080,2,0,21,2,50,,96168,2,0,21,2,10,,96154,2,0,21,2,10,,96051,2,0,21,2,10,,96054,2,0,21,2,10,,96133,2,0,21,2,10,,96170,2,0,21,2,50,,96058,2,0,21,2,10,,96200,2,0,21,2,10,,96212,2,0,21,2,10,,96048,2,0,21,2,10,,96128,2,0,21,2,10,,96112,2,0,21,2,50,,96150,2,0,21,2,10,,96056,2,0,21,2,10,,96163,2,0,21,2,10,,96186,2,0,21,2,10,,96109,2,0,21,2,9,,96230,2,0,21,2,50,,96066,2,0,21,2,10,,96216,2,0,21,2,10,,96159,2,0,21,2,10,,96132,2,0,21,2,10,,96166,2,0,21,2,10,,96049,2,0,21,2,50,,96205,2,0,21,2,10,,96106,2,0,21,2,10,,96047,2,0,21,2,10,,96093,2,0,21,2,10,,96180,2,0,21,2,10,,96055,2,0,21,2,50,,96208,2,0,21,2,10,,96199,2,0,21,2,10,,96189,2,0,21,2,10,,96149,2,0,21,2,10,,96182,2,0,21,2,10,,96087,2,0,21,2,50,,96234,2,0,21,2
50402,'5',501,,96444,2,0,21,2,21,,96451,2,0,21,2,16,,96319,3,0,21,2,14,,96381,3,0,21,2,54,,96262,2,0,21,2,14,,96382,2,0,21,2,14,,96415,2,0,21,2,14,,96392,2,0,21,2,54,,96395,2,0,21,2,14,,96317,2,0,21,2,14,,96513,2,0,21,2,14,,96324,2,0,21,2,14,,96429,2,0,21,2,54,,96297,2,0,21,2,14,,96500,2,0,21,2,8,,96334,2,0,21,2,7,,96454,2,0,21,2,14,,96387,2,0,21,2,54,,96336,2,0,21,2,8,,96294,2,0,21,2,8,,96486,2,0,21,2,15,,96399,2,0,21,2,8,,96353,2,0,21,2,52,,96506,2,0,21,2,12,,96465,2,0,21,2,10,,96355,2,0,21,2,10,,96512,2,0,21,2,10,,96283,2,0,21,2,10,,96445,2,0,21,2,50,,96467,2,0,21,2,10,,96315,2,0,21,2,10,,96501,2,0,21,2,10,,96397,2,0,21,2,10,,96485,2,0,21,2,10,,96472,2,0,21,2,50,,96325,2,0,21,2,10,,81801,2,0,21,2,10,,96379,2,0,21,2,10,,96360,2,0,21,2,13,,96487,2,0,21,2,14,,96366,2,0,21,2,51,,96439,2,0,21,2,10,,96323,2,0,21,2,10,,96411,2,0,21,2,10,,96401,2,0,21,2,10,,96343,2,0,21,2,50,,96435,2,0,21,2,10,,96420,2,0,21,2,10,,96359,2,0,21,2,10,,96502,2,0,21,2,10,,96367,2,0,21,2,10,,96344,2,0,21,2,50,,96446,2,0,21,2,10,,96414,2,0,21,2,10,,96345,2,0,21,2,10,,96332,2,0,21,2,10,,96327,2,0,21,2,10,,96312,2,0,21,2,50,,96289,2,0,21,2,10,,96311,2,0,21,2,10,,96349,2,0,21,2,10,,96443,2,0,21,2,10,,96337,2,0,21,2,10,,96303,2,0,21,2,50,,96270,2,0,21,2,10,,96266,2,0,21,2,10,,96476,2,0,21,2,10,,96505,2,0,21,2,10,,96459,2,0,21,2,10,,96417,2,0,21,2,50,,96368,2,0,21,2,10,,96453,2,0,21,2,10,,96277,2,0,21,2,10,,96421,2,0,21,2,10,,96348,2,0,21,2,10,,96433,2,0,21,2,50,,96313,2,0,21,2,10,,96457,2,0,21,2,10,,96374,2,0,21,2,10,,96286,2,0,21,2,10,,96276,2,0,21,2,8,,96484,2,0,21,2,9,,96498,2,0,21,2,50,,96350,2,0,21,2,10,,96362,2,0,21,2,10,,96464,2,0,21,2,10,,96475,2,0,21,2,10,,96352,2,0,21,2,10,,96425,2,0,21,2,50,,96394,2,0,21,2,10,,96316,2,0,21,2,10,,96322,2,0,21,2,10,,96460,2,0,21,2,10,,96480,2,0,21,2,10,,96378,2,0,21,2,50,,96385,2,0,21,2,10,,96308,2,0,21,2,10,,96515,2,0,21,2,10,,96341,2,0,21,2,10,,96365,2,0,21,2,9,,96491,2,0,21,2,50,,96300,2,0,21,2,10,,96493,2,0,21,2,10,,96281,2,0,21,2,10,,96434,2,0,21,2,10,,96449,2,0,21,2,10,,96510,2,0,21,2,50,,96391,2,0,21,2,10,,96354,2,0,21,2,10,,96370,2,0,21,2,10,,96499,2,0,21,2,10,,96347,2,0,21,2,10,,96356,2,0,21,2,50,,96405,2,0,21,2,10,,96335,2,0,21,2,10,,96418,2,0,21,2,10,,96358,2,0,21,2,10,,96389,2,0,21,2,10,,96463,2,0,21,2,50,,96514,2,0,21,2
50502,'1',422,,97243,3,0,5 41,2,13,,97277,3,0,5 41,2,5,,97248,3,0,5 41,2,5,,97274,3,0,5 41,2,10,,97252,3,0,5 41,2,50,,97211,3,0,5 41,2,10,,97230,3,0,5 41,2,10,,97224,3,0,5 41,2,10,,97214,3,0,5 41,2,10,,97330,3,0,5 41,2,10,,97218,2,0,5 41,2,50,,97219,2,0,5 41,2,10,,97304,2,0,5 41,2,10,,97206,2,0,5 41,2,10,,97365,2,0,5 41,2,10,,97208,2,0,5 41,2,10,,97315,2,0,5 41,2,50,,97346,2,0,5 41,2,5,,97344,2,0,5 41,2,5,,97227,2,0,5 41,2,10,,97292,2,0,5 41,2,10,,97355,2,0,5 41,2,9,,97289,2,0,5 41,2,7,,97263,2,0,5 41,2,6,,97367,2,0,5 41,2,46,,97360,2,0,5 41,2,6,,97293,2,0,5 41,2,6,,97241,2,0,5 41,2,6,,97301,2,0,5 41,2,6,,97332,2,0,5 41,2,6,,97372,2,0,5 41,2,6,,97373,2,0,5 41,2,6,,97235,2,0,5 41,2,6,,97364,2,0,5 41,2,6,,97284,2,0,5 41,2,46,,97328,2,0,5 41,2,6,,97280,2,0,5 41,2,6,,97262,2,0,5 41,2,6,,97371,2,0,5 41,2,6,,97297,2,0,5 41,2,6,,97329,2,0,5 41,2,6,,69902,2,0,5 41,2,6,,97354,2,0,5 41,2,6,,97215,2,0,5 41,2,6,,97351,2,0,5 41,2,46,,97250,2,0,5 41,2,6,,97225,2,0,5 41,2,6,,97369,2,0,5 41,2,6,,97278,2,0,5 41,2,6,,97303,2,0,5 41,2,6,,97316,2,0,5 41,2,6,,97349,2,0,5 41,2,6,,97298,2,0,5 41,2,6,,97245,2,0,5 41,2,6,,97324,2,0,5 41,2,46,,97242,2,0,5 41,2,6,,97221,2,0,5 41,2,6,,97327,2,0,5 41,2,6,,97302,2,0,5 41,2,6,,97213,2,0,5 41,2,6,,97314,2,0,5 41,2,6,,97275,2,0,5 41,2,6,,97300,2,0,5 41,2,6,,86512,2,0,5 41,2,6,,87423,2,0,5 41,2,46,,97356,2,0,5 41,2,6,,97290,2,0,5 41,2,6,,97334,2,0,5 41,2,6,,97287,2,0,5 41,2,6,,97264,2,0,5 41,2,6,,97237,2,0,5 41,2,6,,97238,2,0,5 41,2,6,,97342,2,0,5 41,2,6,,97233,2,0,5 41,2,6,,97270,2,0,5 41,2,46,,97362,2,0,5 41,2,6,,97272,2,0,5 41,2,6,,97265,2,0,5 41,2,6,,80689,2,0,5 41,2,6,,97291,2,0,5 41,2,6,,97285,2,0,5 41,2,6,,97340,2,0,5 41,2,6,,97258,2,0,5 41,2,6,,97322,2,0,5 41,2,6,,97259,2,0,5 41,2,46,,97306,2,0,5 41,2,6,,97352,2,0,5 41,2,6,,97299,2,0,5 41,2,6,,97348,2,0,5 41,2,6,,97212,2,0,5 41,2,3,,97249,2,0,5 41,2,3,,97341,2,0,5 41,2,6,,97247,2,0,5 41,2,6,,97318,2,0,5 41,2,6,,97286,2,0,5 41,2,6,,97305,2,0,5 41,2,46,,97256,2,0,5 41,2,6,,97276,2,0,5 41,2,6,,97226,2,0,5 41,2,6,,97228,2,0,5 41,2,6,,97261,2,0,5 41,2,6,,97204,2,0,5 41,2,6,,97336,2,0,5 41,2,6,,97254,2,0,5 41,2,6,,97239,2,0,5 41,2,6,,97232,2,0,5 41,2,46,,97253,2,0,5 41,2,6,,97200,2,0,5 41,2,6,,97311,2,0,5 41,2,6,,97234,2,0,5 41,2,6,,97196,2,0,5 41,2,6,,97267,2,0,5 41,2,6,,97312,2,0,5 41,2,6,,97244,2,0,5 41,2,6,,97198,2,0,5 41,2,6,,97236,2,0,5 41,2,46,,97358,2,0,5 41,2,6,,97368,2,0,5 41,2,6,,86579,2,0,5 41,2,6,,97335,2,0,5 41,2,6,,97207,2,0,5 41,2,6,,97255,2,0,5 41,2,6,,97209,2,0,5 41,2,6,,97257,2,0,5 41,2,6,,97223,2,0,5 41,2,6,,88329,2,0,5 41,2,46,,97370,2,0,5 41,2,6,,97321,2,0,5 41,2,6,,97350,2,0,5 41,2,6,,97269,2,0,5 41,2,6,,97307,2,0,5 41,2,6,,97326,2,0,5 41,2,6,,97201,2,0,5 41,2,6,,97251,2,0,5 41,2,6,,97339,2,0,5 41,2,6,,97345,2,0,5 41,2,50,,97338,2,0,5 41,2,3,,97347,2,0,34,2,5,,97202,2,0,34,2,6,,97205,2,0,5 41,2,3,,97266,2,0,34,2,6,,97331,2,0,34,2,6,,97283,2,0,5 41,2,10,,97313,2,0,5 41,2,3,,97279,2,0,34,2,7,,97294,2,0,5 41,2,44,,97216,2,0,34,2,6,,97309,2,0,5 41,2,10,,97361,2,0,5 41,2,3,,97308,2,0,34,2,7,,97343,2,0,5 41,2,10,,97281,2,0,5 41,2,10,,97366,2,0,5 41,2,10,,97325,2,0,5 41,2,50,,97288,2,0,5 41,2,10,,97319,2,0,5 41,2,10,,97222,2,0,5 41,2,10,,97310,2,0,5 41,2,10,,97246,2,0,5 41,2,12,,78595,2,0,5 41,2,52,,97260,2,0,5 41,2,10,,97353,2,0,5 41,2,10,,97333,2,0,5 41,2,10,,97210,2,0,5 41,2,10,,97295,2,0,5 41,2,50,,97359,2,0,5 41,2,10,,97229,2,0,5 41,2,10,,97197,2,0,5 41,2,10,,97240,2,0,5 41,2,10,,83888,2,0,5 41,2,10,,97282,2,0,5 41,2,50,,97217,2,0,5 41,2,10,,97220,2,0,5 41,2,10,,97363,2,0,5 41,2,10,,97337,2,0,5 41,2,10,,97268,2,0,34,2,10,,97317,2,0,5 41,2,50,,97323,2,0,34,2,16,,97320,2,0,5 41,2,20,,97273,2,0,34,2,10,,97199,2,0,5 41,2
50502,'2',458,,97517,3,0,5 41,2,46,,97465,3,0,5 41,2,10,,97498,3,0,5 41,2,10,,97510,3,0,5 41,2,10,,97418,3,0,5 41,2,10,,97489,3,0,5 41,2,10,,97472,3,0,5 41,2,50,,97532,2,0,5 41,2,10,,97493,2,0,5 41,2,10,,97415,2,0,5 41,2,10,,97475,2,0,5 41,2,10,,97405,2,0,5 41,2,10,,78938,2,0,5 41,2,50,,97494,2,0,5 41,2,10,,97533,2,0,5 41,2,10,,97482,2,0,5 41,2,10,,84115,2,0,5 41,2,10,,97396,2,0,5 41,2,10,,97543,2,0,5 41,2,50,,97464,2,0,5 41,2,6,,78693,2,0,5 41,2,6,,97490,2,0,5 41,2,6,,97455,2,0,5 41,2,6,,82639,2,0,5 41,2,6,,97430,2,0,5 41,2,6,,97461,2,0,5 41,2,6,,97438,2,0,5 41,2,6,,97385,2,0,5 41,2,6,,97451,2,0,5 41,2,46,,97522,2,0,5 41,2,6,,97449,2,0,5 41,2,6,,97466,2,0,5 41,2,6,,97503,2,0,5 41,2,6,,97380,2,0,5 41,2,6,,97401,2,0,5 41,2,6,,97441,2,0,5 41,2,6,,97397,2,0,5 41,2,6,,97390,2,0,5 41,2,6,,97420,2,0,5 41,2,46,,97391,2,0,5 41,2,6,,97408,2,0,5 41,2,6,,97462,2,0,5 41,2,6,,97518,2,0,5 41,2,6,,97410,2,0,5 41,2,6,,97398,2,0,5 41,2,6,,97428,2,0,5 41,2,6,,97423,2,0,5 41,2,6,,97540,2,0,5 41,2,6,,97477,2,0,5 41,2,46,,97387,2,0,5 41,2,6,,97539,2,0,5 41,2,6,,97523,2,0,5 41,2,6,,97471,2,0,5 41,2,6,,97514,2,0,5 41,2,6,,97528,2,0,5 41,2,6,,97447,2,0,5 41,2,6,,97427,2,0,5 41,2,6,,97504,2,0,5 41,2,6,,97488,2,0,5 41,2,48,,97536,2,0,5 41,2,6,,97400,2,0,5 41,2,6,,97470,2,0,5 41,2,6,,97424,2,0,5 41,2,6,,97432,2,0,5 41,2,6,,97409,2,0,5 41,2,6,,97445,2,0,5 41,2,6,,97442,2,0,5 41,2,6,,97496,2,0,5 41,2,46,,97519,2,0,5 41,2,6,,97529,2,0,5 41,2,6,,97497,2,0,5 41,2,6,,97402,2,0,5 41,2,6,,97478,2,0,5 41,2,6,,97512,2,0,5 41,2,6,,97421,2,0,5 41,2,6,,97457,2,0,5 41,2,6,,97429,2,0,5 41,2,6,,97377,2,0,5 41,2,46,,97376,2,0,5 41,2,6,,97433,2,0,5 41,2,6,,97386,2,0,5 41,2,6,,97535,2,0,5 41,2,6,,97506,2,0,5 41,2,6,,97515,2,0,5 41,2,6,,97467,2,0,5 41,2,6,,97459,2,0,5 41,2,6,,97537,2,0,5 41,2,6,,97481,2,0,5 41,2,46,,97450,2,0,5 41,2,6,,97426,2,0,5 41,2,6,,97406,2,0,5 41,2,6,,97407,2,0,5 41,2,6,,97534,2,0,5 41,2,6,,97434,2,0,5 41,2,6,,97469,2,0,5 41,2,6,,97419,2,0,5 41,2,6,,97393,2,0,5 41,2,6,,97379,2,0,5 41,2,46,,97526,2,0,5 41,2,6,,97463,2,0,5 41,2,6,,97486,2,0,5 41,2,6,,97508,2,0,5 41,2,6,,97509,2,0,5 41,2,6,,97439,2,0,5 41,2,6,,97422,2,0,5 41,2,6,,97448,2,0,5 41,2,6,,97403,2,0,5 41,2,6,,97443,2,0,5 41,2,46,,97516,2,0,5 41,2,6,,97495,2,0,5 41,2,6,,97375,2,0,5 41,2,6,,97499,2,0,5 41,2,6,,97474,2,0,5 41,2,6,,97394,2,0,5 41,2,6,,97412,2,0,5 41,2,7,,97404,2,0,34,2,5,,97521,2,0,5 41,2,6,,97505,2,0,5 41,2,46,,97383,2,0,5 41,2,7,,97542,2,0,34,2,5,,97458,2,0,5 41,2,6,,97417,2,0,5 41,2,6,,97524,2,0,5 41,2,6,,97392,2,0,5 41,2,8,,97444,2,0,5 41,2,5,,97389,2,0,34,2,3,,97460,2,0,5 41,2,8,,97473,2,0,5 41,2,5,,97541,2,0,34,2,43,,97382,2,0,5 41,2,10,,97501,2,0,5 41,2,6,,97399,2,0,34,2,4,,97378,2,0,5 41,2,6,,97411,2,0,34,2,4,,97492,2,0,5 41,2,10,,97384,2,0,5 41,2,10,,97381,2,0,5 41,2,50,,97388,2,0,5 41,2,6,,97484,2,0,34,2,4,,97530,2,0,5 41,2,10,,97545,2,0,5 41,2,10,,97414,2,0,5 41,2,10,,97491,2,0,5 41,2,10,,97437,2,0,5 41,2,50,,97374,2,0,5 41,2,10,,97479,2,0,5 41,2,10,,97513,2,0,5 41,2,10,,97502,2,0,5 41,2,10,,97440,2,0,5 41,2,10,,97435,2,0,5 41,2,50,,97431,2,0,5 41,2,10,,97395,2,0,5 41,2,10,,97544,2,0,5 41,2,10,,97538,2,0,5 41,2,10,,97413,2,0,5 41,2,10,,97476,2,0,5 41,2,50,,97483,2,0,5 41,2,10,,97416,2,0,5 41,2,10,,97520,2,0,5 41,2,10,,78105,2,0,5 41,2,10,,97511,2,0,5 41,2,10,,97453,2,0,5 41,2,52,,97527,2,0,5 41,2,8,,97487,2,0,5 41,2,10,,97436,2,0,5 41,2,12,,97452,2,0,5 41,2,4,,97480,2,0,34,2,11,,97456,2,0,5 41,2
50502,'3',750,,97552,2,0,5 41,2,50,,97562,2,0,5 41,2,10,,97637,2,0,5 41,2,10,,97607,2,0,5 41,2,10,,97674,2,0,5 41,2,10,,97658,2,0,5 41,2,10,,97546,2,0,5 41,2,6,,97580,2,0,5 41,2,46,,97625,2,0,5 41,2,6,,97616,2,0,5 41,2,6,,97655,2,0,5 41,2,6,,97597,2,0,5 41,2,6,,97683,2,0,5 41,2,6,,97636,2,0,5 41,2,6,,97642,2,0,5 41,2,6,,97614,2,0,5 41,2,6,,97686,2,0,5 41,2,6,,97581,2,0,5 41,2,46,,97684,2,0,5 41,2,6,,97677,2,0,5 41,2,6,,97646,2,0,5 41,2,6,,97553,2,0,5 41,2,6,,97601,2,0,5 41,2,6,,97657,2,0,5 41,2,6,,97654,2,0,5 41,2,6,,97639,2,0,5 41,2,6,,97691,2,0,5 41,2,6,,97574,2,0,5 41,2,46,,97598,2,0,5 41,2,6,,97631,2,0,5 41,2,6,,97613,2,0,5 41,2,6,,97573,2,0,5 41,2,6,,97603,2,0,5 41,2,6,,97695,2,0,5 41,2,6,,97632,2,0,5 41,2,6,,97549,2,0,5 41,2,6,,97602,2,0,5 41,2,6,,97551,2,0,5 41,2,46,,97612,2,0,5 41,2,6,,97659,2,0,5 41,2,6,,97595,2,0,5 41,2,6,,97610,2,0,5 41,2,6,,97567,2,0,5 41,2,6,,97638,2,0,5 41,2,6,,97596,2,0,5 41,2,6,,97640,2,0,5 41,2,6,,97678,2,0,5 41,2,6,,97555,2,0,5 41,2,46,,97666,2,0,5 41,2,6,,97550,2,0,5 41,2,6,,97608,2,0,5 41,2,6,,97599,2,0,5 41,2,6,,97688,2,0,5 41,2,6,,97680,2,0,5 41,2,6,,97560,2,0,5 41,2,6,,97600,2,0,5 41,2,6,,97593,2,0,5 41,2,6,,97586,2,0,5 41,2,46,,97557,2,0,5 41,2,6,,97590,2,0,5 41,2,6,,97569,2,0,5 41,2,6,,97660,2,0,5 41,2,6,,97693,2,0,5 41,2,6,,97563,2,0,5 41,2,6,,97694,2,0,5 41,2,6,,82302,2,0,5 41,2,6,,97624,2,0,5 41,2,6,,97594,2,0,5 41,2,46,,97665,2,0,5 41,2,6,,97662,2,0,5 41,2,6,,97648,2,0,5 41,2,6,,97656,2,0,5 41,2,6,,97589,2,0,5 41,2,6,,97667,2,0,5 41,2,6,,97604,2,0,5 41,2,6,,97628,2,0,5 41,2,6,,97622,2,0,5 41,2,6,,97650,2,0,5 41,2,46,,97565,2,0,5 41,2,6,,97606,2,0,5 41,2,6,,97675,2,0,5 41,2,6,,97618,2,0,5 41,2,6,,97663,2,0,5 41,2,6,,97623,2,0,5 41,2,6,,97649,2,0,5 41,2,6,,97578,2,0,5 41,2,6,,97652,2,0,5 41,2,6,,97592,2,0,5 41,2,46,,97617,2,0,5 41,2,6,,97559,2,0,5 41,2,6,,97630,2,0,5 41,2,6,,97579,2,0,5 41,2,6,,97635,2,0,5 41,2,6,,97672,2,0,5 41,2,6,,97605,2,0,5 41,2,6,,97671,2,0,5 41,2,6,,97619,2,0,5 41,2,6,,97692,2,0,5 41,2,46,,97571,2,0,5 41,2,6,,97609,2,0,5 41,2,6,,97568,2,0,5 41,2,6,,97554,2,0,5 41,2,6,,97591,2,0,5 41,2,6,,97643,2,0,5 41,2,6,,89631,2,0,5 41,2,6,,97634,2,0,5 41,2,6,,77675,2,0,5 41,2,6,,97670,2,0,5 41,2,46,,97583,2,0,5 41,2,9,,97577,2,0,5 41,2,5,,97558,2,0,34,2,5,,97556,2,0,5 41,2,5,,97572,2,0,34,2,5,,97575,2,0,5 41,2,10,,97576,2,0,5 41,2,5,,97629,2,0,34,2,5,,97564,2,0,5 41,2,5,,97621,2,0,34,2,45,,97587,2,0,5 41,2,10,,97661,2,0,5 41,2,5,,97664,2,0,34,2,5,,97570,2,0,5 41,2,10,,97633,2,0,5 41,2,10,,97644,2,0,5 41,2,10,,97615,2,0,5 41,2,50,,97653,2,0,5 41,2,10,,97690,2,0,5 41,2,10,,97676,2,0,5 41,2,10,,97689,2,0,5 41,2,10,,97585,2,0,5 41,2,13,,82800,2,0,5 41,2,52,,97679,2,0,5 41,2,10,,97626,2,0,5 41,2,10,,97673,2,0,5 41,2,10,,97682,2,0,5 41,2,5,,97685,2,0,34,2,5,,97588,2,0,5 41,2,10,,97627,2,0,5 41,2,50,,97669,2,0,5 41,2,10,,97645,2,0,5 41,2,10,,97584,2,0,5 41,2,10,,97687,2,0,5 41,2,10,,88785,2,0,5 41,2,10,,97620,2,0,5 41,2,50,,97651,2,0,5 41,2,10,,97611,2,0,5 41,2,10,,97547,2,0,5 41,2,13,,97561,2,0,5 41,2,6,,97641,2,0,34,2,6,,97548,2,0,5 41,2
50502,'5',448,,97802,3,0,5 41,2,62,,97838,3,0,5 41,2,15,,97776,3,0,5 41,2,15,,97862,3,0,5 41,2,15,,97804,3,0,5 41,2,55,,97696,2,0,5 41,2,10,,97708,2,0,5 41,2,10,,97841,2,0,5 41,2,10,,97809,2,0,5 41,2,10,,97733,2,0,5 41,2,50,,97860,2,0,5 41,2,10,,97699,2,0,5 41,2,10,,97818,2,0,5 41,2,10,,97850,2,0,5 41,2,10,,97738,2,0,5 41,2,10,,97736,2,0,5 41,2,50,,97783,2,0,5 41,2,10,,97715,2,0,5 41,2,10,,97829,2,0,5 41,2,10,,97852,2,0,5 41,2,10,,97854,2,0,5 41,2,10,,97728,2,0,5 41,2,6,,97800,2,0,5 41,2,46,,97816,2,0,5 41,2,6,,97766,2,0,5 41,2,6,,97851,2,0,5 41,2,6,,97749,2,0,5 41,2,6,,97747,2,0,5 41,2,6,,97739,2,0,5 41,2,6,,97726,2,0,5 41,2,6,,97740,2,0,5 41,2,6,,97855,2,0,5 41,2,6,,97771,2,0,5 41,2,46,,97722,2,0,5 41,2,6,,97757,2,0,5 41,2,6,,97727,2,0,5 41,2,6,,97824,2,0,5 41,2,6,,97723,2,0,5 41,2,6,,97837,2,0,5 41,2,6,,97732,2,0,5 41,2,6,,97795,2,0,5 41,2,6,,97697,2,0,5 41,2,6,,97707,2,0,5 41,2,46,,97712,2,0,5 41,2,6,,97847,2,0,5 41,2,6,,97796,2,0,5 41,2,6,,97753,2,0,5 41,2,6,,97812,2,0,5 41,2,6,,97774,2,0,5 41,2,6,,97815,2,0,5 41,2,6,,97770,2,0,5 41,2,6,,97805,2,0,5 41,2,6,,97701,2,0,5 41,2,46,,76246,2,0,5 41,2,6,,97842,2,0,5 41,2,6,,97700,2,0,5 41,2,6,,97769,2,0,5 41,2,6,,97820,2,0,5 41,2,6,,97754,2,0,5 41,2,6,,90543,2,0,5 41,2,6,,97716,2,0,5 41,2,6,,97832,2,0,5 41,2,6,,97725,2,0,5 41,2,46,,97787,2,0,5 41,2,6,,97748,2,0,5 41,2,6,,97734,2,0,5 41,2,6,,97721,2,0,5 41,2,6,,97720,2,0,5 41,2,6,,97791,2,0,5 41,2,6,,97751,2,0,5 41,2,6,,97817,2,0,5 41,2,6,,97858,2,0,5 41,2,6,,97756,2,0,5 41,2,46,,97737,2,0,5 41,2,6,,97750,2,0,5 41,2,6,,97823,2,0,5 41,2,6,,97741,2,0,5 41,2,6,,85354,2,0,5 41,2,6,,97814,2,0,5 41,2,6,,97859,2,0,5 41,2,6,,97813,2,0,5 41,2,6,,97822,2,0,5 41,2,6,,97742,2,0,5 41,2,46,,97779,2,0,5 41,2,6,,97849,2,0,5 41,2,6,,97714,2,0,5 41,2,6,,97706,2,0,5 41,2,6,,97755,2,0,5 41,2,6,,97848,2,0,5 41,2,6,,97835,2,0,5 41,2,6,,97767,2,0,5 41,2,6,,97724,2,0,5 41,2,6,,97761,2,0,5 41,2,46,,97861,2,0,5 41,2,6,,97853,2,0,5 41,2,6,,97765,2,0,5 41,2,6,,97846,2,0,5 41,2,6,,97785,2,0,5 41,2,6,,97781,2,0,5 41,2,6,,97772,2,0,5 41,2,6,,97792,2,0,5 41,2,6,,97844,2,0,5 41,2,6,,97831,2,0,5 41,2,46,,97703,2,0,5 41,2,6,,97711,2,0,5 41,2,6,,97810,2,0,5 41,2,6,,97778,2,0,5 41,2,6,,97819,2,0,5 41,2,6,,97808,2,0,5 41,2,6,,97702,2,0,5 41,2,6,,78337,2,0,5 41,2,6,,97719,2,0,5 41,2,6,,97760,2,0,5 41,2,46,,97863,2,0,5 41,2,6,,97762,2,0,5 41,2,6,,97698,2,0,5 41,2,6,,97806,2,0,5 41,2,6,,97803,2,0,5 41,2,6,,97843,2,0,5 41,2,6,,97789,2,0,5 41,2,6,,97807,2,0,5 41,2,6,,97826,2,0,5 41,2,6,,97845,2,0,5 41,2,46,,97735,2,0,5 41,2,9,,97729,2,0,5 41,2,5,,97790,2,0,34,2,5,,97857,2,0,5 41,2,5,,97793,2,0,34,2,5,,97746,2,0,5 41,2,10,,97743,2,0,5 41,2,5,,97856,2,0,34,2,5,,97709,2,0,5 41,2,5,,97821,2,0,34,2,45,,97710,2,0,5 41,2,10,,97768,2,0,5 41,2,5,,97764,2,0,34,2,5,,97731,2,0,5 41,2,10,,97788,2,0,5 41,2,10,,97840,2,0,5 41,2,10,,97834,2,0,5 41,2,50,,97704,2,0,5 41,2,10,,97763,2,0,5 41,2,10,,97786,2,0,5 41,2,10,,97773,2,0,5 41,2,10,,97730,2,0,5 41,2,13,,97782,2,0,5 41,2,52,,97811,2,0,5 41,2,10,,97744,2,0,5 41,2,10,,97777,2,0,5 41,2,10,,97794,2,0,5 41,2,5,,97718,2,0,34,2,5,,97833,2,0,5 41,2,10,,97705,2,0,5 41,2,50,,97713,2,0,5 41,2,10,,97717,2,0,5 41,2,10,,97780,2,0,5 41,2,10,,97828,2,0,5 41,2,10,,97799,2,0,5 41,2,10,,97839,2,0,5 41,2,50,,97775,2,0,5 41,2,10,,97801,2,0,5 41,2,10,,97836,2,0,5 41,2,13,,97745,2,0,5 41,2,6,,97827,2,0,34,2,6,,97830,2,0,5 41,2
