30401,'1',2656,,91464,25,,,2,2,,91466,38,0,34,2,48,,91481,25,,,2,2,,81335,38,0,34,2,8,,91482,25,,,2,2,,91468,38,0,34,2,10,,87414,38,0,34,2,10,,91467,38,0,34,2,10,,91479,38,0,34,2,10,,91471,38,0,34,2,50,,91480,38,0,34,2,10,,91477,38,0,34,2,10,,91483,38,0,34,2,10,,91478,38,0,34,2,10,,91476,38,0,34,2,10,,84626,38,0,34,2,50,,91472,38,0,34,2,10,,91470,38,0,34,2,15,,91475,38,0,34,2,10,,91463,38,,,2,10,,91465,38,,,2,50,,91469,38,,,2,10,,91474,38,,,2,5,,91473,38,,,2
30401,'2',2705,,91491,38,0,34,2,10,,91486,38,0,34,2,4,,91492,25,,,2,6,,91497,38,0,34,2,10,,91499,38,0,34,2,10,,91489,38,0,34,2,10,,91494,38,0,34,2,50,,91484,38,0,34,2,10,,91495,38,0,34,2,10,,91496,38,0,34,2,10,,91502,38,0,34,2,10,,91501,38,0,34,2,10,,91507,38,0,34,2,50,,91498,38,0,34,2,10,,91500,38,0,34,2,10,,91490,38,0,34,2,12,,91487,38,0,34,2,10,,91503,38,,,2,10,,91504,38,,,2,45,,91488,38,,,2,5,,91506,38,,,2,10,,91485,38,,,2,10,,91505,38,,,2,13,,91493,38,,,2
30401,'3',553,,91544,25,0,34,2,47,,91526,38,0,31,2,7,,91508,25,0,34,2,7,,91524,38,0,31,2,7,,91509,25,0,34,2,7,,91552,38,0,31,2,7,,91536,25,0,34,2,7,,91548,38,0,31,2,7,,91532,25,0,34,2,7,,91511,38,0,31,2,47,,91547,25,0,34,2,7,,91539,38,0,31,2,7,,91534,25,0,34,2,7,,91549,38,0,31,2,7,,91533,25,0,34,2,7,,91540,38,0,31,2,7,,91514,25,0,34,2,7,,91541,38,0,31,2,54,,91542,38,0,31,2,14,,91543,38,0,31,2,14,,91517,38,0,31,2,14,,91551,38,0,31,2,1807,,91518,38,,,2,52,,91525,38,0,34,2,4,,91529,25,,,2,6,,91550,38,0,34,2,4,,91516,25,,,2,6,,91520,38,0,34,2,4,,91519,25,,,2,6,,91538,38,0,34,2,10,,83514,38,0,34,2,10,,91531,38,0,34,2,50,,91521,38,0,34,2,10,,91510,38,0,34,2,10,,91546,38,0,34,2,10,,91512,38,0,34,2,10,,78205,38,0,34,2,10,,91545,38,0,34,2,50,,75756,38,0,34,2,10,,91523,38,0,34,2,10,,91513,38,0,34,2,8,,91530,38,,,2,10,,91528,38,,,2,10,,91527,38,,,2
30401,'5',2707,,91572,38,0,34,2,10,,91571,38,0,34,2,4,,91565,25,,,2,6,,91564,38,0,34,2,4,,91569,25,,,2,6,,91554,38,0,34,2,10,,91558,38,0,34,2,10,,91563,38,0,34,2,50,,91553,38,0,34,2,10,,91570,38,0,34,2,10,,91555,38,0,34,2,10,,91559,38,0,34,2,10,,91561,38,0,34,2,10,,91562,38,0,34,2,50,,91566,38,0,34,2,10,,91568,38,0,34,2,10,,91567,38,0,34,2,8,,91557,38,,,2,10,,91556,38,,,2,10,,91560,38,,,2
50301,'1',556,,93496,12,0,36 40,2,50,,93525,12,0,36 40,2,10,,93572,12,0,36 40,2,10,,93608,12,0,36 40,2,5,,93580,12,0,36 40,2,5,,93481,12,0,36 40,2,5,,93499,12,0,36 40,2,5,,93486,12,0,36 40,2,10,,93551,12,0,36 40,2,50,,93588,12,0,36 40,2,7,,93548,12,0,36 40,2,7,,93520,12,0,36 40,2,6,,93550,12,0,36 40,2,6,,93538,12,0,36 40,2,5,,93598,12,0,36 40,2,3,,93535,12,0,36 40,2,7,,93615,12,0,36 40,2,6,,93478,12,0,36 40,2,6,,93592,12,0,36 40,2,46,,93547,12,0,36 40,2,6,,93515,12,0,36 40,2,6,,93506,12,0,36 40,2,6,,93602,12,0,36 40,2,6,,93521,12,0,36 40,2,6,,93505,12,0,36 40,2,6,,93575,12,0,36 40,2,6,,93476,12,0,36 40,2,6,,93555,12,0,36 40,2,6,,93543,12,0,36 40,2,46,,93516,12,0,36 40,2,6,,93484,12,0,36 40,2,6,,93576,12,0,36 40,2,6,,93597,12,0,36 40,2,6,,93614,12,0,36 40,2,6,,93578,12,0,36 40,2,6,,93605,12,0,36 40,2,8,,93514,12,0,36 40,2,6,,93587,12,0,36 40,2,46,,93586,12,0,36 40,2,6,,93490,12,0,36 40,2,5,,93512,12,0,36 40,2,5,,93613,12,0,36 40,2,10,,93577,12,0,36 40,2,5,,93485,12,0,36 40,2,5,,93475,12,0,36 40,2,10,,93566,12,0,36 40,2,10,,93473,12,0,36 40,2,50,,93545,12,0,36 40,2,10,,93513,12,0,36 40,2,10,,90682,12,0,36 40,2,10,,93553,12,0,36 40,2,10,,93594,12,0,36 40,2,10,,93574,12,0,36 40,2,50,,93606,12,0,36 40,2,10,,93472,12,0,36 40,2,10,,93532,12,0,36 40,2,10,,93483,12,0,36 40,2,10,,93479,12,0,36 40,2,10,,93591,12,0,36 40,2,50,,93500,12,0,36 40,2,10,,93471,12,0,36 40,2,10,,93540,12,0,36 40,2,10,,93612,12,0,36 40,2,10,,93469,12,0,36 40,2,10,,93517,12,0,36 40,2,50,,93510,12,0,36 40,2,10,,93527,12,0,36 40,2,10,,93509,12,0,36 40,2,10,,93611,12,0,36 40,2,11,,86518,12,0,36 40,2,7,,93583,12,0,36 40,2,46,,93507,12,0,36 40,2,6,,93603,12,0,36 40,2,6,,93482,12,0,36 40,2,8,,93552,12,0,36 40,2,9,,93503,12,0,36 40,2,9,,93585,12,0,36 40,2,9,,93528,12,0,36 40,2,7,,93524,12,0,36 40,2,46,,93529,12,0,36 40,2,6,,93599,12,0,36 40,2,6,,93470,12,0,36 40,2,6,,93569,12,0,36 40,2,6,,93504,12,0,36 40,2,6,,93560,12,0,36 40,2,6,,93554,12,0,36 40,2,6,,93607,12,0,36 40,2,6,,93582,12,0,36 40,2,6,,93539,12,0,36 40,2,46,,93536,12,0,36 40,2,6,,93519,12,0,36 40,2,6,,93604,12,0,36 40,2,6,,93541,12,0,36 40,2,6,,93502,12,0,36 40,2,6,,93498,12,0,36 40,2,6,,93477,12,0,36 40,2,6,,93579,12,0,36 40,2,6,,93474,12,0,36 40,2,6,,93595,12,0,36 40,2,52,,93610,12,0,36 40,2,6,,93533,12,0,36 40,2,6,,93542,12,0,36 40,2,6,,93487,12,0,36 40,2,6,,93530,12,0,36 40,2,6,,93556,12,0,36 40,2,6,,93567,12,0,36 40,2,6,,78578,12,0,36 40,2,6,,93523,12,0,36 40,2,46,,93565,12,0,36 40,2,9,,93596,12,0,36 40,2,9,,93537,12,0,36 40,2,9,,93558,12,0,36 40,2,7,,93546,12,0,36 40,2,8,,79738,12,0,36 40,2,8,,93526,12,0,36 40,2,8,,93534,12,0,36 40,2,48,,93544,12,0,36 40,2,8,,93511,12,0,36 40,2,8,,93531,12,0,36 40,2,8,,93601,12,0,36 40,2,8,,93563,12,0,36 40,2,8,,93491,12,0,36 40,2,8,,93508,12,0,36 40,2,48,,93600,12,0,36 40,2,8,,93497,12,0,36 40,2,8,,93522,12,0,36 40,2,8,,93584,12,0,36 40,2,8,,93590,12,0,36 40,2,8,,93480,12,0,36 40,2,8,,93493,12,0,36 40,2,8,,93494,12,0,36 40,2,48,,93549,12,0,36 40,2,7,,93570,12,0,36 40,2,10,,93589,12,0,36 40,2,10,,93518,12,0,36 40,2,10,,93489,12,0,36 40,2,10,,93557,12,0,36 40,2,50,,77427,12,0,36 40,2,10,,86633,12,0,36 40,2,10,,93568,12,0,36 40,2,10,,93593,12,0,36 40,2,10,,93492,12,0,36 40,2,10,,93609,12,0,36 40,2,50,,93559,12,0,36 40,2,10,,93488,12,0,36 40,2,10,,93571,12,0,36 40,2,15,,93562,12,0,36 40,2,15,,93501,12,0,36 40,2,55,,93581,12,0,36 40,2,15,,93573,12,0,36 40,2,9,,93495,12,0,36 40,2
50301,'2',526,,87733,12,0,36 40,2,10,,87610,12,0,36 40,2,10,,93718,12,0,36 40,2,10,,93667,12,0,36 40,2,50,,93720,12,0,36 40,2,10,,93671,12,0,36 40,2,10,,93742,12,0,36 40,2,10,,93646,12,0,36 40,2,10,,93673,12,0,36 40,2,10,,93634,12,0,36 40,2,50,,93709,12,0,36 40,2,10,,93651,12,0,36 40,2,10,,93724,12,0,36 40,2,10,,87565,12,0,36 40,2,10,,93641,12,0,36 40,2,10,,93626,12,0,36 40,2,50,,93744,12,0,36 40,2,11,,93616,12,0,36 40,2,10,,93738,12,0,36 40,2,10,,93717,12,0,36 40,2,10,,93653,12,0,36 40,2,10,,93698,12,0,36 40,2,50,,93649,12,0,36 40,2,10,,93710,12,0,36 40,2,10,,93622,12,0,36 40,2,10,,93645,12,0,36 40,2,10,,93723,12,0,36 40,2,10,,93627,12,0,36 40,2,50,,93736,12,0,36 40,2,10,,93739,12,0,36 40,2,10,,93733,12,0,36 40,2,10,,93625,12,0,36 40,2,10,,93623,12,0,36 40,2,10,,93746,12,0,36 40,2,50,,93661,12,0,36 40,2,10,,93703,12,0,36 40,2,10,,93743,12,0,36 40,2,10,,93631,12,0,36 40,2,10,,93708,12,0,36 40,2,10,,93697,12,0,36 40,2,50,,93664,12,0,36 40,2,12,,93648,12,0,36 40,2,8,,93705,12,0,36 40,2,9,,93669,12,0,36 40,2,9,,93629,12,0,36 40,2,8,,93707,12,0,36 40,2,49,,93654,12,0,36 40,2,8,,93628,12,0,36 40,2,8,,93666,12,0,36 40,2,8,,93721,12,0,36 40,2,8,,93713,12,0,36 40,2,8,,93700,12,0,36 40,2,8,,93693,12,0,36 40,2,8,,93675,12,0,36 40,2,48,,93735,12,0,36 40,2,8,,93643,12,0,36 40,2,8,,93689,12,0,36 40,2,8,,93737,12,0,36 40,2,8,,93621,12,0,36 40,2,8,,93639,12,0,36 40,2,8,,93680,12,0,36 40,2,48,,93683,12,0,36 40,2,8,,93722,12,0,36 40,2,8,,93647,12,0,36 40,2,8,,93663,12,0,36 40,2,8,,93727,12,0,36 40,2,8,,93640,12,0,36 40,2,8,,93633,12,0,36 40,2,8,,93657,12,0,36 40,2,48,,93715,12,0,36 40,2,8,,93638,12,0,36 40,2,8,,93656,12,0,36 40,2,8,,93728,12,0,36 40,2,8,,93659,12,0,36 40,2,8,,93618,12,0,36 40,2,8,,93650,12,0,36 40,2,48,,93624,12,0,36 40,2,8,,93706,12,0,36 40,2,8,,93702,12,0,36 40,2,8,,93677,12,0,36 40,2,8,,93714,12,0,36 40,2,8,,93732,12,0,36 40,2,8,,93692,12,0,36 40,2,8,,93725,12,0,36 40,2,48,,93679,12,0,36 40,2,8,,93747,12,0,36 40,2,8,,93745,12,0,36 40,2,8,,93694,12,0,36 40,2,8,,93620,12,0,36 40,2,8,,93716,12,0,36 40,2,8,,93688,12,0,36 40,2,56,,93660,12,0,36 40,2,8,,93678,12,0,36 40,2,9,,93712,12,0,36 40,2,10,,93682,12,0,36 40,2,10,,93741,12,0,36 40,2,10,,93676,12,0,36 40,2,50,,93690,12,0,36 40,2,10,,93729,12,0,36 40,2,10,,93731,12,0,36 40,2,10,,93719,12,0,36 40,2,10,,93701,12,0,36 40,2,10,,93685,12,0,36 40,2,50,,93665,12,0,36 40,2,10,,93681,12,0,36 40,2,10,,93704,12,0,36 40,2,10,,93617,12,0,36 40,2,10,,93726,12,0,36 40,2,10,,93658,12,0,36 40,2,50,,93668,12,0,36 40,2,10,,93730,12,0,36 40,2,8,,93695,12,0,36 40,2,9,,93687,12,0,36 40,2,9,,93686,12,0,36 40,2,10,,93674,12,0,36 40,2,50,,93644,12,0,36 40,2,10,,93734,12,0,36 40,2,10,,93672,12,0,36 40,2,10,,93619,12,0,36 40,2,10,,93684,12,0,36 40,2,10,,93632,12,0,36 40,2,50,,93670,12,0,36 40,2,10,,93642,12,0,36 40,2,10,,93636,12,0,36 40,2,10,,93696,12,0,36 40,2,10,,93740,12,0,36 40,2,10,,93662,12,0,36 40,2,50,,93630,12,0,36 40,2,10,,93711,12,0,36 40,2,10,,93635,12,0,36 40,2,15,,93637,12,0,36 40,2,15,,93691,12,0,36 40,2,55,,93699,12,0,36 40,2,15,,93655,12,0,36 40,2,11,,93652,12,0,36 40,2
50301,'3',601,,93787,12,0,36 40,2,10,,93798,12,0,36 40,2,10,,93824,12,0,36 40,2,10,,93842,12,0,36 40,2,10,,93845,12,0,36 40,2,10,,93856,12,0,36 40,2,50,,93857,12,0,36 40,2,10,,93784,12,0,36 40,2,10,,93805,12,0,36 40,2,10,,93812,12,0,36 40,2,10,,93846,12,0,36 40,2,10,,93800,12,0,36 40,2,50,,93797,12,0,36 40,2,10,,93777,12,0,36 40,2,10,,93819,12,0,36 40,2,10,,93790,12,0,36 40,2,10,,93760,12,0,36 40,2,10,,93808,12,0,36 40,2,50,,93813,12,0,36 40,2,10,,93753,12,0,36 40,2,10,,93849,12,0,36 40,2,10,,85971,12,0,36 40,2,10,,93782,12,0,36 40,2,10,,93827,12,0,36 40,2,50,,93830,12,0,36 40,2,10,,93780,12,0,36 40,2,10,,93761,12,0,36 40,2,10,,93858,12,0,36 40,2,10,,93757,12,0,36 40,2,10,,93833,12,0,36 40,2,50,,93865,12,0,36 40,2,10,,93752,12,0,36 40,2,10,,93779,12,0,36 40,2,10,,93762,12,0,36 40,2,10,,93822,12,0,36 40,2,10,,93748,12,0,36 40,2,50,,93754,12,0,36 40,2,11,,93821,12,0,36 40,2,11,,93844,12,0,36 40,2,10,,93786,12,0,36 40,2,10,,93771,12,0,36 40,2,10,,93860,12,0,36 40,2,50,,93847,12,0,36 40,2,10,,93766,12,0,36 40,2,10,,93835,12,0,36 40,2,10,,93810,12,0,36 40,2,10,,93778,12,0,36 40,2,10,,93785,12,0,36 40,2,50,,93834,12,0,36 40,2,10,,93806,12,0,36 40,2,10,,93843,12,0,36 40,2,10,,93823,12,0,36 40,2,10,,93836,12,0,36 40,2,10,,93829,12,0,36 40,2,50,,93850,12,0,36 40,2,10,,93828,12,0,36 40,2,10,,93853,12,0,36 40,2,10,,93803,12,0,36 40,2,10,,93862,12,0,36 40,2,10,,93809,12,0,36 40,2,50,,93764,12,0,36 40,2,10,,93781,12,0,36 40,2,10,,93807,12,0,36 40,2,10,,93793,12,0,36 40,2,10,,93841,12,0,36 40,2,10,,93775,12,0,36 40,2,50,,93749,12,0,36 40,2,10,,93848,12,0,36 40,2,10,,93801,12,0,36 40,2,10,,93773,12,0,36 40,2,10,,93763,12,0,36 40,2,10,,93758,12,0,36 40,2,50,,93861,12,0,36 40,2,10,,93851,12,0,36 40,2,10,,93818,12,0,36 40,2,10,,93855,12,0,36 40,2,10,,93794,12,0,36 40,2,60,,93838,12,0,36 40,2,9,,93799,12,0,36 40,2,10,,93796,12,0,36 40,2,9,,93756,12,0,36 40,2,10,,93815,12,0,36 40,2,10,,93772,12,0,36 40,2,50,,93769,12,0,36 40,2,10,,93831,12,0,36 40,2,10,,93840,12,0,36 40,2,10,,93826,12,0,36 40,2,10,,93811,12,0,36 40,2,10,,93755,12,0,36 40,2,50,,93825,12,0,36 40,2,10,,93820,12,0,36 40,2,10,,93788,12,0,36 40,2,10,,93789,12,0,36 40,2,10,,93774,12,0,36 40,2,10,,93751,12,0,36 40,2,50,,93770,12,0,36 40,2,10,,93817,12,0,36 40,2,10,,93859,12,0,36 40,2,10,,93867,12,0,36 40,2,10,,93767,12,0,36 40,2,10,,93863,12,0,36 40,2,50,,93791,12,0,36 40,2,10,,93795,12,0,36 40,2,10,,93783,12,0,36 40,2,10,,93814,12,0,36 40,2,10,,93759,12,0,36 40,2,10,,93750,12,0,36 40,2,50,,93832,12,0,36 40,2,10,,93839,12,0,36 40,2,10,,93768,12,0,36 40,2,10,,93804,12,0,36 40,2,10,,93864,12,0,36 40,2,10,,93852,12,0,36 40,2,50,,93802,12,0,36 40,2,10,,93776,12,0,36 40,2,10,,93792,12,0,36 40,2,10,,93816,12,0,36 40,2,10,,93854,12,0,36 40,2,10,,93765,12,0,36 40,2,55,,93837,12,0,36 40,2,20,,93866,12,0,36 40,2
50301,'5',601,,93893,12,0,36 40,2,10,,93934,12,0,36 40,2,10,,93947,12,0,36 40,2,10,,93974,12,0,36 40,2,10,,93959,12,0,36 40,2,10,,90547,12,0,36 40,2,50,,93971,12,0,36 40,2,10,,93883,12,0,36 40,2,10,,93961,12,0,36 40,2,10,,93879,12,0,36 40,2,10,,93897,12,0,36 40,2,10,,93937,12,0,36 40,2,50,,93890,12,0,36 40,2,10,,93968,12,0,36 40,2,10,,93957,12,0,36 40,2,10,,93903,12,0,36 40,2,10,,93979,12,0,36 40,2,10,,93887,12,0,36 40,2,50,,93984,12,0,36 40,2,10,,93928,12,0,36 40,2,10,,93872,12,0,36 40,2,10,,93891,12,0,36 40,2,10,,93931,12,0,36 40,2,10,,93944,12,0,36 40,2,50,,93882,12,0,36 40,2,10,,93958,12,0,36 40,2,10,,93917,12,0,36 40,2,10,,93946,12,0,36 40,2,10,,93964,12,0,36 40,2,10,,93942,12,0,36 40,2,50,,93895,12,0,36 40,2,10,,93884,12,0,36 40,2,10,,93924,12,0,36 40,2,10,,93889,12,0,36 40,2,10,,93930,12,0,36 40,2,10,,93907,12,0,36 40,2,50,,93963,12,0,36 40,2,11,,93943,12,0,36 40,2,11,,93948,12,0,36 40,2,10,,93922,12,0,36 40,2,10,,93911,12,0,36 40,2,10,,93967,12,0,36 40,2,50,,93941,12,0,36 40,2,10,,93916,12,0,36 40,2,10,,93949,12,0,36 40,2,10,,93906,12,0,36 40,2,10,,93975,12,0,36 40,2,10,,93939,12,0,36 40,2,50,,93918,12,0,36 40,2,10,,93894,12,0,36 40,2,10,,93920,12,0,36 40,2,10,,93954,12,0,36 40,2,10,,93965,12,0,36 40,2,10,,93935,12,0,36 40,2,50,,93902,12,0,36 40,2,10,,93881,12,0,36 40,2,10,,93950,12,0,36 40,2,10,,93915,12,0,36 40,2,10,,93933,12,0,36 40,2,10,,93951,12,0,36 40,2,50,,93955,12,0,36 40,2,10,,93927,12,0,36 40,2,10,,93877,12,0,36 40,2,10,,93932,12,0,36 40,2,10,,93980,12,0,36 40,2,10,,93905,12,0,36 40,2,50,,93900,12,0,36 40,2,10,,93985,12,0,36 40,2,10,,93926,12,0,36 40,2,10,,93981,12,0,36 40,2,10,,93969,12,0,36 40,2,10,,93886,12,0,36 40,2,50,,93953,12,0,36 40,2,10,,93983,12,0,36 40,2,10,,93869,12,0,36 40,2,10,,93919,12,0,36 40,2,10,,93868,12,0,36 40,2,10,,93873,12,0,36 40,2,50,,93962,12,0,36 40,2,9,,93909,12,0,36 40,2,10,,93929,12,0,36 40,2,9,,93898,12,0,36 40,2,10,,93972,12,0,36 40,2,10,,93899,12,0,36 40,2,50,,93914,12,0,36 40,2,10,,93966,12,0,36 40,2,10,,93870,12,0,36 40,2,10,,93878,12,0,36 40,2,10,,93978,12,0,36 40,2,10,,76790,12,0,36 40,2,50,,93910,12,0,36 40,2,10,,93875,12,0,36 40,2,10,,93912,12,0,36 40,2,10,,93892,12,0,36 40,2,10,,93876,12,0,36 40,2,10,,93913,12,0,36 40,2,50,,93938,12,0,36 40,2,10,,93936,12,0,36 40,2,10,,91220,12,0,36 40,2,10,,93880,12,0,36 40,2,10,,93923,12,0,36 40,2,10,,93940,12,0,36 40,2,50,,93960,12,0,36 40,2,10,,93885,12,0,36 40,2,10,,93896,12,0,36 40,2,10,,93952,12,0,36 40,2,10,,93908,12,0,36 40,2,10,,93973,12,0,36 40,2,50,,93904,12,0,36 40,2,10,,93925,12,0,36 40,2,10,,93888,12,0,36 40,2,10,,93976,12,0,36 40,2,10,,93921,12,0,36 40,2,10,,79393,12,0,36 40,2,50,,93977,12,0,36 40,2,10,,93901,12,0,36 40,2,10,,93956,12,0,36 40,2,10,,93874,12,0,36 40,2,10,,93871,12,0,36 40,2,10,,93982,12,0,36 40,2,55,,93945,12,0,36 40,2,20,,93970,12,0,36 40,2
50401,'1',543,,94656,25,0,34,2,10,,94661,38,0,46 43 44 3 45,2,50,,94625,25,0,34,2,5,,94712,38,0,46 43 44 3 45,2,5,,80779,25,0,34,2,5,,94736,38,0,46 43 44 3 45,2,5,,94704,25,0,34,2,5,,94628,38,0,46 43 44 3 45,2,5,,94607,25,0,34,2,5,,94751,36,0,46 43 44 3 45,2,5,,94727,25,0,34,2,5,,94508,36,0,46 43 44 3 45,2,5,,94711,25,0,34,2,5,,94502,36,0,46 43 44 3 45,2,43,,94520,25,0,34,2,7,,94577,36,0,46 43 44 3 45,2,5,,94668,25,0,34,2,5,,94553,36,0,46 43 44 3 45,2,5,,94735,25,0,34,2,5,,94597,36,0,46 43 44 3 45,2,5,,94589,25,0,34,2,6,,78412,36,0,46 43 44 3 45,2,7,,94720,25,0,34,2,6,,94721,36,0,46 43 44 3 45,2,5,,94646,25,0,34,2,47,,94640,36,0,46 43 44 3 45,2,5,,94506,25,0,34,2,5,,94499,36,0,46 43 44 3 45,2,5,,94504,25,0,34,2,5,,87307,36,0,46 43 44 3 45,2,5,,94722,25,0,34,2,4,,94532,36,0,46 43 44 3 45,2,4,,94750,25,0,34,2,4,,94592,36,0,46 43 44 3 45,2,4,,94658,25,0,34,2,4,,94586,36,0,46 43 44 3 45,2,4,,94519,25,0,34,2,4,,94627,36,0,46 43 44 3 45,2,44,,94741,25,0,34,2,1,,94634,25,,,2,3,,94629,36,0,46 43 44 3 45,2,4,,94729,25,0,34,2,4,,94606,36,0,46 43 44 3 45,2,4,,94566,25,0,34,2,4,,94747,36,0,46 43 44 3 45,2,4,,82598,25,0,34,2,4,,94535,36,0,46 43 44 3 45,2,4,,94642,25,0,34,2,4,,94660,36,0,46 43 44 3 45,2,4,,94507,25,0,34,2,4,,94550,36,0,46 43 44 3 45,2,4,,94692,25,0,34,2,4,,94710,36,0,46 43 44 3 45,2,4,,94754,25,0,34,2,44,,94558,36,0,46 43 44 3 45,2,4,,94769,25,0,34,2,4,,94534,36,0,46 43 44 3 45,2,2,,94759,25,0,34,2,4,,94667,36,0,46 43 44 3 45,2,5,,94738,25,0,34,2,3,,94608,36,0,46 43 44 3 45,2,4,,94636,36,0,46 43 44 3 45,2,1,,94536,25,0,34,2,9,,94570,25,0,34,2,2,,94700,36,0,46 43 44 3 45,2,6,,94544,36,,,2,2,,94723,25,0,34,2,2,,94591,36,0,46 43 44 3 45,2,8,,94649,25,0,34,2,2,,94719,36,0,46 43 44 3 45,2,48,,94537,25,0,34,2,2,,94665,36,0,46 43 44 3 45,2,8,,94730,25,0,34,2,2,,94602,36,0,46 43 44 3 45,2,4,,85551,25,,,2,4,,94637,25,0,34,2,2,,94701,36,0,46 43 44 3 45,2,8,,94511,25,0,34,2,2,,94498,36,0,46 43 44 3 45,2,8,,94681,25,0,34,2,2,,94757,36,0,46 43 44 3 45,2,8,,94694,25,0,34,2,2,,94644,36,0,46 43 44 3 45,2,48,,94709,25,0,34,2,2,,94574,36,0,46 43 44 3 45,2,8,,94568,25,0,34,2,2,,94771,36,0,46 43 44 3 45,2,8,,94604,25,0,34,2,2,,94527,36,0,46 43 44 3 45,2,8,,94590,25,0,34,2,2,,94618,36,0,46 43 44 3 45,2,8,,94501,25,0,34,2,2,,94573,36,0,46 43 44 3 45,2,8,,94561,25,0,34,2,2,,94715,36,0,46 43 44 3 45,2,48,,94531,25,0,34,2,2,,94663,36,0,46 43 44 3 45,2,8,,94682,25,0,34,2,2,,94753,36,0,46 43 44 3 45,2,8,,94632,25,0,34,2,2,,94588,36,0,46 43 44 3 45,2,8,,94716,25,0,34,2,2,,94578,36,0,46 43 44 3 45,2,8,,94706,25,0,34,2,2,,94500,36,0,46 43 44 3 45,2,8,,94653,25,0,34,2,2,,94725,36,0,46 43 44 3 45,2,48,,94724,25,0,34,2,2,,94767,36,0,46 43 44 3 45,2,8,,94739,25,0,34,2,2,,80798,36,0,46 43 44 3 45,2,8,,94687,25,0,34,2,2,,82972,36,0,46 43 44 3 45,2,8,,94594,25,0,34,2,2,,94523,36,0,46 43 44 3 45,2,8,,94510,25,0,34,2,2,,94505,36,0,46 43 44 3 45,2,8,,94562,25,0,34,2,2,,94714,36,0,46 43 44 3 45,2,49,,94516,25,0,34,2,6,,94517,36,0,46 43 44 3 45,2,5,,94571,25,0,34,2,6,,94761,36,0,46 43 44 3 45,2,5,,94633,25,0,34,2,3,,94559,36,0,46 43 44 3 45,2,7,,94509,25,0,34,2,3,,94603,36,0,46 43 44 3 45,2,7,,94651,25,0,34,2,3,,94610,36,0,46 43 44 3 45,2,47,,94619,25,0,34,2,3,,94726,36,0,46 43 44 3 45,2,7,,94512,25,0,34,2,3,,94645,36,0,46 43 44 3 45,2,7,,94680,25,0,34,2,3,,94690,36,0,46 43 44 3 45,2,7,,94542,25,0,34,2,4,,94538,36,0,46 43 44 3 45,2,6,,94678,25,0,34,2,3,,94728,36,0,46 43 44 3 45,2,7,,94768,25,0,34,2,3,,94524,36,0,46 43 44 3 45,2,47,,94693,25,0,34,2,3,,94513,36,0,46 43 44 3 45,2,7,,94684,25,0,34,2,3,,94503,36,0,46 43 44 3 45,2,7,,94533,25,0,34,2,3,,94708,36,0,46 43 44 3 45,2,7,,94686,25,0,34,2,3,,94579,36,0,46 43 44 3 45,2,7,,94576,25,0,34,2,3,,94609,36,0,46 43 44 3 45,2,7,,94596,25,0,34,2,3,,94713,36,0,46 43 44 3 45,2,47,,84716,25,0,34,2,3,,94560,36,0,46 43 44 3 45,2,7,,94587,25,0,34,2,3,,94695,36,0,46 43 44 3 45,2,7,,94555,25,0,34,2,3,,94599,36,0,46 43 44 3 45,2,7,,94749,25,0,34,2,3,,94671,36,0,46 43 44 3 45,2,7,,90614,25,0,34,2,3,,94605,36,0,46 43 44 3 45,2,7,,94583,25,0,34,2,3,,94525,36,0,46 43 44 3 45,2,47,,94752,25,0,34,2,3,,94600,36,0,46 43 44 3 45,2,7,,94541,25,0,34,2,3,,94683,36,0,46 43 44 3 45,2,7,,94688,25,0,34,2,3,,94718,36,0,46 43 44 3 45,2,7,,94689,25,0,34,2,3,,94699,36,0,46 43 44 3 45,2,7,,94623,25,0,34,2,3,,94515,36,0,46 43 44 3 45,2,7,,94705,25,0,34,2,2,,94662,25,,,2,1,,94650,36,0,46 43 44 3 45,2,47,,77963,25,0,34,2,1,,90651,36,0,46 43 44 3 45,2,6,,94679,36,0,46 43 44 3 45,2,2,,94638,25,0,34,2,8,,94611,36,0,46 43 44 3 45,2,2,,94733,25,0,34,2,7,,94674,36,0,46 43 44 3 45,2,3,,94762,25,0,34,2,7,,94552,36,0,46 43 44 3 45,2,3,,94585,25,0,34,2,1,,94703,25,,,2,6,,94551,36,0,46 43 44 3 45,2,3,,94529,25,0,34,2,8,,94521,36,0,46 43 44 3 45,2,2,,94549,25,0,34,2,48,,94545,36,0,46 43 44 3 45,2,2,,94539,25,0,34,2,3,,94654,36,,,2,5,,94647,36,0,46 43 44 3 45,2,2,,94518,25,0,34,2,8,,94572,36,0,46 43 44 3 45,2,2,,76031,25,0,34,2,8,,94737,36,0,46 43 44 3 45,2,2,,94685,25,0,34,2,8,,94580,36,0,46 43 44 3 45,2,2,,94630,25,0,34,2,8,,94582,36,0,46 43 44 3 45,2,2,,94540,25,0,34,2,48,,94595,36,0,46 43 44 3 45,2,2,,94639,25,0,34,2,8,,94648,36,0,46 43 44 3 45,2,2,,94641,25,0,34,2,8,,94744,36,0,46 43 44 3 45,2,1,,94612,25,0,34,2,9,,94672,36,0,46 43 44 3 45,2,1,,94673,25,0,34,2,8,,94664,36,0,46 43 44 3 45,2,2,,94766,25,0,34,2,8,,94564,36,0,46 43 44 3 45,2,2,,94620,25,0,34,2,48,,94643,36,0,46 43 44 3 45,2,2,,94631,25,0,34,2,8,,94696,36,0,46 43 44 3 45,2,2,,94567,25,0,34,2,8,,94575,36,0,46 43 44 3 45,2,2,,94676,25,0,34,2,3,,94669,36,,,2,5,,94546,36,0,46 43 44 3 45,2,2,,94732,25,0,34,2,8,,94743,36,0,46 43 44 3 45,2,2,,94626,25,0,34,2,8,,94731,36,0,46 43 44 3 45,2,2,,94670,25,0,34,2,48,,94554,36,0,46 43 44 3 45,2,2,,94624,25,0,34,2,8,,94584,36,0,46 43 44 3 45,2,2,,94617,25,0,34,2,8,,94755,36,0,46 43 44 3 45,2,2,,94543,25,0,34,2,8,,94522,36,0,46 43 44 3 45,2,2,,94655,25,0,34,2,8,,94675,36,0,46 43 44 3 45,2,2,,94621,25,0,34,2,8,,94657,36,0,46 43 44 3 45,2,2,,94548,25,0,34,2,48,,94666,36,0,46 43 44 3 45,2,2,,94557,25,0,34,2,8,,94622,36,0,46 43 44 3 45,2,2,,94547,25,0,34,2,8,,94569,36,0,46 43 44 3 45,2,2,,94526,25,0,34,2,8,,94581,36,0,46 43 44 3 45,2,2,,94746,25,0,34,2,5,,94556,36,0,46 43 44 3 45,2,5,,94565,25,0,34,2,5,,94677,36,0,46 43 44 3 45,2,5,,94601,25,0,34,2,45,,94598,36,0,46 43 44 3 45,2,5,,94760,25,0,34,2,5,,94770,36,0,46 43 44 3 45,2,5,,94614,25,0,34,2,5,,94707,36,0,46 43 44 3 45,2,5,,94765,25,0,34,2,1,,94691,25,,,2,4,,94740,36,0,46 43 44 3 45,2,5,,94652,25,0,34,2,5,,94702,36,0,46 43 44 3 45,2,5,,90034,25,0,34,2,5,,94745,36,0,46 43 44 3 45,2
50401,'2',535,,94895,38,0,46 43 44 3 45,2,10,,94908,25,0,34,2,10,,94877,38,0,46 43 44 3 45,2,50,,94937,25,0,34,2,5,,94852,38,0,46 43 44 3 45,2,10,,94933,25,0,34,2,5,,94803,38,0,46 43 44 3 45,2,5,,94855,25,0,34,2,5,,78102,38,0,46 43 44 3 45,2,5,,94914,25,0,34,2,5,,94962,36,0,46 43 44 3 45,2,5,,95002,25,0,34,2,5,,94956,36,0,46 43 44 3 45,2,45,,94986,25,0,34,2,5,,94931,36,0,46 43 44 3 45,2,5,,94779,25,0,34,2,5,,94845,36,0,46 43 44 3 45,2,5,,94873,25,0,34,2,5,,94965,36,0,46 43 44 3 45,2,5,,94918,25,0,34,2,5,,95012,36,0,46 43 44 3 45,2,5,,94963,25,0,34,2,5,,94948,36,0,46 43 44 3 45,2,5,,89447,25,0,34,2,5,,94828,36,0,46 43 44 3 45,2,45,,94843,25,0,34,2,5,,94851,36,0,46 43 44 3 45,2,5,,94897,25,0,34,2,5,,94919,36,0,46 43 44 3 45,2,6,,95004,25,0,34,2,6,,94878,36,0,46 43 44 3 45,2,6,,94794,25,0,34,2,8,,94862,36,0,46 43 44 3 45,2,6,,95007,25,0,34,2,7,,94882,36,0,46 43 44 3 45,2,5,,94994,25,0,34,2,45,,94913,36,0,46 43 44 3 45,2,5,,94945,25,0,34,2,5,,94976,36,0,46 43 44 3 45,2,5,,94792,25,0,34,2,5,,94958,36,0,46 43 44 3 45,2,5,,95028,25,0,34,2,5,,94941,36,0,46 43 44 3 45,2,5,,95005,25,0,34,2,5,,94836,36,0,46 43 44 3 45,2,5,,95030,25,0,34,2,5,,94783,36,0,46 43 44 3 45,2,5,,90813,25,0,34,2,45,,95016,36,0,46 43 44 3 45,2,5,,94787,25,0,34,2,5,,94775,36,0,46 43 44 3 45,2,5,,94810,25,0,34,2,5,,94930,36,0,46 43 44 3 45,2,5,,94899,25,0,34,2,5,,88526,36,0,46 43 44 3 45,2,5,,94907,25,0,34,2,5,,94890,36,0,46 43 44 3 45,2,5,,94814,25,0,34,2,5,,94829,36,0,46 43 44 3 45,2,5,,94996,25,0,34,2,45,,94871,36,0,46 43 44 3 45,2,5,,94989,25,0,34,2,5,,94796,36,0,46 43 44 3 45,2,5,,94893,25,0,34,2,5,,94791,36,0,46 43 44 3 45,2,5,,94988,25,0,34,2,5,,95003,36,0,46 43 44 3 45,2,5,,94981,25,0,34,2,5,,94950,36,0,46 43 44 3 45,2,5,,94846,25,0,34,2,5,,94859,36,0,46 43 44 3 45,2,5,,94905,25,0,34,2,45,,94960,36,0,46 43 44 3 45,2,5,,94880,25,0,34,2,5,,94926,36,0,46 43 44 3 45,2,5,,95008,25,0,34,2,5,,94938,36,0,46 43 44 3 45,2,5,,94979,25,0,34,2,5,,94831,36,0,46 43 44 3 45,2,5,,94815,25,0,34,2,5,,94772,36,0,46 43 44 3 45,2,5,,94968,25,0,34,2,5,,94834,36,0,46 43 44 3 45,2,47,,95023,25,0,34,2,11,,94970,36,0,46 43 44 3 45,2,1,,95025,25,0,34,2,10,,94811,25,0,34,2,1,,94916,36,0,46 43 44 3 45,2,9,,94826,25,0,34,2,1,,94789,36,0,46 43 44 3 45,2,9,,95009,25,0,34,2,1,,94802,36,0,46 43 44 3 45,2,9,,94889,25,0,34,2,1,,94812,36,0,46 43 44 3 45,2,49,,78767,25,0,34,2,1,,94966,36,0,46 43 44 3 45,2,9,,94955,25,0,34,2,1,,94819,36,0,46 43 44 3 45,2,9,,89422,25,0,34,2,1,,94840,36,0,46 43 44 3 45,2,9,,94863,25,0,34,2,1,,94982,36,0,46 43 44 3 45,2,9,,94991,25,0,34,2,1,,94844,36,0,46 43 44 3 45,2,9,,94969,25,0,34,2,1,,94992,36,0,46 43 44 3 45,2,49,,95001,25,0,34,2,1,,94781,36,0,46 43 44 3 45,2,9,,94887,25,0,34,2,1,,94799,36,0,46 43 44 3 45,2,9,,94825,25,0,34,2,1,,94910,36,0,46 43 44 3 45,2,9,,94813,25,0,34,2,1,,94894,36,0,46 43 44 3 45,2,9,,94884,25,0,34,2,1,,95017,36,0,46 43 44 3 45,2,9,,94850,25,0,34,2,1,,94793,36,0,46 43 44 3 45,2,49,,94904,25,0,34,2,1,,94817,36,0,46 43 44 3 45,2,9,,94934,25,0,34,2,1,,94816,36,0,46 43 44 3 45,2,9,,94821,25,0,34,2,1,,94928,36,0,46 43 44 3 45,2,9,,94961,25,0,34,2,1,,94774,36,0,46 43 44 3 45,2,9,,95029,25,0,34,2,1,,94901,36,0,46 43 44 3 45,2,9,,94869,25,0,34,2,1,,94980,36,0,46 43 44 3 45,2,49,,94912,25,0,34,2,1,,94858,36,0,46 43 44 3 45,2,9,,94909,25,0,34,2,1,,94822,36,0,46 43 44 3 45,2,9,,95000,25,0,34,2,1,,94782,36,0,46 43 44 3 45,2,9,,94820,25,0,34,2,1,,94987,36,0,46 43 44 3 45,2,9,,94947,25,0,34,2,1,,94940,36,0,46 43 44 3 45,2,9,,94795,25,0,34,2,1,,94773,36,0,46 43 44 3 45,2,49,,94984,25,0,34,2,1,,94808,36,0,46 43 44 3 45,2,9,,94993,25,0,34,2,1,,94997,36,0,46 43 44 3 45,2,9,,94800,25,0,34,2,1,,95022,36,0,46 43 44 3 45,2,9,,94954,25,0,34,2,1,,94935,36,0,46 43 44 3 45,2,9,,94847,25,0,34,2,1,,94879,36,0,46 43 44 3 45,2,9,,94888,25,0,34,2,1,,94865,36,0,46 43 44 3 45,2,49,,94903,25,0,34,2,1,,94827,36,0,46 43 44 3 45,2,7,,94835,25,0,34,2,1,,95010,36,0,46 43 44 3 45,2,4,,95032,36,0,46 43 44 3 45,2,4,,94944,25,0,34,2,5,,94805,36,0,46 43 44 3 45,2,5,,94818,25,0,34,2,5,,82680,36,0,46 43 44 3 45,2,5,,94902,25,0,34,2,5,,94972,36,0,46 43 44 3 45,2,5,,94872,25,0,34,2,5,,94978,36,0,46 43 44 3 45,2,45,,94883,25,0,34,2,2,,94867,25,,,2,3,,94778,36,0,46 43 44 3 45,2,5,,94999,25,0,34,2,5,,94790,36,0,46 43 44 3 45,2,5,,94866,25,0,34,2,5,,94832,36,0,46 43 44 3 45,2,5,,94785,25,0,34,2,4,,94927,36,0,46 43 44 3 45,2,6,,94848,25,0,34,2,4,,94929,36,0,46 43 44 3 45,2,6,,95013,25,0,34,2,4,,94959,36,0,46 43 44 3 45,2,46,,94936,25,0,34,2,4,,94777,36,0,46 43 44 3 45,2,6,,94824,25,0,34,2,4,,95018,36,0,46 43 44 3 45,2,6,,94830,25,0,34,2,4,,94849,36,0,46 43 44 3 45,2,6,,94860,25,0,34,2,4,,94854,36,0,46 43 44 3 45,2,6,,94975,25,0,34,2,4,,94842,36,0,46 43 44 3 45,2,6,,94798,25,0,34,2,4,,94892,36,0,46 43 44 3 45,2,46,,95006,25,0,34,2,4,,94875,36,0,46 43 44 3 45,2,6,,94856,25,0,34,2,4,,94925,36,0,46 43 44 3 45,2,6,,80972,25,0,34,2,4,,94932,36,0,46 43 44 3 45,2,6,,94839,25,0,34,2,4,,94964,36,0,46 43 44 3 45,2,7,,94922,25,0,34,2,2,,94942,25,,,2,4,,88523,36,0,46 43 44 3 45,2,4,,94990,25,0,34,2,7,,94943,36,0,46 43 44 3 45,2,45,,94784,25,0,34,2,6,,94807,36,0,46 43 44 3 45,2,4,,94837,25,0,34,2,6,,94806,36,0,46 43 44 3 45,2,4,,94967,25,0,34,2,6,,95015,36,0,46 43 44 3 45,2,4,,95026,25,0,34,2,6,,94920,36,0,46 43 44 3 45,2,4,,94900,25,0,34,2,6,,94896,36,0,46 43 44 3 45,2,4,,94898,25,0,34,2,6,,94861,36,0,46 43 44 3 45,2,44,,95019,25,0,34,2,6,,94924,36,0,46 43 44 3 45,2,4,,94876,25,0,34,2,6,,94983,36,0,46 43 44 3 45,2,4,,94868,25,0,34,2,6,,94804,36,0,46 43 44 3 45,2,4,,94971,25,0,34,2,6,,95020,36,0,46 43 44 3 45,2,4,,94809,25,0,34,2,6,,94939,36,0,46 43 44 3 45,2,4,,94921,25,0,34,2,6,,94874,36,0,46 43 44 3 45,2,44,,95031,25,0,34,2,6,,94917,36,0,46 43 44 3 45,2,4,,94853,25,0,34,2,6,,94946,36,0,46 43 44 3 45,2,4,,94952,25,0,34,2,6,,94833,36,0,46 43 44 3 45,2,4,,94973,25,0,34,2,6,,95024,36,0,46 43 44 3 45,2,4,,94885,25,0,34,2,6,,94801,36,0,46 43 44 3 45,2,4,,94949,25,0,34,2,5,,94911,36,0,46 43 44 3 45,2,45,,94906,25,0,34,2,5,,94977,36,0,46 43 44 3 45,2,5,,94881,25,0,34,2,5,,94957,36,0,46 43 44 3 45,2,5,,95027,25,0,34,2,5,,94886,36,0,46 43 44 3 45,2,5,,94776,25,0,34,2,5,,94985,36,0,46 43 44 3 45,2,5,,94891,25,0,34,2,5,,94786,36,0,46 43 44 3 45,2,2,,94857,25,0,34,2,1,,94974,36,,,2,6,,94780,25,,,2,2,,95014,36,0,46 43 44 3 45,2,48,,94823,25,,,2
50401,'3',759,,95076,25,0,34,2,54,,85946,25,0,34,2,14,,95245,25,0,34,2,14,,95035,25,0,34,2,14,,95041,25,0,34,2,47,,95237,36,0,46 43 44 3 45,2,7,,95082,25,0,34,2,7,,95049,36,0,46 43 44 3 45,2,7,,95158,25,0,34,2,5,,95149,25,0,34,2,4,,95119,36,0,46 43 44 3 45,2,11,,95059,25,0,34,2,5,,95189,36,0,46 43 44 3 45,2,7,,95163,25,0,34,2,3,,95090,36,0,46 43 44 3 45,2,47,,95063,25,0,34,2,4,,95195,36,0,46 43 44 3 45,2,6,,95244,25,0,34,2,3,,95171,36,0,46 43 44 3 45,2,7,,95242,25,0,34,2,3,,95135,36,0,46 43 44 3 45,2,7,,95146,25,0,34,2,3,,95200,36,0,46 43 44 3 45,2,7,,95202,25,0,34,2,3,,95161,36,0,46 43 44 3 45,2,7,,95096,25,0,34,2,3,,95210,36,0,46 43 44 3 45,2,47,,95187,25,0,34,2,3,,95190,36,0,46 43 44 3 45,2,7,,95127,25,0,34,2,3,,95043,36,0,46 43 44 3 45,2,7,,95154,25,0,34,2,3,,95053,36,0,46 43 44 3 45,2,7,,95114,25,0,34,2,3,,95097,36,0,46 43 44 3 45,2,7,,90932,25,0,34,2,3,,95213,36,0,46 43 44 3 45,2,7,,95147,25,0,34,2,3,,95234,36,0,46 43 44 3 45,2,47,,95144,25,0,34,2,3,,95252,36,0,46 43 44 3 45,2,7,,95250,25,0,34,2,3,,95233,36,0,46 43 44 3 45,2,8,,95136,25,0,34,2,12,,95117,36,0,46 43 44 3 45,2,1,,95056,25,0,34,2,9,,95073,36,0,46 43 44 3 45,2,2,,95109,25,0,34,2,8,,95062,36,0,46 43 44 3 45,2,42,,95160,25,0,34,2,8,,95206,36,0,46 43 44 3 45,2,2,,95093,25,0,34,2,8,,95060,36,0,46 43 44 3 45,2,2,,95052,25,0,34,2,8,,95080,36,0,46 43 44 3 45,2,2,,95251,25,0,34,2,8,,95108,36,0,46 43 44 3 45,2,2,,95214,25,0,34,2,8,,95094,36,0,46 43 44 3 45,2,2,,95157,25,0,34,2,8,,95066,36,0,46 43 44 3 45,2,42,,95051,25,0,34,2,8,,95223,36,0,46 43 44 3 45,2,2,,95131,25,0,34,2,8,,95140,36,0,46 43 44 3 45,2,2,,95047,25,0,34,2,8,,95167,36,0,46 43 44 3 45,2,2,,95220,25,0,34,2,8,,95038,36,0,46 43 44 3 45,2,2,,95209,25,0,34,2,8,,95048,36,0,46 43 44 3 45,2,2,,95203,25,0,34,2,8,,95232,36,0,46 43 44 3 45,2,42,,95215,25,0,34,2,8,,95100,36,0,46 43 44 3 45,2,2,,95218,25,0,34,2,8,,95184,36,0,46 43 44 3 45,2,2,,95126,25,0,34,2,8,,95105,36,0,46 43 44 3 45,2,2,,95143,25,0,34,2,8,,95078,36,0,46 43 44 3 45,2,2,,95089,25,0,34,2,8,,95186,36,0,46 43 44 3 45,2,2,,95172,25,0,34,2,8,,95227,36,0,46 43 44 3 45,2,42,,95091,25,0,34,2,8,,95095,36,0,46 43 44 3 45,2,2,,95229,25,0,34,2,8,,95155,36,0,46 43 44 3 45,2,2,,95221,25,0,34,2,8,,95238,36,0,46 43 44 3 45,2,2,,95132,25,0,34,2,8,,95192,36,0,46 43 44 3 45,2,2,,95055,25,0,34,2,8,,95180,36,0,46 43 44 3 45,2,2,,95224,25,0,34,2,8,,95125,36,0,46 43 44 3 45,2,42,,95045,25,0,34,2,8,,95103,36,0,46 43 44 3 45,2,2,,95183,25,0,34,2,8,,95175,36,0,46 43 44 3 45,2,2,,95247,25,0,34,2,8,,95085,36,0,46 43 44 3 45,2,2,,95165,25,0,34,2,8,,95092,36,0,46 43 44 3 45,2,2,,95042,25,0,34,2,8,,95248,36,0,46 43 44 3 45,2,2,,76586,25,0,34,2,8,,95111,36,0,46 43 44 3 45,2,42,,95159,25,0,34,2,8,,95181,36,0,46 43 44 3 45,2,2,,95230,25,0,34,2,8,,95201,36,0,46 43 44 3 45,2,2,,95141,25,0,34,2,8,,95036,36,0,46 43 44 3 45,2,2,,95225,25,0,34,2,8,,95065,36,0,46 43 44 3 45,2,2,,95212,25,0,34,2,8,,95046,36,0,46 43 44 3 45,2,2,,95039,25,0,34,2,8,,95235,36,0,46 43 44 3 45,2,42,,95231,25,0,34,2,8,,95086,36,0,46 43 44 3 45,2,2,,95166,25,0,34,2,5,,95137,36,0,46 43 44 3 45,2,5,,78188,25,0,34,2,1,,95106,25,,,2,3,,95070,36,0,46 43 44 3 45,2,6,,95173,25,0,34,2,4,,95081,36,0,46 43 44 3 45,2,5,,95033,25,0,34,2,5,,95148,36,0,46 43 44 3 45,2,5,,95058,25,0,34,2,2,,95120,36,0,46 43 44 3 45,2,8,,95075,25,0,34,2,42,,95193,36,0,46 43 44 3 45,2,8,,95182,25,0,34,2,2,,95072,36,0,46 43 44 3 45,2,8,,95083,25,0,34,2,2,,95084,36,0,46 43 44 3 45,2,8,,95246,25,0,34,2,2,,95228,36,0,46 43 44 3 45,2,8,,95169,25,0,34,2,2,,95068,36,0,46 43 44 3 45,2,8,,95071,25,0,34,2,2,,95168,36,0,46 43 44 3 45,2,8,,95151,25,0,34,2,42,,95067,36,0,46 43 44 3 45,2,8,,95153,25,0,34,2,2,,95188,36,0,46 43 44 3 45,2,8,,95142,25,0,34,2,2,,95123,36,0,46 43 44 3 45,2,8,,95102,25,0,34,2,2,,95128,36,0,46 43 44 3 45,2,8,,95219,25,0,34,2,2,,95152,36,0,46 43 44 3 45,2,8,,95040,25,0,34,2,2,,95198,36,0,46 43 44 3 45,2,8,,76003,25,0,34,2,42,,95204,36,0,46 43 44 3 45,2,8,,95088,25,0,34,2,2,,95222,36,0,46 43 44 3 45,2,8,,95226,25,0,34,2,2,,87828,36,0,46 43 44 3 45,2,4,,95139,36,,,2,4,,95197,25,0,34,2,4,,95178,36,0,46 43 44 3 45,2,6,,95099,25,0,34,2,3,,95124,36,0,46 43 44 3 45,2,7,,95057,25,0,34,2,3,,95050,36,0,46 43 44 3 45,2,7,,95112,25,0,34,2,43,,95130,36,0,46 43 44 3 45,2,7,,95098,25,0,34,2,3,,95074,36,0,46 43 44 3 45,2,2,,95217,25,,,2,5,,75925,25,0,34,2,3,,95110,36,0,46 43 44 3 45,2,7,,95077,25,0,34,2,3,,95138,36,0,46 43 44 3 45,2,7,,95156,25,0,34,2,3,,95107,36,0,46 43 44 3 45,2,7,,95194,25,0,34,2,3,,95211,36,0,46 43 44 3 45,2,7,,95191,25,0,34,2,43,,95185,36,0,46 43 44 3 45,2,7,,95199,25,0,34,2,3,,95207,36,0,46 43 44 3 45,2,7,,95205,25,0,34,2,3,,95087,36,0,46 43 44 3 45,2,7,,95239,25,0,34,2,3,,95115,36,0,46 43 44 3 45,2,7,,95145,25,0,34,2,3,,95079,36,0,46 43 44 3 45,2,7,,95176,25,0,34,2,3,,95121,36,0,46 43 44 3 45,2,7,,95243,25,0,34,2,43,,95104,36,0,46 43 44 3 45,2,7,,95113,25,0,34,2,3,,95069,36,0,46 43 44 3 45,2,7,,95150,25,0,34,2,3,,95216,36,0,46 43 44 3 45,2,7,,95122,25,0,34,2,3,,95129,36,0,46 43 44 3 45,2,7,,95162,25,0,34,2,3,,95054,36,0,46 43 44 3 45,2,7,,95240,25,0,34,2,3,,95061,36,0,46 43 44 3 45,2,7,,95133,25,0,34,2,43,,95034,36,0,46 43 44 3 45,2,7,,95179,25,0,34,2,3,,95064,36,0,46 43 44 3 45,2,7,,95208,25,0,34,2,3,,95249,36,0,46 43 44 3 45,2,5,,95116,36,,,2,2,,95101,25,0,34,2,8,,95044,36,0,46 43 44 3 45,2,2,,95241,25,0,34,2,10,,95164,25,0,34,2,3,,95037,36,0,46 43 44 3 45,2,2,,95236,25,,,2
50401,'5',553,,95351,25,0,34,2,47,,95407,38,0,46 43 44 3 45,2,7,,95309,25,0,34,2,7,,95303,38,0,46 43 44 3 45,2,7,,95397,25,0,34,2,7,,95373,38,0,46 43 44 3 45,2,7,,95340,25,0,34,2,7,,95313,36,0,46 43 44 3 45,2,7,,95429,25,0,34,2,7,,95284,36,0,46 43 44 3 45,2,47,,95274,25,0,34,2,7,,95488,36,0,46 43 44 3 45,2,7,,95255,25,0,34,2,7,,95499,36,0,46 43 44 3 45,2,7,,95446,25,0,34,2,7,,95368,36,0,46 43 44 3 45,2,7,,95408,25,0,34,2,7,,95282,36,0,46 43 44 3 45,2,7,,95294,25,0,34,2,47,,95405,36,0,46 43 44 3 45,2,7,,95413,25,0,34,2,7,,95438,36,0,46 43 44 3 45,2,7,,95288,25,0,34,2,7,,95395,36,0,46 43 44 3 45,2,7,,95467,25,0,34,2,7,,95369,36,0,46 43 44 3 45,2,7,,95364,25,0,34,2,47,,95334,36,0,46 43 44 3 45,2,7,,95431,25,0,34,2,7,,95276,36,0,46 43 44 3 45,2,7,,95291,25,0,34,2,5,,95388,25,0,34,2,4,,95317,36,0,46 43 44 3 45,2,11,,95420,25,0,34,2,5,,95470,36,0,46 43 44 3 45,2,7,,95321,25,0,34,2,3,,95269,36,0,46 43 44 3 45,2,47,,95256,25,0,34,2,4,,95298,36,0,46 43 44 3 45,2,6,,95399,25,0,34,2,3,,95487,36,0,46 43 44 3 45,2,7,,95332,25,0,34,2,3,,95424,36,0,46 43 44 3 45,2,7,,95296,25,0,34,2,3,,95326,36,0,46 43 44 3 45,2,7,,95356,25,0,34,2,3,,95479,36,0,46 43 44 3 45,2,7,,95260,25,0,34,2,3,,95352,36,0,46 43 44 3 45,2,47,,95354,25,0,34,2,3,,95504,36,0,46 43 44 3 45,2,7,,95460,25,0,34,2,3,,95342,36,0,46 43 44 3 45,2,7,,95454,25,0,34,2,3,,95283,36,0,46 43 44 3 45,2,7,,95444,25,0,34,2,3,,95361,36,0,46 43 44 3 45,2,7,,95360,25,0,34,2,3,,95376,36,0,46 43 44 3 45,2,7,,95357,25,0,34,2,3,,95390,36,0,46 43 44 3 45,2,47,,95316,25,0,34,2,3,,95473,36,0,46 43 44 3 45,2,7,,95366,25,0,34,2,3,,95410,36,0,46 43 44 3 45,2,8,,95337,25,0,34,2,5,,95323,36,0,46 43 44 3 45,2,8,,95435,25,0,34,2,9,,95293,36,0,46 43 44 3 45,2,2,,95406,25,0,34,2,8,,95497,36,0,46 43 44 3 45,2,42,,95336,25,0,34,2,8,,95378,36,0,46 43 44 3 45,2,2,,95345,25,0,34,2,8,,95480,36,0,46 43 44 3 45,2,2,,95279,25,0,34,2,8,,95491,36,0,46 43 44 3 45,2,2,,95307,25,0,34,2,8,,95290,36,0,46 43 44 3 45,2,2,,95456,25,0,34,2,8,,95452,36,0,46 43 44 3 45,2,2,,95322,25,0,34,2,8,,95494,36,0,46 43 44 3 45,2,42,,95362,25,0,34,2,8,,95268,36,0,46 43 44 3 45,2,2,,95383,25,0,34,2,8,,95339,36,0,46 43 44 3 45,2,2,,95466,25,0,34,2,8,,95358,36,0,46 43 44 3 45,2,2,,95493,25,0,34,2,8,,95259,36,0,46 43 44 3 45,2,2,,95440,25,0,34,2,8,,95427,36,0,46 43 44 3 45,2,2,,95380,25,0,34,2,8,,95367,36,0,46 43 44 3 45,2,42,,95437,25,0,34,2,8,,95426,36,0,46 43 44 3 45,2,2,,95447,25,0,34,2,8,,95461,36,0,46 43 44 3 45,2,2,,95433,25,0,34,2,8,,95261,36,0,46 43 44 3 45,2,2,,95348,25,0,34,2,8,,95330,36,0,46 43 44 3 45,2,2,,95263,25,0,34,2,8,,95398,36,0,46 43 44 3 45,2,2,,95457,25,0,34,2,8,,95477,36,0,46 43 44 3 45,2,42,,95430,25,0,34,2,8,,95384,36,0,46 43 44 3 45,2,2,,95319,25,0,34,2,8,,95297,36,0,46 43 44 3 45,2,2,,95315,25,0,34,2,8,,95414,36,0,46 43 44 3 45,2,2,,95425,25,0,34,2,8,,95459,36,0,46 43 44 3 45,2,2,,95500,25,0,34,2,8,,95264,36,0,46 43 44 3 45,2,2,,95463,25,0,34,2,8,,95462,36,0,46 43 44 3 45,2,42,,95416,25,0,34,2,8,,95253,36,0,46 43 44 3 45,2,2,,95328,25,0,34,2,8,,95489,36,0,46 43 44 3 45,2,2,,95280,25,0,34,2,8,,95484,36,0,46 43 44 3 45,2,2,,95341,25,0,34,2,8,,95372,36,0,46 43 44 3 45,2,2,,76025,25,0,34,2,8,,95292,36,0,46 43 44 3 45,2,2,,95439,25,0,34,2,8,,95302,36,0,46 43 44 3 45,2,42,,95445,25,0,34,2,8,,95418,36,0,46 43 44 3 45,2,2,,95324,25,0,34,2,8,,95285,36,0,46 43 44 3 45,2,2,,95355,25,0,34,2,8,,95257,36,0,46 43 44 3 45,2,2,,95382,25,0,34,2,8,,95311,36,0,46 43 44 3 45,2,2,,95331,25,0,34,2,8,,95442,36,0,46 43 44 3 45,2,2,,95475,25,0,34,2,8,,95402,36,0,46 43 44 3 45,2,42,,95363,25,0,34,2,8,,95262,36,0,46 43 44 3 45,2,2,,95266,25,0,34,2,5,,95272,36,0,46 43 44 3 45,2,5,,95277,25,0,34,2,1,,95485,25,,,2,2,,95381,36,0,46 43 44 3 45,2,7,,95441,25,0,34,2,1,,95394,36,0,46 43 44 3 45,2,8,,95393,25,0,34,2,2,,95325,36,0,46 43 44 3 45,2,8,,95502,25,0,34,2,2,,95287,36,0,46 43 44 3 45,2,8,,95421,25,0,34,2,42,,95411,36,0,46 43 44 3 45,2,8,,95335,25,0,34,2,2,,95486,36,0,46 43 44 3 45,2,8,,95370,25,0,34,2,2,,95496,36,0,46 43 44 3 45,2,8,,95375,25,0,34,2,2,,95320,36,0,46 43 44 3 45,2,8,,95478,25,0,34,2,2,,95305,36,0,46 43 44 3 45,2,8,,95419,25,0,34,2,2,,95275,36,0,46 43 44 3 45,2,8,,95482,25,0,34,2,42,,95312,36,0,46 43 44 3 45,2,8,,95389,25,0,34,2,2,,95451,36,0,46 43 44 3 45,2,8,,95422,25,0,34,2,2,,95412,36,0,46 43 44 3 45,2,8,,95436,25,0,34,2,2,,95304,36,0,46 43 44 3 45,2,8,,95338,25,0,34,2,2,,95469,36,0,46 43 44 3 45,2,8,,95448,25,0,34,2,2,,95471,36,0,46 43 44 3 45,2,8,,95492,25,0,34,2,42,,95333,36,0,46 43 44 3 45,2,8,,95474,25,0,34,2,2,,95404,36,0,46 43 44 3 45,2,8,,95377,25,0,34,2,2,,95476,36,0,46 43 44 3 45,2,4,,95346,36,,,2,4,,95415,25,0,34,2,5,,95359,36,0,46 43 44 3 45,2,5,,95428,25,0,34,2,3,,95365,36,0,46 43 44 3 45,2,7,,95432,25,0,34,2,3,,95495,36,0,46 43 44 3 45,2,7,,95286,25,0,34,2,43,,95265,36,0,46 43 44 3 45,2,7,,95295,25,0,34,2,3,,95490,36,0,46 43 44 3 45,2,2,,95468,25,,,2,5,,95483,25,0,34,2,3,,95472,36,0,46 43 44 3 45,2,7,,95349,25,0,34,2,3,,84428,36,0,46 43 44 3 45,2,7,,95314,25,0,34,2,3,,95271,36,0,46 43 44 3 45,2,7,,95350,25,0,34,2,3,,95403,36,0,46 43 44 3 45,2,7,,95464,25,0,34,2,43,,95434,36,0,46 43 44 3 45,2,7,,95458,25,0,34,2,3,,95443,36,0,46 43 44 3 45,2,7,,95299,25,0,34,2,3,,95278,36,0,46 43 44 3 45,2,7,,95273,25,0,34,2,3,,95450,36,0,46 43 44 3 45,2,7,,95455,25,0,34,2,3,,95347,36,0,46 43 44 3 45,2,7,,95267,25,0,34,2,3,,95498,36,0,46 43 44 3 45,2,7,,95301,25,0,34,2,43,,95318,36,0,46 43 44 3 45,2,7,,95481,25,0,34,2,3,,95385,36,0,46 43 44 3 45,2,7,,95391,25,0,34,2,3,,95449,36,0,46 43 44 3 45,2,7,,95353,25,0,34,2,3,,95501,36,0,46 43 44 3 45,2,7,,95423,25,0,34,2,3,,95386,36,0,46 43 44 3 45,2,7,,95281,25,0,34,2,3,,95306,36,0,46 43 44 3 45,2,7,,95300,25,0,34,2,43,,95371,36,0,46 43 44 3 45,2,7,,95453,25,0,34,2,3,,86297,36,0,46 43 44 3 45,2,7,,95417,25,0,34,2,3,,95374,36,0,46 43 44 3 45,2,5,,95392,36,,,2,2,,95270,25,0,34,2,8,,95503,36,0,46 43 44 3 45,2,2,,95308,25,0,34,2,10,,95329,25,0,34,2,1,,95343,36,0,46 43 44 3 45,2,7,,95310,25,,,2,47,,95254,36,0,46 43 44 3 45,2,3,,95344,25,,,2
