30102,'1',2622,,123704,34,0,47 22 23,2,30,,123686,34,0,47 22 23,2,70,,123675,34,0,47 22 23,2,30,,123698,34,0,47 22 23,2,70,,123684,34,0,47 22 23,2,31,,123688,34,,,2,70,,123679,34,,,2,30,,123685,34,,,2
30102,'2',2627,,123725,34,0,47 22 23,2,30,,123724,34,0,47 22 23,2,70,,123716,34,0,47 22 23,2,30,,123730,34,0,47 22 23,2,70,,123729,34,0,47 22 23,2,31,,123715,34,,,2,70,,123739,34,,,2,30,,123732,34,,,2
30102,'3',2617,,123756,34,0,47 22 23,2,30,,123760,34,0,47 22 23,2,70,,123744,34,0,47 22 23,2,30,,123764,34,0,47 22 23,2,70,,123753,34,0,47 22 23,2,30,,123758,34,0,47 22 23,2,71,,123742,34,,,2,30,,123765,34,,,2
30102,'5',2617,,123789,34,0,47 22 23,2,30,,115386,34,0,47 22 23,2,70,,123798,34,0,47 22 23,2,30,,123774,34,0,47 22 23,2,70,,123795,34,0,47 22 23,2,30,,123796,34,0,47 22 23,2,71,,123797,34,,,2,30,,123787,34,,,2
50701,'1',927,,132333,19,0,49,2,999,,132300,19,0,49,2,27,,132334,19,0,49,2,298,,132416,19,0,49,2,253,,132419,19,0,49,2,20,,132325,19,0,49,2
50701,'2',1929,,132571,19,0,49,2,586,,132486,19,0,49,2,21,,132433,19,0,49,2
50701,'3',2448,,132672,19,0,49,2
50701,'5',2448,,132871,19,0,49,2
50702,'1',503,,132999,19,0,22 23,2,11,,133180,19,0,22 23,2,10,,133063,19,0,22 23,2,10,,132992,19,0,22 23,2,10,,133159,19,0,22 23,2,10,,133183,19,0,22 23,2,50,,133042,19,0,22 23,2,10,,133190,19,0,22 23,2,10,,133136,19,0,22 23,2,10,,132994,19,0,22 23,2,10,,133137,19,0,22 23,2,10,,133071,19,0,22 23,2,52,,133149,19,0,22 23,2,8,,133036,19,0,22 23,2,6,,133173,19,0,22 23,2,7,,133048,19,0,22 23,2,7,,133169,19,0,22 23,2,7,,133189,19,0,22 23,2,7,,133094,19,0,22 23,2,7,,133037,19,0,22 23,2,47,,133027,19,0,22 23,2,7,,133182,19,0,22 23,2,7,,133114,19,0,22 23,2,7,,133057,19,0,22 23,2,7,,133012,19,0,22 23,2,7,,133080,19,0,22 23,2,7,,133003,19,0,22 23,2,7,,133104,19,0,22 23,2,7,,132990,19,0,22 23,2,47,,133123,19,0,22 23,2,9,,133081,19,0,22 23,2,9,,116344,19,0,22 23,2,8,,133000,19,0,22 23,2,8,,112236,19,0,22 23,2,8,,133034,19,0,22 23,2,8,,133148,19,0,22 23,2,48,,133019,19,0,22 23,2,8,,133151,19,0,22 23,2,8,,133026,19,0,22 23,2,8,,91856,19,0,22 23,2,8,,133177,19,0,22 23,2,8,,133018,19,0,22 23,2,8,,133093,19,0,22 23,2,8,,133150,19,0,22 23,2,48,,133120,19,0,22 23,2,8,,133178,19,0,22 23,2,8,,133011,19,0,22 23,2,8,,133053,19,0,22 23,2,8,,133061,19,0,22 23,2,8,,133089,19,0,22 23,2,8,,133086,19,0,22 23,2,48,,133121,19,0,22 23,2,8,,133168,19,0,22 23,2,8,,133045,19,0,22 23,2,8,,133015,19,0,22 23,2,8,,133113,19,0,22 23,2,8,,133073,19,0,22 23,2,8,,133096,19,0,22 23,2,8,,133059,19,0,22 23,2,48,,133060,19,0,22 23,2,8,,133109,19,0,22 23,2,8,,133171,19,0,22 23,2,8,,133192,19,0,22 23,2,8,,133068,19,0,22 23,2,8,,133072,19,0,22 23,2,8,,133170,19,0,22 23,2,48,,133044,19,0,22 23,2,8,,107193,19,0,22 23,2,8,,133097,19,0,22 23,2,8,,132996,19,0,22 23,2,8,,133056,19,0,22 23,2,8,,133186,19,0,22 23,2,8,,133164,19,0,22 23,2,8,,133014,19,0,22 23,2,48,,133112,19,0,22 23,2,8,,133085,19,0,22 23,2,9,,133122,19,0,22 23,2,4,,133106,19,0,22 23,2,7,,133079,19,0,22 23,2,7,,133145,19,0,22 23,2,7,,133091,19,0,22 23,2,7,,133161,19,0,22 23,2,47,,133020,19,0,22 23,2,7,,133058,19,0,22 23,2,7,,133130,19,0,22 23,2,7,,133087,19,0,22 23,2,7,,133092,19,0,22 23,2,7,,133119,19,0,22 23,2,7,,133185,19,0,22 23,2,7,,133001,19,0,22 23,2,7,,133142,19,0,22 23,2,47,,133115,19,0,22 23,2,7,,133156,19,0,22 23,2,7,,133107,19,0,22 23,2,7,,132998,19,0,22 23,2,7,,133083,19,0,22 23,2,7,,133116,19,0,22 23,2,7,,133069,19,0,22 23,2,7,,133172,19,0,22 23,2,47,,133176,19,0,22 23,2,7,,133049,19,0,22 23,2,7,,133110,19,0,22 23,2,7,,116398,19,0,22 23,2,7,,133191,19,0,22 23,2,7,,133082,19,0,22 23,2,7,,133134,19,0,22 23,2,7,,133165,19,0,22 23,2,7,,133031,19,0,22 23,2,47,,112885,19,0,22 23,2,9,,133032,19,0,22 23,2,8,,133007,19,0,22 23,2,9,,133129,19,0,22 23,2,7,,133187,19,0,22 23,2,9,,133174,19,0,22 23,2,9,,133052,19,0,22 23,2,49,,133154,19,0,22 23,2,9,,133135,19,0,22 23,2,9,,133179,19,0,22 23,2,9,,133041,19,0,22 23,2,9,,133188,19,0,22 23,2,9,,133124,19,0,22 23,2,9,,133166,19,0,22 23,2,49,,133152,19,0,22 23,2,9,,133004,19,0,22 23,2,9,,133066,19,0,22 23,2,9,,133175,19,0,22 23,2,9,,133047,19,0,22 23,2,9,,133013,19,0,22 23,2,49,,133025,19,0,22 23,2,9,,133046,19,0,22 23,2,7,,133138,19,0,22 23,2,12,,133117,19,0,22 23,2,10,,133029,19,0,22 23,2,10,,132991,19,0,22 23,2,50,,133098,19,0,22 23,2,10,,133078,19,0,22 23,2,10,,133140,19,0,22 23,2,10,,133157,19,0,22 23,2,10,,133065,19,0,22 23,2,10,,133143,19,0,22 23,2,50,,133016,19,0,22 23,2,10,,133062,19,0,22 23,2,10,,133084,19,0,22 23,2,10,,133181,19,0,22 23,2,12,,133088,19,0,22 23,2,12,,133147,19,0,22 23,2,55,,133100,19,0,22 23,2,20,,133103,19,0,22 23,2,25,,133010,19,0,22 23,2
50702,'2',451,,133366,19,0,22 23,2,50,,133237,19,0,22 23,2,10,,133211,19,0,22 23,2,10,,133266,19,0,22 23,2,10,,133281,19,0,22 23,2,10,,133213,19,0,22 23,2,10,,133360,19,0,22 23,2,50,,133316,19,0,22 23,2,10,,133249,19,0,22 23,2,10,,133201,19,0,22 23,2,10,,133352,19,0,22 23,2,10,,133270,19,0,22 23,2,10,,133230,19,0,22 23,2,50,,133248,19,0,22 23,2,10,,133349,19,0,22 23,2,10,,133255,19,0,22 23,2,10,,133267,19,0,22 23,2,10,,133216,19,0,22 23,2,10,,133335,19,0,22 23,2,50,,133367,19,0,22 23,2,9,,133310,19,0,22 23,2,12,,133323,19,0,22 23,2,15,,133325,19,0,22 23,2,13,,133344,19,0,22 23,2,9,,133327,19,0,22 23,2,49,,133375,19,0,22 23,2,9,,133246,19,0,22 23,2,9,,133345,19,0,22 23,2,9,,133239,19,0,22 23,2,9,,133355,19,0,22 23,2,9,,133261,19,0,22 23,2,49,,133301,19,0,22 23,2,9,,133312,19,0,22 23,2,9,,133285,19,0,22 23,2,9,,133329,19,0,22 23,2,9,,133214,19,0,22 23,2,9,,133373,19,0,22 23,2,9,,133271,19,0,22 23,2,49,,133364,19,0,22 23,2,9,,133273,19,0,22 23,2,9,,133268,19,0,22 23,2,9,,133206,19,0,22 23,2,9,,133305,19,0,22 23,2,9,,133294,19,0,22 23,2,9,,133346,19,0,22 23,2,49,,133338,19,0,22 23,2,10,,133359,19,0,22 23,2,10,,133361,19,0,22 23,2,8,,133257,19,0,22 23,2,8,,133368,19,0,22 23,2,8,,133200,19,0,22 23,2,48,,133262,19,0,22 23,2,8,,133295,19,0,22 23,2,8,,133245,19,0,22 23,2,8,,133354,19,0,22 23,2,8,,133242,19,0,22 23,2,8,,133317,19,0,22 23,2,8,,119405,19,0,22 23,2,8,,133278,19,0,22 23,2,48,,133322,19,0,22 23,2,8,,133362,19,0,22 23,2,8,,133356,19,0,22 23,2,8,,133290,19,0,22 23,2,8,,133250,19,0,22 23,2,8,,133207,19,0,22 23,2,8,,133330,19,0,22 23,2,48,,133227,19,0,22 23,2,8,,133208,19,0,22 23,2,8,,133280,19,0,22 23,2,8,,133342,19,0,22 23,2,8,,133369,19,0,22 23,2,8,,133371,19,0,22 23,2,8,,133332,19,0,22 23,2,8,,133193,19,0,22 23,2,48,,133228,19,0,22 23,2,8,,133247,19,0,22 23,2,8,,133302,19,0,22 23,2,8,,133225,19,0,22 23,2,8,,133372,19,0,22 23,2,8,,133304,19,0,22 23,2,8,,133229,19,0,22 23,2,48,,133339,19,0,22 23,2,8,,133279,19,0,22 23,2,8,,114889,19,0,22 23,2,8,,133195,19,0,22 23,2,8,,133232,19,0,22 23,2,8,,133222,19,0,22 23,2,8,,133254,19,0,22 23,2,8,,133252,19,0,22 23,2,48,,133199,19,0,22 23,2,8,,133303,19,0,22 23,2,8,,93129,19,0,22 23,2,8,,133224,19,0,22 23,2,8,,133351,19,0,22 23,2,8,,133307,19,0,22 23,2,8,,133234,19,0,22 23,2,48,,133240,19,0,22 23,2,8,,133350,19,0,22 23,2,10,,133308,19,0,22 23,2,8,,133299,19,0,22 23,2,8,,133340,19,0,22 23,2,9,,133274,19,0,22 23,2,9,,133219,19,0,22 23,2,49,,133236,19,0,22 23,2,9,,133218,19,0,22 23,2,9,,133226,19,0,22 23,2,9,,113066,19,0,22 23,2,9,,133217,19,0,22 23,2,9,,133292,19,0,22 23,2,9,,133337,19,0,22 23,2,49,,133341,19,0,22 23,2,9,,133282,19,0,22 23,2,9,,133315,19,0,22 23,2,9,,133328,19,0,22 23,2,9,,133251,19,0,22 23,2,9,,133203,19,0,22 23,2,9,,120141,19,0,22 23,2,49,,133253,19,0,22 23,2,9,,133288,19,0,22 23,2,7,,133221,19,0,22 23,2,10,,133298,19,0,22 23,2,10,,133309,19,0,22 23,2,10,,133277,19,0,22 23,2,50,,133210,19,0,22 23,2,10,,133194,19,0,22 23,2,10,,133243,19,0,22 23,2,10,,133296,19,0,22 23,2,10,,133258,19,0,22 23,2,10,,133244,19,0,22 23,2,50,,133321,19,0,22 23,2,10,,133241,19,0,22 23,2,10,,133231,19,0,22 23,2,10,,133313,19,0,22 23,2,10,,133204,19,0,22 23,2,12,,133220,19,0,22 23,2,55,,133347,19,0,22 23,2,20,,133260,19,0,22 23,2,70,,133196,19,0,22 23,2
50702,'3',447,,133450,19,0,22 23,2,8,,133378,19,0,22 23,2,49,,133382,19,0,22 23,2,10,,133523,19,0,22 23,2,10,,133422,19,0,22 23,2,10,,133475,19,0,22 23,2,10,,133430,19,0,22 23,2,10,,133458,19,0,22 23,2,50,,133399,19,0,22 23,2,10,,133495,19,0,22 23,2,10,,133480,19,0,22 23,2,10,,133438,19,0,22 23,2,10,,133457,19,0,22 23,2,10,,133449,19,0,22 23,2,50,,133389,19,0,22 23,2,10,,133498,19,0,22 23,2,10,,133472,19,0,22 23,2,10,,133454,19,0,22 23,2,10,,133413,19,0,22 23,2,10,,133556,19,0,22 23,2,50,,133534,19,0,22 23,2,13,,133408,19,0,22 23,2,11,,133543,19,0,22 23,2,16,,133486,19,0,22 23,2,10,,133473,19,0,22 23,2,50,,133536,19,0,22 23,2,10,,133477,19,0,22 23,2,10,,133384,19,0,22 23,2,10,,133453,19,0,22 23,2,10,,133527,19,0,22 23,2,10,,115982,19,0,22 23,2,50,,133437,19,0,22 23,2,10,,133377,19,0,22 23,2,10,,133484,19,0,22 23,2,10,,133522,19,0,22 23,2,10,,133494,19,0,22 23,2,10,,133407,19,0,22 23,2,50,,107770,19,0,22 23,2,10,,133432,19,0,22 23,2,10,,133544,19,0,22 23,2,10,,133444,19,0,22 23,2,10,,133506,19,0,22 23,2,10,,133511,19,0,22 23,2,50,,133496,19,0,22 23,2,10,,133379,19,0,22 23,2,9,,133503,19,0,22 23,2,8,,133402,19,0,22 23,2,8,,133441,19,0,22 23,2,8,,133445,19,0,22 23,2,9,,133485,19,0,22 23,2,49,,133554,19,0,22 23,2,9,,133470,19,0,22 23,2,9,,133425,19,0,22 23,2,9,,133385,19,0,22 23,2,9,,133502,19,0,22 23,2,9,,133400,19,0,22 23,2,9,,133423,19,0,22 23,2,49,,133519,19,0,22 23,2,9,,133521,19,0,22 23,2,9,,133557,19,0,22 23,2,9,,133482,19,0,22 23,2,9,,133401,19,0,22 23,2,9,,133507,19,0,22 23,2,49,,133424,19,0,22 23,2,9,,133489,19,0,22 23,2,9,,133545,19,0,22 23,2,9,,133513,19,0,22 23,2,9,,133434,19,0,22 23,2,9,,133412,19,0,22 23,2,9,,133526,19,0,22 23,2,49,,133471,19,0,22 23,2,9,,133555,19,0,22 23,2,9,,133465,19,0,22 23,2,9,,133512,19,0,22 23,2,9,,133542,19,0,22 23,2,9,,133452,19,0,22 23,2,9,,133388,19,0,22 23,2,49,,133392,19,0,22 23,2,9,,133541,19,0,22 23,2,9,,133380,19,0,22 23,2,9,,133440,19,0,22 23,2,9,,133456,19,0,22 23,2,9,,133397,19,0,22 23,2,49,,133518,19,0,22 23,2,9,,133528,19,0,22 23,2,9,,133464,19,0,22 23,2,9,,133558,19,0,22 23,2,9,,133428,19,0,22 23,2,9,,133559,19,0,22 23,2,9,,133520,19,0,22 23,2,49,,133500,19,0,22 23,2,9,,133398,19,0,22 23,2,6,,133403,19,0,22 23,2,9,,133405,19,0,22 23,2,8,,133410,19,0,22 23,2,7,,133504,19,0,22 23,2,9,,133538,19,0,22 23,2,49,,133483,19,0,22 23,2,9,,133532,19,0,22 23,2,9,,133550,19,0,22 23,2,9,,133462,19,0,22 23,2,9,,133505,19,0,22 23,2,9,,133497,19,0,22 23,2,9,,133420,19,0,22 23,2,49,,120914,19,0,22 23,2,9,,133426,19,0,22 23,2,9,,133553,19,0,22 23,2,9,,133404,19,0,22 23,2,9,,133551,19,0,22 23,2,9,,115945,19,0,22 23,2,9,,133387,19,0,22 23,2,49,,133463,19,0,22 23,2,9,,133459,19,0,22 23,2,9,,133439,19,0,22 23,2,9,,133474,19,0,22 23,2,10,,123038,19,0,22 23,2,10,,133524,19,0,22 23,2,50,,133510,19,0,22 23,2,10,,133492,19,0,22 23,2,10,,133469,19,0,22 23,2,10,,133448,19,0,22 23,2,10,,133393,19,0,22 23,2,10,,133548,19,0,22 23,2,50,,133429,19,0,22 23,2,10,,133491,19,0,22 23,2,10,,133383,19,0,22 23,2,10,,133488,19,0,22 23,2,19,,133493,19,0,22 23,2,59,,133535,19,0,22 23,2,15,,133391,19,0,22 23,2,20,,133479,19,0,22 23,2
50702,'5',447,,133661,19,0,22 23,2,8,,133742,19,0,22 23,2,49,,133720,19,0,22 23,2,10,,133707,19,0,22 23,2,10,,133577,19,0,22 23,2,10,,133596,19,0,22 23,2,10,,133645,19,0,22 23,2,10,,133741,19,0,22 23,2,50,,133637,19,0,22 23,2,10,,133610,19,0,22 23,2,10,,133732,19,0,22 23,2,10,,133630,19,0,22 23,2,10,,122220,19,0,22 23,2,10,,133671,19,0,22 23,2,50,,133591,19,0,22 23,2,10,,133632,19,0,22 23,2,10,,133636,19,0,22 23,2,10,,133633,19,0,22 23,2,10,,133672,19,0,22 23,2,10,,133743,19,0,22 23,2,50,,133686,19,0,22 23,2,13,,133717,19,0,22 23,2,11,,133608,19,0,22 23,2,16,,133594,19,0,22 23,2,10,,133670,19,0,22 23,2,50,,133698,19,0,22 23,2,10,,133631,19,0,22 23,2,10,,133643,19,0,22 23,2,10,,133697,19,0,22 23,2,10,,133725,19,0,22 23,2,10,,133624,19,0,22 23,2,50,,133660,19,0,22 23,2,10,,133656,19,0,22 23,2,10,,133570,19,0,22 23,2,10,,133734,19,0,22 23,2,10,,133593,19,0,22 23,2,10,,133680,19,0,22 23,2,50,,133576,19,0,22 23,2,10,,133609,19,0,22 23,2,10,,133563,19,0,22 23,2,10,,133706,19,0,22 23,2,10,,133597,19,0,22 23,2,10,,133617,19,0,22 23,2,50,,133598,19,0,22 23,2,10,,133675,19,0,22 23,2,9,,133646,19,0,22 23,2,8,,133565,19,0,22 23,2,8,,133621,19,0,22 23,2,8,,133560,19,0,22 23,2,9,,133658,19,0,22 23,2,49,,133673,19,0,22 23,2,9,,133601,19,0,22 23,2,9,,133604,19,0,22 23,2,9,,133669,19,0,22 23,2,9,,133607,19,0,22 23,2,9,,133662,19,0,22 23,2,9,,133571,19,0,22 23,2,49,,93411,19,0,22 23,2,9,,133585,19,0,22 23,2,9,,133711,19,0,22 23,2,9,,133650,19,0,22 23,2,9,,133612,19,0,22 23,2,9,,133731,19,0,22 23,2,49,,133703,19,0,22 23,2,9,,133572,19,0,22 23,2,9,,133605,19,0,22 23,2,9,,133620,19,0,22 23,2,9,,133708,19,0,22 23,2,9,,133615,19,0,22 23,2,9,,133702,19,0,22 23,2,49,,133739,19,0,22 23,2,9,,133729,19,0,22 23,2,9,,133710,19,0,22 23,2,9,,133695,19,0,22 23,2,9,,133652,19,0,22 23,2,9,,133724,19,0,22 23,2,9,,133690,19,0,22 23,2,49,,133580,19,0,22 23,2,9,,133589,19,0,22 23,2,9,,133659,19,0,22 23,2,9,,133627,19,0,22 23,2,9,,133628,19,0,22 23,2,9,,133713,19,0,22 23,2,49,,133737,19,0,22 23,2,9,,133740,19,0,22 23,2,9,,133635,19,0,22 23,2,9,,133689,19,0,22 23,2,9,,133719,19,0,22 23,2,9,,133730,19,0,22 23,2,9,,133668,19,0,22 23,2,49,,133564,19,0,22 23,2,9,,133722,19,0,22 23,2,6,,133599,19,0,22 23,2,9,,112850,19,0,22 23,2,8,,133726,19,0,22 23,2,7,,122371,19,0,22 23,2,9,,133723,19,0,22 23,2,49,,133692,19,0,22 23,2,9,,133727,19,0,22 23,2,9,,133738,19,0,22 23,2,9,,133654,19,0,22 23,2,9,,133701,19,0,22 23,2,9,,133678,19,0,22 23,2,9,,133718,19,0,22 23,2,49,,133657,19,0,22 23,2,9,,133735,19,0,22 23,2,9,,133625,19,0,22 23,2,9,,133634,19,0,22 23,2,9,,133682,19,0,22 23,2,9,,133595,19,0,22 23,2,9,,133592,19,0,22 23,2,49,,133583,19,0,22 23,2,9,,133694,19,0,22 23,2,9,,133639,19,0,22 23,2,9,,133684,19,0,22 23,2,10,,133691,19,0,22 23,2,10,,133651,19,0,22 23,2,50,,133587,19,0,22 23,2,10,,133653,19,0,22 23,2,10,,133600,19,0,22 23,2,10,,118153,19,0,22 23,2,10,,133716,19,0,22 23,2,10,,133709,19,0,22 23,2,50,,133728,19,0,22 23,2,10,,133688,19,0,22 23,2,10,,133664,19,0,22 23,2,10,,133619,19,0,22 23,2,19,,133567,19,0,22 23,2,59,,133603,19,0,22 23,2,15,,133647,19,0,22 23,2,20,,133712,19,0,22 23,2
