30401,'1',2648,,91464,18,,,2,3,,91466,31,0,34,2,7,,91481,18,,,2,43,,81335,31,0,34,2,7,,91482,18,,,2,3,,91468,31,0,34,2,10,,87414,31,0,34,2,10,,91467,31,0,34,2,10,,91479,31,0,34,2,10,,91471,31,0,34,2,50,,91480,31,0,34,2,10,,91477,31,0,34,2,10,,91483,31,0,34,2,10,,91478,31,0,34,2,10,,91476,31,0,34,2,10,,84626,31,0,34,2,50,,91472,31,0,34,2,10,,91470,31,0,34,2,15,,91475,31,0,34,2,10,,91463,31,,,2,10,,91465,31,,,2,10,,91469,31,,,2,50,,91474,31,,,2,5,,91473,31,,,2
30401,'2',2658,,91491,31,0,34,2,50,,91486,31,0,34,2,2,,91492,18,,,2,8,,91497,31,0,34,2,10,,91499,31,0,34,2,10,,91489,31,0,34,2,10,,91494,31,0,34,2,10,,91484,31,0,34,2,50,,91495,31,0,34,2,10,,91496,31,0,34,2,10,,91502,31,0,34,2,10,,91501,31,0,34,2,10,,91507,31,0,34,2,10,,91498,31,0,34,2,50,,91500,31,0,34,2,10,,91490,31,0,34,2,12,,91487,31,0,34,2,10,,91503,31,,,2,10,,91504,31,,,2,5,,91488,31,,,2,45,,91506,31,,,2,10,,91485,31,,,2,10,,91505,31,,,2,13,,91493,31,,,2
30401,'3',546,,91544,18,0,34,2,7,,91526,31,0,31,2,47,,91508,18,0,34,2,7,,91524,31,0,31,2,7,,91509,18,0,34,2,7,,91552,31,0,31,2,7,,91536,18,0,34,2,7,,91548,31,0,31,2,7,,91532,18,0,34,2,7,,91511,31,0,31,2,7,,91547,18,0,34,2,47,,91539,31,0,31,2,7,,91534,18,0,34,2,7,,91549,31,0,31,2,7,,91533,18,0,34,2,7,,91540,31,0,31,2,7,,91514,18,0,34,2,7,,91541,31,0,31,2,14,,91542,31,0,31,2,54,,91543,31,0,31,2,14,,91517,31,0,31,2,14,,91551,31,0,31,2,1808,,91518,31,,,2,51,,91525,31,0,34,2,2,,91529,18,,,2,8,,91550,31,0,34,2,2,,91516,18,,,2,8,,91520,31,0,34,2,2,,91519,18,,,2,8,,91538,31,0,34,2,10,,83514,31,0,34,2,10,,91531,31,0,34,2,50,,91521,31,0,34,2,10,,91510,31,0,34,2,10,,91546,31,0,34,2,10,,91512,31,0,34,2,10,,78205,31,0,34,2,10,,91545,31,0,34,2,50,,75756,31,0,34,2,10,,91523,31,0,34,2,10,,91513,31,0,34,2,9,,91530,31,,,2,10,,91528,31,,,2,10,,91527,31,,,2
30401,'5',2700,,91572,31,0,34,2,10,,91571,31,0,34,2,2,,91565,18,,,2,8,,91564,31,0,34,2,2,,91569,18,,,2,8,,91554,31,0,34,2,10,,91558,31,0,34,2,10,,91563,31,0,34,2,50,,91553,31,0,34,2,10,,91570,31,0,34,2,10,,91555,31,0,34,2,10,,91559,31,0,34,2,10,,91561,31,0,34,2,10,,91562,31,0,34,2,50,,91566,31,0,34,2,10,,91568,31,0,34,2,10,,91567,31,0,34,2,9,,91557,31,,,2,10,,91556,31,,,2,10,,91560,31,,,2
50301,'1',550,,93496,5,0,36 40,2,50,,93525,5,0,36 40,2,10,,93572,5,0,36 40,2,10,,93608,5,0,36 40,2,5,,93580,5,0,36 40,2,5,,93481,5,0,36 40,2,5,,93499,5,0,36 40,2,5,,93486,5,0,36 40,2,10,,93551,5,0,36 40,2,50,,93588,5,0,36 40,2,7,,93548,5,0,36 40,2,7,,93520,5,0,36 40,2,6,,93550,5,0,36 40,2,6,,93538,5,0,36 40,2,4,,93598,5,0,36 40,2,3,,93535,5,0,36 40,2,6,,93615,5,0,36 40,2,6,,93478,5,0,36 40,2,6,,93592,5,0,36 40,2,6,,93547,5,0,36 40,2,46,,93515,5,0,36 40,2,6,,93506,5,0,36 40,2,6,,93602,5,0,36 40,2,6,,93521,5,0,36 40,2,6,,93505,5,0,36 40,2,6,,93575,5,0,36 40,2,6,,93476,5,0,36 40,2,6,,93555,5,0,36 40,2,6,,93543,5,0,36 40,2,6,,93516,5,0,36 40,2,46,,93484,5,0,36 40,2,6,,93576,5,0,36 40,2,6,,93597,5,0,36 40,2,6,,93614,5,0,36 40,2,6,,93578,5,0,36 40,2,6,,93605,5,0,36 40,2,8,,93514,5,0,36 40,2,6,,93587,5,0,36 40,2,6,,93586,5,0,36 40,2,6,,93490,5,0,36 40,2,45,,93512,5,0,36 40,2,5,,93613,5,0,36 40,2,10,,93577,5,0,36 40,2,5,,93485,5,0,36 40,2,5,,93475,5,0,36 40,2,10,,93566,5,0,36 40,2,10,,93473,5,0,36 40,2,10,,93545,5,0,36 40,2,50,,93513,5,0,36 40,2,10,,90682,5,0,36 40,2,10,,93553,5,0,36 40,2,10,,93594,5,0,36 40,2,10,,93574,5,0,36 40,2,10,,93606,5,0,36 40,2,50,,93472,5,0,36 40,2,10,,93532,5,0,36 40,2,10,,93483,5,0,36 40,2,10,,93479,5,0,36 40,2,10,,93591,5,0,36 40,2,10,,93500,5,0,36 40,2,50,,93471,5,0,36 40,2,10,,93540,5,0,36 40,2,10,,93612,5,0,36 40,2,10,,93469,5,0,36 40,2,10,,93517,5,0,36 40,2,10,,93510,5,0,36 40,2,50,,93527,5,0,36 40,2,10,,93509,5,0,36 40,2,10,,93611,5,0,36 40,2,11,,86518,5,0,36 40,2,7,,93583,5,0,36 40,2,6,,93507,5,0,36 40,2,6,,93603,5,0,36 40,2,46,,93482,5,0,36 40,2,8,,93552,5,0,36 40,2,9,,93503,5,0,36 40,2,9,,93585,5,0,36 40,2,9,,93528,5,0,36 40,2,7,,93524,5,0,36 40,2,6,,93529,5,0,36 40,2,6,,93599,5,0,36 40,2,46,,93470,5,0,36 40,2,6,,93569,5,0,36 40,2,6,,93504,5,0,36 40,2,6,,93560,5,0,36 40,2,6,,93554,5,0,36 40,2,6,,93607,5,0,36 40,2,6,,93582,5,0,36 40,2,6,,93539,5,0,36 40,2,6,,93536,5,0,36 40,2,6,,93519,5,0,36 40,2,46,,93604,5,0,36 40,2,6,,93541,5,0,36 40,2,6,,93502,5,0,36 40,2,6,,93498,5,0,36 40,2,6,,93477,5,0,36 40,2,6,,93579,5,0,36 40,2,6,,93474,5,0,36 40,2,6,,93595,5,0,36 40,2,12,,93610,5,0,36 40,2,46,,93533,5,0,36 40,2,6,,93542,5,0,36 40,2,6,,93487,5,0,36 40,2,6,,93530,5,0,36 40,2,6,,93556,5,0,36 40,2,6,,93567,5,0,36 40,2,6,,78578,5,0,36 40,2,6,,93523,5,0,36 40,2,6,,93565,5,0,36 40,2,49,,93596,5,0,36 40,2,8,,93537,5,0,36 40,2,8,,93558,5,0,36 40,2,7,,93546,5,0,36 40,2,8,,79738,5,0,36 40,2,8,,93526,5,0,36 40,2,8,,93534,5,0,36 40,2,8,,93544,5,0,36 40,2,48,,93511,5,0,36 40,2,8,,93531,5,0,36 40,2,8,,93601,5,0,36 40,2,8,,93563,5,0,36 40,2,8,,93491,5,0,36 40,2,8,,93508,5,0,36 40,2,8,,93600,5,0,36 40,2,48,,93497,5,0,36 40,2,8,,93522,5,0,36 40,2,8,,93584,5,0,36 40,2,8,,93590,5,0,36 40,2,8,,93480,5,0,36 40,2,8,,93493,5,0,36 40,2,8,,93494,5,0,36 40,2,8,,93549,5,0,36 40,2,48,,93570,5,0,36 40,2,10,,93589,5,0,36 40,2,10,,93518,5,0,36 40,2,10,,93489,5,0,36 40,2,10,,93557,5,0,36 40,2,10,,77427,5,0,36 40,2,50,,86633,5,0,36 40,2,10,,93568,5,0,36 40,2,10,,93593,5,0,36 40,2,10,,93492,5,0,36 40,2,10,,93609,5,0,36 40,2,10,,93559,5,0,36 40,2,50,,93488,5,0,36 40,2,10,,93571,5,0,36 40,2,15,,93562,5,0,36 40,2,15,,93501,5,0,36 40,2,55,,93581,5,0,36 40,2,15,,93573,5,0,36 40,2,9,,93495,5,0,36 40,2
50301,'2',519,,87733,5,0,36 40,2,10,,87610,5,0,36 40,2,10,,93718,5,0,36 40,2,10,,93667,5,0,36 40,2,10,,93720,5,0,36 40,2,50,,93671,5,0,36 40,2,10,,93742,5,0,36 40,2,10,,93646,5,0,36 40,2,10,,93673,5,0,36 40,2,10,,93634,5,0,36 40,2,10,,93709,5,0,36 40,2,50,,93651,5,0,36 40,2,10,,93724,5,0,36 40,2,10,,87565,5,0,36 40,2,10,,93641,5,0,36 40,2,10,,93626,5,0,36 40,2,10,,93744,5,0,36 40,2,50,,93616,5,0,36 40,2,10,,93738,5,0,36 40,2,10,,93717,5,0,36 40,2,10,,93653,5,0,36 40,2,10,,93698,5,0,36 40,2,10,,93649,5,0,36 40,2,50,,93710,5,0,36 40,2,10,,93622,5,0,36 40,2,10,,93645,5,0,36 40,2,10,,93723,5,0,36 40,2,10,,93627,5,0,36 40,2,10,,93736,5,0,36 40,2,50,,93739,5,0,36 40,2,10,,93733,5,0,36 40,2,10,,93625,5,0,36 40,2,10,,93623,5,0,36 40,2,10,,93746,5,0,36 40,2,10,,93661,5,0,36 40,2,50,,93703,5,0,36 40,2,10,,93743,5,0,36 40,2,10,,93631,5,0,36 40,2,10,,93708,5,0,36 40,2,10,,93697,5,0,36 40,2,10,,93664,5,0,36 40,2,52,,93648,5,0,36 40,2,8,,93705,5,0,36 40,2,8,,93669,5,0,36 40,2,8,,93629,5,0,36 40,2,8,,93707,5,0,36 40,2,8,,93654,5,0,36 40,2,8,,93628,5,0,36 40,2,48,,93666,5,0,36 40,2,8,,93721,5,0,36 40,2,8,,93713,5,0,36 40,2,8,,93700,5,0,36 40,2,8,,93693,5,0,36 40,2,8,,93675,5,0,36 40,2,8,,93735,5,0,36 40,2,48,,93643,5,0,36 40,2,8,,93689,5,0,36 40,2,8,,93737,5,0,36 40,2,8,,93621,5,0,36 40,2,8,,93639,5,0,36 40,2,8,,93680,5,0,36 40,2,8,,93683,5,0,36 40,2,8,,93722,5,0,36 40,2,48,,93647,5,0,36 40,2,8,,93663,5,0,36 40,2,8,,93727,5,0,36 40,2,8,,93640,5,0,36 40,2,8,,93633,5,0,36 40,2,8,,93657,5,0,36 40,2,8,,93715,5,0,36 40,2,48,,93638,5,0,36 40,2,8,,93656,5,0,36 40,2,8,,93728,5,0,36 40,2,8,,93659,5,0,36 40,2,8,,93618,5,0,36 40,2,8,,93650,5,0,36 40,2,8,,93624,5,0,36 40,2,8,,93706,5,0,36 40,2,48,,93702,5,0,36 40,2,8,,93677,5,0,36 40,2,8,,93714,5,0,36 40,2,8,,93732,5,0,36 40,2,8,,93692,5,0,36 40,2,8,,93725,5,0,36 40,2,8,,93679,5,0,36 40,2,48,,93747,5,0,36 40,2,8,,93745,5,0,36 40,2,8,,93694,5,0,36 40,2,8,,93620,5,0,36 40,2,8,,93716,5,0,36 40,2,8,,93688,5,0,36 40,2,16,,93660,5,0,36 40,2,48,,93678,5,0,36 40,2,9,,93712,5,0,36 40,2,10,,93682,5,0,36 40,2,10,,93741,5,0,36 40,2,10,,93676,5,0,36 40,2,10,,93690,5,0,36 40,2,50,,93729,5,0,36 40,2,10,,93731,5,0,36 40,2,10,,93719,5,0,36 40,2,10,,93701,5,0,36 40,2,10,,93685,5,0,36 40,2,10,,93665,5,0,36 40,2,50,,93681,5,0,36 40,2,10,,93704,5,0,36 40,2,10,,93617,5,0,36 40,2,10,,93726,5,0,36 40,2,10,,93658,5,0,36 40,2,10,,93668,5,0,36 40,2,50,,93730,5,0,36 40,2,9,,93695,5,0,36 40,2,10,,93687,5,0,36 40,2,10,,93686,5,0,36 40,2,10,,93674,5,0,36 40,2,10,,93644,5,0,36 40,2,50,,93734,5,0,36 40,2,10,,93672,5,0,36 40,2,10,,93619,5,0,36 40,2,10,,93684,5,0,36 40,2,10,,93632,5,0,36 40,2,10,,93670,5,0,36 40,2,50,,93642,5,0,36 40,2,10,,93636,5,0,36 40,2,10,,93696,5,0,36 40,2,10,,93740,5,0,36 40,2,10,,93662,5,0,36 40,2,10,,93630,5,0,36 40,2,50,,93711,5,0,36 40,2,10,,93635,5,0,36 40,2,15,,93637,5,0,36 40,2,15,,93691,5,0,36 40,2,55,,93699,5,0,36 40,2,15,,93655,5,0,36 40,2,11,,93652,5,0,36 40,2
50301,'3',552,,93787,5,0,36 40,2,50,,93798,5,0,36 40,2,10,,93824,5,0,36 40,2,10,,93842,5,0,36 40,2,10,,93845,5,0,36 40,2,10,,93856,5,0,36 40,2,10,,93857,5,0,36 40,2,50,,93784,5,0,36 40,2,10,,93805,5,0,36 40,2,10,,93812,5,0,36 40,2,10,,93846,5,0,36 40,2,10,,93800,5,0,36 40,2,10,,93797,5,0,36 40,2,50,,93777,5,0,36 40,2,10,,93819,5,0,36 40,2,10,,93790,5,0,36 40,2,10,,93760,5,0,36 40,2,10,,93808,5,0,36 40,2,10,,93813,5,0,36 40,2,50,,93753,5,0,36 40,2,10,,93849,5,0,36 40,2,10,,85971,5,0,36 40,2,10,,93782,5,0,36 40,2,10,,93827,5,0,36 40,2,10,,93830,5,0,36 40,2,50,,93780,5,0,36 40,2,10,,93761,5,0,36 40,2,10,,93858,5,0,36 40,2,10,,93757,5,0,36 40,2,10,,93833,5,0,36 40,2,10,,93865,5,0,36 40,2,50,,93752,5,0,36 40,2,10,,93779,5,0,36 40,2,10,,93762,5,0,36 40,2,10,,93822,5,0,36 40,2,10,,93748,5,0,36 40,2,10,,93754,5,0,36 40,2,50,,93821,5,0,36 40,2,11,,93844,5,0,36 40,2,10,,93786,5,0,36 40,2,10,,93771,5,0,36 40,2,10,,93860,5,0,36 40,2,10,,93847,5,0,36 40,2,50,,93766,5,0,36 40,2,10,,93835,5,0,36 40,2,10,,93810,5,0,36 40,2,10,,93778,5,0,36 40,2,10,,93785,5,0,36 40,2,10,,93834,5,0,36 40,2,50,,93806,5,0,36 40,2,10,,93843,5,0,36 40,2,10,,93823,5,0,36 40,2,10,,93836,5,0,36 40,2,10,,93829,5,0,36 40,2,10,,93850,5,0,36 40,2,50,,93828,5,0,36 40,2,10,,93853,5,0,36 40,2,10,,93803,5,0,36 40,2,10,,93862,5,0,36 40,2,10,,93809,5,0,36 40,2,10,,93764,5,0,36 40,2,50,,93781,5,0,36 40,2,10,,93807,5,0,36 40,2,10,,93793,5,0,36 40,2,10,,93841,5,0,36 40,2,10,,93775,5,0,36 40,2,10,,93749,5,0,36 40,2,50,,93848,5,0,36 40,2,10,,93801,5,0,36 40,2,10,,93773,5,0,36 40,2,10,,93763,5,0,36 40,2,10,,93758,5,0,36 40,2,10,,93861,5,0,36 40,2,50,,93851,5,0,36 40,2,10,,93818,5,0,36 40,2,10,,93855,5,0,36 40,2,10,,93794,5,0,36 40,2,20,,93838,5,0,36 40,2,50,,93799,5,0,36 40,2,10,,93796,5,0,36 40,2,9,,93756,5,0,36 40,2,10,,93815,5,0,36 40,2,10,,93772,5,0,36 40,2,10,,93769,5,0,36 40,2,50,,93831,5,0,36 40,2,10,,93840,5,0,36 40,2,10,,93826,5,0,36 40,2,10,,93811,5,0,36 40,2,10,,93755,5,0,36 40,2,10,,93825,5,0,36 40,2,50,,93820,5,0,36 40,2,10,,93788,5,0,36 40,2,10,,93789,5,0,36 40,2,10,,93774,5,0,36 40,2,10,,93751,5,0,36 40,2,10,,93770,5,0,36 40,2,50,,93817,5,0,36 40,2,10,,93859,5,0,36 40,2,10,,93867,5,0,36 40,2,10,,93767,5,0,36 40,2,10,,93863,5,0,36 40,2,10,,93791,5,0,36 40,2,50,,93795,5,0,36 40,2,10,,93783,5,0,36 40,2,10,,93814,5,0,36 40,2,10,,93759,5,0,36 40,2,10,,93750,5,0,36 40,2,10,,93832,5,0,36 40,2,50,,93839,5,0,36 40,2,10,,93768,5,0,36 40,2,10,,93804,5,0,36 40,2,10,,93864,5,0,36 40,2,10,,93852,5,0,36 40,2,10,,93802,5,0,36 40,2,50,,93776,5,0,36 40,2,10,,93792,5,0,36 40,2,10,,93816,5,0,36 40,2,10,,93854,5,0,36 40,2,10,,93765,5,0,36 40,2,15,,93837,5,0,36 40,2,60,,93866,5,0,36 40,2
50301,'5',552,,93893,5,0,36 40,2,50,,93934,5,0,36 40,2,10,,93947,5,0,36 40,2,10,,93974,5,0,36 40,2,10,,93959,5,0,36 40,2,10,,90547,5,0,36 40,2,10,,93971,5,0,36 40,2,50,,93883,5,0,36 40,2,10,,93961,5,0,36 40,2,10,,93879,5,0,36 40,2,10,,93897,5,0,36 40,2,10,,93937,5,0,36 40,2,10,,93890,5,0,36 40,2,50,,93968,5,0,36 40,2,10,,93957,5,0,36 40,2,10,,93903,5,0,36 40,2,10,,93979,5,0,36 40,2,10,,93887,5,0,36 40,2,10,,93984,5,0,36 40,2,50,,93928,5,0,36 40,2,10,,93872,5,0,36 40,2,10,,93891,5,0,36 40,2,10,,93931,5,0,36 40,2,10,,93944,5,0,36 40,2,10,,93882,5,0,36 40,2,50,,93958,5,0,36 40,2,10,,93917,5,0,36 40,2,10,,93946,5,0,36 40,2,10,,93964,5,0,36 40,2,10,,93942,5,0,36 40,2,10,,93895,5,0,36 40,2,50,,93884,5,0,36 40,2,10,,93924,5,0,36 40,2,10,,93889,5,0,36 40,2,10,,93930,5,0,36 40,2,10,,93907,5,0,36 40,2,10,,93963,5,0,36 40,2,50,,93943,5,0,36 40,2,11,,93948,5,0,36 40,2,10,,93922,5,0,36 40,2,10,,93911,5,0,36 40,2,10,,93967,5,0,36 40,2,10,,93941,5,0,36 40,2,50,,93916,5,0,36 40,2,10,,93949,5,0,36 40,2,10,,93906,5,0,36 40,2,10,,93975,5,0,36 40,2,10,,93939,5,0,36 40,2,10,,93918,5,0,36 40,2,50,,93894,5,0,36 40,2,10,,93920,5,0,36 40,2,10,,93954,5,0,36 40,2,10,,93965,5,0,36 40,2,10,,93935,5,0,36 40,2,10,,93902,5,0,36 40,2,50,,93881,5,0,36 40,2,10,,93950,5,0,36 40,2,10,,93915,5,0,36 40,2,10,,93933,5,0,36 40,2,10,,93951,5,0,36 40,2,10,,93955,5,0,36 40,2,50,,93927,5,0,36 40,2,10,,93877,5,0,36 40,2,10,,93932,5,0,36 40,2,10,,93980,5,0,36 40,2,10,,93905,5,0,36 40,2,10,,93900,5,0,36 40,2,50,,93985,5,0,36 40,2,10,,93926,5,0,36 40,2,10,,93981,5,0,36 40,2,10,,93969,5,0,36 40,2,10,,93886,5,0,36 40,2,10,,93953,5,0,36 40,2,50,,93983,5,0,36 40,2,10,,93869,5,0,36 40,2,10,,93919,5,0,36 40,2,10,,93868,5,0,36 40,2,10,,93873,5,0,36 40,2,10,,93962,5,0,36 40,2,50,,93909,5,0,36 40,2,10,,93929,5,0,36 40,2,9,,93898,5,0,36 40,2,10,,93972,5,0,36 40,2,10,,93899,5,0,36 40,2,10,,93914,5,0,36 40,2,50,,93966,5,0,36 40,2,10,,93870,5,0,36 40,2,10,,93878,5,0,36 40,2,10,,93978,5,0,36 40,2,10,,76790,5,0,36 40,2,10,,93910,5,0,36 40,2,50,,93875,5,0,36 40,2,10,,93912,5,0,36 40,2,10,,93892,5,0,36 40,2,10,,93876,5,0,36 40,2,10,,93913,5,0,36 40,2,10,,93938,5,0,36 40,2,50,,93936,5,0,36 40,2,10,,91220,5,0,36 40,2,10,,93880,5,0,36 40,2,10,,93923,5,0,36 40,2,10,,93940,5,0,36 40,2,10,,93960,5,0,36 40,2,50,,93885,5,0,36 40,2,10,,93896,5,0,36 40,2,10,,93952,5,0,36 40,2,10,,93908,5,0,36 40,2,10,,93973,5,0,36 40,2,10,,93904,5,0,36 40,2,50,,93925,5,0,36 40,2,10,,93888,5,0,36 40,2,10,,93976,5,0,36 40,2,10,,93921,5,0,36 40,2,10,,79393,5,0,36 40,2,10,,93977,5,0,36 40,2,50,,93901,5,0,36 40,2,10,,93956,5,0,36 40,2,10,,93874,5,0,36 40,2,10,,93871,5,0,36 40,2,10,,93982,5,0,36 40,2,15,,93945,5,0,36 40,2,60,,93970,5,0,36 40,2
50401,'1',535,,94656,18,0,34,2,10,,94661,31,0,46 43 44 3 45,2,10,,94625,18,0,34,2,45,,94712,31,0,46 43 44 3 45,2,5,,80779,18,0,34,2,5,,94736,31,0,46 43 44 3 45,2,5,,94704,18,0,34,2,5,,94628,31,0,46 43 44 3 45,2,5,,94607,18,0,34,2,5,,94751,29,0,46 43 44 3 45,2,5,,94727,18,0,34,2,5,,94508,29,0,46 43 44 3 45,2,5,,94711,18,0,34,2,5,,94502,29,0,46 43 44 3 45,2,3,,94520,18,0,34,2,47,,94577,29,0,46 43 44 3 45,2,5,,94668,18,0,34,2,5,,94553,29,0,46 43 44 3 45,2,5,,94735,18,0,34,2,5,,94597,29,0,46 43 44 3 45,2,5,,94589,18,0,34,2,6,,78412,29,0,46 43 44 3 45,2,7,,94720,18,0,34,2,6,,94721,29,0,46 43 44 3 45,2,5,,94646,18,0,34,2,6,,94640,29,0,46 43 44 3 45,2,45,,94506,18,0,34,2,5,,94499,29,0,46 43 44 3 45,2,5,,94504,18,0,34,2,5,,87307,29,0,46 43 44 3 45,2,5,,94722,18,0,34,2,4,,94532,29,0,46 43 44 3 45,2,4,,94750,18,0,34,2,4,,94592,29,0,46 43 44 3 45,2,4,,94658,18,0,34,2,4,,94586,29,0,46 43 44 3 45,2,4,,94519,18,0,34,2,4,,94627,29,0,46 43 44 3 45,2,4,,94741,18,0,34,2,2,,94634,18,,,2,2,,94629,29,0,46 43 44 3 45,2,44,,94729,18,0,34,2,4,,94606,29,0,46 43 44 3 45,2,4,,94566,18,0,34,2,4,,94747,29,0,46 43 44 3 45,2,4,,82598,18,0,34,2,4,,94535,29,0,46 43 44 3 45,2,4,,94642,18,0,34,2,4,,94660,29,0,46 43 44 3 45,2,4,,94507,18,0,34,2,4,,94550,29,0,46 43 44 3 45,2,4,,94692,18,0,34,2,4,,94710,29,0,46 43 44 3 45,2,4,,94754,18,0,34,2,4,,94558,29,0,46 43 44 3 45,2,4,,94769,18,0,34,2,44,,94534,29,0,46 43 44 3 45,2,3,,94759,18,0,34,2,4,,94667,29,0,46 43 44 3 45,2,5,,94738,18,0,34,2,3,,94608,29,0,46 43 44 3 45,2,4,,94636,29,0,46 43 44 3 45,2,1,,94536,18,0,34,2,9,,94570,18,0,34,2,2,,94700,29,0,46 43 44 3 45,2,6,,94544,29,,,2,2,,94723,18,0,34,2,2,,94591,29,0,46 43 44 3 45,2,8,,94649,18,0,34,2,2,,94719,29,0,46 43 44 3 45,2,8,,94537,18,0,34,2,42,,94665,29,0,46 43 44 3 45,2,8,,94730,18,0,34,2,2,,94602,29,0,46 43 44 3 45,2,4,,85551,18,,,2,4,,94637,18,0,34,2,2,,94701,29,0,46 43 44 3 45,2,8,,94511,18,0,34,2,2,,94498,29,0,46 43 44 3 45,2,8,,94681,18,0,34,2,2,,94757,29,0,46 43 44 3 45,2,8,,94694,18,0,34,2,2,,94644,29,0,46 43 44 3 45,2,8,,94709,18,0,34,2,42,,94574,29,0,46 43 44 3 45,2,8,,94568,18,0,34,2,2,,94771,29,0,46 43 44 3 45,2,8,,94604,18,0,34,2,2,,94527,29,0,46 43 44 3 45,2,8,,94590,18,0,34,2,2,,94618,29,0,46 43 44 3 45,2,8,,94501,18,0,34,2,2,,94573,29,0,46 43 44 3 45,2,8,,94561,18,0,34,2,2,,94715,29,0,46 43 44 3 45,2,8,,94531,18,0,34,2,42,,94663,29,0,46 43 44 3 45,2,8,,94682,18,0,34,2,2,,94753,29,0,46 43 44 3 45,2,8,,94632,18,0,34,2,2,,94588,29,0,46 43 44 3 45,2,8,,94716,18,0,34,2,2,,94578,29,0,46 43 44 3 45,2,8,,94706,18,0,34,2,2,,94500,29,0,46 43 44 3 45,2,8,,94653,18,0,34,2,2,,94725,29,0,46 43 44 3 45,2,8,,94724,18,0,34,2,42,,94767,29,0,46 43 44 3 45,2,8,,94739,18,0,34,2,2,,80798,29,0,46 43 44 3 45,2,8,,94687,18,0,34,2,2,,82972,29,0,46 43 44 3 45,2,8,,94594,18,0,34,2,2,,94523,29,0,46 43 44 3 45,2,8,,94510,18,0,34,2,2,,94505,29,0,46 43 44 3 45,2,8,,94562,18,0,34,2,2,,94714,29,0,46 43 44 3 45,2,8,,94516,18,0,34,2,46,,94517,29,0,46 43 44 3 45,2,5,,94571,18,0,34,2,6,,94761,29,0,46 43 44 3 45,2,5,,94633,18,0,34,2,3,,94559,29,0,46 43 44 3 45,2,7,,94509,18,0,34,2,3,,94603,29,0,46 43 44 3 45,2,7,,94651,18,0,34,2,3,,94610,29,0,46 43 44 3 45,2,7,,94619,18,0,34,2,3,,94726,29,0,46 43 44 3 45,2,47,,94512,18,0,34,2,3,,94645,29,0,46 43 44 3 45,2,7,,94680,18,0,34,2,3,,94690,29,0,46 43 44 3 45,2,7,,94542,18,0,34,2,4,,94538,29,0,46 43 44 3 45,2,6,,94678,18,0,34,2,3,,94728,29,0,46 43 44 3 45,2,7,,94768,18,0,34,2,3,,94524,29,0,46 43 44 3 45,2,7,,94693,18,0,34,2,3,,94513,29,0,46 43 44 3 45,2,47,,94684,18,0,34,2,3,,94503,29,0,46 43 44 3 45,2,7,,94533,18,0,34,2,3,,94708,29,0,46 43 44 3 45,2,7,,94686,18,0,34,2,3,,94579,29,0,46 43 44 3 45,2,7,,94576,18,0,34,2,3,,94609,29,0,46 43 44 3 45,2,7,,94596,18,0,34,2,3,,94713,29,0,46 43 44 3 45,2,7,,84716,18,0,34,2,3,,94560,29,0,46 43 44 3 45,2,47,,94587,18,0,34,2,3,,94695,29,0,46 43 44 3 45,2,7,,94555,18,0,34,2,3,,94599,29,0,46 43 44 3 45,2,7,,94749,18,0,34,2,3,,94671,29,0,46 43 44 3 45,2,7,,90614,18,0,34,2,3,,94605,29,0,46 43 44 3 45,2,7,,94583,18,0,34,2,3,,94525,29,0,46 43 44 3 45,2,7,,94752,18,0,34,2,3,,94600,29,0,46 43 44 3 45,2,47,,94541,18,0,34,2,3,,94683,29,0,46 43 44 3 45,2,7,,94688,18,0,34,2,3,,94718,29,0,46 43 44 3 45,2,7,,94689,18,0,34,2,3,,94699,29,0,46 43 44 3 45,2,7,,94623,18,0,34,2,3,,94515,29,0,46 43 44 3 45,2,7,,94705,18,0,34,2,2,,94662,18,,,2,1,,94650,29,0,46 43 44 3 45,2,8,,77963,18,0,34,2,1,,90651,29,0,46 43 44 3 45,2,47,,94679,29,0,46 43 44 3 45,2,2,,94638,18,0,34,2,8,,94611,29,0,46 43 44 3 45,2,2,,94733,18,0,34,2,7,,94674,29,0,46 43 44 3 45,2,3,,94762,18,0,34,2,7,,94552,29,0,46 43 44 3 45,2,3,,94585,18,0,34,2,1,,94703,18,,,2,6,,94551,29,0,46 43 44 3 45,2,3,,94529,18,0,34,2,8,,94521,29,0,46 43 44 3 45,2,2,,94549,18,0,34,2,48,,94545,29,0,46 43 44 3 45,2,2,,94539,18,0,34,2,3,,94654,29,,,2,5,,94647,29,0,46 43 44 3 45,2,2,,94518,18,0,34,2,8,,94572,29,0,46 43 44 3 45,2,2,,76031,18,0,34,2,8,,94737,29,0,46 43 44 3 45,2,2,,94685,18,0,34,2,8,,94580,29,0,46 43 44 3 45,2,2,,94630,18,0,34,2,8,,94582,29,0,46 43 44 3 45,2,2,,94540,18,0,34,2,48,,94595,29,0,46 43 44 3 45,2,2,,94639,18,0,34,2,8,,94648,29,0,46 43 44 3 45,2,2,,94641,18,0,34,2,9,,94744,29,0,46 43 44 3 45,2,1,,94612,18,0,34,2,9,,94672,29,0,46 43 44 3 45,2,1,,94673,18,0,34,2,8,,94664,29,0,46 43 44 3 45,2,2,,94766,18,0,34,2,8,,94564,29,0,46 43 44 3 45,2,2,,94620,18,0,34,2,48,,94643,29,0,46 43 44 3 45,2,2,,94631,18,0,34,2,8,,94696,29,0,46 43 44 3 45,2,2,,94567,18,0,34,2,8,,94575,29,0,46 43 44 3 45,2,2,,94676,18,0,34,2,3,,94669,29,,,2,5,,94546,29,0,46 43 44 3 45,2,2,,94732,18,0,34,2,8,,94743,29,0,46 43 44 3 45,2,2,,94626,18,0,34,2,8,,94731,29,0,46 43 44 3 45,2,2,,94670,18,0,34,2,48,,94554,29,0,46 43 44 3 45,2,2,,94624,18,0,34,2,8,,94584,29,0,46 43 44 3 45,2,2,,94617,18,0,34,2,8,,94755,29,0,46 43 44 3 45,2,2,,94543,18,0,34,2,8,,94522,29,0,46 43 44 3 45,2,2,,94655,18,0,34,2,8,,94675,29,0,46 43 44 3 45,2,2,,94621,18,0,34,2,8,,94657,29,0,46 43 44 3 45,2,2,,94548,18,0,34,2,48,,94666,29,0,46 43 44 3 45,2,2,,94557,18,0,34,2,8,,94622,29,0,46 43 44 3 45,2,2,,94547,18,0,34,2,8,,94569,29,0,46 43 44 3 45,2,2,,94526,18,0,34,2,8,,94581,29,0,46 43 44 3 45,2,2,,94746,18,0,34,2,5,,94556,29,0,46 43 44 3 45,2,5,,94565,18,0,34,2,5,,94677,29,0,46 43 44 3 45,2,5,,94601,18,0,34,2,5,,94598,29,0,46 43 44 3 45,2,45,,94760,18,0,34,2,5,,94770,29,0,46 43 44 3 45,2,5,,94614,18,0,34,2,5,,94707,29,0,46 43 44 3 45,2,5,,94765,18,0,34,2,1,,94691,18,,,2,4,,94740,29,0,46 43 44 3 45,2,5,,94652,18,0,34,2,5,,94702,29,0,46 43 44 3 45,2,5,,90034,18,0,34,2,5,,94745,29,0,46 43 44 3 45,2
50401,'2',528,,94895,31,0,46 43 44 3 45,2,10,,94908,18,0,34,2,10,,94877,31,0,46 43 44 3 45,2,10,,94937,18,0,34,2,45,,94852,31,0,46 43 44 3 45,2,10,,94933,18,0,34,2,5,,94803,31,0,46 43 44 3 45,2,5,,94855,18,0,34,2,5,,78102,31,0,46 43 44 3 45,2,5,,94914,18,0,34,2,5,,94962,29,0,46 43 44 3 45,2,5,,95002,18,0,34,2,5,,94956,29,0,46 43 44 3 45,2,5,,94986,18,0,34,2,5,,94931,29,0,46 43 44 3 45,2,45,,94779,18,0,34,2,5,,94845,29,0,46 43 44 3 45,2,5,,94873,18,0,34,2,5,,94965,29,0,46 43 44 3 45,2,5,,94918,18,0,34,2,5,,95012,29,0,46 43 44 3 45,2,5,,94963,18,0,34,2,5,,94948,29,0,46 43 44 3 45,2,5,,89447,18,0,34,2,5,,94828,29,0,46 43 44 3 45,2,5,,94843,18,0,34,2,5,,94851,29,0,46 43 44 3 45,2,45,,94897,18,0,34,2,5,,94919,29,0,46 43 44 3 45,2,6,,95004,18,0,34,2,6,,94878,29,0,46 43 44 3 45,2,6,,94794,18,0,34,2,6,,94862,29,0,46 43 44 3 45,2,6,,95007,18,0,34,2,7,,94882,29,0,46 43 44 3 45,2,5,,94994,18,0,34,2,5,,94913,29,0,46 43 44 3 45,2,45,,94945,18,0,34,2,5,,94976,29,0,46 43 44 3 45,2,5,,94792,18,0,34,2,5,,94958,29,0,46 43 44 3 45,2,5,,95028,18,0,34,2,5,,94941,29,0,46 43 44 3 45,2,5,,95005,18,0,34,2,5,,94836,29,0,46 43 44 3 45,2,5,,95030,18,0,34,2,5,,94783,29,0,46 43 44 3 45,2,5,,90813,18,0,34,2,5,,95016,29,0,46 43 44 3 45,2,45,,94787,18,0,34,2,5,,94775,29,0,46 43 44 3 45,2,5,,94810,18,0,34,2,5,,94930,29,0,46 43 44 3 45,2,5,,94899,18,0,34,2,5,,88526,29,0,46 43 44 3 45,2,5,,94907,18,0,34,2,5,,94890,29,0,46 43 44 3 45,2,5,,94814,18,0,34,2,5,,94829,29,0,46 43 44 3 45,2,5,,94996,18,0,34,2,5,,94871,29,0,46 43 44 3 45,2,45,,94989,18,0,34,2,5,,94796,29,0,46 43 44 3 45,2,5,,94893,18,0,34,2,5,,94791,29,0,46 43 44 3 45,2,5,,94988,18,0,34,2,5,,95003,29,0,46 43 44 3 45,2,5,,94981,18,0,34,2,5,,94950,29,0,46 43 44 3 45,2,5,,94846,18,0,34,2,5,,94859,29,0,46 43 44 3 45,2,5,,94905,18,0,34,2,5,,94960,29,0,46 43 44 3 45,2,45,,94880,18,0,34,2,5,,94926,29,0,46 43 44 3 45,2,5,,95008,18,0,34,2,5,,94938,29,0,46 43 44 3 45,2,5,,94979,18,0,34,2,5,,94831,29,0,46 43 44 3 45,2,5,,94815,18,0,34,2,5,,94772,29,0,46 43 44 3 45,2,5,,94968,18,0,34,2,5,,94834,29,0,46 43 44 3 45,2,7,,95023,18,0,34,2,51,,94970,29,0,46 43 44 3 45,2,1,,95025,18,0,34,2,10,,94811,18,0,34,2,1,,94916,29,0,46 43 44 3 45,2,9,,94826,18,0,34,2,1,,94789,29,0,46 43 44 3 45,2,9,,95009,18,0,34,2,1,,94802,29,0,46 43 44 3 45,2,9,,94889,18,0,34,2,1,,94812,29,0,46 43 44 3 45,2,9,,78767,18,0,34,2,1,,94966,29,0,46 43 44 3 45,2,49,,94955,18,0,34,2,1,,94819,29,0,46 43 44 3 45,2,9,,89422,18,0,34,2,1,,94840,29,0,46 43 44 3 45,2,9,,94863,18,0,34,2,1,,94982,29,0,46 43 44 3 45,2,9,,94991,18,0,34,2,1,,94844,29,0,46 43 44 3 45,2,9,,94969,18,0,34,2,1,,94992,29,0,46 43 44 3 45,2,9,,95001,18,0,34,2,1,,94781,29,0,46 43 44 3 45,2,49,,94887,18,0,34,2,1,,94799,29,0,46 43 44 3 45,2,9,,94825,18,0,34,2,1,,94910,29,0,46 43 44 3 45,2,9,,94813,18,0,34,2,1,,94894,29,0,46 43 44 3 45,2,9,,94884,18,0,34,2,1,,95017,29,0,46 43 44 3 45,2,9,,94850,18,0,34,2,1,,94793,29,0,46 43 44 3 45,2,9,,94904,18,0,34,2,1,,94817,29,0,46 43 44 3 45,2,49,,94934,18,0,34,2,1,,94816,29,0,46 43 44 3 45,2,9,,94821,18,0,34,2,1,,94928,29,0,46 43 44 3 45,2,9,,94961,18,0,34,2,1,,94774,29,0,46 43 44 3 45,2,9,,95029,18,0,34,2,1,,94901,29,0,46 43 44 3 45,2,9,,94869,18,0,34,2,1,,94980,29,0,46 43 44 3 45,2,9,,94912,18,0,34,2,1,,94858,29,0,46 43 44 3 45,2,49,,94909,18,0,34,2,1,,94822,29,0,46 43 44 3 45,2,9,,95000,18,0,34,2,1,,94782,29,0,46 43 44 3 45,2,9,,94820,18,0,34,2,1,,94987,29,0,46 43 44 3 45,2,9,,94947,18,0,34,2,1,,94940,29,0,46 43 44 3 45,2,9,,94795,18,0,34,2,1,,94773,29,0,46 43 44 3 45,2,9,,94984,18,0,34,2,1,,94808,29,0,46 43 44 3 45,2,49,,94993,18,0,34,2,1,,94997,29,0,46 43 44 3 45,2,9,,94800,18,0,34,2,1,,95022,29,0,46 43 44 3 45,2,9,,94954,18,0,34,2,1,,94935,29,0,46 43 44 3 45,2,9,,94847,18,0,34,2,1,,94879,29,0,46 43 44 3 45,2,9,,94888,18,0,34,2,1,,94865,29,0,46 43 44 3 45,2,9,,94903,18,0,34,2,1,,94827,29,0,46 43 44 3 45,2,49,,94835,18,0,34,2,1,,95010,29,0,46 43 44 3 45,2,4,,95032,29,0,46 43 44 3 45,2,4,,94944,18,0,34,2,5,,94805,29,0,46 43 44 3 45,2,5,,94818,18,0,34,2,5,,82680,29,0,46 43 44 3 45,2,5,,94902,18,0,34,2,5,,94972,29,0,46 43 44 3 45,2,5,,94872,18,0,34,2,5,,94978,29,0,46 43 44 3 45,2,5,,94883,18,0,34,2,2,,94867,18,,,2,3,,94778,29,0,46 43 44 3 45,2,45,,94999,18,0,34,2,5,,94790,29,0,46 43 44 3 45,2,5,,94866,18,0,34,2,5,,94832,29,0,46 43 44 3 45,2,5,,94785,18,0,34,2,4,,94927,29,0,46 43 44 3 45,2,6,,94848,18,0,34,2,4,,94929,29,0,46 43 44 3 45,2,6,,95013,18,0,34,2,4,,94959,29,0,46 43 44 3 45,2,6,,94936,18,0,34,2,4,,94777,29,0,46 43 44 3 45,2,46,,94824,18,0,34,2,4,,95018,29,0,46 43 44 3 45,2,6,,94830,18,0,34,2,4,,94849,29,0,46 43 44 3 45,2,6,,94860,18,0,34,2,4,,94854,29,0,46 43 44 3 45,2,6,,94975,18,0,34,2,4,,94842,29,0,46 43 44 3 45,2,6,,94798,18,0,34,2,4,,94892,29,0,46 43 44 3 45,2,6,,95006,18,0,34,2,4,,94875,29,0,46 43 44 3 45,2,46,,94856,18,0,34,2,4,,94925,29,0,46 43 44 3 45,2,6,,80972,18,0,34,2,4,,94932,29,0,46 43 44 3 45,2,6,,94839,18,0,34,2,4,,94964,29,0,46 43 44 3 45,2,6,,94922,18,0,34,2,2,,94942,18,,,2,4,,88523,29,0,46 43 44 3 45,2,4,,94990,18,0,34,2,7,,94943,29,0,46 43 44 3 45,2,5,,94784,18,0,34,2,46,,94807,29,0,46 43 44 3 45,2,4,,94837,18,0,34,2,6,,94806,29,0,46 43 44 3 45,2,4,,94967,18,0,34,2,6,,95015,29,0,46 43 44 3 45,2,4,,95026,18,0,34,2,6,,94920,29,0,46 43 44 3 45,2,4,,94900,18,0,34,2,6,,94896,29,0,46 43 44 3 45,2,4,,94898,18,0,34,2,6,,94861,29,0,46 43 44 3 45,2,4,,95019,18,0,34,2,46,,94924,29,0,46 43 44 3 45,2,4,,94876,18,0,34,2,6,,94983,29,0,46 43 44 3 45,2,4,,94868,18,0,34,2,6,,94804,29,0,46 43 44 3 45,2,4,,94971,18,0,34,2,6,,95020,29,0,46 43 44 3 45,2,4,,94809,18,0,34,2,6,,94939,29,0,46 43 44 3 45,2,4,,94921,18,0,34,2,6,,94874,29,0,46 43 44 3 45,2,4,,95031,18,0,34,2,46,,94917,29,0,46 43 44 3 45,2,4,,94853,18,0,34,2,6,,94946,29,0,46 43 44 3 45,2,4,,94952,18,0,34,2,6,,94833,29,0,46 43 44 3 45,2,4,,94973,18,0,34,2,6,,95024,29,0,46 43 44 3 45,2,4,,94885,18,0,34,2,6,,94801,29,0,46 43 44 3 45,2,4,,94949,18,0,34,2,5,,94911,29,0,46 43 44 3 45,2,5,,94906,18,0,34,2,45,,94977,29,0,46 43 44 3 45,2,5,,94881,18,0,34,2,5,,94957,29,0,46 43 44 3 45,2,5,,95027,18,0,34,2,5,,94886,29,0,46 43 44 3 45,2,5,,94776,18,0,34,2,5,,94985,29,0,46 43 44 3 45,2,5,,94891,18,0,34,2,5,,94786,29,0,46 43 44 3 45,2,2,,94857,18,0,34,2,1,,94974,29,,,2,6,,94780,18,,,2,2,,95014,29,0,46 43 44 3 45,2,8,,94823,18,,,2
50401,'3',752,,95076,18,0,34,2,54,,85946,18,0,34,2,14,,95245,18,0,34,2,14,,95035,18,0,34,2,14,,95041,18,0,34,2,7,,95237,29,0,46 43 44 3 45,2,47,,95082,18,0,34,2,7,,95049,29,0,46 43 44 3 45,2,7,,95158,18,0,34,2,5,,95149,18,0,34,2,4,,95119,29,0,46 43 44 3 45,2,9,,95059,18,0,34,2,5,,95189,29,0,46 43 44 3 45,2,7,,95163,18,0,34,2,3,,95090,29,0,46 43 44 3 45,2,7,,95063,18,0,34,2,44,,95195,29,0,46 43 44 3 45,2,6,,95244,18,0,34,2,3,,95171,29,0,46 43 44 3 45,2,7,,95242,18,0,34,2,3,,95135,29,0,46 43 44 3 45,2,7,,95146,18,0,34,2,3,,95200,29,0,46 43 44 3 45,2,7,,95202,18,0,34,2,3,,95161,29,0,46 43 44 3 45,2,7,,95096,18,0,34,2,3,,95210,29,0,46 43 44 3 45,2,7,,95187,18,0,34,2,3,,95190,29,0,46 43 44 3 45,2,47,,95127,18,0,34,2,3,,95043,29,0,46 43 44 3 45,2,7,,95154,18,0,34,2,3,,95053,29,0,46 43 44 3 45,2,7,,95114,18,0,34,2,3,,95097,29,0,46 43 44 3 45,2,7,,90932,18,0,34,2,3,,95213,29,0,46 43 44 3 45,2,7,,95147,18,0,34,2,3,,95234,29,0,46 43 44 3 45,2,7,,95144,18,0,34,2,3,,95252,29,0,46 43 44 3 45,2,47,,95250,18,0,34,2,3,,95233,29,0,46 43 44 3 45,2,8,,95136,18,0,34,2,12,,95117,29,0,46 43 44 3 45,2,1,,95056,18,0,34,2,9,,95073,29,0,46 43 44 3 45,2,2,,95109,18,0,34,2,8,,95062,29,0,46 43 44 3 45,2,2,,95160,18,0,34,2,8,,95206,29,0,46 43 44 3 45,2,42,,95093,18,0,34,2,8,,95060,29,0,46 43 44 3 45,2,2,,95052,18,0,34,2,8,,95080,29,0,46 43 44 3 45,2,2,,95251,18,0,34,2,8,,95108,29,0,46 43 44 3 45,2,2,,95214,18,0,34,2,8,,95094,29,0,46 43 44 3 45,2,2,,95157,18,0,34,2,8,,95066,29,0,46 43 44 3 45,2,2,,95051,18,0,34,2,8,,95223,29,0,46 43 44 3 45,2,42,,95131,18,0,34,2,8,,95140,29,0,46 43 44 3 45,2,2,,95047,18,0,34,2,8,,95167,29,0,46 43 44 3 45,2,2,,95220,18,0,34,2,8,,95038,29,0,46 43 44 3 45,2,2,,95209,18,0,34,2,8,,95048,29,0,46 43 44 3 45,2,2,,95203,18,0,34,2,8,,95232,29,0,46 43 44 3 45,2,2,,95215,18,0,34,2,8,,95100,29,0,46 43 44 3 45,2,42,,95218,18,0,34,2,8,,95184,29,0,46 43 44 3 45,2,2,,95126,18,0,34,2,8,,95105,29,0,46 43 44 3 45,2,2,,95143,18,0,34,2,8,,95078,29,0,46 43 44 3 45,2,2,,95089,18,0,34,2,8,,95186,29,0,46 43 44 3 45,2,2,,95172,18,0,34,2,8,,95227,29,0,46 43 44 3 45,2,2,,95091,18,0,34,2,8,,95095,29,0,46 43 44 3 45,2,42,,95229,18,0,34,2,8,,95155,29,0,46 43 44 3 45,2,2,,95221,18,0,34,2,8,,95238,29,0,46 43 44 3 45,2,2,,95132,18,0,34,2,8,,95192,29,0,46 43 44 3 45,2,2,,95055,18,0,34,2,8,,95180,29,0,46 43 44 3 45,2,2,,95224,18,0,34,2,8,,95125,29,0,46 43 44 3 45,2,2,,95045,18,0,34,2,8,,95103,29,0,46 43 44 3 45,2,42,,95183,18,0,34,2,8,,95175,29,0,46 43 44 3 45,2,2,,95247,18,0,34,2,8,,95085,29,0,46 43 44 3 45,2,2,,95165,18,0,34,2,8,,95092,29,0,46 43 44 3 45,2,2,,95042,18,0,34,2,8,,95248,29,0,46 43 44 3 45,2,2,,76586,18,0,34,2,8,,95111,29,0,46 43 44 3 45,2,2,,95159,18,0,34,2,8,,95181,29,0,46 43 44 3 45,2,42,,95230,18,0,34,2,8,,95201,29,0,46 43 44 3 45,2,2,,95141,18,0,34,2,8,,95036,29,0,46 43 44 3 45,2,2,,95225,18,0,34,2,8,,95065,29,0,46 43 44 3 45,2,2,,95212,18,0,34,2,8,,95046,29,0,46 43 44 3 45,2,2,,95039,18,0,34,2,8,,95235,29,0,46 43 44 3 45,2,2,,95231,18,0,34,2,8,,95086,29,0,46 43 44 3 45,2,42,,95166,18,0,34,2,7,,95137,29,0,46 43 44 3 45,2,3,,78188,18,0,34,2,3,,95106,18,,,2,3,,95070,29,0,46 43 44 3 45,2,6,,95173,18,0,34,2,4,,95081,29,0,46 43 44 3 45,2,5,,95033,18,0,34,2,5,,95148,29,0,46 43 44 3 45,2,5,,95058,18,0,34,2,2,,95120,29,0,46 43 44 3 45,2,8,,95075,18,0,34,2,2,,95193,29,0,46 43 44 3 45,2,48,,95182,18,0,34,2,2,,95072,29,0,46 43 44 3 45,2,8,,95083,18,0,34,2,2,,95084,29,0,46 43 44 3 45,2,8,,95246,18,0,34,2,2,,95228,29,0,46 43 44 3 45,2,8,,95169,18,0,34,2,2,,95068,29,0,46 43 44 3 45,2,8,,95071,18,0,34,2,2,,95168,29,0,46 43 44 3 45,2,8,,95151,18,0,34,2,2,,95067,29,0,46 43 44 3 45,2,48,,95153,18,0,34,2,2,,95188,29,0,46 43 44 3 45,2,8,,95142,18,0,34,2,2,,95123,29,0,46 43 44 3 45,2,8,,95102,18,0,34,2,2,,95128,29,0,46 43 44 3 45,2,8,,95219,18,0,34,2,2,,95152,29,0,46 43 44 3 45,2,8,,95040,18,0,34,2,2,,95198,29,0,46 43 44 3 45,2,8,,76003,18,0,34,2,2,,95204,29,0,46 43 44 3 45,2,48,,95088,18,0,34,2,2,,95222,29,0,46 43 44 3 45,2,8,,95226,18,0,34,2,2,,87828,29,0,46 43 44 3 45,2,4,,95139,29,,,2,4,,95197,18,0,34,2,4,,95178,29,0,46 43 44 3 45,2,7,,95099,18,0,34,2,3,,95124,29,0,46 43 44 3 45,2,7,,95057,18,0,34,2,3,,95050,29,0,46 43 44 3 45,2,7,,95112,18,0,34,2,3,,95130,29,0,46 43 44 3 45,2,47,,95098,18,0,34,2,3,,95074,29,0,46 43 44 3 45,2,2,,95217,18,,,2,5,,75925,18,0,34,2,3,,95110,29,0,46 43 44 3 45,2,7,,95077,18,0,34,2,3,,95138,29,0,46 43 44 3 45,2,7,,95156,18,0,34,2,3,,95107,29,0,46 43 44 3 45,2,7,,95194,18,0,34,2,3,,95211,29,0,46 43 44 3 45,2,7,,95191,18,0,34,2,3,,95185,29,0,46 43 44 3 45,2,47,,95199,18,0,34,2,3,,95207,29,0,46 43 44 3 45,2,7,,95205,18,0,34,2,3,,95087,29,0,46 43 44 3 45,2,7,,95239,18,0,34,2,3,,95115,29,0,46 43 44 3 45,2,7,,95145,18,0,34,2,3,,95079,29,0,46 43 44 3 45,2,7,,95176,18,0,34,2,3,,95121,29,0,46 43 44 3 45,2,7,,95243,18,0,34,2,3,,95104,29,0,46 43 44 3 45,2,47,,95113,18,0,34,2,3,,95069,29,0,46 43 44 3 45,2,7,,95150,18,0,34,2,3,,95216,29,0,46 43 44 3 45,2,7,,95122,18,0,34,2,3,,95129,29,0,46 43 44 3 45,2,7,,95162,18,0,34,2,3,,95054,29,0,46 43 44 3 45,2,7,,95240,18,0,34,2,3,,95061,29,0,46 43 44 3 45,2,7,,95133,18,0,34,2,3,,95034,29,0,46 43 44 3 45,2,47,,95179,18,0,34,2,3,,95064,29,0,46 43 44 3 45,2,7,,95208,18,0,34,2,3,,95249,29,0,46 43 44 3 45,2,5,,95116,29,,,2,2,,95101,18,0,34,2,8,,95044,29,0,46 43 44 3 45,2,2,,95241,18,0,34,2,10,,95164,18,0,34,2,3,,95037,29,0,46 43 44 3 45,2,2,,95236,18,,,2
50401,'5',546,,95351,18,0,34,2,7,,95407,31,0,46 43 44 3 45,2,47,,95309,18,0,34,2,7,,95303,31,0,46 43 44 3 45,2,7,,95397,18,0,34,2,7,,95373,31,0,46 43 44 3 45,2,7,,95340,18,0,34,2,7,,95313,29,0,46 43 44 3 45,2,7,,95429,18,0,34,2,7,,95284,29,0,46 43 44 3 45,2,7,,95274,18,0,34,2,47,,95488,29,0,46 43 44 3 45,2,7,,95255,18,0,34,2,7,,95499,29,0,46 43 44 3 45,2,7,,95446,18,0,34,2,7,,95368,29,0,46 43 44 3 45,2,7,,95408,18,0,34,2,7,,95282,29,0,46 43 44 3 45,2,7,,95294,18,0,34,2,7,,95405,29,0,46 43 44 3 45,2,47,,95413,18,0,34,2,7,,95438,29,0,46 43 44 3 45,2,7,,95288,18,0,34,2,7,,95395,29,0,46 43 44 3 45,2,7,,95467,18,0,34,2,7,,95369,29,0,46 43 44 3 45,2,7,,95364,18,0,34,2,7,,95334,29,0,46 43 44 3 45,2,47,,95431,18,0,34,2,7,,95276,29,0,46 43 44 3 45,2,7,,95291,18,0,34,2,5,,95388,18,0,34,2,4,,95317,29,0,46 43 44 3 45,2,9,,95420,18,0,34,2,5,,95470,29,0,46 43 44 3 45,2,7,,95321,18,0,34,2,3,,95269,29,0,46 43 44 3 45,2,7,,95256,18,0,34,2,44,,95298,29,0,46 43 44 3 45,2,6,,95399,18,0,34,2,3,,95487,29,0,46 43 44 3 45,2,7,,95332,18,0,34,2,3,,95424,29,0,46 43 44 3 45,2,7,,95296,18,0,34,2,3,,95326,29,0,46 43 44 3 45,2,7,,95356,18,0,34,2,3,,95479,29,0,46 43 44 3 45,2,7,,95260,18,0,34,2,3,,95352,29,0,46 43 44 3 45,2,7,,95354,18,0,34,2,3,,95504,29,0,46 43 44 3 45,2,47,,95460,18,0,34,2,3,,95342,29,0,46 43 44 3 45,2,7,,95454,18,0,34,2,3,,95283,29,0,46 43 44 3 45,2,7,,95444,18,0,34,2,3,,95361,29,0,46 43 44 3 45,2,7,,95360,18,0,34,2,3,,95376,29,0,46 43 44 3 45,2,7,,95357,18,0,34,2,3,,95390,29,0,46 43 44 3 45,2,7,,95316,18,0,34,2,3,,95473,29,0,46 43 44 3 45,2,47,,95366,18,0,34,2,3,,95410,29,0,46 43 44 3 45,2,8,,95337,18,0,34,2,5,,95323,29,0,46 43 44 3 45,2,8,,95435,18,0,34,2,9,,95293,29,0,46 43 44 3 45,2,2,,95406,18,0,34,2,8,,95497,29,0,46 43 44 3 45,2,2,,95336,18,0,34,2,8,,95378,29,0,46 43 44 3 45,2,42,,95345,18,0,34,2,8,,95480,29,0,46 43 44 3 45,2,2,,95279,18,0,34,2,8,,95491,29,0,46 43 44 3 45,2,2,,95307,18,0,34,2,8,,95290,29,0,46 43 44 3 45,2,2,,95456,18,0,34,2,8,,95452,29,0,46 43 44 3 45,2,2,,95322,18,0,34,2,8,,95494,29,0,46 43 44 3 45,2,2,,95362,18,0,34,2,8,,95268,29,0,46 43 44 3 45,2,42,,95383,18,0,34,2,8,,95339,29,0,46 43 44 3 45,2,2,,95466,18,0,34,2,8,,95358,29,0,46 43 44 3 45,2,2,,95493,18,0,34,2,8,,95259,29,0,46 43 44 3 45,2,2,,95440,18,0,34,2,8,,95427,29,0,46 43 44 3 45,2,2,,95380,18,0,34,2,8,,95367,29,0,46 43 44 3 45,2,2,,95437,18,0,34,2,8,,95426,29,0,46 43 44 3 45,2,42,,95447,18,0,34,2,8,,95461,29,0,46 43 44 3 45,2,2,,95433,18,0,34,2,8,,95261,29,0,46 43 44 3 45,2,2,,95348,18,0,34,2,8,,95330,29,0,46 43 44 3 45,2,2,,95263,18,0,34,2,8,,95398,29,0,46 43 44 3 45,2,2,,95457,18,0,34,2,8,,95477,29,0,46 43 44 3 45,2,2,,95430,18,0,34,2,8,,95384,29,0,46 43 44 3 45,2,42,,95319,18,0,34,2,8,,95297,29,0,46 43 44 3 45,2,2,,95315,18,0,34,2,8,,95414,29,0,46 43 44 3 45,2,2,,95425,18,0,34,2,8,,95459,29,0,46 43 44 3 45,2,2,,95500,18,0,34,2,8,,95264,29,0,46 43 44 3 45,2,2,,95463,18,0,34,2,8,,95462,29,0,46 43 44 3 45,2,2,,95416,18,0,34,2,8,,95253,29,0,46 43 44 3 45,2,42,,95328,18,0,34,2,8,,95489,29,0,46 43 44 3 45,2,2,,95280,18,0,34,2,8,,95484,29,0,46 43 44 3 45,2,2,,95341,18,0,34,2,8,,95372,29,0,46 43 44 3 45,2,2,,76025,18,0,34,2,8,,95292,29,0,46 43 44 3 45,2,2,,95439,18,0,34,2,8,,95302,29,0,46 43 44 3 45,2,2,,95445,18,0,34,2,8,,95418,29,0,46 43 44 3 45,2,42,,95324,18,0,34,2,8,,95285,29,0,46 43 44 3 45,2,2,,95355,18,0,34,2,8,,95257,29,0,46 43 44 3 45,2,2,,95382,18,0,34,2,8,,95311,29,0,46 43 44 3 45,2,2,,95331,18,0,34,2,8,,95442,29,0,46 43 44 3 45,2,2,,95475,18,0,34,2,8,,95402,29,0,46 43 44 3 45,2,2,,95363,18,0,34,2,8,,95262,29,0,46 43 44 3 45,2,42,,95266,18,0,34,2,5,,95272,29,0,46 43 44 3 45,2,5,,95277,18,0,34,2,3,,95485,18,,,2,2,,95381,29,0,46 43 44 3 45,2,7,,95441,18,0,34,2,1,,95394,29,0,46 43 44 3 45,2,8,,95393,18,0,34,2,2,,95325,29,0,46 43 44 3 45,2,8,,95502,18,0,34,2,2,,95287,29,0,46 43 44 3 45,2,8,,95421,18,0,34,2,2,,95411,29,0,46 43 44 3 45,2,48,,95335,18,0,34,2,2,,95486,29,0,46 43 44 3 45,2,8,,95370,18,0,34,2,2,,95496,29,0,46 43 44 3 45,2,8,,95375,18,0,34,2,2,,95320,29,0,46 43 44 3 45,2,8,,95478,18,0,34,2,2,,95305,29,0,46 43 44 3 45,2,8,,95419,18,0,34,2,2,,95275,29,0,46 43 44 3 45,2,8,,95482,18,0,34,2,2,,95312,29,0,46 43 44 3 45,2,48,,95389,18,0,34,2,2,,95451,29,0,46 43 44 3 45,2,8,,95422,18,0,34,2,2,,95412,29,0,46 43 44 3 45,2,8,,95436,18,0,34,2,2,,95304,29,0,46 43 44 3 45,2,8,,95338,18,0,34,2,2,,95469,29,0,46 43 44 3 45,2,8,,95448,18,0,34,2,2,,95471,29,0,46 43 44 3 45,2,8,,95492,18,0,34,2,2,,95333,29,0,46 43 44 3 45,2,48,,95474,18,0,34,2,2,,95404,29,0,46 43 44 3 45,2,8,,95377,18,0,34,2,2,,95476,29,0,46 43 44 3 45,2,4,,95346,29,,,2,4,,95415,18,0,34,2,5,,95359,29,0,46 43 44 3 45,2,6,,95428,18,0,34,2,3,,95365,29,0,46 43 44 3 45,2,7,,95432,18,0,34,2,3,,95495,29,0,46 43 44 3 45,2,7,,95286,18,0,34,2,3,,95265,29,0,46 43 44 3 45,2,47,,95295,18,0,34,2,3,,95490,29,0,46 43 44 3 45,2,2,,95468,18,,,2,5,,95483,18,0,34,2,3,,95472,29,0,46 43 44 3 45,2,7,,95349,18,0,34,2,3,,84428,29,0,46 43 44 3 45,2,7,,95314,18,0,34,2,3,,95271,29,0,46 43 44 3 45,2,7,,95350,18,0,34,2,3,,95403,29,0,46 43 44 3 45,2,7,,95464,18,0,34,2,3,,95434,29,0,46 43 44 3 45,2,47,,95458,18,0,34,2,3,,95443,29,0,46 43 44 3 45,2,7,,95299,18,0,34,2,3,,95278,29,0,46 43 44 3 45,2,7,,95273,18,0,34,2,3,,95450,29,0,46 43 44 3 45,2,7,,95455,18,0,34,2,3,,95347,29,0,46 43 44 3 45,2,7,,95267,18,0,34,2,3,,95498,29,0,46 43 44 3 45,2,7,,95301,18,0,34,2,3,,95318,29,0,46 43 44 3 45,2,47,,95481,18,0,34,2,3,,95385,29,0,46 43 44 3 45,2,7,,95391,18,0,34,2,3,,95449,29,0,46 43 44 3 45,2,7,,95353,18,0,34,2,3,,95501,29,0,46 43 44 3 45,2,7,,95423,18,0,34,2,3,,95386,29,0,46 43 44 3 45,2,7,,95281,18,0,34,2,3,,95306,29,0,46 43 44 3 45,2,7,,95300,18,0,34,2,3,,95371,29,0,46 43 44 3 45,2,47,,95453,18,0,34,2,3,,86297,29,0,46 43 44 3 45,2,7,,95417,18,0,34,2,3,,95374,29,0,46 43 44 3 45,2,5,,95392,29,,,2,2,,95270,18,0,34,2,8,,95503,29,0,46 43 44 3 45,2,2,,95308,18,0,34,2,10,,95329,18,0,34,2,1,,95343,29,0,46 43 44 3 45,2,7,,95310,18,,,2,7,,95254,29,0,46 43 44 3 45,2,43,,95344,18,,,2
