30401,'1',2706,,91466,46,0,34,2,10,,81335,46,0,34,2,10,,91468,46,0,34,2,10,,87414,46,0,34,2,10,,91467,46,0,34,2,10,,91479,46,0,34,2,50,,91471,46,0,34,2,10,,91480,46,0,34,2,10,,91477,46,0,34,2,10,,91483,46,0,34,2,10,,91478,46,0,34,2,10,,91476,46,0,34,2,50,,84626,46,0,34,2,10,,91472,46,0,34,2,10,,91470,46,0,34,2,15,,91475,46,0,34,2
30401,'2',2713,,91491,46,0,34,2,10,,91486,46,0,34,2,10,,91497,46,0,34,2,10,,91499,46,0,34,2,10,,91489,46,0,34,2,50,,91494,46,0,34,2,10,,91484,46,0,34,2,10,,91495,46,0,34,2,10,,91496,46,0,34,2,10,,91502,46,0,34,2,10,,91501,46,0,34,2,50,,91507,46,0,34,2,10,,91498,46,0,34,2,10,,91500,46,0,34,2,10,,91490,46,0,34,2,12,,91487,46,0,34,2
30401,'3',456,,91515,6,0,34,2,61,,91535,6,0,34,2,16,,91522,6,0,34,2,14,,91537,6,0,34,2,54,,91544,33,0,34,2,14,,91508,33,0,34,2,14,,91509,33,0,34,2,14,,91536,33,0,34,2,14,,91532,33,0,34,2,54,,91547,33,0,34,2,14,,91534,33,0,34,2,14,,91533,33,0,34,2,14,,91514,33,0,34,2,1962,,91525,46,0,34,2,10,,91550,46,0,34,2,10,,91520,46,0,34,2,10,,91538,46,0,34,2,10,,83514,46,0,34,2,50,,91531,46,0,34,2,10,,91521,46,0,34,2,10,,91510,46,0,34,2,10,,91546,46,0,34,2,10,,91512,46,0,34,2,10,,78205,46,0,34,2,50,,91545,46,0,34,2,10,,75756,46,0,34,2,10,,91523,46,0,34,2,10,,91513,46,0,34,2
30401,'5',2715,,91572,46,0,34,2,10,,91571,46,0,34,2,10,,91564,46,0,34,2,10,,91554,46,0,34,2,10,,91558,46,0,34,2,50,,91563,46,0,34,2,10,,91553,46,0,34,2,10,,91570,46,0,34,2,10,,91555,46,0,34,2,10,,91559,46,0,34,2,10,,91561,46,0,34,2,50,,91562,46,0,34,2,10,,91566,46,0,34,2,10,,91568,46,0,34,2,10,,91567,46,0,34,2
30501,'1',2543,,91693,38,0,34,2,60,,91695,38,0,34,2,15,,91692,38,0,34,2,15,,91694,38,0,34,2,15,,91698,38,0,34,2,60,,91699,38,0,34,2,20,,78677,38,0,34,2,20,,91700,38,0,34,2,60,,91701,38,0,34,2,20,,91705,38,0,34,2
30501,'2',2555,,91708,38,0,34,2,48,,91710,38,0,34,2,15,,91717,38,0,34,2,20,,91713,38,0,34,2,20,,91707,38,0,34,2,60,,91715,38,0,34,2,20,,91706,38,0,34,2,20,,91719,38,0,34,2,60,,91718,38,0,34,2,20,,90868,38,0,34,2,70,,91716,38,0,34,2,30,,91711,38,0,34,2
30501,'3',445,,91724,5,0,34,2,57,,91734,5,0,34,2,17,,91723,5,0,34,2,15,,91727,5,0,34,2,15,,91722,5,0,34,2,52,,91743,38,0,34,2,11,,91744,5,0,34,2,4,,91745,38,0,34,2,15,,91735,38,0,34,2,14,,91748,38,0,34,2,5,,91751,5,0,34,2,51,,91726,38,0,34,2,9,,83388,5,0,34,2,6,,91752,38,0,34,2,15,,91755,38,0,34,2,9,,91746,5,0,34,2,6,,91729,38,0,34,2,55,,91742,38,0,34,2,10,,91738,38,0,34,2,10,,91736,38,0,34,2,10,,91732,38,0,34,2,10,,91739,38,0,34,2,1709,,91733,38,0,34,2,50,,91747,38,0,34,2,10,,91737,38,0,34,2,10,,91750,38,0,34,2,12,,91754,38,0,34,2,20,,91749,38,0,34,2,60,,91731,38,0,34,2,20,,91741,38,0,34,2,10,,91721,38,0,34,2,70,,91753,38,0,34,2,30,,91740,38,0,34,2,70,,91756,38,0,34,2,20,,91730,38,0,34,2
30501,'5',2550,,91761,38,0,34,2,51,,91769,38,0,34,2,9,,91766,38,0,34,2,10,,91757,38,0,34,2,12,,91759,38,0,34,2,17,,80568,38,0,34,2,63,,91764,38,0,34,2,20,,91758,38,0,34,2,20,,91767,38,0,34,2,60,,91765,38,0,34,2,27,,91763,38,0,34,2,73,,91768,38,0,34,2,30,,91760,38,0,34,2
50401,'1',443,,94697,6,0,34,2,10,,94530,6,0,34,2,50,,89047,6,0,34,2,10,,94659,6,0,34,2,10,,94734,6,0,34,2,10,,76182,6,0,34,2,10,,94593,6,0,34,2,8,,94656,33,0,34,2,50,,94763,6,0,34,2,10,,94625,33,0,34,2,10,,80779,33,0,34,2,10,,94704,33,0,34,2,10,,94607,33,0,34,2,10,,94727,33,0,34,2,50,,94711,33,0,34,2,8,,94520,33,0,34,2,5,,94756,6,0,34,2,8,,94668,33,0,34,2,4,,94635,6,0,34,2,9,,94735,33,0,34,2,3,,94742,6,0,34,2,8,,94589,33,0,34,2,13,,94720,33,0,34,2,44,,94613,6,0,34,2,7,,94646,33,0,34,2,12,,94506,33,0,34,2,10,,94504,33,0,34,2,10,,94722,33,0,34,2,8,,94750,33,0,34,2,8,,94658,33,0,34,2,48,,94519,33,0,34,2,8,,94741,33,0,34,2,8,,94729,33,0,34,2,8,,94566,33,0,34,2,8,,82598,33,0,34,2,8,,94642,33,0,34,2,8,,94507,33,0,34,2,48,,94692,33,0,34,2,8,,94754,33,0,34,2,8,,94769,33,0,34,2,6,,94759,33,0,34,2,9,,94738,33,0,34,2,8,,94536,33,0,34,2,9,,94570,33,0,34,2,50,,94723,33,0,34,2,10,,94649,33,0,34,2,10,,94537,33,0,34,2,10,,94730,33,0,34,2,10,,94637,33,0,34,2,10,,94511,33,0,34,2,50,,94681,33,0,34,2,10,,94694,33,0,34,2,10,,94709,33,0,34,2,10,,94568,33,0,34,2,10,,94604,33,0,34,2,10,,94590,33,0,34,2,50,,94501,33,0,34,2,10,,94561,33,0,34,2,10,,94531,33,0,34,2,10,,94682,33,0,34,2,10,,94632,33,0,34,2,10,,94716,33,0,34,2,50,,94706,33,0,34,2,10,,94653,33,0,34,2,10,,94724,33,0,34,2,10,,94739,33,0,34,2,10,,94687,33,0,34,2,10,,94594,33,0,34,2,50,,94510,33,0,34,2,10,,94562,33,0,34,2,11,,94516,33,0,34,2,12,,94571,33,0,34,2,11,,94633,33,0,34,2,10,,94509,33,0,34,2,50,,94651,33,0,34,2,10,,94619,33,0,34,2,10,,94512,33,0,34,2,10,,94680,33,0,34,2,10,,94542,33,0,34,2,10,,94678,33,0,34,2,50,,94768,33,0,34,2,10,,94693,33,0,34,2,10,,94684,33,0,34,2,10,,94533,33,0,34,2,10,,94686,33,0,34,2,10,,94576,33,0,34,2,50,,94596,33,0,34,2,10,,84716,33,0,34,2,10,,94587,33,0,34,2,10,,94555,33,0,34,2,10,,94749,33,0,34,2,10,,90614,33,0,34,2,50,,94583,33,0,34,2,10,,94752,33,0,34,2,10,,94541,33,0,34,2,10,,94688,33,0,34,2,9,,94689,33,0,34,2,8,,94623,33,0,34,2,50,,94705,33,0,34,2,10,,77963,33,0,34,2,9,,94638,33,0,34,2,10,,94733,33,0,34,2,10,,94762,33,0,34,2,10,,94585,33,0,34,2,50,,94529,33,0,34,2,10,,94549,33,0,34,2,10,,94539,33,0,34,2,10,,94518,33,0,34,2,10,,76031,33,0,34,2,10,,94685,33,0,34,2,50,,94630,33,0,34,2,10,,94540,33,0,34,2,10,,94639,33,0,34,2,10,,94641,33,0,34,2,9,,94612,33,0,34,2,10,,94673,33,0,34,2,10,,94766,33,0,34,2,50,,94620,33,0,34,2,10,,94631,33,0,34,2,10,,94567,33,0,34,2,10,,94676,33,0,34,2,10,,94732,33,0,34,2,10,,94626,33,0,34,2,50,,94670,33,0,34,2,10,,94624,33,0,34,2,10,,94617,33,0,34,2,10,,94543,33,0,34,2,10,,94655,33,0,34,2,10,,94621,33,0,34,2,50,,94548,33,0,34,2,10,,94557,33,0,34,2,10,,94547,33,0,34,2,10,,94526,33,0,34,2,10,,94746,33,0,34,2,10,,94565,33,0,34,2,50,,94601,33,0,34,2,10,,94760,33,0,34,2,10,,94614,33,0,34,2,10,,94765,33,0,34,2,10,,94652,33,0,34,2,10,,90034,33,0,34,2
50401,'2',457,,94923,6,0,34,2,55,,94788,6,0,34,2,10,,94998,6,0,34,2,10,,95011,6,0,34,2,10,,95021,6,0,34,2,10,,94908,33,0,34,2,50,,94870,6,0,34,2,10,,94937,33,0,34,2,15,,94933,33,0,34,2,10,,94855,33,0,34,2,10,,94914,33,0,34,2,10,,95002,33,0,34,2,50,,94986,33,0,34,2,10,,94779,33,0,34,2,10,,94873,33,0,34,2,10,,94918,33,0,34,2,10,,94963,33,0,34,2,10,,89447,33,0,34,2,50,,94843,33,0,34,2,10,,94897,33,0,34,2,11,,95004,33,0,34,2,13,,94794,33,0,34,2,15,,95007,33,0,34,2,52,,94994,33,0,34,2,11,,94945,33,0,34,2,10,,94792,33,0,34,2,10,,95028,33,0,34,2,10,,95005,33,0,34,2,10,,95030,33,0,34,2,50,,90813,33,0,34,2,10,,94787,33,0,34,2,10,,94810,33,0,34,2,10,,94899,33,0,34,2,10,,94907,33,0,34,2,10,,94814,33,0,34,2,50,,94996,33,0,34,2,10,,94989,33,0,34,2,10,,94893,33,0,34,2,10,,94988,33,0,34,2,10,,94981,33,0,34,2,10,,94846,33,0,34,2,50,,94905,33,0,34,2,10,,94880,33,0,34,2,10,,95008,33,0,34,2,10,,94979,33,0,34,2,10,,94815,33,0,34,2,10,,94968,33,0,34,2,44,,94951,6,0,34,2,10,,95023,33,0,34,2,13,,95025,33,0,34,2,10,,94811,33,0,34,2,10,,94826,33,0,34,2,10,,95009,33,0,34,2,50,,94889,33,0,34,2,10,,78767,33,0,34,2,10,,94955,33,0,34,2,10,,89422,33,0,34,2,10,,94863,33,0,34,2,10,,94991,33,0,34,2,50,,94969,33,0,34,2,10,,95001,33,0,34,2,10,,94887,33,0,34,2,10,,94825,33,0,34,2,10,,94813,33,0,34,2,10,,94884,33,0,34,2,50,,94850,33,0,34,2,10,,94904,33,0,34,2,10,,94934,33,0,34,2,10,,94821,33,0,34,2,10,,94961,33,0,34,2,10,,95029,33,0,34,2,50,,94869,33,0,34,2,10,,94912,33,0,34,2,10,,94909,33,0,34,2,10,,95000,33,0,34,2,10,,94820,33,0,34,2,10,,94947,33,0,34,2,50,,94795,33,0,34,2,10,,94984,33,0,34,2,10,,94993,33,0,34,2,10,,94800,33,0,34,2,10,,94954,33,0,34,2,10,,94847,33,0,34,2,50,,94888,33,0,34,2,10,,94903,33,0,34,2,8,,94835,33,0,34,2,9,,94944,33,0,34,2,8,,94818,33,0,34,2,10,,94902,33,0,34,2,50,,94872,33,0,34,2,10,,94883,33,0,34,2,10,,94999,33,0,34,2,10,,94866,33,0,34,2,10,,94785,33,0,34,2,10,,94848,33,0,34,2,50,,95013,33,0,34,2,10,,94936,33,0,34,2,10,,94824,33,0,34,2,10,,94830,33,0,34,2,10,,94860,33,0,34,2,10,,94975,33,0,34,2,50,,94798,33,0,34,2,10,,95006,33,0,34,2,10,,94856,33,0,34,2,10,,80972,33,0,34,2,10,,94839,33,0,34,2,10,,94922,33,0,34,2,50,,94990,33,0,34,2,12,,94784,33,0,34,2,10,,94837,33,0,34,2,10,,94967,33,0,34,2,10,,95026,33,0,34,2,10,,94900,33,0,34,2,50,,94898,33,0,34,2,10,,95019,33,0,34,2,10,,94876,33,0,34,2,10,,94868,33,0,34,2,10,,94971,33,0,34,2,10,,94809,33,0,34,2,50,,94921,33,0,34,2,10,,95031,33,0,34,2,10,,94853,33,0,34,2,10,,94952,33,0,34,2,10,,94973,33,0,34,2,10,,94885,33,0,34,2,50,,94949,33,0,34,2,10,,94906,33,0,34,2,10,,94881,33,0,34,2,10,,95027,33,0,34,2,10,,94776,33,0,34,2,10,,94891,33,0,34,2,47,,94857,33,0,34,2
50401,'3',807,,95076,33,0,34,2,14,,85946,33,0,34,2,6,,95196,6,0,34,2,8,,95245,33,0,34,2,14,,95035,33,0,34,2,54,,95041,33,0,34,2,6,,95118,6,0,34,2,9,,95082,33,0,34,2,15,,95158,33,0,34,2,5,,95149,33,0,34,2,15,,95059,33,0,34,2,52,,95163,33,0,34,2,10,,95063,33,0,34,2,10,,95244,33,0,34,2,10,,95242,33,0,34,2,10,,95146,33,0,34,2,10,,95202,33,0,34,2,50,,95096,33,0,34,2,10,,95187,33,0,34,2,10,,95127,33,0,34,2,10,,95154,33,0,34,2,10,,95114,33,0,34,2,10,,90932,33,0,34,2,50,,95147,33,0,34,2,10,,95144,33,0,34,2,10,,95250,33,0,34,2,13,,95136,33,0,34,2,13,,95056,33,0,34,2,51,,95109,33,0,34,2,10,,95160,33,0,34,2,10,,95093,33,0,34,2,10,,95052,33,0,34,2,10,,95251,33,0,34,2,10,,95214,33,0,34,2,50,,95157,33,0,34,2,10,,95051,33,0,34,2,10,,95131,33,0,34,2,10,,95047,33,0,34,2,10,,95220,33,0,34,2,10,,95209,33,0,34,2,50,,95203,33,0,34,2,10,,95215,33,0,34,2,10,,95218,33,0,34,2,10,,95126,33,0,34,2,10,,95143,33,0,34,2,10,,95089,33,0,34,2,50,,95172,33,0,34,2,10,,95091,33,0,34,2,10,,95229,33,0,34,2,10,,95221,33,0,34,2,10,,95132,33,0,34,2,10,,95055,33,0,34,2,50,,95224,33,0,34,2,10,,95045,33,0,34,2,10,,95183,33,0,34,2,10,,95247,33,0,34,2,10,,95165,33,0,34,2,10,,95042,33,0,34,2,50,,76586,33,0,34,2,10,,95159,33,0,34,2,10,,95230,33,0,34,2,10,,95141,33,0,34,2,10,,95225,33,0,34,2,10,,95212,33,0,34,2,50,,95039,33,0,34,2,10,,95231,33,0,34,2,10,,95166,33,0,34,2,10,,78188,33,0,34,2,9,,95173,33,0,34,2,9,,95033,33,0,34,2,50,,95058,33,0,34,2,10,,95075,33,0,34,2,10,,95182,33,0,34,2,10,,95083,33,0,34,2,10,,95246,33,0,34,2,10,,95169,33,0,34,2,50,,95071,33,0,34,2,10,,95151,33,0,34,2,10,,95153,33,0,34,2,10,,95142,33,0,34,2,10,,95102,33,0,34,2,10,,95219,33,0,34,2,50,,95040,33,0,34,2,10,,76003,33,0,34,2,10,,95088,33,0,34,2,10,,95226,33,0,34,2,10,,95197,33,0,34,2,9,,95099,33,0,34,2,10,,95057,33,0,34,2,50,,95112,33,0,34,2,10,,95098,33,0,34,2,10,,75925,33,0,34,2,10,,95077,33,0,34,2,10,,95156,33,0,34,2,10,,95194,33,0,34,2,50,,95191,33,0,34,2,10,,95199,33,0,34,2,10,,95205,33,0,34,2,10,,95239,33,0,34,2,10,,95145,33,0,34,2,10,,95176,33,0,34,2,50,,95243,33,0,34,2,10,,95113,33,0,34,2,10,,95150,33,0,34,2,10,,95122,33,0,34,2,10,,95162,33,0,34,2,10,,95240,33,0,34,2,50,,95133,33,0,34,2,10,,95179,33,0,34,2,10,,95208,33,0,34,2,10,,95101,33,0,34,2,10,,95241,33,0,34,2,10,,95164,33,0,34,2
50401,'5',456,,95465,6,0,34,2,61,,95387,6,0,34,2,16,,95327,6,0,34,2,14,,95396,6,0,34,2,54,,95351,33,0,34,2,14,,95309,33,0,34,2,14,,95397,33,0,34,2,14,,95340,33,0,34,2,14,,95429,33,0,34,2,54,,95274,33,0,34,2,14,,95255,33,0,34,2,14,,95446,33,0,34,2,14,,95408,33,0,34,2,54,,95294,33,0,34,2,14,,95413,33,0,34,2,6,,95400,6,0,34,2,8,,95288,33,0,34,2,14,,95467,33,0,34,2,54,,95364,33,0,34,2,6,,95409,6,0,34,2,9,,95431,33,0,34,2,15,,95291,33,0,34,2,5,,95388,33,0,34,2,15,,95420,33,0,34,2,52,,95321,33,0,34,2,10,,95256,33,0,34,2,10,,95399,33,0,34,2,10,,95332,33,0,34,2,10,,95296,33,0,34,2,10,,95356,33,0,34,2,50,,95260,33,0,34,2,10,,95354,33,0,34,2,10,,95460,33,0,34,2,10,,95454,33,0,34,2,10,,95444,33,0,34,2,10,,95360,33,0,34,2,50,,95357,33,0,34,2,10,,95316,33,0,34,2,10,,95366,33,0,34,2,13,,95337,33,0,34,2,13,,95435,33,0,34,2,51,,95406,33,0,34,2,10,,95336,33,0,34,2,10,,95345,33,0,34,2,10,,95279,33,0,34,2,10,,95307,33,0,34,2,10,,95456,33,0,34,2,50,,95322,33,0,34,2,10,,95362,33,0,34,2,10,,95383,33,0,34,2,10,,95466,33,0,34,2,10,,95493,33,0,34,2,10,,95440,33,0,34,2,50,,95380,33,0,34,2,10,,95437,33,0,34,2,10,,95447,33,0,34,2,10,,95433,33,0,34,2,10,,95348,33,0,34,2,10,,95263,33,0,34,2,50,,95457,33,0,34,2,10,,95430,33,0,34,2,10,,95319,33,0,34,2,10,,95315,33,0,34,2,10,,95425,33,0,34,2,10,,95500,33,0,34,2,50,,95463,33,0,34,2,10,,95416,33,0,34,2,10,,95328,33,0,34,2,10,,95280,33,0,34,2,10,,95341,33,0,34,2,10,,76025,33,0,34,2,50,,95439,33,0,34,2,10,,95445,33,0,34,2,10,,95324,33,0,34,2,10,,95355,33,0,34,2,10,,95382,33,0,34,2,10,,95331,33,0,34,2,50,,95475,33,0,34,2,10,,95363,33,0,34,2,10,,95266,33,0,34,2,10,,95277,33,0,34,2,9,,95441,33,0,34,2,9,,95393,33,0,34,2,50,,95502,33,0,34,2,10,,95421,33,0,34,2,10,,95335,33,0,34,2,10,,95370,33,0,34,2,10,,95375,33,0,34,2,10,,95478,33,0,34,2,50,,95419,33,0,34,2,10,,95482,33,0,34,2,10,,95389,33,0,34,2,10,,95422,33,0,34,2,10,,95436,33,0,34,2,10,,95338,33,0,34,2,50,,95448,33,0,34,2,10,,95492,33,0,34,2,10,,95474,33,0,34,2,10,,95377,33,0,34,2,10,,95415,33,0,34,2,9,,95428,33,0,34,2,10,,95432,33,0,34,2,50,,95286,33,0,34,2,10,,95295,33,0,34,2,10,,95483,33,0,34,2,10,,95349,33,0,34,2,10,,95314,33,0,34,2,10,,95350,33,0,34,2,50,,95464,33,0,34,2,10,,95458,33,0,34,2,10,,95299,33,0,34,2,10,,95273,33,0,34,2,10,,95455,33,0,34,2,10,,95267,33,0,34,2,50,,95301,33,0,34,2,10,,95481,33,0,34,2,10,,95391,33,0,34,2,10,,95353,33,0,34,2,10,,95423,33,0,34,2,10,,95281,33,0,34,2,50,,95300,33,0,34,2,10,,95453,33,0,34,2,10,,95417,33,0,34,2,10,,95270,33,0,34,2,10,,95308,33,0,34,2,10,,95329,33,0,34,2
50501,'1',415,,96553,5,0,34,2,11,,96545,5,0,34,2,5,,96560,5,0,34,2,5,,96590,5,0,34,2,10,,96597,5,0,34,2,10,,96622,5,0,34,2,50,,96574,5,0,34,2,10,,96641,5,0,34,2,11,,96645,5,0,34,2,11,,96521,5,0,34,2,12,,96635,5,0,34,2,7,,96571,5,0,34,2,50,,96542,37,0,34,2,12,,96605,37,0,34,2,10,,96609,37,0,34,2,10,,96616,36,0,34,2,10,,96525,36,0,34,2,10,,96578,36,0,34,2,45,,96648,5,0,34,2,5,,96613,36,0,34,2,10,,96676,36,0,34,2,10,,96544,36,0,34,2,10,,96659,36,0,34,2,2,,96552,5,0,34,2,8,,96699,36,0,34,2,2,,96700,5,0,34,2,8,,96586,36,0,34,2,50,,96581,36,0,34,2,7,,96644,5,0,34,2,5,,96671,36,0,34,2,5,,96636,5,0,34,2,3,,96604,36,0,34,2,6,,96550,36,0,34,2,6,,96696,36,0,34,2,6,,96601,36,0,34,2,6,,96570,36,0,34,2,6,,96551,36,0,34,2,46,,96665,36,0,34,2,6,,96642,36,0,34,2,6,,96608,36,0,34,2,6,,96614,36,0,34,2,6,,96654,36,0,34,2,6,,96584,36,0,34,2,6,,96653,36,0,34,2,6,,96670,36,0,34,2,6,,96517,36,0,34,2,6,,96591,36,0,34,2,46,,96557,36,0,34,2,6,,96623,36,0,34,2,6,,96596,36,0,34,2,6,,96686,36,0,34,2,6,,96587,5,0,34,2,4,,96673,36,0,34,2,6,,96538,36,0,34,2,6,,96533,36,0,34,2,6,,96594,36,0,34,2,6,,96606,36,0,34,2,46,,96690,36,0,34,2,6,,96658,36,0,34,2,6,,75386,36,0,34,2,6,,96693,36,0,34,2,6,,96657,36,0,34,2,6,,85595,36,0,34,2,6,,96650,36,0,34,2,6,,96612,36,0,34,2,6,,96627,36,0,34,2,6,,96566,36,0,34,2,46,,96577,36,0,34,2,6,,96535,36,0,34,2,6,,96655,36,0,34,2,6,,96526,36,0,34,2,6,,96540,36,0,34,2,6,,96633,36,0,34,2,6,,96518,36,0,34,2,6,,96618,36,0,34,2,6,,96603,36,0,34,2,6,,96559,36,0,34,2,46,,96532,36,0,34,2,6,,96685,36,0,34,2,6,,96646,36,0,34,2,6,,96527,36,0,34,2,6,,96523,36,0,34,2,6,,96675,36,0,34,2,6,,96547,36,0,34,2,6,,96681,36,0,34,2,6,,96588,36,0,34,2,6,,96695,36,0,34,2,46,,96619,36,0,34,2,6,,96569,36,0,34,2,6,,96600,36,0,34,2,6,,96530,36,0,34,2,2,,96698,5,0,34,2,4,,96680,36,0,34,2,6,,96625,36,0,34,2,6,,96543,36,0,34,2,6,,96565,36,0,34,2,6,,96576,36,0,34,2,6,,96666,36,0,34,2,46,,81348,36,0,34,2,8,,96692,36,0,34,2,9,,96656,36,0,34,2,6,,96555,36,0,34,2,5,,96662,5,0,34,2,3,,96697,36,0,34,2,6,,96541,36,0,34,2,6,,96516,36,0,34,2,6,,96677,36,0,34,2,6,,96694,36,0,34,2,46,,96593,36,0,34,2,6,,96583,36,0,34,2,6,,96610,36,0,34,2,6,,96682,36,0,34,2,6,,96539,36,0,34,2,6,,96520,36,0,34,2,6,,96558,36,0,34,2,6,,96582,36,0,34,2,6,,96564,36,0,34,2,6,,96534,36,0,34,2,46,,96669,36,0,34,2,6,,96563,36,0,34,2,6,,96630,36,0,34,2,6,,96674,36,0,34,2,6,,96549,36,0,34,2,6,,96595,36,0,34,2,6,,96651,36,0,34,2,6,,96660,36,0,34,2,6,,96607,36,0,34,2,6,,96572,36,0,34,2,46,,96592,36,0,34,2,6,,96688,36,0,34,2,6,,96652,36,0,34,2,6,,96611,36,0,34,2,6,,96548,36,0,34,2,6,,96634,36,0,34,2,6,,96679,36,0,34,2,6,,96529,36,0,34,2,6,,96691,36,0,34,2,6,,96575,36,0,34,2,46,,96672,36,0,34,2,6,,96536,36,0,34,2,6,,96537,36,0,34,2,6,,96643,36,0,34,2,6,,96664,36,0,34,2,6,,96615,36,0,34,2,6,,96579,36,0,34,2,6,,85614,36,0,34,2,6,,96621,36,0,34,2,6,,96573,36,0,34,2,47,,96647,36,0,34,2,8,,96668,36,0,34,2,7,,96684,36,0,34,2,7,,96663,36,0,34,2,10,,96667,36,0,34,2,10,,96561,36,0,34,2,10,,96519,36,0,34,2,50,,96531,36,0,34,2,10,,96631,36,0,34,2,10,,96524,36,0,34,2,10,,96522,36,0,34,2,10,,96617,36,0,34,2,10,,96649,36,0,34,2,50,,96638,36,0,34,2,10,,96629,36,0,34,2,13,,96580,36,0,34,2,11,,96554,36,0,34,2,10,,96546,36,0,34,2,50,,78548,36,0,34,2,10,,96639,36,0,34,2,10,,96602,36,0,34,2,10,,96678,36,0,34,2,10,,96624,36,0,34,2,10,,96562,36,0,34,2,50,,96626,36,0,34,2,10,,96687,36,0,34,2,10,,96661,36,0,34,2,10,,96528,36,0,34,2,10,,96556,36,0,34,2,10,,96589,36,0,34,2,50,,96637,36,0,34,2,10,,96585,36,0,34,2,10,,96689,36,0,34,2,10,,96620,36,0,34,2,10,,96567,36,0,34,2
50501,'2',451,,96855,5,0,34,2,6,,96829,5,0,34,2,50,,96777,5,0,34,2,10,,96760,5,0,34,2,10,,96728,5,0,34,2,10,,96752,5,0,34,2,10,,96766,5,0,34,2,9,,96806,5,0,34,2,3,,96811,37,0,34,2,55,,96768,37,0,34,2,10,,96791,37,0,34,2,10,,96724,37,0,34,2,10,,96845,36,0,34,2,10,,96719,36,0,34,2,50,,96769,36,0,34,2,10,,96868,36,0,34,2,10,,96792,36,0,34,2,10,,96751,36,0,34,2,10,,96817,36,0,34,2,10,,86837,36,0,34,2,46,,96778,5,0,34,2,7,,96732,36,0,34,2,9,,96754,5,0,34,2,3,,96802,36,0,34,2,8,,96863,5,0,34,2,2,,96776,36,0,34,2,11,,96823,5,0,34,2,2,,96862,36,0,34,2,7,,96810,5,0,34,2,5,,96851,36,0,34,2,48,,96870,36,0,34,2,6,,96781,36,0,34,2,6,,96712,36,0,34,2,6,,96782,36,0,34,2,6,,96815,36,0,34,2,6,,96749,36,0,34,2,6,,96826,36,0,34,2,6,,96859,36,0,34,2,6,,96757,36,0,34,2,6,,96763,36,0,34,2,46,,96709,36,0,34,2,6,,96722,36,0,34,2,6,,96729,36,0,34,2,6,,96723,36,0,34,2,6,,96803,36,0,34,2,6,,96717,36,0,34,2,6,,96841,36,0,34,2,6,,96750,36,0,34,2,6,,96731,36,0,34,2,6,,96814,36,0,34,2,46,,96828,36,0,34,2,6,,96780,36,0,34,2,6,,96716,36,0,34,2,6,,96753,36,0,34,2,6,,96872,36,0,34,2,6,,96741,36,0,34,2,6,,96773,36,0,34,2,6,,96701,36,0,34,2,6,,90181,36,0,34,2,6,,96835,36,0,34,2,46,,96853,36,0,34,2,6,,96805,36,0,34,2,6,,96820,36,0,34,2,6,,96865,36,0,34,2,6,,96819,36,0,34,2,6,,96706,36,0,34,2,8,,96838,36,0,34,2,6,,96795,5,0,34,2,4,,96756,36,0,34,2,6,,96748,36,0,34,2,45,,96702,36,0,34,2,6,,96799,36,0,34,2,6,,96831,36,0,34,2,6,,96794,36,0,34,2,6,,96801,36,0,34,2,6,,96800,36,0,34,2,6,,96747,36,0,34,2,6,,96765,36,0,34,2,6,,96833,36,0,34,2,6,,96842,36,0,34,2,46,,96775,36,0,34,2,6,,96714,36,0,34,2,6,,96798,36,0,34,2,6,,96759,36,0,34,2,6,,96866,36,0,34,2,6,,96848,36,0,34,2,6,,96715,36,0,34,2,6,,96734,36,0,34,2,6,,96858,36,0,34,2,6,,96745,36,0,34,2,46,,96861,36,0,34,2,6,,96840,36,0,34,2,6,,96761,36,0,34,2,6,,96816,36,0,34,2,6,,96796,36,0,34,2,6,,96812,36,0,34,2,6,,96844,36,0,34,2,6,,96793,36,0,34,2,6,,96736,36,0,34,2,6,,96824,36,0,34,2,46,,96867,36,0,34,2,6,,96783,36,0,34,2,6,,96821,36,0,34,2,6,,96772,36,0,34,2,6,,96710,36,0,34,2,6,,96843,36,0,34,2,6,,96725,36,0,34,2,6,,96767,36,0,34,2,6,,96713,36,0,34,2,6,,96704,36,0,34,2,46,,96864,36,0,34,2,6,,78931,36,0,34,2,6,,96718,36,0,34,2,6,,96787,36,0,34,2,6,,96743,36,0,34,2,6,,96744,36,0,34,2,6,,96708,36,0,34,2,6,,96742,36,0,34,2,6,,96727,36,0,34,2,6,,96726,36,0,34,2,46,,96846,36,0,34,2,6,,96856,36,0,34,2,6,,96703,36,0,34,2,6,,96834,36,0,34,2,6,,96808,36,0,34,2,6,,96779,36,0,34,2,6,,96857,36,0,34,2,6,,96860,36,0,34,2,6,,96797,36,0,34,2,6,,96849,36,0,34,2,46,,96809,36,0,34,2,6,,96789,36,0,34,2,6,,96758,36,0,34,2,6,,96738,36,0,34,2,6,,96735,36,0,34,2,6,,96764,36,0,34,2,8,,96707,36,0,34,2,9,,96739,36,0,34,2,9,,96740,36,0,34,2,48,,96854,36,0,34,2,10,,96721,36,0,34,2,10,,96836,36,0,34,2,10,,96705,36,0,34,2,10,,96832,36,0,34,2,10,,96830,36,0,34,2,50,,96869,36,0,34,2,10,,96852,36,0,34,2,10,,80943,36,0,34,2,10,,96825,36,0,34,2,10,,96822,36,0,34,2,10,,96774,36,0,34,2,50,,96827,36,0,34,2,10,,96847,36,0,34,2,10,,96818,36,0,34,2,8,,96770,36,0,34,2,7,,96839,36,0,34,2,9,,96813,36,0,34,2,52,,96790,36,0,34,2,10,,96733,36,0,34,2,10,,96807,36,0,34,2,10,,96804,36,0,34,2,10,,96771,36,0,34,2,10,,96711,36,0,34,2,50,,96788,36,0,34,2,10,,75808,36,0,34,2,10,,96746,36,0,34,2,10,,96837,36,0,34,2,10,,96784,36,0,34,2,10,,96755,36,0,34,2,50,,96720,36,0,34,2,10,,96871,36,0,34,2,9,,96737,36,0,34,2,14,,96786,36,0,34,2,13,,96850,36,0,34,2
50501,'3',851,,96898,36,0,34,2,3,,97006,5,0,34,2,47,,96934,36,0,34,2,6,,97007,5,0,34,2,4,,96996,36,0,34,2,10,,96964,36,0,34,2,5,,96915,5,0,34,2,6,,97009,5,0,34,2,2,,96995,36,0,34,2,5,,96987,5,0,34,2,8,,96932,36,0,34,2,9,,96947,5,0,34,2,2,,96949,36,0,34,2,46,,97015,36,0,34,2,6,,96875,36,0,34,2,6,,96979,36,0,34,2,6,,96965,36,0,34,2,6,,96890,36,0,34,2,6,,97002,36,0,34,2,6,,96978,36,0,34,2,6,,96970,36,0,34,2,6,,96881,36,0,34,2,6,,96950,36,0,34,2,46,,96935,36,0,34,2,6,,97022,36,0,34,2,6,,96999,36,0,34,2,6,,96886,36,0,34,2,6,,96906,36,0,34,2,6,,96879,36,0,34,2,6,,96960,36,0,34,2,6,,96926,36,0,34,2,6,,96939,36,0,34,2,6,,96945,36,0,34,2,46,,97004,36,0,34,2,6,,96903,36,0,34,2,6,,96993,36,0,34,2,8,,96958,36,0,34,2,6,,96940,36,0,34,2,7,,96894,5,0,34,2,1,,96994,36,0,34,2,6,,97013,36,0,34,2,9,,96983,36,0,34,2,6,,97014,36,0,34,2,46,,96971,36,0,34,2,6,,96909,36,0,34,2,6,,96921,36,0,34,2,6,,96877,36,0,34,2,6,,96937,36,0,34,2,6,,82294,36,0,34,2,6,,96901,36,0,34,2,6,,96895,36,0,34,2,6,,96923,36,0,34,2,6,,96968,36,0,34,2,46,,96941,36,0,34,2,6,,96889,36,0,34,2,6,,96927,36,0,34,2,6,,96997,36,0,34,2,6,,96874,36,0,34,2,6,,96910,36,0,34,2,6,,96878,36,0,34,2,6,,96955,36,0,34,2,6,,96988,36,0,34,2,6,,96912,36,0,34,2,46,,97020,36,0,34,2,6,,90322,36,0,34,2,6,,96908,36,0,34,2,6,,96967,36,0,34,2,6,,96953,36,0,34,2,6,,96973,36,0,34,2,6,,96972,36,0,34,2,6,,97016,36,0,34,2,6,,96933,36,0,34,2,6,,97018,36,0,34,2,46,,96922,36,0,34,2,6,,96951,36,0,34,2,6,,96931,36,0,34,2,6,,96984,36,0,34,2,6,,96904,36,0,34,2,6,,96976,36,0,34,2,6,,87765,36,0,34,2,6,,96888,36,0,34,2,6,,96917,36,0,34,2,6,,97017,36,0,34,2,46,,96946,36,0,34,2,6,,96884,36,0,34,2,6,,96896,36,0,34,2,6,,96974,36,0,34,2,6,,96980,36,0,34,2,6,,96928,36,0,34,2,6,,96924,36,0,34,2,6,,96948,36,0,34,2,6,,96899,36,0,34,2,6,,96905,36,0,34,2,46,,96936,36,0,34,2,6,,96943,36,0,34,2,6,,96892,36,0,34,2,6,,97001,36,0,34,2,6,,96982,36,0,34,2,6,,96985,36,0,34,2,6,,96938,36,0,34,2,6,,96966,36,0,34,2,6,,97000,36,0,34,2,6,,96986,36,0,34,2,46,,97021,36,0,34,2,6,,96907,36,0,34,2,6,,97010,36,0,34,2,6,,96929,36,0,34,2,6,,97005,36,0,34,2,6,,96880,36,0,34,2,6,,96969,36,0,34,2,6,,96944,36,0,34,2,6,,96992,36,0,34,2,5,,96900,36,0,34,2,48,,96916,36,0,34,2,8,,96959,36,0,34,2,10,,97019,36,0,34,2,10,,96919,36,0,34,2,10,,96981,36,0,34,2,10,,78157,36,0,34,2,50,,96952,36,0,34,2,10,,96913,36,0,34,2,10,,96990,36,0,34,2,10,,97003,36,0,34,2,10,,96998,36,0,34,2,10,,96925,36,0,34,2,50,,96963,36,0,34,2,10,,96893,36,0,34,2,10,,96885,36,0,34,2,7,,96883,36,0,34,2,7,,97008,36,0,34,2,8,,96897,36,0,34,2,9,,96942,36,0,34,2,50,,96920,36,0,34,2,10,,96989,36,0,34,2,10,,96930,36,0,34,2,10,,96961,36,0,34,2,10,,96977,36,0,34,2,10,,96876,36,0,34,2,50,,96918,36,0,34,2,10,,96887,36,0,34,2,10,,96891,36,0,34,2,10,,96975,36,0,34,2,10,,97012,36,0,34,2,10,,96873,36,0,34,2,50,,96911,36,0,34,2,10,,96956,36,0,34,2,10,,96882,36,0,34,2,20,,96957,36,0,34,2
50501,'5',440,,97038,5,0,34,2,62,,97057,5,0,34,2,15,,97154,5,0,34,2,15,,97178,5,0,34,2,15,,97062,5,0,34,2,54,,97187,37,0,34,2,11,,97145,5,0,34,2,10,,97122,37,0,34,2,10,,97134,5,0,34,2,5,,97143,37,0,34,2,15,,97100,36,0,34,2,52,,97129,5,0,34,2,3,,97088,36,0,34,2,15,,97104,36,0,34,2,10,,97128,5,0,34,2,5,,97177,36,0,34,2,14,,97098,36,0,34,2,50,,97099,36,0,34,2,10,,97080,36,0,34,2,10,,97055,36,0,34,2,10,,97060,36,0,34,2,10,,97112,36,0,34,2,10,,97109,36,0,34,2,3,,97023,5,0,34,2,47,,97191,36,0,34,2,6,,97139,5,0,34,2,4,,97026,36,0,34,2,10,,97165,36,0,34,2,5,,97148,5,0,34,2,6,,88002,5,0,34,2,2,,97113,36,0,34,2,5,,97065,5,0,34,2,8,,97078,36,0,34,2,9,,97127,5,0,34,2,2,,97186,36,0,34,2,46,,97024,36,0,34,2,6,,97130,36,0,34,2,6,,97044,36,0,34,2,6,,97090,36,0,34,2,6,,97185,36,0,34,2,6,,97124,36,0,34,2,6,,97155,36,0,34,2,6,,97093,36,0,34,2,6,,97049,36,0,34,2,6,,97077,36,0,34,2,46,,97025,36,0,34,2,6,,97043,36,0,34,2,6,,97140,36,0,34,2,6,,97070,36,0,34,2,6,,97144,36,0,34,2,6,,97121,36,0,34,2,6,,97153,36,0,34,2,6,,97056,36,0,34,2,6,,97172,36,0,34,2,6,,97183,36,0,34,2,46,,97151,36,0,34,2,6,,97050,36,0,34,2,6,,97076,36,0,34,2,8,,97119,36,0,34,2,6,,97190,36,0,34,2,7,,97082,5,0,34,2,1,,97084,36,0,34,2,6,,97067,36,0,34,2,9,,97053,36,0,34,2,6,,97041,36,0,34,2,46,,97035,36,0,34,2,6,,97116,36,0,34,2,6,,97089,36,0,34,2,6,,97163,36,0,34,2,6,,97175,36,0,34,2,6,,97149,36,0,34,2,6,,97106,36,0,34,2,6,,97074,36,0,34,2,6,,97095,36,0,34,2,6,,97166,36,0,34,2,46,,97108,36,0,34,2,6,,97162,36,0,34,2,6,,97073,36,0,34,2,6,,97097,36,0,34,2,6,,97027,36,0,34,2,6,,97171,36,0,34,2,6,,97068,36,0,34,2,6,,97123,36,0,34,2,6,,97138,36,0,34,2,6,,97083,36,0,34,2,46,,97034,36,0,34,2,6,,97063,36,0,34,2,6,,97058,36,0,34,2,6,,97181,36,0,34,2,6,,97042,36,0,34,2,6,,97072,36,0,34,2,6,,97180,36,0,34,2,6,,97061,36,0,34,2,6,,97131,36,0,34,2,6,,97111,36,0,34,2,46,,97091,36,0,34,2,6,,97168,36,0,34,2,6,,97115,36,0,34,2,6,,97085,36,0,34,2,6,,97029,36,0,34,2,6,,97152,36,0,34,2,6,,97179,36,0,34,2,6,,77296,36,0,34,2,6,,97064,36,0,34,2,6,,97141,36,0,34,2,46,,97059,36,0,34,2,6,,97107,36,0,34,2,6,,97156,36,0,34,2,6,,97054,36,0,34,2,6,,97146,36,0,34,2,6,,97103,36,0,34,2,6,,97147,36,0,34,2,6,,97118,36,0,34,2,6,,97195,36,0,34,2,6,,97079,36,0,34,2,46,,97120,36,0,34,2,6,,97030,36,0,34,2,6,,97126,36,0,34,2,6,,97096,36,0,34,2,6,,97188,36,0,34,2,6,,97158,36,0,34,2,6,,80371,36,0,34,2,6,,97157,36,0,34,2,6,,97193,36,0,34,2,6,,97189,36,0,34,2,46,,97136,36,0,34,2,6,,97135,36,0,34,2,6,,97176,36,0,34,2,6,,97117,36,0,34,2,6,,97028,36,0,34,2,6,,97032,36,0,34,2,6,,97051,36,0,34,2,6,,97164,36,0,34,2,6,,97137,36,0,34,2,5,,97132,36,0,34,2,48,,97192,36,0,34,2,8,,97110,36,0,34,2,10,,97069,36,0,34,2,10,,97066,36,0,34,2,10,,97046,36,0,34,2,10,,97086,36,0,34,2,50,,97075,36,0,34,2,10,,97114,36,0,34,2,10,,97033,36,0,34,2,10,,97167,36,0,34,2,10,,97142,36,0,34,2,10,,97031,36,0,34,2,50,,97170,36,0,34,2,10,,97101,36,0,34,2,10,,97182,36,0,34,2,7,,97037,36,0,34,2,7,,97150,36,0,34,2,8,,97036,36,0,34,2,9,,97102,36,0,34,2,50,,97081,36,0,34,2,10,,97094,36,0,34,2,10,,97173,36,0,34,2,10,,97194,36,0,34,2,10,,97174,36,0,34,2,10,,97133,36,0,34,2,50,,97052,36,0,34,2,10,,97159,36,0,34,2,10,,97048,36,0,34,2,10,,97105,36,0,34,2,10,,97040,36,0,34,2,10,,97161,36,0,34,2,49,,97047,36,0,34,2,11,,97092,36,0,34,2,10,,97039,36,0,34,2
