30102,'1',2502,,91377,16,,,2,8,,91373,16,0,17,2,12,,91368,16,,,2,8,,89112,16,0,17,2,12,,91355,16,,,2,8,,91357,16,0,17,2,51,,91364,16,,,2,10,,91353,16,0,17,2,10,,91354,16,,,2,10,,80677,16,0,17,2,10,,91362,16,,,2,5,,91371,16,0,17,2,6,,91372,16,0,17,2,49,,91352,16,,,2,20,,91369,16,,,2,20,,91358,16,,,2,60,,91359,16,,,2,20,,91375,16,,,2,20,,91365,16,,,2,60,,91351,16,,,2,20,,91367,16,0,17,2,20,,91360,16,0,17,2,60,,91370,16,0,17,2
30102,'2',2509,,91397,16,,,2,11,,91388,16,0,17,2,9,,91394,16,,,2,13,,91390,16,0,17,2,9,,91386,16,,,2,50,,91399,16,0,17,2,10,,91408,16,,,2,10,,91404,16,0,17,2,10,,91391,16,,,2,10,,91381,16,0,17,2,10,,91402,16,,,2,50,,91395,16,0,17,2,10,,91401,16,,,2,20,,91407,16,,,2,20,,91387,16,,,2,60,,91384,16,,,2,20,,91400,16,,,2,20,,91403,16,,,2,60,,91383,16,0,17,2,20,,91406,16,0,17,2,20,,91385,16,0,17,2,60,,91405,16,0,17,2
30102,'3',2502,,91431,16,,,2,22,,91415,16,,,2,10,,91417,16,0,17,2,12,,91424,16,,,2,10,,91419,16,0,17,2,50,,91432,16,,,2,10,,91412,16,0,17,2,10,,91420,16,,,2,10,,91418,16,0,17,2,10,,91422,16,,,2,60,,91409,16,,,2,20,,91411,16,,,2,20,,91410,16,,,2,60,,82311,16,,,2,20,,91423,16,,,2,20,,91429,16,,,2,60,,91433,16,0,17,2,20,,91426,16,0,17,2,20,,91435,16,0,17,2,60,,91434,16,0,17,2
30102,'5',2502,,91451,16,,,2,22,,91442,16,,,2,10,,91443,16,0,17,2,12,,91462,16,,,2,10,,91459,16,0,17,2,50,,91460,16,,,2,10,,91439,16,0,17,2,10,,91457,16,,,2,10,,91444,16,0,17,2,10,,91455,16,,,2,60,,91438,16,,,2,20,,91440,16,,,2,20,,87157,16,,,2,60,,91449,16,,,2,20,,91452,16,,,2,20,,91453,16,,,2,60,,91456,16,0,17,2,20,,91458,16,0,17,2,20,,91441,16,0,17,2,60,,91448,16,0,17,2
50102,'1',520,,93075,16,0,30,2,10,,92970,16,0,30,2,10,,92983,16,0,30,2,10,,92965,16,0,30,2,50,,93053,16,0,30,2,10,,92996,16,0,30,2,10,,93025,16,0,30,2,10,,93011,16,0,30,2,10,,93034,16,0,30,2,10,,92953,16,0,30,2,50,,92976,16,0,30,2,10,,93070,16,0,30,2,10,,92971,16,0,30,2,10,,92995,16,0,30,2,10,,92959,16,0,30,2,11,,92989,16,0,30,2,51,,93042,16,0,30,2,11,,92993,16,0,30,2,10,,92988,16,0,30,2,10,,78637,16,0,30,2,10,,92985,16,0,30,2,10,,93072,16,0,30,2,50,,92973,16,0,30,2,10,,93047,16,0,30,2,10,,93031,16,0,30,2,10,,92975,16,0,30,2,10,,93008,16,0,30,2,10,,92963,16,0,30,2,50,,92978,16,0,30,2,10,,92984,16,0,30,2,10,,93028,16,0,30,2,10,,93063,16,0,30,2,10,,92986,16,0,30,2,10,,92994,16,0,30,2,50,,92961,16,0,30,2,10,,93010,16,0,30,2,10,,92954,16,0,30,2,10,,93069,16,0,30,2,10,,93049,16,0,30,2,10,,93062,16,0,30,2,50,,93030,16,0,30,2,10,,92982,16,0,30,2,10,,93035,16,0,30,2,10,,93009,16,0,30,2,10,,92956,16,0,30,2,10,,92992,16,0,30,2,50,,93029,16,0,30,2,10,,93021,16,0,30,2,10,,92998,16,0,30,2,10,,93019,16,0,30,2,10,,92999,16,0,30,2,10,,93060,16,0,30,2,50,,92981,16,0,30,2,10,,93058,16,0,30,2,10,,92977,16,0,30,2,10,,93013,16,0,30,2,10,,93050,16,0,30,2,10,,93066,16,0,30,2,50,,93038,16,0,30,2,10,,92974,16,0,30,2,10,,93074,16,0,30,2,10,,92968,16,0,30,2,10,,93045,16,0,30,2,10,,93044,16,0,30,2,50,,92990,16,0,30,2,10,,92950,16,0,30,2,10,,93005,16,0,30,2,10,,93000,16,0,30,2,10,,93051,16,0,30,2,10,,93007,16,0,30,2,50,,93001,16,0,30,2,10,,92967,16,0,30,2,10,,93057,16,0,17,2,10,,92969,16,0,30,2,10,,93039,16,0,30,2,10,,93014,16,0,30,2,50,,93036,16,0,30,2,10,,92979,16,0,30,2,10,,93073,16,0,30,2,10,,93023,16,0,30,2,10,,93012,16,0,30,2,10,,93048,16,0,30,2,50,,93017,16,0,30,2,10,,93040,16,0,30,2,10,,88247,16,0,30,2,9,,93006,16,0,30,2,10,,93046,16,0,30,2,10,,92966,16,0,30,2,50,,93033,16,0,30,2,10,,93002,16,0,30,2,10,,93068,16,0,30,2,10,,93016,16,0,30,2,10,,93064,16,0,30,2,10,,92951,16,0,30,2,50,,92957,16,0,30,2,10,,93037,16,0,30,2,5,,93052,16,0,17,2,5,,93043,16,0,30,2,10,,93071,16,0,30,2,10,,93054,16,0,30,2,10,,92949,16,0,30,2,50,,92948,16,0,30,2,6,,93067,16,0,30,2,7,,93004,16,0,17,2,8,,87466,16,0,30,2,9,,92987,16,0,30,2,10,,93024,16,0,30,2,10,,93065,16,0,30,2,50,,93041,16,0,30,2,10,,93022,16,0,30,2,10,,93056,16,0,30,2,10,,92955,16,0,30,2,5,,92960,16,0,17,2,5,,93059,16,0,30,2,10,,93015,16,0,30,2,50,,92980,16,0,30,2,10,,93003,16,0,30,2,10,,92997,16,0,30,2,10,,92958,16,0,30,2,10,,93027,16,0,30,2,10,,93020,16,0,30,2
50102,'2',522,,93079,16,0,30,2,9,,93194,16,0,30,2,9,,93082,16,0,30,2,10,,93088,16,0,30,2,50,,93180,16,0,30,2,10,,93111,16,0,30,2,10,,93155,16,0,30,2,10,,93176,16,0,30,2,10,,93161,16,0,30,2,10,,93141,16,0,30,2,50,,93195,16,0,30,2,10,,93139,16,0,30,2,10,,93158,16,0,30,2,10,,93174,16,0,30,2,10,,93199,16,0,30,2,10,,93126,16,0,30,2,50,,93197,16,0,30,2,12,,93136,16,0,30,2,12,,93131,16,0,30,2,12,,93164,16,0,30,2,11,,93149,16,0,30,2,10,,93096,16,0,30,2,50,,93113,16,0,30,2,10,,93102,16,0,30,2,10,,93115,16,0,30,2,10,,93191,16,0,30,2,10,,93146,16,0,30,2,10,,93087,16,0,30,2,50,,93150,16,0,30,2,10,,93184,16,0,30,2,10,,84134,16,0,30,2,10,,93116,16,0,30,2,10,,93123,16,0,30,2,11,,93154,16,0,30,2,50,,93208,16,0,30,2,11,,93167,16,0,30,2,11,,93100,16,0,30,2,9,,93162,16,0,30,2,9,,93076,16,0,30,2,9,,93207,16,0,30,2,49,,93187,16,0,30,2,9,,93186,16,0,30,2,9,,93118,16,0,30,2,9,,93169,16,0,30,2,9,,93094,16,0,30,2,9,,93135,16,0,30,2,49,,93097,16,0,30,2,9,,93098,16,0,30,2,9,,93153,16,0,30,2,9,,93211,16,0,30,2,9,,93099,16,0,30,2,9,,93114,16,0,30,2,9,,93152,16,0,30,2,49,,93165,16,0,30,2,9,,93089,16,0,30,2,9,,93215,16,0,30,2,9,,93202,16,0,30,2,9,,93148,16,0,30,2,9,,93108,16,0,30,2,9,,93179,16,0,30,2,49,,93107,16,0,30,2,9,,93128,16,0,30,2,9,,93125,16,0,30,2,9,,93190,16,0,30,2,9,,93178,16,0,30,2,9,,93206,16,0,30,2,49,,93119,16,0,30,2,9,,93173,16,0,30,2,9,,93080,16,0,30,2,9,,93203,16,0,30,2,9,,93182,16,0,30,2,9,,93142,16,0,30,2,9,,93163,16,0,30,2,49,,93210,16,0,30,2,9,,93117,16,0,30,2,9,,93156,16,0,30,2,9,,93078,16,0,30,2,9,,93151,16,0,30,2,9,,93103,16,0,30,2,9,,93193,16,0,30,2,49,,93181,16,0,30,2,9,,93166,16,0,30,2,9,,93145,16,0,30,2,9,,93212,16,0,30,2,9,,93091,16,0,30,2,9,,93105,16,0,30,2,49,,93090,16,0,30,2,8,,93106,16,0,30,2,9,,93204,16,0,30,2,9,,93214,16,0,30,2,9,,93121,16,0,30,2,10,,93196,16,0,30,2,10,,93185,16,0,30,2,50,,93168,16,0,30,2,5,,93138,16,0,17,2,5,,93132,16,0,30,2,10,,93140,16,0,30,2,10,,93127,16,0,30,2,10,,93083,16,0,30,2,10,,93189,16,0,30,2,50,,93130,16,0,30,2,10,,93143,16,0,30,2,10,,93192,16,0,30,2,10,,93170,16,0,30,2,10,,93093,16,0,30,2,10,,93081,16,0,30,2,50,,93124,16,0,30,2,8,,93077,16,0,30,2,7,,93213,16,0,17,2,8,,93147,16,0,30,2,10,,93160,16,0,30,2,10,,93175,16,0,30,2,10,,93171,16,0,30,2,50,,93200,16,0,30,2,10,,93095,16,0,30,2,10,,93188,16,0,30,2,10,,93086,16,0,30,2,5,,93109,16,0,17,2,5,,93177,16,0,30,2,5,,93159,16,0,17,2,5,,93198,16,0,30,2,50,,93129,16,0,30,2,10,,93092,16,0,30,2,10,,93101,16,0,30,2,12,,93209,16,0,30,2,13,,93110,16,0,30,2,50,,93201,16,0,17,2,3,,82652,16,0,17,2
50102,'3',522,,93230,16,0,30,2,10,,93236,16,0,30,2,10,,93241,16,0,30,2,10,,85143,16,0,30,2,50,,93245,16,0,30,2,10,,93263,16,0,30,2,10,,93271,16,0,30,2,10,,93289,16,0,30,2,10,,93250,16,0,30,2,10,,93240,16,0,30,2,50,,93238,16,0,30,2,10,,93303,16,0,30,2,10,,93329,16,0,30,2,10,,93286,16,0,30,2,10,,93293,16,0,30,2,10,,80294,16,0,30,2,51,,93229,16,0,30,2,11,,93307,16,0,30,2,11,,93256,16,0,30,2,10,,93253,16,0,30,2,10,,93298,16,0,30,2,8,,93220,16,0,30,2,50,,93288,16,0,30,2,10,,93332,16,0,30,2,10,,93269,16,0,30,2,10,,93287,16,0,30,2,10,,93337,16,0,30,2,10,,93314,16,0,30,2,50,,93218,16,0,30,2,10,,93246,16,0,30,2,10,,93216,16,0,30,2,10,,79000,16,0,30,2,10,,93283,16,0,30,2,11,,93290,16,0,30,2,50,,93282,16,0,30,2,10,,93335,16,0,30,2,12,,93233,16,0,30,2,10,,93219,16,0,30,2,10,,93302,16,0,30,2,10,,93313,16,0,30,2,50,,93331,16,0,30,2,10,,93315,16,0,30,2,10,,93223,16,0,30,2,10,,93277,16,0,30,2,10,,93261,16,0,30,2,10,,93226,16,0,30,2,50,,76208,16,0,30,2,10,,93281,16,0,30,2,10,,85003,16,0,30,2,10,,93319,16,0,30,2,10,,93306,16,0,30,2,10,,93292,16,0,30,2,50,,93222,16,0,30,2,10,,84202,16,0,30,2,10,,93328,16,0,30,2,10,,87834,16,0,30,2,10,,93325,16,0,30,2,10,,93234,16,0,30,2,50,,93231,16,0,30,2,10,,93296,16,0,30,2,10,,93242,16,0,30,2,10,,93278,16,0,30,2,10,,93322,16,0,30,2,10,,93221,16,0,30,2,50,,93272,16,0,30,2,10,,93316,16,0,30,2,10,,93235,16,0,30,2,10,,93262,16,0,30,2,10,,93334,16,0,30,2,10,,93299,16,0,30,2,50,,93248,16,0,30,2,10,,93232,16,0,30,2,10,,93285,16,0,30,2,10,,93255,16,0,30,2,10,,93326,16,0,30,2,10,,93340,16,0,30,2,50,,93339,16,0,30,2,10,,93305,16,0,30,2,10,,93318,16,0,30,2,10,,82321,16,0,30,2,10,,93317,16,0,30,2,9,,93304,16,0,30,2,49,,93243,16,0,30,2,8,,93301,16,0,30,2,9,,93258,16,0,30,2,10,,93276,16,0,30,2,10,,93273,16,0,30,2,10,,93260,16,0,30,2,50,,93227,16,0,30,2,10,,93295,16,0,30,2,10,,93237,16,0,30,2,10,,93321,16,0,30,2,6,,93330,16,0,17,2,4,,93249,16,0,30,2,10,,93312,16,0,30,2,50,,93323,16,0,30,2,10,,80255,16,0,30,2,10,,93279,16,0,30,2,10,,93257,16,0,30,2,10,,93265,16,0,30,2,10,,93297,16,0,30,2,50,,93309,16,0,30,2,10,,93267,16,0,30,2,7,,93252,16,0,30,2,10,,93274,16,0,30,2,10,,93225,16,0,30,2,10,,93275,16,0,30,2,10,,93244,16,0,30,2,50,,93217,16,0,30,2,10,,93239,16,0,30,2,10,,93324,16,0,30,2,5,,93294,16,0,17,2,5,,93280,16,0,30,2,10,,93327,16,0,30,2,10,,93336,16,0,30,2,50,,93251,16,0,30,2,10,,93254,16,0,30,2,10,,93300,16,0,30,2,11,,93247,16,0,30,2,12,,93228,16,0,30,2,50,,93268,16,0,17,2,10,,93224,16,0,17,2
50102,'5',522,,93456,16,0,30,2,10,,93349,16,0,30,2,10,,93441,16,0,30,2,10,,93355,16,0,30,2,50,,93362,16,0,30,2,10,,93423,16,0,30,2,10,,93433,16,0,30,2,10,,93412,16,0,30,2,10,,93445,16,0,30,2,10,,93408,16,0,30,2,50,,93378,16,0,30,2,10,,93468,16,0,30,2,10,,93347,16,0,30,2,10,,93466,16,0,30,2,10,,93424,16,0,30,2,10,,93376,16,0,30,2,51,,93414,16,0,30,2,11,,93390,16,0,30,2,11,,93442,16,0,30,2,10,,75492,16,0,30,2,10,,93401,16,0,30,2,8,,93419,16,0,30,2,50,,93461,16,0,30,2,10,,93447,16,0,30,2,10,,93426,16,0,30,2,10,,93377,16,0,30,2,10,,93388,16,0,30,2,10,,93450,16,0,30,2,50,,93346,16,0,30,2,10,,93350,16,0,30,2,10,,93380,16,0,30,2,10,,93363,16,0,30,2,10,,93459,16,0,30,2,11,,93430,16,0,30,2,50,,93439,16,0,30,2,10,,93418,16,0,30,2,12,,93383,16,0,30,2,10,,93431,16,0,30,2,10,,93446,16,0,30,2,10,,93351,16,0,30,2,50,,93404,16,0,30,2,10,,93344,16,0,30,2,10,,93395,16,0,30,2,10,,93449,16,0,30,2,10,,93368,16,0,30,2,10,,93428,16,0,30,2,50,,93405,16,0,30,2,10,,93440,16,0,30,2,10,,93429,16,0,30,2,10,,93397,16,0,30,2,10,,81937,16,0,30,2,10,,93371,16,0,30,2,50,,93400,16,0,30,2,10,,93413,16,0,30,2,10,,93436,16,0,30,2,10,,93415,16,0,30,2,10,,93417,16,0,30,2,10,,93391,16,0,30,2,50,,93372,16,0,30,2,10,,93359,16,0,30,2,10,,93421,16,0,30,2,10,,93354,16,0,30,2,10,,93451,16,0,30,2,10,,93342,16,0,30,2,50,,93345,16,0,30,2,10,,93407,16,0,30,2,10,,93353,16,0,30,2,10,,93385,16,0,30,2,10,,93465,16,0,30,2,10,,93403,16,0,30,2,50,,93370,16,0,30,2,10,,93392,16,0,30,2,10,,93448,16,0,30,2,10,,93406,16,0,30,2,10,,93375,16,0,30,2,10,,93374,16,0,30,2,50,,93464,16,0,30,2,10,,93409,16,0,30,2,10,,93434,16,0,30,2,10,,93394,16,0,30,2,10,,93460,16,0,30,2,9,,93458,16,0,30,2,49,,93437,16,0,30,2,8,,93443,16,0,30,2,9,,93364,16,0,30,2,10,,93396,16,0,30,2,10,,93386,16,0,30,2,10,,93457,16,0,30,2,50,,93422,16,0,30,2,10,,93453,16,0,30,2,10,,93369,16,0,30,2,10,,93343,16,0,30,2,6,,93341,16,0,17,2,4,,93360,16,0,30,2,10,,93452,16,0,30,2,50,,93361,16,0,30,2,10,,93357,16,0,30,2,10,,93382,16,0,30,2,10,,93410,16,0,30,2,10,,93455,16,0,30,2,10,,87990,16,0,30,2,50,,93365,16,0,30,2,10,,93393,16,0,30,2,7,,93398,16,0,30,2,10,,93411,16,0,30,2,10,,93389,16,0,30,2,10,,93463,16,0,30,2,10,,93402,16,0,30,2,50,,93399,16,0,30,2,10,,93427,16,0,30,2,10,,93416,16,0,30,2,5,,93420,16,0,17,2,5,,93462,16,0,30,2,10,,93387,16,0,30,2,10,,93425,16,0,30,2,50,,93373,16,0,30,2,10,,82351,16,0,30,2,10,,93352,16,0,30,2,11,,93444,16,0,30,2,12,,93432,16,0,30,2,50,,93379,16,0,17,2,10,,93435,16,0,17,2
50302,'1',514,,94052,18,0,32 8 19,2,12,,93988,18,0,32 8 19,2,10,,94042,18,0,32 8 19,2,10,,94041,18,0,32 8 19,2,10,,94120,18,0,32 8 19,2,53,,94009,18,0,32 8 19,2,14,,94101,18,0,32 8 19,2,6,,94090,18,0,32 8 19,2,7,,86556,18,0,32 8 19,2,10,,79674,18,0,32 8 19,2,10,,94066,18,0,32 8 19,2,45,,94047,18,0,32 8 19,2,7,,93989,18,0,32 8 19,2,9,,94099,18,0,32 8 19,2,9,,94068,18,0,32 8 19,2,6,,93998,18,0,32 8 19,2,6,,94087,18,0,32 8 19,2,6,,94116,18,0,32 8 19,2,6,,94020,18,0,32 8 19,2,6,,94029,18,0,32 8 19,2,46,,94082,18,0,32 8 19,2,6,,94113,18,0,32 8 19,2,6,,94007,18,0,32 8 19,2,6,,94062,18,0,32 8 19,2,6,,94073,18,0,32 8 19,2,6,,94105,18,0,32 8 19,2,6,,94078,18,0,32 8 19,2,6,,94005,18,0,32 8 19,2,6,,94121,18,0,32 8 19,2,6,,94088,18,0,32 8 19,2,46,,94057,18,0,32 8 19,2,6,,94044,18,0,32 8 19,2,6,,94123,18,0,32 8 19,2,6,,94010,18,0,32 8 19,2,6,,94085,18,0,32 8 19,2,6,,94081,18,0,32 8 19,2,6,,94128,18,0,32 8 19,2,6,,94043,18,0,32 8 19,2,6,,93994,18,0,32 8 19,2,7,,94000,18,0,32 8 19,2,50,,94100,18,0,32 8 19,2,10,,94130,18,0,32 8 19,2,10,,94040,18,0,32 8 19,2,10,,94023,18,0,32 8 19,2,10,,94079,18,0,32 8 19,2,10,,94131,18,0,32 8 19,2,50,,94129,18,0,32 8 19,2,10,,94086,18,0,32 8 19,2,10,,94080,18,0,32 8 19,2,10,,94114,18,0,32 8 19,2,10,,94127,18,0,32 8 19,2,10,,94054,18,0,32 8 19,2,50,,94067,18,0,32 8 19,2,10,,94017,18,0,32 8 19,2,10,,94072,18,0,32 8 19,2,10,,94038,18,0,32 8 19,2,10,,94109,18,0,32 8 19,2,10,,94034,18,0,32 8 19,2,50,,94016,18,0,32 8 19,2,10,,94094,18,0,32 8 19,2,10,,94026,18,0,32 8 19,2,10,,93995,18,0,32 8 19,2,10,,94001,18,0,32 8 19,2,10,,94098,18,0,32 8 19,2,50,,94058,18,0,32 8 19,2,10,,94107,18,0,32 8 19,2,10,,94119,18,0,32 8 19,2,10,,94103,18,0,32 8 19,2,10,,94003,18,0,32 8 19,2,53,,94045,18,0,32 8 19,2,9,,94069,18,0,32 8 19,2,6,,94033,18,0,32 8 19,2,6,,94077,18,0,32 8 19,2,6,,94093,18,0,32 8 19,2,6,,94013,18,0,32 8 19,2,8,,94050,18,0,32 8 19,2,8,,94056,18,0,32 8 19,2,8,,94074,18,0,32 8 19,2,46,,89064,18,0,32 8 19,2,6,,94076,18,0,32 8 19,2,6,,93997,18,0,32 8 19,2,6,,94048,18,0,32 8 19,2,6,,94111,18,0,32 8 19,2,6,,94089,18,0,32 8 19,2,6,,79538,18,0,32 8 19,2,6,,94014,18,0,32 8 19,2,6,,94046,18,0,32 8 19,2,6,,94095,18,0,32 8 19,2,46,,94084,18,0,32 8 19,2,6,,94021,18,0,32 8 19,2,6,,94092,18,0,32 8 19,2,6,,94108,18,0,32 8 19,2,6,,93992,18,0,32 8 19,2,6,,94070,18,0,32 8 19,2,6,,94071,18,0,32 8 19,2,6,,94083,18,0,32 8 19,2,6,,94049,18,0,32 8 19,2,6,,94018,18,0,32 8 19,2,58,,94012,18,0,32 8 19,2,6,,94055,18,0,32 8 19,2,6,,94039,18,0,32 8 19,2,6,,94004,18,0,32 8 19,2,6,,94075,18,0,32 8 19,2,4,,94112,18,0,32 8 19,2,4,,94008,18,0,32 8 19,2,7,,94106,18,0,32 8 19,2,47,,94091,18,0,32 8 19,2,7,,94022,18,0,32 8 19,2,5,,94104,18,0,32 8 19,2,7,,94037,18,0,32 8 19,2,6,,94019,18,0,32 8 19,2,8,,93999,18,0,32 8 19,2,8,,94053,18,0,32 8 19,2,8,,94118,18,0,32 8 19,2,8,,93987,18,0,32 8 19,2,48,,94060,18,0,32 8 19,2,8,,94011,18,0,32 8 19,2,8,,93993,18,0,32 8 19,2,8,,94015,18,0,32 8 19,2,8,,94102,18,0,32 8 19,2,8,,94117,18,0,32 8 19,2,8,,94002,18,0,32 8 19,2,48,,94031,18,0,32 8 19,2,8,,93996,18,0,32 8 19,2,8,,94035,18,0,32 8 19,2,8,,94063,18,0,32 8 19,2,8,,94122,18,0,32 8 19,2,8,,94032,18,0,32 8 19,2,8,,93991,18,0,32 8 19,2,9,,94024,18,0,32 8 19,2,49,,94096,18,0,32 8 19,2,9,,94027,18,0,32 8 19,2,8,,94097,18,0,32 8 19,2,10,,94125,18,0,32 8 19,2,10,,94030,18,0,32 8 19,2,10,,93990,18,0,32 8 19,2,50,,94006,18,0,32 8 19,2,10,,94124,18,0,32 8 19,2,10,,94110,18,0,32 8 19,2,10,,94061,18,0,32 8 19,2,10,,94028,18,0,32 8 19,2,10,,94051,18,0,32 8 19,2,50,,94025,18,0,32 8 19,2,10,,94126,18,0,32 8 19,2,10,,94065,18,0,32 8 19,2,10,,93986,18,0,32 8 19,2,10,,94036,18,0,32 8 19,2,10,,94115,18,0,32 8 19,2,51,,94059,18,0,32 8 19,2,18,,94064,18,0,32 8 19,2
50302,'2',441,,94235,18,0,32 8 19,2,65,,94188,18,0,32 8 19,2,17,,94223,18,0,32 8 19,2,13,,94199,18,0,32 8 19,2,15,,94169,18,0,32 8 19,2,55,,94195,18,0,32 8 19,2,10,,94134,18,0,32 8 19,2,10,,94136,18,0,32 8 19,2,10,,94232,18,0,32 8 19,2,10,,94132,18,0,32 8 19,2,10,,94178,18,0,32 8 19,2,50,,94162,18,0,32 8 19,2,10,,94181,18,0,32 8 19,2,10,,94201,18,0,32 8 19,2,10,,94158,18,0,32 8 19,2,10,,94231,18,0,32 8 19,2,10,,94220,18,0,32 8 19,2,50,,94140,18,0,32 8 19,2,12,,94159,18,0,32 8 19,2,12,,94166,18,0,32 8 19,2,10,,94245,18,0,32 8 19,2,9,,94258,18,0,32 8 19,2,9,,77519,18,0,32 8 19,2,49,,94133,18,0,32 8 19,2,10,,94156,18,0,32 8 19,2,10,,94149,18,0,32 8 19,2,10,,94196,18,0,32 8 19,2,10,,94210,18,0,32 8 19,2,10,,94174,18,0,32 8 19,2,50,,94247,18,0,32 8 19,2,10,,94214,18,0,32 8 19,2,10,,94250,18,0,32 8 19,2,10,,94177,18,0,32 8 19,2,10,,94168,18,0,32 8 19,2,10,,94194,18,0,32 8 19,2,50,,94143,18,0,32 8 19,2,10,,94197,18,0,32 8 19,2,10,,94221,18,0,32 8 19,2,11,,94151,18,0,32 8 19,2,10,,94239,18,0,32 8 19,2,10,,94249,18,0,32 8 19,2,50,,94139,18,0,32 8 19,2,5,,94208,18,0,32 8 19,2,7,,94180,18,0,32 8 19,2,10,,94259,18,0,32 8 19,2,10,,94138,18,0,32 8 19,2,8,,94204,18,0,32 8 19,2,8,,94233,18,0,32 8 19,2,56,,94237,18,0,32 8 19,2,8,,94192,18,0,32 8 19,2,8,,76490,18,0,32 8 19,2,8,,94207,18,0,32 8 19,2,8,,94228,18,0,32 8 19,2,8,,94248,18,0,32 8 19,2,48,,94256,18,0,32 8 19,2,8,,94191,18,0,32 8 19,2,8,,94209,18,0,32 8 19,2,8,,94179,18,0,32 8 19,2,8,,94167,18,0,32 8 19,2,8,,94226,18,0,32 8 19,2,8,,94243,18,0,32 8 19,2,8,,94182,18,0,32 8 19,2,48,,94165,18,0,32 8 19,2,8,,94153,18,0,32 8 19,2,8,,94148,18,0,32 8 19,2,8,,94155,18,0,32 8 19,2,8,,94224,18,0,32 8 19,2,8,,94175,18,0,32 8 19,2,8,,94154,18,0,32 8 19,2,48,,94183,18,0,32 8 19,2,8,,94184,18,0,32 8 19,2,8,,94255,18,0,32 8 19,2,8,,94225,18,0,32 8 19,2,8,,94164,18,0,32 8 19,2,8,,94227,18,0,32 8 19,2,8,,94203,18,0,32 8 19,2,8,,94213,18,0,32 8 19,2,48,,94157,18,0,32 8 19,2,8,,94163,18,0,32 8 19,2,8,,94219,18,0,32 8 19,2,8,,94150,18,0,32 8 19,2,8,,94251,18,0,32 8 19,2,8,,94222,18,0,32 8 19,2,8,,94137,18,0,32 8 19,2,48,,94173,18,0,32 8 19,2,8,,94257,18,0,32 8 19,2,16,,94170,18,0,32 8 19,2,8,,94261,18,0,32 8 19,2,8,,94200,18,0,32 8 19,2,8,,94186,18,0,32 8 19,2,9,,94202,18,0,32 8 19,2,49,,94253,18,0,32 8 19,2,9,,94142,18,0,32 8 19,2,8,,94234,18,0,32 8 19,2,9,,94135,18,0,32 8 19,2,9,,94205,18,0,32 8 19,2,10,,94218,18,0,32 8 19,2,50,,94236,18,0,32 8 19,2,10,,94176,18,0,32 8 19,2,10,,94141,18,0,32 8 19,2,10,,79964,18,0,32 8 19,2,10,,94260,18,0,32 8 19,2,10,,94187,18,0,32 8 19,2,50,,94229,18,0,32 8 19,2,10,,94160,18,0,32 8 19,2,10,,94189,18,0,32 8 19,2,10,,94147,18,0,32 8 19,2,10,,94172,18,0,32 8 19,2,10,,94242,18,0,32 8 19,2,50,,94185,18,0,32 8 19,2,11,,94146,18,0,32 8 19,2,11,,94161,18,0,32 8 19,2,10,,94254,18,0,32 8 19,2,10,,94216,18,0,32 8 19,2,10,,94244,18,0,32 8 19,2,50,,94252,18,0,32 8 19,2,10,,94238,18,0,32 8 19,2,10,,94206,18,0,32 8 19,2,10,,94171,18,0,32 8 19,2,10,,94190,18,0,32 8 19,2,10,,94230,18,0,32 8 19,2,50,,94240,18,0,32 8 19,2,10,,94144,18,0,32 8 19,2,10,,94193,18,0,32 8 19,2,10,,94241,18,0,32 8 19,2,10,,94152,18,0,32 8 19,2,10,,94198,18,0,32 8 19,2,50,,94145,18,0,32 8 19,2,10,,94246,18,0,32 8 19,2,10,,94215,18,0,32 8 19,2,10,,94262,18,0,32 8 19,2,10,,94217,18,0,32 8 19,2,8,,94211,18,0,32 8 19,2,8,,94212,18,0,32 8 19,2
50302,'3',509,,94286,18,0,32 8 19,2,21,,94346,18,0,32 8 19,2,20,,94294,18,0,32 8 19,2,60,,94324,18,0,32 8 19,2,20,,80283,18,0,32 8 19,2,10,,94360,18,0,32 8 19,2,10,,94358,18,0,32 8 19,2,50,,94289,18,0,32 8 19,2,10,,94316,18,0,32 8 19,2,10,,94287,18,0,32 8 19,2,10,,94359,18,0,32 8 19,2,10,,94342,18,0,32 8 19,2,10,,94370,18,0,32 8 19,2,52,,94306,18,0,32 8 19,2,12,,94355,18,0,32 8 19,2,11,,94296,18,0,32 8 19,2,11,,94335,18,0,32 8 19,2,9,,94268,18,0,32 8 19,2,8,,94269,18,0,32 8 19,2,48,,94277,18,0,32 8 19,2,10,,94323,18,0,32 8 19,2,10,,94366,18,0,32 8 19,2,10,,94276,18,0,32 8 19,2,10,,75434,18,0,32 8 19,2,10,,94339,18,0,32 8 19,2,50,,94350,18,0,32 8 19,2,10,,94308,18,0,32 8 19,2,10,,94275,18,0,32 8 19,2,10,,94353,18,0,32 8 19,2,10,,94352,18,0,32 8 19,2,10,,94301,18,0,32 8 19,2,50,,94376,18,0,32 8 19,2,10,,94272,18,0,32 8 19,2,10,,94321,18,0,32 8 19,2,10,,94364,18,0,32 8 19,2,10,,94263,18,0,32 8 19,2,10,,94329,18,0,32 8 19,2,50,,94283,18,0,32 8 19,2,9,,94291,18,0,32 8 19,2,9,,94303,18,0,32 8 19,2,10,,94373,18,0,32 8 19,2,9,,94327,18,0,32 8 19,2,9,,80244,18,0,32 8 19,2,10,,94305,18,0,32 8 19,2,50,,94266,18,0,32 8 19,2,10,,94363,18,0,32 8 19,2,10,,94348,18,0,32 8 19,2,10,,94313,18,0,32 8 19,2,10,,94297,18,0,32 8 19,2,10,,94300,18,0,32 8 19,2,50,,94341,18,0,32 8 19,2,10,,94331,18,0,32 8 19,2,10,,94336,18,0,32 8 19,2,10,,94338,18,0,32 8 19,2,10,,94340,18,0,32 8 19,2,10,,94278,18,0,32 8 19,2,50,,94343,18,0,32 8 19,2,10,,94375,18,0,32 8 19,2,10,,94362,18,0,32 8 19,2,10,,94288,18,0,32 8 19,2,10,,94298,18,0,32 8 19,2,10,,94337,18,0,32 8 19,2,50,,94334,18,0,32 8 19,2,10,,94267,18,0,32 8 19,2,10,,94332,18,0,32 8 19,2,10,,94328,18,0,32 8 19,2,10,,94281,18,0,32 8 19,2,10,,94304,18,0,32 8 19,2,50,,94292,18,0,32 8 19,2,10,,94368,18,0,32 8 19,2,10,,94295,18,0,32 8 19,2,10,,85132,18,0,32 8 19,2,10,,94369,18,0,32 8 19,2,10,,94318,18,0,32 8 19,2,50,,94326,18,0,32 8 19,2,10,,94361,18,0,32 8 19,2,10,,94357,18,0,32 8 19,2,20,,94345,18,0,32 8 19,2,10,,94293,18,0,32 8 19,2,50,,94284,18,0,32 8 19,2,11,,94265,18,0,32 8 19,2,11,,94319,18,0,32 8 19,2,12,,94290,18,0,32 8 19,2,10,,94309,18,0,32 8 19,2,50,,94307,18,0,32 8 19,2,10,,94280,18,0,32 8 19,2,10,,94330,18,0,32 8 19,2,10,,94302,18,0,32 8 19,2,10,,94354,18,0,32 8 19,2,10,,67251,18,0,32 8 19,2,50,,94317,18,0,32 8 19,2,10,,94314,18,0,32 8 19,2,10,,82258,18,0,32 8 19,2,10,,94365,18,0,32 8 19,2,10,,94372,18,0,32 8 19,2,10,,94274,18,0,32 8 19,2,50,,94349,18,0,32 8 19,2,10,,94285,18,0,32 8 19,2,12,,94367,18,0,32 8 19,2,11,,94270,18,0,32 8 19,2,6,,94356,18,0,32 8 19,2,10,,94371,18,0,32 8 19,2,50,,94282,18,0,32 8 19,2,10,,94333,18,0,32 8 19,2,10,,94299,18,0,32 8 19,2,10,,94279,18,0,32 8 19,2,10,,94374,18,0,32 8 19,2,10,,94311,18,0,32 8 19,2,50,,94310,18,0,32 8 19,2,10,,94351,18,0,32 8 19,2,10,,94315,18,0,32 8 19,2,10,,87007,18,0,32 8 19,2,10,,94312,18,0,32 8 19,2,10,,94322,18,0,32 8 19,2,50,,94347,18,0,32 8 19,2,12,,94320,18,0,32 8 19,2,8,,94344,18,0,32 8 19,2,10,,94273,18,0,32 8 19,2,10,,94325,18,0,32 8 19,2,13,,94271,18,0,32 8 19,2,54,,94264,18,0,32 8 19,2
50302,'5',509,,94492,18,0,32 8 19,2,21,,94378,18,0,32 8 19,2,20,,94422,18,0,32 8 19,2,60,,94379,18,0,32 8 19,2,20,,94484,18,0,32 8 19,2,10,,94488,18,0,32 8 19,2,10,,94377,18,0,32 8 19,2,50,,94397,18,0,32 8 19,2,10,,94472,18,0,32 8 19,2,10,,94412,18,0,32 8 19,2,10,,94409,18,0,32 8 19,2,10,,94450,18,0,32 8 19,2,10,,94407,18,0,32 8 19,2,52,,94477,18,0,32 8 19,2,12,,94404,18,0,32 8 19,2,11,,94427,18,0,32 8 19,2,11,,94402,18,0,32 8 19,2,9,,94475,18,0,32 8 19,2,8,,94444,18,0,32 8 19,2,48,,94480,18,0,32 8 19,2,10,,94494,18,0,32 8 19,2,10,,94390,18,0,32 8 19,2,10,,94413,18,0,32 8 19,2,10,,94451,18,0,32 8 19,2,10,,94446,18,0,32 8 19,2,50,,94401,18,0,32 8 19,2,10,,94386,18,0,32 8 19,2,10,,87277,18,0,32 8 19,2,10,,94447,18,0,32 8 19,2,10,,94489,18,0,32 8 19,2,10,,94388,18,0,32 8 19,2,50,,94430,18,0,32 8 19,2,10,,94405,18,0,32 8 19,2,10,,94433,18,0,32 8 19,2,10,,94460,18,0,32 8 19,2,10,,94497,18,0,32 8 19,2,10,,94439,18,0,32 8 19,2,50,,94429,18,0,32 8 19,2,9,,94396,18,0,32 8 19,2,9,,94417,18,0,32 8 19,2,10,,94399,18,0,32 8 19,2,9,,94414,18,0,32 8 19,2,9,,94465,18,0,32 8 19,2,10,,94432,18,0,32 8 19,2,50,,94392,18,0,32 8 19,2,10,,94464,18,0,32 8 19,2,10,,94495,18,0,32 8 19,2,10,,94381,18,0,32 8 19,2,10,,94481,18,0,32 8 19,2,10,,94385,18,0,32 8 19,2,50,,94435,18,0,32 8 19,2,10,,94462,18,0,32 8 19,2,10,,94426,18,0,32 8 19,2,10,,94420,18,0,32 8 19,2,10,,94408,18,0,32 8 19,2,10,,94483,18,0,32 8 19,2,50,,94387,18,0,32 8 19,2,10,,94487,18,0,32 8 19,2,10,,94456,18,0,32 8 19,2,10,,94459,18,0,32 8 19,2,10,,94453,18,0,32 8 19,2,10,,94419,18,0,32 8 19,2,50,,94469,18,0,32 8 19,2,10,,94470,18,0,32 8 19,2,10,,94406,18,0,32 8 19,2,10,,94455,18,0,32 8 19,2,10,,94431,18,0,32 8 19,2,10,,94418,18,0,32 8 19,2,50,,94434,18,0,32 8 19,2,10,,94416,18,0,32 8 19,2,10,,94479,18,0,32 8 19,2,10,,94457,18,0,32 8 19,2,10,,94380,18,0,32 8 19,2,10,,94384,18,0,32 8 19,2,50,,94478,18,0,32 8 19,2,10,,94398,18,0,32 8 19,2,10,,94496,18,0,32 8 19,2,10,,94476,18,0,32 8 19,2,10,,94491,18,0,32 8 19,2,10,,94440,18,0,32 8 19,2,50,,94463,18,0,32 8 19,2,11,,94443,18,0,32 8 19,2,11,,94423,18,0,32 8 19,2,12,,94490,18,0,32 8 19,2,10,,94421,18,0,32 8 19,2,50,,94415,18,0,32 8 19,2,10,,94458,18,0,32 8 19,2,10,,94437,18,0,32 8 19,2,10,,94474,18,0,32 8 19,2,10,,94428,18,0,32 8 19,2,10,,94438,18,0,32 8 19,2,50,,94467,18,0,32 8 19,2,10,,94452,18,0,32 8 19,2,10,,94466,18,0,32 8 19,2,10,,94485,18,0,32 8 19,2,10,,94493,18,0,32 8 19,2,10,,94454,18,0,32 8 19,2,50,,94471,18,0,32 8 19,2,10,,94411,18,0,32 8 19,2,12,,94400,18,0,32 8 19,2,11,,94403,18,0,32 8 19,2,6,,94473,18,0,32 8 19,2,10,,94424,18,0,32 8 19,2,50,,94410,18,0,32 8 19,2,10,,94448,18,0,32 8 19,2,10,,94436,18,0,32 8 19,2,10,,94393,18,0,32 8 19,2,10,,94395,18,0,32 8 19,2,10,,94445,18,0,32 8 19,2,50,,94389,18,0,32 8 19,2,10,,94383,18,0,32 8 19,2,10,,94442,18,0,32 8 19,2,10,,94468,18,0,32 8 19,2,10,,94425,18,0,32 8 19,2,10,,94461,18,0,32 8 19,2,50,,94486,18,0,32 8 19,2,12,,94382,18,0,32 8 19,2,8,,94482,18,0,32 8 19,2,10,,94391,18,0,32 8 19,2,10,,94394,18,0,32 8 19,2,13,,94449,18,0,32 8 19,2,54,,94441,18,0,32 8 19,2
