30102,'1',2506,,123701,20,,,2,7,,123680,20,0,17,2,5,,123700,20,,,2,12,,123690,20,,,2,19,,123689,20,,,2,4,,123681,20,0,17,2,51,,123697,20,,,2,10,,123699,20,0,17,2,5,,123683,20,,,2,15,,123695,20,0,17,2,1,,123693,20,,,2,14,,123691,20,,,2,6,,123707,20,0,17,2,49,,123705,20,,,2,15,,123702,20,,,2,15,,123677,20,,,2,15,,123687,20,,,2,55,,123696,20,,,2,15,,123676,20,,,2,15,,123682,20,,,2,15,,123678,20,,,2,55,,123692,20,,,2,9,,123706,20,0,17,2,15,,123708,20,0,17,2,15,,123703,20,0,17,2,15,,123694,20,0,17,2
30102,'2',2513,,123714,20,,,2,11,,123728,20,0,17,2,8,,123736,20,,,2,15,,123710,20,0,17,2,12,,123735,20,,,2,55,,109867,20,,,2,15,,123722,20,,,2,5,,123737,20,0,17,2,10,,123733,20,,,2,5,,123713,20,0,17,2,10,,123718,20,,,2,47,,123719,20,0,17,2,8,,123726,20,,,2,15,,123709,20,,,2,15,,116524,20,,,2,15,,123720,20,,,2,55,,123712,20,,,2,15,,123731,20,,,2,15,,123717,20,,,2,15,,123738,20,,,2,55,,123734,20,0,17,2,15,,123723,20,0,17,2,15,,123721,20,0,17,2,15,,123711,20,0,17,2,49,,123727,20,0,17,2
30102,'3',2505,,123752,20,,,2,24,,123743,20,,,2,15,,123762,20,,,2,15,,123750,20,,,2,47,,123761,20,0,17,2,8,,123766,20,,,2,5,,123755,20,0,17,2,10,,123768,20,,,2,15,,123767,20,,,2,7,,123771,20,0,17,2,8,,123759,20,,,2,47,,123757,20,0,17,2,8,,123763,20,,,2,15,,123772,20,,,2,15,,123745,20,,,2,15,,123748,20,,,2,55,,123741,20,,,2,15,,123770,20,,,2,15,,123749,20,,,2,15,,123740,20,,,2,55,,123747,20,0,17,2,15,,123769,20,0,17,2,15,,123746,20,0,17,2,15,,123754,20,0,17,2,55,,123751,20,0,17,2
30102,'5',2505,,123776,20,,,2,24,,123793,20,,,2,15,,123800,20,,,2,15,,123799,20,,,2,47,,123794,20,0,17,2,8,,123780,20,,,2,5,,123777,20,0,17,2,10,,123779,20,,,2,15,,123791,20,,,2,7,,123801,20,0,17,2,8,,123788,20,,,2,47,,123792,20,0,17,2,8,,123785,20,,,2,15,,123773,20,,,2,15,,123790,20,,,2,15,,123803,20,,,2,55,,123781,20,,,2,15,,123784,20,,,2,15,,123782,20,,,2,15,,123786,20,,,2,55,,123783,20,0,17,2,15,,123778,20,0,17,2,15,,123502,20,0,17,2,15,,123775,20,0,17,2,55,,123802,20,0,17,2
50102,'1',524,,125421,20,0,30,2,10,,125328,20,0,30,2,10,,125395,20,0,30,2,10,,125317,20,0,30,2,50,,125425,20,0,30,2,10,,125347,20,0,30,2,10,,125375,20,0,30,2,10,,125405,20,0,30,2,10,,125410,20,0,30,2,10,,125345,20,0,30,2,50,,125404,20,0,30,2,10,,125378,20,0,30,2,10,,125323,20,0,30,2,10,,125394,20,0,30,2,10,,125319,20,0,30,2,11,,125312,20,0,30,2,51,,125365,20,0,30,2,11,,125315,20,0,30,2,10,,125356,20,0,30,2,10,,125433,20,0,30,2,10,,125406,20,0,30,2,10,,125353,20,0,30,2,50,,125341,20,0,30,2,10,,125434,20,0,30,2,10,,125431,20,0,30,2,10,,125377,20,0,30,2,10,,125329,20,0,30,2,10,,125322,20,0,30,2,50,,125423,20,0,30,2,10,,125313,20,0,30,2,10,,125358,20,0,30,2,10,,125435,20,0,30,2,10,,125369,20,0,30,2,10,,125408,20,0,30,2,50,,125402,20,0,30,2,10,,125419,20,0,30,2,10,,125381,20,0,30,2,10,,125409,20,0,30,2,10,,125407,20,0,30,2,10,,125354,20,0,30,2,50,,125413,20,0,30,2,10,,125334,20,0,30,2,10,,125314,20,0,30,2,10,,125327,20,0,30,2,10,,125348,20,0,30,2,10,,125310,20,0,30,2,50,,125391,20,0,30,2,10,,125339,20,0,30,2,10,,125376,20,0,30,2,10,,125344,20,0,30,2,10,,125422,20,0,30,2,10,,125370,20,0,30,2,50,,125311,20,0,30,2,10,,125361,20,0,30,2,10,,125383,20,0,30,2,10,,125393,20,0,30,2,10,,125336,20,0,30,2,10,,125338,20,0,30,2,50,,125427,20,0,30,2,10,,125412,20,0,30,2,10,,125411,20,0,30,2,10,,125436,20,0,30,2,10,,125415,20,0,30,2,10,,125316,20,0,30,2,50,,125373,20,0,30,2,10,,125337,20,0,30,2,10,,125368,20,0,30,2,10,,125400,20,0,30,2,10,,125340,20,0,30,2,10,,125379,20,0,30,2,50,,125359,20,0,30,2,10,,125390,20,0,30,2,10,,125367,20,0,17,2,10,,125342,20,0,30,2,10,,125385,20,0,30,2,10,,125360,20,0,30,2,50,,125321,20,0,30,2,10,,125387,20,0,30,2,10,,125397,20,0,30,2,10,,125350,20,0,30,2,10,,125372,20,0,30,2,10,,125335,20,0,30,2,50,,125384,20,0,30,2,10,,125332,20,0,30,2,10,,125331,20,0,30,2,9,,125424,20,0,30,2,10,,125426,20,0,30,2,10,,125437,20,0,30,2,50,,125420,20,0,30,2,10,,125351,20,0,30,2,10,,125398,20,0,30,2,10,,125371,20,0,30,2,10,,125355,20,0,30,2,10,,125418,20,0,30,2,50,,125309,20,0,30,2,10,,125330,20,0,30,2,5,,125386,20,0,17,2,5,,125382,20,0,30,2,10,,125364,20,0,30,2,10,,125352,20,0,30,2,10,,125429,20,0,30,2,50,,125389,20,0,30,2,6,,125362,20,0,30,2,6,,125396,20,0,17,2,9,,125324,20,0,30,2,8,,125388,20,0,30,2,10,,125325,20,0,30,2,10,,125380,20,0,30,2,50,,125349,20,0,30,2,10,,125366,20,0,30,2,10,,125308,20,0,30,2,10,,125432,20,0,30,2,5,,125403,20,0,17,2,5,,125392,20,0,30,2,10,,125363,20,0,30,2,50,,110404,20,0,30,2,10,,125416,20,0,30,2,10,,125374,20,0,30,2,10,,125326,20,0,30,2,10,,125399,20,0,30,2,10,,125357,20,0,30,2
50102,'2',525,,125462,20,0,30,2,9,,125552,20,0,30,2,9,,125460,20,0,30,2,10,,125450,20,0,30,2,50,,125554,20,0,30,2,10,,125505,20,0,30,2,10,,125458,20,0,30,2,10,,125538,20,0,30,2,10,,125547,20,0,30,2,10,,125451,20,0,30,2,50,,125507,20,0,30,2,10,,125517,20,0,30,2,10,,125457,20,0,30,2,10,,125440,20,0,30,2,10,,113907,20,0,30,2,10,,125571,20,0,30,2,50,,125445,20,0,30,2,13,,125512,20,0,30,2,12,,121730,20,0,30,2,12,,125489,20,0,30,2,11,,125477,20,0,30,2,50,,125570,20,0,30,2,10,,125473,20,0,30,2,10,,125568,20,0,30,2,10,,125553,20,0,30,2,10,,125483,20,0,30,2,10,,125537,20,0,30,2,50,,125479,20,0,30,2,10,,125567,20,0,30,2,10,,125540,20,0,30,2,10,,125497,20,0,30,2,10,,125515,20,0,30,2,10,,125543,20,0,30,2,51,,125495,20,0,30,2,10,,125534,20,0,30,2,11,,125556,20,0,30,2,11,,125480,20,0,30,2,9,,125494,20,0,30,2,9,,125558,20,0,30,2,49,,125469,20,0,30,2,9,,125529,20,0,30,2,9,,125541,20,0,30,2,9,,125453,20,0,30,2,9,,125519,20,0,30,2,9,,125560,20,0,30,2,9,,125530,20,0,30,2,49,,125504,20,0,30,2,9,,125481,20,0,30,2,9,,125533,20,0,30,2,9,,125566,20,0,30,2,9,,125488,20,0,30,2,9,,125514,20,0,30,2,9,,125498,20,0,30,2,49,,125500,20,0,30,2,9,,125468,20,0,30,2,9,,125465,20,0,30,2,9,,125442,20,0,30,2,9,,125564,20,0,30,2,9,,125486,20,0,30,2,49,,125524,20,0,30,2,9,,125490,20,0,30,2,9,,125525,20,0,30,2,9,,125511,20,0,30,2,9,,125572,20,0,30,2,9,,125459,20,0,30,2,9,,125470,20,0,30,2,49,,125563,20,0,30,2,9,,125516,20,0,30,2,9,,114993,20,0,30,2,9,,125448,20,0,30,2,9,,125532,20,0,30,2,9,,125518,20,0,30,2,9,,125544,20,0,30,2,49,,125452,20,0,30,2,9,,125513,20,0,30,2,9,,125550,20,0,30,2,9,,125548,20,0,30,2,9,,125561,20,0,30,2,9,,125502,20,0,30,2,49,,125522,20,0,30,2,9,,125527,20,0,30,2,9,,125493,20,0,30,2,9,,125559,20,0,30,2,9,,125444,20,0,30,2,9,,125499,20,0,30,2,9,,125443,20,0,30,2,49,,125438,20,0,30,2,8,,125471,20,0,30,2,9,,125562,20,0,30,2,9,,125503,20,0,30,2,9,,125557,20,0,30,2,10,,125472,20,0,30,2,10,,125569,20,0,30,2,50,,125467,20,0,30,2,5,,125478,20,0,17,2,5,,125565,20,0,30,2,10,,125454,20,0,30,2,10,,125574,20,0,30,2,10,,125496,20,0,30,2,10,,125539,20,0,30,2,50,,125476,20,0,30,2,10,,125575,20,0,30,2,10,,125484,20,0,30,2,10,,125546,20,0,30,2,10,,113867,20,0,30,2,10,,125535,20,0,30,2,50,,125441,20,0,30,2,8,,125439,20,0,30,2,6,,125528,20,0,17,2,8,,125485,20,0,30,2,10,,125523,20,0,30,2,10,,125455,20,0,30,2,50,,125447,20,0,30,2,10,,125482,20,0,30,2,10,,125521,20,0,30,2,10,,125463,20,0,30,2,10,,125508,20,0,30,2,5,,125526,20,0,17,2,5,,125501,20,0,30,2,5,,125464,20,0,17,2,45,,125461,20,0,30,2,10,,125545,20,0,30,2,10,,125510,20,0,30,2,10,,125446,20,0,30,2,12,,125573,20,0,30,2,13,,125549,20,0,30,2,50,,125456,20,0,17,2,3,,125449,20,0,17,2
50102,'3',525,,125680,20,0,30,2,10,,125643,20,0,30,2,10,,125599,20,0,30,2,10,,125684,20,0,30,2,50,,125677,20,0,30,2,10,,125578,20,0,30,2,10,,125583,20,0,30,2,10,,125669,20,0,30,2,10,,125624,20,0,30,2,10,,125605,20,0,30,2,50,,125639,20,0,30,2,10,,125689,20,0,30,2,10,,125582,20,0,30,2,10,,125609,20,0,30,2,10,,125671,20,0,30,2,10,,125612,20,0,30,2,52,,125700,20,0,30,2,11,,125617,20,0,30,2,11,,125673,20,0,30,2,10,,125646,20,0,30,2,10,,125637,20,0,30,2,8,,125696,20,0,30,2,50,,125642,20,0,30,2,10,,125631,20,0,30,2,10,,125641,20,0,30,2,10,,125576,20,0,30,2,10,,125685,20,0,30,2,10,,125604,20,0,30,2,50,,125703,20,0,30,2,10,,125579,20,0,30,2,10,,125588,20,0,30,2,10,,125663,20,0,30,2,10,,121822,20,0,30,2,11,,125668,20,0,30,2,50,,125613,20,0,30,2,10,,125672,20,0,30,2,12,,125619,20,0,30,2,10,,125666,20,0,30,2,10,,125675,20,0,30,2,50,,125608,20,0,30,2,10,,125652,20,0,30,2,10,,125598,20,0,30,2,10,,125662,20,0,30,2,10,,125679,20,0,30,2,10,,125628,20,0,30,2,50,,125701,20,0,30,2,10,,125587,20,0,30,2,10,,125695,20,0,30,2,10,,125627,20,0,30,2,10,,125632,20,0,30,2,10,,125657,20,0,30,2,50,,125592,20,0,30,2,10,,125697,20,0,30,2,10,,125702,20,0,30,2,10,,125591,20,0,30,2,10,,125629,20,0,30,2,10,,125649,20,0,30,2,50,,125647,20,0,30,2,10,,125594,20,0,30,2,10,,125589,20,0,30,2,10,,125635,20,0,30,2,10,,125618,20,0,30,2,10,,115066,20,0,30,2,50,,125704,20,0,30,2,10,,125590,20,0,30,2,10,,125585,20,0,30,2,10,,125692,20,0,30,2,10,,125665,20,0,30,2,10,,125596,20,0,30,2,50,,125678,20,0,30,2,10,,125606,20,0,30,2,10,,125682,20,0,30,2,10,,125611,20,0,30,2,10,,125674,20,0,30,2,10,,125693,20,0,30,2,50,,125686,20,0,30,2,10,,125616,20,0,30,2,10,,125581,20,0,30,2,10,,125688,20,0,30,2,10,,125602,20,0,30,2,10,,125687,20,0,30,2,9,,125667,20,0,30,2,49,,125676,20,0,30,2,8,,125615,20,0,30,2,9,,125638,20,0,30,2,10,,125694,20,0,30,2,10,,125607,20,0,30,2,10,,125648,20,0,30,2,50,,125661,20,0,30,2,10,,125690,20,0,30,2,10,,125683,20,0,30,2,10,,125681,20,0,30,2,6,,125664,20,0,17,2,4,,125645,20,0,30,2,10,,125622,20,0,30,2,50,,125653,20,0,30,2,10,,125626,20,0,30,2,10,,125586,20,0,30,2,10,,120955,20,0,30,2,10,,125630,20,0,30,2,10,,125580,20,0,30,2,50,,125610,20,0,30,2,10,,125659,20,0,30,2,6,,125597,20,0,30,2,10,,125640,20,0,30,2,10,,125698,20,0,30,2,10,,125656,20,0,30,2,50,,125636,20,0,30,2,10,,125623,20,0,30,2,10,,125595,20,0,30,2,10,,125601,20,0,30,2,5,,125614,20,0,17,2,5,,125621,20,0,30,2,10,,125705,20,0,30,2,50,,125584,20,0,30,2,10,,125625,20,0,30,2,10,,125650,20,0,30,2,10,,117478,20,0,30,2,11,,125634,20,0,30,2,12,,125633,20,0,30,2,50,,125660,20,0,17,2,16,,125654,20,0,17,2
50102,'5',525,,125715,20,0,30,2,10,,125751,20,0,30,2,10,,125801,20,0,30,2,10,,125744,20,0,30,2,50,,125833,20,0,30,2,10,,125807,20,0,30,2,10,,125802,20,0,30,2,10,,125804,20,0,30,2,10,,125775,20,0,30,2,10,,125780,20,0,30,2,50,,125710,20,0,30,2,10,,125837,20,0,30,2,10,,125746,20,0,30,2,10,,125816,20,0,30,2,10,,125763,20,0,30,2,10,,125734,20,0,30,2,52,,125776,20,0,30,2,11,,125771,20,0,30,2,11,,125794,20,0,30,2,10,,125828,20,0,30,2,10,,125838,20,0,30,2,8,,125760,20,0,30,2,50,,125811,20,0,30,2,10,,125792,20,0,30,2,10,,125757,20,0,30,2,10,,125750,20,0,30,2,10,,125749,20,0,30,2,10,,125831,20,0,30,2,50,,125813,20,0,30,2,10,,125747,20,0,30,2,10,,125791,20,0,30,2,10,,125790,20,0,30,2,10,,125835,20,0,30,2,11,,125773,20,0,30,2,50,,125778,20,0,30,2,10,,125711,20,0,30,2,12,,125762,20,0,30,2,10,,125743,20,0,30,2,10,,125708,20,0,30,2,50,,125815,20,0,30,2,10,,125817,20,0,30,2,10,,125752,20,0,30,2,10,,125793,20,0,30,2,10,,125718,20,0,30,2,10,,125739,20,0,30,2,50,,125774,20,0,30,2,10,,125735,20,0,30,2,10,,125748,20,0,30,2,10,,125808,20,0,30,2,10,,125727,20,0,30,2,10,,125707,20,0,30,2,50,,125827,20,0,30,2,10,,125742,20,0,30,2,10,,125822,20,0,30,2,10,,125834,20,0,30,2,10,,125765,20,0,30,2,10,,125803,20,0,30,2,50,,125781,20,0,30,2,10,,125720,20,0,30,2,10,,125728,20,0,30,2,10,,125733,20,0,30,2,10,,125809,20,0,30,2,10,,125732,20,0,30,2,50,,125796,20,0,30,2,10,,125737,20,0,30,2,10,,125798,20,0,30,2,10,,125806,20,0,30,2,10,,125758,20,0,30,2,10,,125714,20,0,30,2,50,,125754,20,0,30,2,10,,112121,20,0,30,2,10,,125787,20,0,30,2,10,,125782,20,0,30,2,10,,125755,20,0,30,2,10,,125777,20,0,30,2,50,,125819,20,0,30,2,10,,125812,20,0,30,2,10,,125726,20,0,30,2,10,,125770,20,0,30,2,10,,125768,20,0,30,2,10,,125832,20,0,30,2,9,,125814,20,0,30,2,49,,125767,20,0,30,2,8,,125721,20,0,30,2,9,,125723,20,0,30,2,10,,125823,20,0,30,2,10,,125759,20,0,30,2,10,,125785,20,0,30,2,50,,125772,20,0,30,2,10,,125756,20,0,30,2,10,,125821,20,0,30,2,10,,125783,20,0,30,2,6,,125713,20,0,17,2,4,,125745,20,0,30,2,10,,125753,20,0,30,2,50,,125789,20,0,30,2,10,,125824,20,0,30,2,10,,125724,20,0,30,2,10,,125788,20,0,30,2,10,,125706,20,0,30,2,10,,125764,20,0,30,2,50,,125719,20,0,30,2,10,,125784,20,0,30,2,6,,125799,20,0,30,2,10,,125830,20,0,30,2,10,,125740,20,0,30,2,10,,125716,20,0,30,2,50,,125717,20,0,30,2,10,,125797,20,0,30,2,10,,125826,20,0,30,2,10,,125829,20,0,30,2,5,,125820,20,0,17,2,5,,125805,20,0,30,2,10,,125725,20,0,30,2,50,,125800,20,0,30,2,10,,125795,20,0,30,2,10,,125741,20,0,30,2,10,,125722,20,0,30,2,11,,125729,20,0,30,2,12,,125736,20,0,30,2,50,,125761,20,0,17,2,16,,125818,20,0,17,2
50302,'1',518,,126375,22,0,32 8 19,2,12,,126469,22,0,32 8 19,2,10,,126383,22,0,32 8 19,2,10,,126434,22,0,32 8 19,2,50,,126433,22,0,32 8 19,2,13,,126488,22,0,32 8 19,2,8,,126421,22,0,32 8 19,2,6,,126506,22,0,32 8 19,2,6,,126445,22,0,32 8 19,2,7,,110381,22,0,32 8 19,2,10,,126500,22,0,32 8 19,2,5,,126476,22,0,32 8 19,2,45,,126514,22,0,32 8 19,2,5,,126479,22,0,32 8 19,2,6,,126403,22,0,32 8 19,2,9,,126498,22,0,32 8 19,2,7,,126507,22,0,32 8 19,2,5,,126393,22,0,32 8 19,2,5,,126408,22,0,32 8 19,2,6,,126424,22,0,32 8 19,2,6,,115562,22,0,32 8 19,2,6,,126478,22,0,32 8 19,2,46,,126459,22,0,32 8 19,2,6,,126516,22,0,32 8 19,2,6,,126451,22,0,32 8 19,2,6,,126503,22,0,32 8 19,2,6,,126485,22,0,32 8 19,2,6,,126481,22,0,32 8 19,2,6,,126415,22,0,32 8 19,2,6,,126419,22,0,32 8 19,2,6,,126404,22,0,32 8 19,2,6,,126430,22,0,32 8 19,2,46,,126465,22,0,32 8 19,2,6,,126426,22,0,32 8 19,2,6,,109684,22,0,32 8 19,2,6,,126436,22,0,32 8 19,2,6,,126420,22,0,32 8 19,2,6,,126399,22,0,32 8 19,2,6,,126489,22,0,32 8 19,2,6,,126518,22,0,32 8 19,2,6,,126456,22,0,32 8 19,2,6,,126509,22,0,32 8 19,2,47,,126504,22,0,32 8 19,2,10,,126389,22,0,32 8 19,2,10,,126398,22,0,32 8 19,2,10,,126382,22,0,32 8 19,2,10,,111368,22,0,32 8 19,2,10,,126475,22,0,32 8 19,2,50,,126486,22,0,32 8 19,2,10,,126455,22,0,32 8 19,2,10,,126449,22,0,32 8 19,2,10,,126413,22,0,32 8 19,2,10,,126452,22,0,32 8 19,2,10,,126423,22,0,32 8 19,2,50,,126497,22,0,32 8 19,2,10,,126429,22,0,32 8 19,2,10,,126458,22,0,32 8 19,2,10,,126371,22,0,32 8 19,2,10,,126480,22,0,32 8 19,2,10,,126438,22,0,32 8 19,2,50,,126402,22,0,32 8 19,2,10,,126387,22,0,32 8 19,2,10,,126521,22,0,32 8 19,2,10,,126502,22,0,32 8 19,2,10,,126373,22,0,32 8 19,2,10,,126410,22,0,32 8 19,2,50,,126495,22,0,32 8 19,2,10,,126508,22,0,32 8 19,2,10,,126418,22,0,32 8 19,2,10,,126473,22,0,32 8 19,2,10,,126460,22,0,32 8 19,2,10,,126417,22,0,32 8 19,2,48,,126446,22,0,32 8 19,2,11,,126510,22,0,32 8 19,2,3,,126483,22,0,32 8 19,2,6,,126390,22,0,32 8 19,2,6,,126397,22,0,32 8 19,2,6,,126515,22,0,32 8 19,2,6,,126470,22,0,32 8 19,2,6,,126474,22,0,32 8 19,2,6,,126462,22,0,32 8 19,2,6,,126457,22,0,32 8 19,2,46,,126374,22,0,32 8 19,2,6,,126379,22,0,32 8 19,2,6,,126411,22,0,32 8 19,2,6,,126381,22,0,32 8 19,2,6,,126428,22,0,32 8 19,2,6,,126440,22,0,32 8 19,2,6,,126431,22,0,32 8 19,2,6,,126395,22,0,32 8 19,2,6,,126392,22,0,32 8 19,2,6,,126425,22,0,32 8 19,2,46,,126439,22,0,32 8 19,2,6,,126432,22,0,32 8 19,2,6,,126377,22,0,32 8 19,2,6,,126466,22,0,32 8 19,2,6,,126414,22,0,32 8 19,2,6,,126394,22,0,32 8 19,2,6,,126386,22,0,32 8 19,2,6,,126453,22,0,32 8 19,2,6,,126463,22,0,32 8 19,2,6,,126441,22,0,32 8 19,2,46,,126472,22,0,32 8 19,2,6,,126447,22,0,32 8 19,2,6,,126372,22,0,32 8 19,2,6,,126407,22,0,32 8 19,2,6,,126471,22,0,32 8 19,2,6,,126490,22,0,32 8 19,2,6,,126511,22,0,32 8 19,2,7,,126454,22,0,32 8 19,2,7,,126376,22,0,32 8 19,2,7,,126464,22,0,32 8 19,2,47,,126520,22,0,32 8 19,2,7,,126388,22,0,32 8 19,2,5,,126435,22,0,32 8 19,2,7,,126450,22,0,32 8 19,2,6,,126491,22,0,32 8 19,2,7,,126513,22,0,32 8 19,2,8,,126380,22,0,32 8 19,2,8,,126448,22,0,32 8 19,2,48,,126400,22,0,32 8 19,2,8,,126422,22,0,32 8 19,2,8,,126467,22,0,32 8 19,2,8,,126501,22,0,32 8 19,2,8,,126384,22,0,32 8 19,2,8,,126405,22,0,32 8 19,2,8,,126444,22,0,32 8 19,2,8,,126391,22,0,32 8 19,2,48,,126468,22,0,32 8 19,2,8,,126461,22,0,32 8 19,2,8,,126401,22,0,32 8 19,2,8,,126385,22,0,32 8 19,2,8,,126443,22,0,32 8 19,2,8,,126494,22,0,32 8 19,2,8,,126499,22,0,32 8 19,2,49,,126442,22,0,32 8 19,2,9,,126396,22,0,32 8 19,2,8,,126409,22,0,32 8 19,2,9,,126493,22,0,32 8 19,2,9,,126505,22,0,32 8 19,2,10,,126517,22,0,32 8 19,2,10,,126487,22,0,32 8 19,2,50,,126492,22,0,32 8 19,2,10,,126406,22,0,32 8 19,2,10,,126484,22,0,32 8 19,2,10,,126496,22,0,32 8 19,2,10,,126482,22,0,32 8 19,2,10,,126477,22,0,32 8 19,2,50,,126412,22,0,32 8 19,2,10,,126427,22,0,32 8 19,2,10,,126416,22,0,32 8 19,2,10,,126512,22,0,32 8 19,2,14,,126378,22,0,32 8 19,2,57,,126519,22,0,32 8 19,2,17,,126437,22,0,32 8 19,2
50302,'2',444,,126633,22,0,32 8 19,2,10,,126624,22,0,32 8 19,2,50,,119310,22,0,32 8 19,2,10,,126538,22,0,32 8 19,2,8,,126530,22,0,32 8 19,2,8,,126562,22,0,32 8 19,2,9,,126628,22,0,32 8 19,2,10,,126605,22,0,32 8 19,2,10,,126570,22,0,32 8 19,2,50,,126629,22,0,32 8 19,2,10,,126604,22,0,32 8 19,2,10,,126592,22,0,32 8 19,2,10,,126616,22,0,32 8 19,2,10,,126601,22,0,32 8 19,2,10,,126552,22,0,32 8 19,2,50,,126563,22,0,32 8 19,2,10,,126631,22,0,32 8 19,2,10,,126646,22,0,32 8 19,2,10,,126589,22,0,32 8 19,2,10,,126637,22,0,32 8 19,2,10,,126544,22,0,32 8 19,2,50,,126621,22,0,32 8 19,2,12,,126571,22,0,32 8 19,2,12,,126523,22,0,32 8 19,2,11,,126540,22,0,32 8 19,2,9,,126617,22,0,32 8 19,2,49,,126600,22,0,32 8 19,2,9,,126549,22,0,32 8 19,2,10,,126630,22,0,32 8 19,2,10,,126529,22,0,32 8 19,2,10,,126564,22,0,32 8 19,2,10,,126585,22,0,32 8 19,2,50,,126642,22,0,32 8 19,2,10,,126643,22,0,32 8 19,2,10,,126620,22,0,32 8 19,2,10,,126546,22,0,32 8 19,2,10,,126545,22,0,32 8 19,2,10,,126652,22,0,32 8 19,2,50,,126614,22,0,32 8 19,2,10,,126644,22,0,32 8 19,2,10,,126567,22,0,32 8 19,2,10,,126550,22,0,32 8 19,2,11,,126578,22,0,32 8 19,2,5,,126627,22,0,32 8 19,2,5,,126528,22,0,32 8 19,2,50,,126533,22,0,32 8 19,2,10,,126581,22,0,32 8 19,2,10,,126573,22,0,32 8 19,2,6,,126575,22,0,32 8 19,2,5,,126557,22,0,32 8 19,2,10,,126560,22,0,32 8 19,2,10,,126655,22,0,32 8 19,2,50,,126597,22,0,32 8 19,2,5,,126558,22,0,32 8 19,2,5,,126622,22,0,32 8 19,2,10,,126579,22,0,32 8 19,2,8,,126569,22,0,32 8 19,2,8,,126648,22,0,32 8 19,2,8,,126525,22,0,32 8 19,2,8,,126548,22,0,32 8 19,2,48,,126531,22,0,32 8 19,2,8,,126522,22,0,32 8 19,2,8,,126645,22,0,32 8 19,2,8,,126638,22,0,32 8 19,2,8,,126611,22,0,32 8 19,2,8,,126590,22,0,32 8 19,2,8,,126619,22,0,32 8 19,2,8,,126591,22,0,32 8 19,2,48,,126607,22,0,32 8 19,2,8,,126657,22,0,32 8 19,2,8,,126568,22,0,32 8 19,2,8,,126634,22,0,32 8 19,2,8,,126539,22,0,32 8 19,2,8,,126626,22,0,32 8 19,2,8,,126647,22,0,32 8 19,2,48,,126583,22,0,32 8 19,2,8,,126524,22,0,32 8 19,2,8,,126536,22,0,32 8 19,2,8,,112405,22,0,32 8 19,2,8,,111586,22,0,32 8 19,2,8,,126559,22,0,32 8 19,2,8,,126588,22,0,32 8 19,2,8,,115036,22,0,32 8 19,2,48,,126615,22,0,32 8 19,2,8,,126640,22,0,32 8 19,2,8,,126602,22,0,32 8 19,2,8,,126654,22,0,32 8 19,2,8,,126582,22,0,32 8 19,2,8,,126561,22,0,32 8 19,2,8,,126595,22,0,32 8 19,2,48,,126553,22,0,32 8 19,2,8,,126598,22,0,32 8 19,2,8,,126599,22,0,32 8 19,2,8,,126534,22,0,32 8 19,2,8,,126577,22,0,32 8 19,2,8,,126527,22,0,32 8 19,2,8,,126610,22,0,32 8 19,2,49,,126576,22,0,32 8 19,2,9,,126580,22,0,32 8 19,2,9,,126584,22,0,32 8 19,2,9,,126650,22,0,32 8 19,2,9,,126547,22,0,32 8 19,2,9,,126649,22,0,32 8 19,2,10,,126635,22,0,32 8 19,2,50,,126532,22,0,32 8 19,2,10,,126542,22,0,32 8 19,2,10,,126639,22,0,32 8 19,2,10,,126574,22,0,32 8 19,2,10,,126594,22,0,32 8 19,2,10,,126606,22,0,32 8 19,2,50,,126572,22,0,32 8 19,2,10,,126618,22,0,32 8 19,2,10,,126612,22,0,32 8 19,2,10,,126554,22,0,32 8 19,2,10,,126603,22,0,32 8 19,2,10,,126632,22,0,32 8 19,2,50,,126651,22,0,32 8 19,2,11,,126608,22,0,32 8 19,2,10,,126586,22,0,32 8 19,2,10,,126613,22,0,32 8 19,2,10,,126587,22,0,32 8 19,2,10,,126551,22,0,32 8 19,2,50,,126541,22,0,32 8 19,2,10,,126535,22,0,32 8 19,2,10,,126543,22,0,32 8 19,2,10,,126625,22,0,32 8 19,2,10,,126609,22,0,32 8 19,2,10,,126656,22,0,32 8 19,2,50,,126526,22,0,32 8 19,2,10,,126623,22,0,32 8 19,2,10,,126537,22,0,32 8 19,2,10,,126556,22,0,32 8 19,2,10,,126555,22,0,32 8 19,2,10,,126636,22,0,32 8 19,2,50,,126596,22,0,32 8 19,2,10,,126641,22,0,32 8 19,2,10,,126565,22,0,32 8 19,2,10,,111498,22,0,32 8 19,2,10,,126653,22,0,32 8 19,2,8,,126566,22,0,32 8 19,2,48,,126593,22,0,32 8 19,2
50302,'3',512,,126699,22,0,32 8 19,2,11,,126733,22,0,32 8 19,2,10,,126666,22,0,32 8 19,2,10,,126673,22,0,32 8 19,2,10,,126724,22,0,32 8 19,2,50,,126682,22,0,32 8 19,2,10,,126758,22,0,32 8 19,2,10,,126662,22,0,32 8 19,2,10,,126688,22,0,32 8 19,2,10,,126762,22,0,32 8 19,2,10,,126692,22,0,32 8 19,2,50,,126748,22,0,32 8 19,2,10,,126669,22,0,32 8 19,2,10,,126766,22,0,32 8 19,2,10,,126730,22,0,32 8 19,2,10,,126771,22,0,32 8 19,2,10,,126768,22,0,32 8 19,2,52,,126678,22,0,32 8 19,2,12,,126770,22,0,32 8 19,2,12,,126725,22,0,32 8 19,2,11,,126700,22,0,32 8 19,2,9,,126751,22,0,32 8 19,2,8,,126671,22,0,32 8 19,2,48,,126729,22,0,32 8 19,2,10,,126683,22,0,32 8 19,2,10,,126767,22,0,32 8 19,2,10,,126679,22,0,32 8 19,2,10,,126745,22,0,32 8 19,2,10,,126701,22,0,32 8 19,2,50,,126769,22,0,32 8 19,2,10,,126728,22,0,32 8 19,2,10,,112614,22,0,32 8 19,2,10,,126674,22,0,32 8 19,2,10,,126696,22,0,32 8 19,2,10,,126722,22,0,32 8 19,2,50,,126735,22,0,32 8 19,2,10,,126753,22,0,32 8 19,2,10,,126727,22,0,32 8 19,2,10,,126743,22,0,32 8 19,2,10,,126712,22,0,32 8 19,2,10,,126742,22,0,32 8 19,2,50,,126736,22,0,32 8 19,2,9,,126685,22,0,32 8 19,2,9,,126705,22,0,32 8 19,2,10,,126721,22,0,32 8 19,2,9,,126744,22,0,32 8 19,2,9,,126706,22,0,32 8 19,2,50,,126726,22,0,32 8 19,2,10,,126763,22,0,32 8 19,2,10,,126756,22,0,32 8 19,2,10,,126677,22,0,32 8 19,2,10,,126665,22,0,32 8 19,2,10,,126675,22,0,32 8 19,2,50,,126676,22,0,32 8 19,2,10,,126740,22,0,32 8 19,2,10,,126667,22,0,32 8 19,2,10,,126689,22,0,32 8 19,2,10,,126697,22,0,32 8 19,2,10,,126732,22,0,32 8 19,2,50,,126749,22,0,32 8 19,2,10,,108420,22,0,32 8 19,2,10,,126708,22,0,32 8 19,2,10,,126714,22,0,32 8 19,2,10,,126750,22,0,32 8 19,2,10,,126710,22,0,32 8 19,2,50,,126711,22,0,32 8 19,2,10,,126773,22,0,32 8 19,2,10,,126659,22,0,32 8 19,2,10,,126741,22,0,32 8 19,2,10,,126693,22,0,32 8 19,2,10,,126684,22,0,32 8 19,2,50,,126680,22,0,32 8 19,2,10,,126661,22,0,32 8 19,2,10,,126694,22,0,32 8 19,2,10,,126746,22,0,32 8 19,2,10,,126772,22,0,32 8 19,2,10,,126765,22,0,32 8 19,2,50,,126761,22,0,32 8 19,2,10,,126734,22,0,32 8 19,2,10,,126754,22,0,32 8 19,2,10,,126764,22,0,32 8 19,2,10,,126668,22,0,32 8 19,2,10,,126760,22,0,32 8 19,2,50,,126731,22,0,32 8 19,2,10,,126779,22,0,32 8 19,2,11,,126709,22,0,32 8 19,2,11,,126737,22,0,32 8 19,2,12,,126717,22,0,32 8 19,2,10,,126719,22,0,32 8 19,2,50,,126707,22,0,32 8 19,2,10,,126663,22,0,32 8 19,2,10,,126670,22,0,32 8 19,2,10,,126739,22,0,32 8 19,2,10,,126759,22,0,32 8 19,2,10,,113315,22,0,32 8 19,2,50,,126774,22,0,32 8 19,2,10,,126702,22,0,32 8 19,2,10,,126738,22,0,32 8 19,2,10,,126691,22,0,32 8 19,2,10,,126660,22,0,32 8 19,2,10,,126687,22,0,32 8 19,2,50,,126686,22,0,32 8 19,2,10,,126747,22,0,32 8 19,2,11,,126718,22,0,32 8 19,2,11,,118820,22,0,32 8 19,2,6,,126777,22,0,32 8 19,2,10,,126713,22,0,32 8 19,2,50,,126690,22,0,32 8 19,2,10,,126672,22,0,32 8 19,2,10,,126716,22,0,32 8 19,2,10,,126698,22,0,32 8 19,2,10,,126715,22,0,32 8 19,2,10,,126703,22,0,32 8 19,2,50,,126775,22,0,32 8 19,2,10,,126704,22,0,32 8 19,2,10,,126755,22,0,32 8 19,2,10,,126681,22,0,32 8 19,2,10,,126757,22,0,32 8 19,2,10,,126723,22,0,32 8 19,2,50,,126664,22,0,32 8 19,2,10,,126695,22,0,32 8 19,2,10,,126752,22,0,32 8 19,2,10,,126658,22,0,32 8 19,2,10,,126776,22,0,32 8 19,2,13,,126778,22,0,32 8 19,2,54,,126720,22,0,32 8 19,2
50302,'5',512,,122246,22,0,32 8 19,2,11,,126803,22,0,32 8 19,2,10,,126879,22,0,32 8 19,2,10,,126871,22,0,32 8 19,2,10,,126857,22,0,32 8 19,2,50,,126891,22,0,32 8 19,2,10,,126814,22,0,32 8 19,2,10,,126833,22,0,32 8 19,2,10,,126797,22,0,32 8 19,2,10,,126888,22,0,32 8 19,2,10,,126885,22,0,32 8 19,2,50,,126828,22,0,32 8 19,2,10,,126856,22,0,32 8 19,2,10,,126810,22,0,32 8 19,2,10,,126780,22,0,32 8 19,2,10,,126817,22,0,32 8 19,2,10,,126886,22,0,32 8 19,2,52,,112772,22,0,32 8 19,2,12,,119835,22,0,32 8 19,2,12,,126860,22,0,32 8 19,2,11,,126822,22,0,32 8 19,2,9,,126820,22,0,32 8 19,2,8,,126787,22,0,32 8 19,2,48,,126830,22,0,32 8 19,2,10,,126832,22,0,32 8 19,2,10,,126845,22,0,32 8 19,2,10,,111071,22,0,32 8 19,2,10,,126865,22,0,32 8 19,2,10,,126883,22,0,32 8 19,2,50,,126872,22,0,32 8 19,2,10,,126876,22,0,32 8 19,2,10,,126796,22,0,32 8 19,2,10,,106095,22,0,32 8 19,2,10,,126864,22,0,32 8 19,2,10,,126878,22,0,32 8 19,2,50,,126866,22,0,32 8 19,2,10,,126808,22,0,32 8 19,2,10,,126873,22,0,32 8 19,2,10,,126839,22,0,32 8 19,2,10,,126875,22,0,32 8 19,2,10,,126818,22,0,32 8 19,2,50,,126802,22,0,32 8 19,2,9,,126868,22,0,32 8 19,2,9,,126896,22,0,32 8 19,2,10,,126782,22,0,32 8 19,2,9,,126867,22,0,32 8 19,2,9,,126846,22,0,32 8 19,2,50,,126881,22,0,32 8 19,2,10,,126854,22,0,32 8 19,2,10,,126819,22,0,32 8 19,2,10,,126882,22,0,32 8 19,2,10,,126852,22,0,32 8 19,2,10,,126783,22,0,32 8 19,2,50,,126791,22,0,32 8 19,2,10,,126847,22,0,32 8 19,2,10,,109086,22,0,32 8 19,2,10,,126823,22,0,32 8 19,2,10,,126893,22,0,32 8 19,2,10,,126829,22,0,32 8 19,2,50,,126855,22,0,32 8 19,2,10,,126853,22,0,32 8 19,2,10,,126835,22,0,32 8 19,2,10,,126840,22,0,32 8 19,2,10,,126825,22,0,32 8 19,2,10,,126858,22,0,32 8 19,2,50,,126877,22,0,32 8 19,2,10,,126880,22,0,32 8 19,2,10,,126849,22,0,32 8 19,2,10,,126834,22,0,32 8 19,2,10,,126859,22,0,32 8 19,2,10,,126815,22,0,32 8 19,2,50,,126807,22,0,32 8 19,2,10,,126824,22,0,32 8 19,2,10,,126841,22,0,32 8 19,2,10,,126869,22,0,32 8 19,2,10,,126874,22,0,32 8 19,2,10,,116124,22,0,32 8 19,2,50,,126827,22,0,32 8 19,2,10,,126842,22,0,32 8 19,2,10,,126844,22,0,32 8 19,2,10,,126781,22,0,32 8 19,2,10,,126826,22,0,32 8 19,2,10,,126812,22,0,32 8 19,2,50,,126801,22,0,32 8 19,2,10,,126884,22,0,32 8 19,2,11,,126894,22,0,32 8 19,2,11,,126813,22,0,32 8 19,2,12,,126821,22,0,32 8 19,2,10,,126811,22,0,32 8 19,2,50,,126806,22,0,32 8 19,2,10,,126799,22,0,32 8 19,2,10,,126890,22,0,32 8 19,2,10,,126892,22,0,32 8 19,2,10,,126805,22,0,32 8 19,2,10,,126870,22,0,32 8 19,2,50,,126836,22,0,32 8 19,2,10,,126831,22,0,32 8 19,2,10,,126785,22,0,32 8 19,2,10,,113446,22,0,32 8 19,2,10,,126850,22,0,32 8 19,2,10,,126862,22,0,32 8 19,2,50,,126809,22,0,32 8 19,2,10,,126790,22,0,32 8 19,2,11,,126887,22,0,32 8 19,2,11,,126895,22,0,32 8 19,2,6,,126838,22,0,32 8 19,2,10,,126837,22,0,32 8 19,2,50,,126798,22,0,32 8 19,2,10,,126804,22,0,32 8 19,2,10,,126848,22,0,32 8 19,2,10,,126792,22,0,32 8 19,2,10,,113407,22,0,32 8 19,2,10,,126851,22,0,32 8 19,2,50,,126889,22,0,32 8 19,2,10,,126861,22,0,32 8 19,2,10,,126800,22,0,32 8 19,2,10,,126793,22,0,32 8 19,2,10,,126784,22,0,32 8 19,2,10,,126863,22,0,32 8 19,2,50,,126843,22,0,32 8 19,2,10,,126816,22,0,32 8 19,2,10,,126788,22,0,32 8 19,2,10,,126794,22,0,32 8 19,2,10,,126789,22,0,32 8 19,2,13,,126786,22,0,32 8 19,2,54,,126795,22,0,32 8 19,2
