30102,'1',2459,,91377,13,,,2,48,,91373,13,0,17,2,12,,91368,13,,,2,8,,89112,13,0,17,2,12,,91355,13,,,2,8,,91357,13,0,17,2,11,,91364,13,,,2,50,,91353,13,0,17,2,10,,91354,13,,,2,10,,80677,13,0,17,2,10,,91362,13,,,2,5,,91371,13,0,17,2,6,,91372,13,0,17,2,9,,91352,13,,,2,60,,91369,13,,,2,20,,91358,13,,,2,20,,91359,13,,,2,60,,91375,13,,,2,20,,91365,13,,,2,20,,91351,13,,,2,60,,91367,13,0,17,2,20,,91360,13,0,17,2,20,,91370,13,0,17,2
30102,'2',2506,,91397,13,,,2,11,,91388,13,0,17,2,9,,91394,13,,,2,13,,91390,13,0,17,2,9,,91386,13,,,2,10,,91399,13,0,17,2,50,,91408,13,,,2,10,,91404,13,0,17,2,10,,91391,13,,,2,10,,91381,13,0,17,2,10,,91402,13,,,2,10,,91395,13,0,17,2,50,,91401,13,,,2,20,,91407,13,,,2,20,,91387,13,,,2,60,,91384,13,,,2,20,,91400,13,,,2,20,,91403,13,,,2,60,,91383,13,0,17,2,20,,91406,13,0,17,2,20,,91385,13,0,17,2,60,,91405,13,0,17,2
30102,'3',2459,,91431,13,,,2,62,,91415,13,,,2,10,,91417,13,0,17,2,12,,91424,13,,,2,10,,91419,13,0,17,2,50,,91432,13,,,2,10,,91412,13,0,17,2,10,,91420,13,,,2,10,,91418,13,0,17,2,10,,91422,13,,,2,60,,91409,13,,,2,20,,91411,13,,,2,20,,91410,13,,,2,60,,82311,13,,,2,20,,91423,13,,,2,20,,91429,13,,,2,60,,91433,13,0,17,2,20,,91426,13,0,17,2,20,,91435,13,0,17,2,60,,91434,13,0,17,2
30102,'5',2459,,91451,13,,,2,62,,91442,13,,,2,10,,91443,13,0,17,2,12,,91462,13,,,2,10,,91459,13,0,17,2,50,,91460,13,,,2,10,,91439,13,0,17,2,10,,91457,13,,,2,10,,91444,13,0,17,2,10,,91455,13,,,2,60,,91438,13,,,2,20,,91440,13,,,2,20,,87157,13,,,2,60,,91449,13,,,2,20,,91452,13,,,2,20,,91453,13,,,2,60,,91456,13,0,17,2,20,,91458,13,0,17,2,20,,91441,13,0,17,2,60,,91448,13,0,17,2
50102,'1',517,,93075,13,0,30,2,10,,92970,13,0,30,2,10,,92983,13,0,30,2,10,,92965,13,0,30,2,10,,93053,13,0,30,2,50,,92996,13,0,30,2,10,,93025,13,0,30,2,10,,93011,13,0,30,2,10,,93034,13,0,30,2,10,,92953,13,0,30,2,10,,92976,13,0,30,2,50,,93070,13,0,30,2,10,,92971,13,0,30,2,10,,92995,13,0,30,2,10,,92959,13,0,30,2,11,,92989,13,0,30,2,11,,93042,13,0,30,2,50,,92993,13,0,30,2,10,,92988,13,0,30,2,10,,78637,13,0,30,2,10,,92985,13,0,30,2,10,,93072,13,0,30,2,10,,92973,13,0,30,2,50,,93047,13,0,30,2,10,,93031,13,0,30,2,10,,92975,13,0,30,2,10,,93008,13,0,30,2,10,,92963,13,0,30,2,10,,92978,13,0,30,2,50,,92984,13,0,30,2,10,,93028,13,0,30,2,10,,93063,13,0,30,2,10,,92986,13,0,30,2,10,,92994,13,0,30,2,10,,92961,13,0,30,2,50,,93010,13,0,30,2,10,,92954,13,0,30,2,10,,93069,13,0,30,2,10,,93049,13,0,30,2,10,,93062,13,0,30,2,10,,93030,13,0,30,2,50,,92982,13,0,30,2,10,,93035,13,0,30,2,10,,93009,13,0,30,2,10,,92956,13,0,30,2,10,,92992,13,0,30,2,10,,93029,13,0,30,2,50,,93021,13,0,30,2,10,,92998,13,0,30,2,10,,93019,13,0,30,2,10,,92999,13,0,30,2,10,,93060,13,0,30,2,10,,92981,13,0,30,2,50,,93058,13,0,30,2,10,,92977,13,0,30,2,10,,93013,13,0,30,2,10,,93050,13,0,30,2,10,,93066,13,0,30,2,10,,93038,13,0,30,2,50,,92974,13,0,30,2,10,,93074,13,0,30,2,10,,92968,13,0,30,2,10,,93045,13,0,30,2,10,,93044,13,0,30,2,10,,92990,13,0,30,2,50,,92950,13,0,30,2,10,,93005,13,0,30,2,10,,93000,13,0,30,2,10,,93051,13,0,30,2,10,,93007,13,0,30,2,10,,93001,13,0,30,2,50,,92967,13,0,30,2,10,,93057,13,0,17,2,10,,92969,13,0,30,2,10,,93039,13,0,30,2,10,,93014,13,0,30,2,10,,93036,13,0,30,2,50,,92979,13,0,30,2,10,,93073,13,0,30,2,10,,93023,13,0,30,2,10,,93012,13,0,30,2,10,,93048,13,0,30,2,10,,93017,13,0,30,2,50,,93040,13,0,30,2,10,,88247,13,0,30,2,9,,93006,13,0,30,2,10,,93046,13,0,30,2,10,,92966,13,0,30,2,10,,93033,13,0,30,2,50,,93002,13,0,30,2,10,,93068,13,0,30,2,10,,93016,13,0,30,2,10,,93064,13,0,30,2,10,,92951,13,0,30,2,10,,92957,13,0,30,2,50,,93037,13,0,30,2,5,,93052,13,0,17,2,5,,93043,13,0,30,2,10,,93071,13,0,30,2,10,,93054,13,0,30,2,10,,92949,13,0,30,2,10,,92948,13,0,30,2,47,,93067,13,0,30,2,7,,93004,13,0,17,2,8,,87466,13,0,30,2,9,,92987,13,0,30,2,10,,93024,13,0,30,2,10,,93065,13,0,30,2,10,,93041,13,0,30,2,50,,93022,13,0,30,2,10,,93056,13,0,30,2,10,,92955,13,0,30,2,5,,92960,13,0,17,2,5,,93059,13,0,30,2,10,,93015,13,0,30,2,10,,92980,13,0,30,2,50,,93003,13,0,30,2,10,,92997,13,0,30,2,10,,92958,13,0,30,2,10,,93027,13,0,30,2,10,,93020,13,0,30,2
50102,'2',519,,93079,13,0,30,2,9,,93194,13,0,30,2,9,,93082,13,0,30,2,10,,93088,13,0,30,2,10,,93180,13,0,30,2,50,,93111,13,0,30,2,10,,93155,13,0,30,2,10,,93176,13,0,30,2,10,,93161,13,0,30,2,10,,93141,13,0,30,2,10,,93195,13,0,30,2,50,,93139,13,0,30,2,10,,93158,13,0,30,2,10,,93174,13,0,30,2,10,,93199,13,0,30,2,10,,93126,13,0,30,2,10,,93197,13,0,30,2,52,,93136,13,0,30,2,12,,93131,13,0,30,2,12,,93164,13,0,30,2,10,,93149,13,0,30,2,10,,93096,13,0,30,2,50,,93113,13,0,30,2,10,,93102,13,0,30,2,10,,93115,13,0,30,2,10,,93191,13,0,30,2,10,,93146,13,0,30,2,10,,93087,13,0,30,2,50,,93150,13,0,30,2,10,,93184,13,0,30,2,10,,84134,13,0,30,2,10,,93116,13,0,30,2,10,,93123,13,0,30,2,11,,93154,13,0,30,2,50,,93208,13,0,30,2,11,,93167,13,0,30,2,11,,93100,13,0,30,2,9,,93162,13,0,30,2,9,,93076,13,0,30,2,9,,93207,13,0,30,2,49,,93187,13,0,30,2,9,,93186,13,0,30,2,9,,93118,13,0,30,2,9,,93169,13,0,30,2,9,,93094,13,0,30,2,9,,93135,13,0,30,2,9,,93097,13,0,30,2,49,,93098,13,0,30,2,9,,93153,13,0,30,2,9,,93211,13,0,30,2,9,,93099,13,0,30,2,9,,93114,13,0,30,2,9,,93152,13,0,30,2,9,,93165,13,0,30,2,49,,93089,13,0,30,2,9,,93215,13,0,30,2,9,,93202,13,0,30,2,9,,93148,13,0,30,2,9,,93108,13,0,30,2,9,,93179,13,0,30,2,49,,93107,13,0,30,2,9,,93128,13,0,30,2,9,,93125,13,0,30,2,9,,93190,13,0,30,2,9,,93178,13,0,30,2,9,,93206,13,0,30,2,9,,93119,13,0,30,2,49,,93173,13,0,30,2,9,,93080,13,0,30,2,9,,93203,13,0,30,2,9,,93182,13,0,30,2,9,,93142,13,0,30,2,9,,93163,13,0,30,2,9,,93210,13,0,30,2,49,,93117,13,0,30,2,9,,93156,13,0,30,2,9,,93078,13,0,30,2,9,,93151,13,0,30,2,9,,93103,13,0,30,2,9,,93193,13,0,30,2,49,,93181,13,0,30,2,9,,93166,13,0,30,2,9,,93145,13,0,30,2,9,,93212,13,0,30,2,9,,93091,13,0,30,2,9,,93105,13,0,30,2,9,,93090,13,0,30,2,48,,93106,13,0,30,2,9,,93204,13,0,30,2,9,,93214,13,0,30,2,9,,93121,13,0,30,2,10,,93196,13,0,30,2,10,,93185,13,0,30,2,50,,93168,13,0,30,2,5,,93138,13,0,17,2,5,,93132,13,0,30,2,10,,93140,13,0,30,2,10,,93127,13,0,30,2,10,,93083,13,0,30,2,10,,93189,13,0,30,2,50,,93130,13,0,30,2,10,,93143,13,0,30,2,10,,93192,13,0,30,2,10,,93170,13,0,30,2,10,,93093,13,0,30,2,10,,93081,13,0,30,2,50,,93124,13,0,30,2,9,,93077,13,0,30,2,7,,93213,13,0,17,2,8,,93147,13,0,30,2,10,,93160,13,0,30,2,10,,93175,13,0,30,2,10,,93171,13,0,30,2,50,,93200,13,0,30,2,10,,93095,13,0,30,2,10,,93188,13,0,30,2,10,,93086,13,0,30,2,5,,93109,13,0,17,2,5,,93177,13,0,30,2,5,,93159,13,0,17,2,5,,93198,13,0,30,2,50,,93129,13,0,30,2,10,,93092,13,0,30,2,10,,93101,13,0,30,2,12,,93209,13,0,30,2,13,,93110,13,0,30,2,50,,93201,13,0,17,2,3,,82652,13,0,17,2
50102,'3',519,,93230,13,0,30,2,10,,93236,13,0,30,2,10,,93241,13,0,30,2,10,,85143,13,0,30,2,10,,93245,13,0,30,2,50,,93263,13,0,30,2,10,,93271,13,0,30,2,10,,93289,13,0,30,2,10,,93250,13,0,30,2,10,,93240,13,0,30,2,10,,93238,13,0,30,2,50,,93303,13,0,30,2,10,,93329,13,0,30,2,10,,93286,13,0,30,2,10,,93293,13,0,30,2,10,,80294,13,0,30,2,51,,93229,13,0,30,2,11,,93307,13,0,30,2,10,,93256,13,0,30,2,10,,93253,13,0,30,2,10,,93298,13,0,30,2,8,,93220,13,0,30,2,10,,93288,13,0,30,2,50,,93332,13,0,30,2,10,,93269,13,0,30,2,10,,93287,13,0,30,2,10,,93337,13,0,30,2,10,,93314,13,0,30,2,10,,93218,13,0,30,2,50,,93246,13,0,30,2,10,,93216,13,0,30,2,10,,79000,13,0,30,2,10,,93283,13,0,30,2,11,,93290,13,0,30,2,50,,93282,13,0,30,2,10,,93335,13,0,30,2,12,,93233,13,0,30,2,10,,93219,13,0,30,2,10,,93302,13,0,30,2,10,,93313,13,0,30,2,50,,93331,13,0,30,2,10,,93315,13,0,30,2,10,,93223,13,0,30,2,10,,93277,13,0,30,2,10,,93261,13,0,30,2,10,,93226,13,0,30,2,50,,76208,13,0,30,2,10,,93281,13,0,30,2,10,,85003,13,0,30,2,10,,93319,13,0,30,2,10,,93306,13,0,30,2,10,,93292,13,0,30,2,50,,93222,13,0,30,2,10,,84202,13,0,30,2,10,,93328,13,0,30,2,10,,87834,13,0,30,2,10,,93325,13,0,30,2,10,,93234,13,0,30,2,50,,93231,13,0,30,2,10,,93296,13,0,30,2,10,,93242,13,0,30,2,10,,93278,13,0,30,2,10,,93322,13,0,30,2,10,,93221,13,0,30,2,50,,93272,13,0,30,2,10,,93316,13,0,30,2,10,,93235,13,0,30,2,10,,93262,13,0,30,2,10,,93334,13,0,30,2,10,,93299,13,0,30,2,50,,93248,13,0,30,2,10,,93232,13,0,30,2,10,,93285,13,0,30,2,10,,93255,13,0,30,2,10,,93326,13,0,30,2,10,,93340,13,0,30,2,50,,93339,13,0,30,2,10,,93305,13,0,30,2,10,,93318,13,0,30,2,10,,82321,13,0,30,2,10,,93317,13,0,30,2,9,,93304,13,0,30,2,49,,93243,13,0,30,2,9,,93301,13,0,30,2,9,,93258,13,0,30,2,10,,93276,13,0,30,2,10,,93273,13,0,30,2,10,,93260,13,0,30,2,10,,93227,13,0,30,2,50,,93295,13,0,30,2,10,,93237,13,0,30,2,10,,93321,13,0,30,2,6,,93330,13,0,17,2,4,,93249,13,0,30,2,10,,93312,13,0,30,2,10,,93323,13,0,30,2,50,,80255,13,0,30,2,10,,93279,13,0,30,2,10,,93257,13,0,30,2,10,,93265,13,0,30,2,10,,93297,13,0,30,2,10,,93309,13,0,30,2,50,,93267,13,0,30,2,7,,93252,13,0,30,2,10,,93274,13,0,30,2,10,,93225,13,0,30,2,10,,93275,13,0,30,2,10,,93244,13,0,30,2,50,,93217,13,0,30,2,10,,93239,13,0,30,2,10,,93324,13,0,30,2,5,,93294,13,0,17,2,5,,93280,13,0,30,2,10,,93327,13,0,30,2,10,,93336,13,0,30,2,50,,93251,13,0,30,2,10,,93254,13,0,30,2,10,,93300,13,0,30,2,11,,93247,13,0,30,2,12,,93228,13,0,30,2,10,,93268,13,0,17,2,50,,93224,13,0,17,2
50102,'5',519,,93456,13,0,30,2,10,,93349,13,0,30,2,10,,93441,13,0,30,2,10,,93355,13,0,30,2,10,,93362,13,0,30,2,50,,93423,13,0,30,2,10,,93433,13,0,30,2,10,,93412,13,0,30,2,10,,93445,13,0,30,2,10,,93408,13,0,30,2,10,,93378,13,0,30,2,50,,93468,13,0,30,2,10,,93347,13,0,30,2,10,,93466,13,0,30,2,10,,93424,13,0,30,2,10,,93376,13,0,30,2,51,,93414,13,0,30,2,11,,93390,13,0,30,2,10,,93442,13,0,30,2,10,,75492,13,0,30,2,10,,93401,13,0,30,2,8,,93419,13,0,30,2,10,,93461,13,0,30,2,50,,93447,13,0,30,2,10,,93426,13,0,30,2,10,,93377,13,0,30,2,10,,93388,13,0,30,2,10,,93450,13,0,30,2,10,,93346,13,0,30,2,50,,93350,13,0,30,2,10,,93380,13,0,30,2,10,,93363,13,0,30,2,10,,93459,13,0,30,2,11,,93430,13,0,30,2,50,,93439,13,0,30,2,10,,93418,13,0,30,2,12,,93383,13,0,30,2,10,,93431,13,0,30,2,10,,93446,13,0,30,2,10,,93351,13,0,30,2,50,,93404,13,0,30,2,10,,93344,13,0,30,2,10,,93395,13,0,30,2,10,,93449,13,0,30,2,10,,93368,13,0,30,2,10,,93428,13,0,30,2,50,,93405,13,0,30,2,10,,93440,13,0,30,2,10,,93429,13,0,30,2,10,,93397,13,0,30,2,10,,81937,13,0,30,2,10,,93371,13,0,30,2,50,,93400,13,0,30,2,10,,93413,13,0,30,2,10,,93436,13,0,30,2,10,,93415,13,0,30,2,10,,93417,13,0,30,2,10,,93391,13,0,30,2,50,,93372,13,0,30,2,10,,93359,13,0,30,2,10,,93421,13,0,30,2,10,,93354,13,0,30,2,10,,93451,13,0,30,2,10,,93342,13,0,30,2,50,,93345,13,0,30,2,10,,93407,13,0,30,2,10,,93353,13,0,30,2,10,,93385,13,0,30,2,10,,93465,13,0,30,2,10,,93403,13,0,30,2,50,,93370,13,0,30,2,10,,93392,13,0,30,2,10,,93448,13,0,30,2,10,,93406,13,0,30,2,10,,93375,13,0,30,2,10,,93374,13,0,30,2,50,,93464,13,0,30,2,10,,93409,13,0,30,2,10,,93434,13,0,30,2,10,,93394,13,0,30,2,10,,93460,13,0,30,2,9,,93458,13,0,30,2,49,,93437,13,0,30,2,9,,93443,13,0,30,2,9,,93364,13,0,30,2,10,,93396,13,0,30,2,10,,93386,13,0,30,2,10,,93457,13,0,30,2,10,,93422,13,0,30,2,50,,93453,13,0,30,2,10,,93369,13,0,30,2,10,,93343,13,0,30,2,6,,93341,13,0,17,2,4,,93360,13,0,30,2,10,,93452,13,0,30,2,10,,93361,13,0,30,2,50,,93357,13,0,30,2,10,,93382,13,0,30,2,10,,93410,13,0,30,2,10,,93455,13,0,30,2,10,,87990,13,0,30,2,10,,93365,13,0,30,2,50,,93393,13,0,30,2,7,,93398,13,0,30,2,10,,93411,13,0,30,2,10,,93389,13,0,30,2,10,,93463,13,0,30,2,10,,93402,13,0,30,2,50,,93399,13,0,30,2,10,,93427,13,0,30,2,10,,93416,13,0,30,2,5,,93420,13,0,17,2,5,,93462,13,0,30,2,10,,93387,13,0,30,2,10,,93425,13,0,30,2,50,,93373,13,0,30,2,10,,82351,13,0,30,2,10,,93352,13,0,30,2,11,,93444,13,0,30,2,12,,93432,13,0,30,2,10,,93379,13,0,17,2,50,,93435,13,0,17,2
50302,'1',511,,94052,15,0,32 8 19,2,12,,93988,15,0,32 8 19,2,10,,94042,15,0,32 8 19,2,10,,94041,15,0,32 8 19,2,10,,94120,15,0,32 8 19,2,53,,94009,15,0,32 8 19,2,14,,94101,15,0,32 8 19,2,6,,94090,15,0,32 8 19,2,7,,86556,15,0,32 8 19,2,10,,79674,15,0,32 8 19,2,10,,94066,15,0,32 8 19,2,5,,94047,15,0,32 8 19,2,46,,93989,15,0,32 8 19,2,9,,94099,15,0,32 8 19,2,9,,94068,15,0,32 8 19,2,6,,93998,15,0,32 8 19,2,6,,94087,15,0,32 8 19,2,6,,94116,15,0,32 8 19,2,6,,94020,15,0,32 8 19,2,6,,94029,15,0,32 8 19,2,6,,94082,15,0,32 8 19,2,46,,94113,15,0,32 8 19,2,6,,94007,15,0,32 8 19,2,6,,94062,15,0,32 8 19,2,6,,94073,15,0,32 8 19,2,6,,94105,15,0,32 8 19,2,6,,94078,15,0,32 8 19,2,6,,94005,15,0,32 8 19,2,6,,94121,15,0,32 8 19,2,6,,94088,15,0,32 8 19,2,6,,94057,15,0,32 8 19,2,46,,94044,15,0,32 8 19,2,6,,94123,15,0,32 8 19,2,6,,94010,15,0,32 8 19,2,6,,94085,15,0,32 8 19,2,6,,94081,15,0,32 8 19,2,6,,94128,15,0,32 8 19,2,6,,94043,15,0,32 8 19,2,6,,93994,15,0,32 8 19,2,7,,94000,15,0,32 8 19,2,50,,94100,15,0,32 8 19,2,10,,94130,15,0,32 8 19,2,10,,94040,15,0,32 8 19,2,10,,94023,15,0,32 8 19,2,10,,94079,15,0,32 8 19,2,10,,94131,15,0,32 8 19,2,50,,94129,15,0,32 8 19,2,10,,94086,15,0,32 8 19,2,10,,94080,15,0,32 8 19,2,10,,94114,15,0,32 8 19,2,10,,94127,15,0,32 8 19,2,10,,94054,15,0,32 8 19,2,50,,94067,15,0,32 8 19,2,10,,94017,15,0,32 8 19,2,10,,94072,15,0,32 8 19,2,10,,94038,15,0,32 8 19,2,10,,94109,15,0,32 8 19,2,10,,94034,15,0,32 8 19,2,50,,94016,15,0,32 8 19,2,10,,94094,15,0,32 8 19,2,10,,94026,15,0,32 8 19,2,10,,93995,15,0,32 8 19,2,10,,94001,15,0,32 8 19,2,10,,94098,15,0,32 8 19,2,50,,94058,15,0,32 8 19,2,10,,94107,15,0,32 8 19,2,10,,94119,15,0,32 8 19,2,10,,94103,15,0,32 8 19,2,10,,94003,15,0,32 8 19,2,12,,94045,15,0,32 8 19,2,49,,94069,15,0,32 8 19,2,6,,94033,15,0,32 8 19,2,6,,94077,15,0,32 8 19,2,6,,94093,15,0,32 8 19,2,6,,94013,15,0,32 8 19,2,8,,94050,15,0,32 8 19,2,8,,94056,15,0,32 8 19,2,8,,94074,15,0,32 8 19,2,6,,89064,15,0,32 8 19,2,46,,94076,15,0,32 8 19,2,6,,93997,15,0,32 8 19,2,6,,94048,15,0,32 8 19,2,6,,94111,15,0,32 8 19,2,6,,94089,15,0,32 8 19,2,6,,79538,15,0,32 8 19,2,6,,94014,15,0,32 8 19,2,6,,94046,15,0,32 8 19,2,6,,94095,15,0,32 8 19,2,6,,94084,15,0,32 8 19,2,46,,94021,15,0,32 8 19,2,6,,94092,15,0,32 8 19,2,6,,94108,15,0,32 8 19,2,6,,93992,15,0,32 8 19,2,6,,94070,15,0,32 8 19,2,6,,94071,15,0,32 8 19,2,6,,94083,15,0,32 8 19,2,6,,94049,15,0,32 8 19,2,6,,94018,15,0,32 8 19,2,58,,94012,15,0,32 8 19,2,6,,94055,15,0,32 8 19,2,6,,94039,15,0,32 8 19,2,6,,94004,15,0,32 8 19,2,6,,94075,15,0,32 8 19,2,4,,94112,15,0,32 8 19,2,4,,94008,15,0,32 8 19,2,7,,94106,15,0,32 8 19,2,7,,94091,15,0,32 8 19,2,47,,94022,15,0,32 8 19,2,6,,94104,15,0,32 8 19,2,7,,94037,15,0,32 8 19,2,6,,94019,15,0,32 8 19,2,8,,93999,15,0,32 8 19,2,8,,94053,15,0,32 8 19,2,8,,94118,15,0,32 8 19,2,8,,93987,15,0,32 8 19,2,48,,94060,15,0,32 8 19,2,8,,94011,15,0,32 8 19,2,8,,93993,15,0,32 8 19,2,8,,94015,15,0,32 8 19,2,8,,94102,15,0,32 8 19,2,8,,94117,15,0,32 8 19,2,8,,94002,15,0,32 8 19,2,8,,94031,15,0,32 8 19,2,48,,93996,15,0,32 8 19,2,8,,94035,15,0,32 8 19,2,8,,94063,15,0,32 8 19,2,8,,94122,15,0,32 8 19,2,8,,94032,15,0,32 8 19,2,8,,93991,15,0,32 8 19,2,9,,94024,15,0,32 8 19,2,49,,94096,15,0,32 8 19,2,9,,94027,15,0,32 8 19,2,9,,94097,15,0,32 8 19,2,10,,94125,15,0,32 8 19,2,10,,94030,15,0,32 8 19,2,10,,93990,15,0,32 8 19,2,50,,94006,15,0,32 8 19,2,10,,94124,15,0,32 8 19,2,10,,94110,15,0,32 8 19,2,10,,94061,15,0,32 8 19,2,10,,94028,15,0,32 8 19,2,10,,94051,15,0,32 8 19,2,50,,94025,15,0,32 8 19,2,10,,94126,15,0,32 8 19,2,10,,94065,15,0,32 8 19,2,10,,93986,15,0,32 8 19,2,10,,94036,15,0,32 8 19,2,10,,94115,15,0,32 8 19,2,51,,94059,15,0,32 8 19,2,18,,94064,15,0,32 8 19,2
50302,'2',439,,94235,15,0,32 8 19,2,65,,94188,15,0,32 8 19,2,17,,94223,15,0,32 8 19,2,13,,94199,15,0,32 8 19,2,15,,94169,15,0,32 8 19,2,55,,94195,15,0,32 8 19,2,10,,94134,15,0,32 8 19,2,10,,94136,15,0,32 8 19,2,10,,94232,15,0,32 8 19,2,10,,94132,15,0,32 8 19,2,10,,94178,15,0,32 8 19,2,50,,94162,15,0,32 8 19,2,10,,94181,15,0,32 8 19,2,10,,94201,15,0,32 8 19,2,10,,94158,15,0,32 8 19,2,10,,94231,15,0,32 8 19,2,10,,94220,15,0,32 8 19,2,50,,94140,15,0,32 8 19,2,11,,94159,15,0,32 8 19,2,12,,94166,15,0,32 8 19,2,10,,94245,15,0,32 8 19,2,9,,94258,15,0,32 8 19,2,9,,77519,15,0,32 8 19,2,49,,94133,15,0,32 8 19,2,10,,94156,15,0,32 8 19,2,10,,94149,15,0,32 8 19,2,10,,94196,15,0,32 8 19,2,10,,94210,15,0,32 8 19,2,10,,94174,15,0,32 8 19,2,50,,94247,15,0,32 8 19,2,10,,94214,15,0,32 8 19,2,10,,94250,15,0,32 8 19,2,10,,94177,15,0,32 8 19,2,10,,94168,15,0,32 8 19,2,10,,94194,15,0,32 8 19,2,50,,94143,15,0,32 8 19,2,10,,94197,15,0,32 8 19,2,10,,94221,15,0,32 8 19,2,11,,94151,15,0,32 8 19,2,10,,94239,15,0,32 8 19,2,10,,94249,15,0,32 8 19,2,50,,94139,15,0,32 8 19,2,5,,94208,15,0,32 8 19,2,6,,94180,15,0,32 8 19,2,10,,94259,15,0,32 8 19,2,10,,94138,15,0,32 8 19,2,8,,94204,15,0,32 8 19,2,8,,94233,15,0,32 8 19,2,56,,94237,15,0,32 8 19,2,8,,94192,15,0,32 8 19,2,8,,76490,15,0,32 8 19,2,8,,94207,15,0,32 8 19,2,8,,94228,15,0,32 8 19,2,8,,94248,15,0,32 8 19,2,8,,94256,15,0,32 8 19,2,48,,94191,15,0,32 8 19,2,8,,94209,15,0,32 8 19,2,8,,94179,15,0,32 8 19,2,8,,94167,15,0,32 8 19,2,8,,94226,15,0,32 8 19,2,8,,94243,15,0,32 8 19,2,8,,94182,15,0,32 8 19,2,48,,94165,15,0,32 8 19,2,8,,94153,15,0,32 8 19,2,8,,94148,15,0,32 8 19,2,8,,94155,15,0,32 8 19,2,8,,94224,15,0,32 8 19,2,8,,94175,15,0,32 8 19,2,8,,94154,15,0,32 8 19,2,8,,94183,15,0,32 8 19,2,48,,94184,15,0,32 8 19,2,8,,94255,15,0,32 8 19,2,8,,94225,15,0,32 8 19,2,8,,94164,15,0,32 8 19,2,8,,94227,15,0,32 8 19,2,8,,94203,15,0,32 8 19,2,8,,94213,15,0,32 8 19,2,48,,94157,15,0,32 8 19,2,8,,94163,15,0,32 8 19,2,8,,94219,15,0,32 8 19,2,8,,94150,15,0,32 8 19,2,8,,94251,15,0,32 8 19,2,8,,94222,15,0,32 8 19,2,8,,94137,15,0,32 8 19,2,8,,94173,15,0,32 8 19,2,48,,94257,15,0,32 8 19,2,16,,94170,15,0,32 8 19,2,8,,94261,15,0,32 8 19,2,8,,94200,15,0,32 8 19,2,8,,94186,15,0,32 8 19,2,9,,94202,15,0,32 8 19,2,49,,94253,15,0,32 8 19,2,9,,94142,15,0,32 8 19,2,8,,94234,15,0,32 8 19,2,9,,94135,15,0,32 8 19,2,9,,94205,15,0,32 8 19,2,10,,94218,15,0,32 8 19,2,10,,94236,15,0,32 8 19,2,50,,94176,15,0,32 8 19,2,10,,94141,15,0,32 8 19,2,10,,79964,15,0,32 8 19,2,10,,94260,15,0,32 8 19,2,10,,94187,15,0,32 8 19,2,10,,94229,15,0,32 8 19,2,50,,94160,15,0,32 8 19,2,10,,94189,15,0,32 8 19,2,10,,94147,15,0,32 8 19,2,10,,94172,15,0,32 8 19,2,10,,94242,15,0,32 8 19,2,10,,94185,15,0,32 8 19,2,51,,94146,15,0,32 8 19,2,11,,94161,15,0,32 8 19,2,11,,94254,15,0,32 8 19,2,10,,94216,15,0,32 8 19,2,10,,94244,15,0,32 8 19,2,50,,94252,15,0,32 8 19,2,10,,94238,15,0,32 8 19,2,10,,94206,15,0,32 8 19,2,10,,94171,15,0,32 8 19,2,10,,94190,15,0,32 8 19,2,10,,94230,15,0,32 8 19,2,50,,94240,15,0,32 8 19,2,10,,94144,15,0,32 8 19,2,10,,94193,15,0,32 8 19,2,10,,94241,15,0,32 8 19,2,10,,94152,15,0,32 8 19,2,10,,94198,15,0,32 8 19,2,50,,94145,15,0,32 8 19,2,10,,94246,15,0,32 8 19,2,10,,94215,15,0,32 8 19,2,10,,94262,15,0,32 8 19,2,10,,94217,15,0,32 8 19,2,8,,94211,15,0,32 8 19,2,8,,94212,15,0,32 8 19,2
50302,'3',507,,94286,15,0,32 8 19,2,21,,94346,15,0,32 8 19,2,20,,94294,15,0,32 8 19,2,60,,94324,15,0,32 8 19,2,20,,80283,15,0,32 8 19,2,10,,94360,15,0,32 8 19,2,10,,94358,15,0,32 8 19,2,10,,94289,15,0,32 8 19,2,50,,94316,15,0,32 8 19,2,10,,94287,15,0,32 8 19,2,10,,94359,15,0,32 8 19,2,10,,94342,15,0,32 8 19,2,10,,94370,15,0,32 8 19,2,11,,94306,15,0,32 8 19,2,52,,94355,15,0,32 8 19,2,11,,94296,15,0,32 8 19,2,11,,94335,15,0,32 8 19,2,9,,94268,15,0,32 8 19,2,8,,94269,15,0,32 8 19,2,8,,94277,15,0,32 8 19,2,50,,94323,15,0,32 8 19,2,10,,94366,15,0,32 8 19,2,10,,94276,15,0,32 8 19,2,10,,75434,15,0,32 8 19,2,10,,94339,15,0,32 8 19,2,10,,94350,15,0,32 8 19,2,50,,94308,15,0,32 8 19,2,10,,94275,15,0,32 8 19,2,10,,94353,15,0,32 8 19,2,10,,94352,15,0,32 8 19,2,10,,94301,15,0,32 8 19,2,10,,94376,15,0,32 8 19,2,50,,94272,15,0,32 8 19,2,10,,94321,15,0,32 8 19,2,10,,94364,15,0,32 8 19,2,10,,94263,15,0,32 8 19,2,10,,94329,15,0,32 8 19,2,10,,94283,15,0,32 8 19,2,49,,94291,15,0,32 8 19,2,9,,94303,15,0,32 8 19,2,9,,94373,15,0,32 8 19,2,9,,94327,15,0,32 8 19,2,9,,80244,15,0,32 8 19,2,10,,94305,15,0,32 8 19,2,50,,94266,15,0,32 8 19,2,10,,94363,15,0,32 8 19,2,10,,94348,15,0,32 8 19,2,10,,94313,15,0,32 8 19,2,10,,94297,15,0,32 8 19,2,10,,94300,15,0,32 8 19,2,50,,94341,15,0,32 8 19,2,10,,94331,15,0,32 8 19,2,10,,94336,15,0,32 8 19,2,10,,94338,15,0,32 8 19,2,10,,94340,15,0,32 8 19,2,10,,94278,15,0,32 8 19,2,50,,94343,15,0,32 8 19,2,10,,94375,15,0,32 8 19,2,10,,94362,15,0,32 8 19,2,10,,94288,15,0,32 8 19,2,10,,94298,15,0,32 8 19,2,10,,94337,15,0,32 8 19,2,50,,94334,15,0,32 8 19,2,10,,94267,15,0,32 8 19,2,10,,94332,15,0,32 8 19,2,10,,94328,15,0,32 8 19,2,10,,94281,15,0,32 8 19,2,10,,94304,15,0,32 8 19,2,50,,94292,15,0,32 8 19,2,10,,94368,15,0,32 8 19,2,10,,94295,15,0,32 8 19,2,10,,85132,15,0,32 8 19,2,10,,94369,15,0,32 8 19,2,10,,94318,15,0,32 8 19,2,50,,94326,15,0,32 8 19,2,10,,94361,15,0,32 8 19,2,10,,94357,15,0,32 8 19,2,20,,94345,15,0,32 8 19,2,10,,94293,15,0,32 8 19,2,50,,94284,15,0,32 8 19,2,11,,94265,15,0,32 8 19,2,12,,94319,15,0,32 8 19,2,12,,94290,15,0,32 8 19,2,10,,94309,15,0,32 8 19,2,10,,94307,15,0,32 8 19,2,50,,94280,15,0,32 8 19,2,10,,94330,15,0,32 8 19,2,10,,94302,15,0,32 8 19,2,10,,94354,15,0,32 8 19,2,10,,67251,15,0,32 8 19,2,10,,94317,15,0,32 8 19,2,50,,94314,15,0,32 8 19,2,10,,82258,15,0,32 8 19,2,10,,94365,15,0,32 8 19,2,10,,94372,15,0,32 8 19,2,10,,94274,15,0,32 8 19,2,10,,94349,15,0,32 8 19,2,50,,94285,15,0,32 8 19,2,12,,94367,15,0,32 8 19,2,11,,94270,15,0,32 8 19,2,7,,94356,15,0,32 8 19,2,10,,94371,15,0,32 8 19,2,10,,94282,15,0,32 8 19,2,50,,94333,15,0,32 8 19,2,10,,94299,15,0,32 8 19,2,10,,94279,15,0,32 8 19,2,10,,94374,15,0,32 8 19,2,10,,94311,15,0,32 8 19,2,10,,94310,15,0,32 8 19,2,50,,94351,15,0,32 8 19,2,10,,94315,15,0,32 8 19,2,10,,87007,15,0,32 8 19,2,10,,94312,15,0,32 8 19,2,10,,94322,15,0,32 8 19,2,10,,94347,15,0,32 8 19,2,52,,94320,15,0,32 8 19,2,8,,94344,15,0,32 8 19,2,10,,94273,15,0,32 8 19,2,10,,94325,15,0,32 8 19,2,13,,94271,15,0,32 8 19,2,54,,94264,15,0,32 8 19,2
50302,'5',507,,94492,15,0,32 8 19,2,21,,94378,15,0,32 8 19,2,20,,94422,15,0,32 8 19,2,60,,94379,15,0,32 8 19,2,20,,94484,15,0,32 8 19,2,10,,94488,15,0,32 8 19,2,10,,94377,15,0,32 8 19,2,10,,94397,15,0,32 8 19,2,50,,94472,15,0,32 8 19,2,10,,94412,15,0,32 8 19,2,10,,94409,15,0,32 8 19,2,10,,94450,15,0,32 8 19,2,10,,94407,15,0,32 8 19,2,11,,94477,15,0,32 8 19,2,52,,94404,15,0,32 8 19,2,11,,94427,15,0,32 8 19,2,11,,94402,15,0,32 8 19,2,9,,94475,15,0,32 8 19,2,8,,94444,15,0,32 8 19,2,8,,94480,15,0,32 8 19,2,50,,94494,15,0,32 8 19,2,10,,94390,15,0,32 8 19,2,10,,94413,15,0,32 8 19,2,10,,94451,15,0,32 8 19,2,10,,94446,15,0,32 8 19,2,10,,94401,15,0,32 8 19,2,50,,94386,15,0,32 8 19,2,10,,87277,15,0,32 8 19,2,10,,94447,15,0,32 8 19,2,10,,94489,15,0,32 8 19,2,10,,94388,15,0,32 8 19,2,10,,94430,15,0,32 8 19,2,50,,94405,15,0,32 8 19,2,10,,94433,15,0,32 8 19,2,10,,94460,15,0,32 8 19,2,10,,94497,15,0,32 8 19,2,10,,94439,15,0,32 8 19,2,10,,94429,15,0,32 8 19,2,49,,94396,15,0,32 8 19,2,9,,94417,15,0,32 8 19,2,9,,94399,15,0,32 8 19,2,9,,94414,15,0,32 8 19,2,9,,94465,15,0,32 8 19,2,10,,94432,15,0,32 8 19,2,50,,94392,15,0,32 8 19,2,10,,94464,15,0,32 8 19,2,10,,94495,15,0,32 8 19,2,10,,94381,15,0,32 8 19,2,10,,94481,15,0,32 8 19,2,10,,94385,15,0,32 8 19,2,50,,94435,15,0,32 8 19,2,10,,94462,15,0,32 8 19,2,10,,94426,15,0,32 8 19,2,10,,94420,15,0,32 8 19,2,10,,94408,15,0,32 8 19,2,10,,94483,15,0,32 8 19,2,50,,94387,15,0,32 8 19,2,10,,94487,15,0,32 8 19,2,10,,94456,15,0,32 8 19,2,10,,94459,15,0,32 8 19,2,10,,94453,15,0,32 8 19,2,10,,94419,15,0,32 8 19,2,50,,94469,15,0,32 8 19,2,10,,94470,15,0,32 8 19,2,10,,94406,15,0,32 8 19,2,10,,94455,15,0,32 8 19,2,10,,94431,15,0,32 8 19,2,10,,94418,15,0,32 8 19,2,50,,94434,15,0,32 8 19,2,10,,94416,15,0,32 8 19,2,10,,94479,15,0,32 8 19,2,10,,94457,15,0,32 8 19,2,10,,94380,15,0,32 8 19,2,10,,94384,15,0,32 8 19,2,50,,94478,15,0,32 8 19,2,10,,94398,15,0,32 8 19,2,10,,94496,15,0,32 8 19,2,10,,94476,15,0,32 8 19,2,10,,94491,15,0,32 8 19,2,10,,94440,15,0,32 8 19,2,50,,94463,15,0,32 8 19,2,11,,94443,15,0,32 8 19,2,12,,94423,15,0,32 8 19,2,12,,94490,15,0,32 8 19,2,10,,94421,15,0,32 8 19,2,10,,94415,15,0,32 8 19,2,50,,94458,15,0,32 8 19,2,10,,94437,15,0,32 8 19,2,10,,94474,15,0,32 8 19,2,10,,94428,15,0,32 8 19,2,10,,94438,15,0,32 8 19,2,10,,94467,15,0,32 8 19,2,50,,94452,15,0,32 8 19,2,10,,94466,15,0,32 8 19,2,10,,94485,15,0,32 8 19,2,10,,94493,15,0,32 8 19,2,10,,94454,15,0,32 8 19,2,10,,94471,15,0,32 8 19,2,50,,94411,15,0,32 8 19,2,12,,94400,15,0,32 8 19,2,11,,94403,15,0,32 8 19,2,7,,94473,15,0,32 8 19,2,10,,94424,15,0,32 8 19,2,10,,94410,15,0,32 8 19,2,50,,94448,15,0,32 8 19,2,10,,94436,15,0,32 8 19,2,10,,94393,15,0,32 8 19,2,10,,94395,15,0,32 8 19,2,10,,94445,15,0,32 8 19,2,10,,94389,15,0,32 8 19,2,50,,94383,15,0,32 8 19,2,10,,94442,15,0,32 8 19,2,10,,94468,15,0,32 8 19,2,10,,94425,15,0,32 8 19,2,10,,94461,15,0,32 8 19,2,10,,94486,15,0,32 8 19,2,52,,94382,15,0,32 8 19,2,8,,94482,15,0,32 8 19,2,10,,94391,15,0,32 8 19,2,10,,94394,15,0,32 8 19,2,13,,94449,15,0,32 8 19,2,54,,94441,15,0,32 8 19,2
