30102,'1',2507,,123701,21,,,2,7,,123680,21,0,17,2,5,,123700,21,,,2,12,,123690,21,,,2,19,,123689,21,,,2,4,,123681,21,0,17,2,51,,123697,21,,,2,10,,123699,21,0,17,2,5,,123683,21,,,2,15,,123695,21,0,17,2,1,,123693,21,,,2,14,,123691,21,,,2,6,,123707,21,0,17,2,49,,123705,21,,,2,15,,123702,21,,,2,15,,123677,21,,,2,15,,123687,21,,,2,55,,123696,21,,,2,15,,123676,21,,,2,15,,123682,21,,,2,15,,123678,21,,,2,55,,123692,21,,,2,9,,123706,21,0,17,2,15,,123708,21,0,17,2,15,,123703,21,0,17,2,15,,123694,21,0,17,2
30102,'2',2514,,123714,21,,,2,11,,123728,21,0,17,2,8,,123736,21,,,2,15,,123710,21,0,17,2,52,,123735,21,,,2,15,,109867,21,,,2,15,,123722,21,,,2,5,,123737,21,0,17,2,10,,123733,21,,,2,5,,123713,21,0,17,2,50,,123718,21,,,2,7,,123719,21,0,17,2,8,,123726,21,,,2,15,,123709,21,,,2,15,,116524,21,,,2,55,,123720,21,,,2,15,,123712,21,,,2,15,,123731,21,,,2,15,,123717,21,,,2,55,,123738,21,,,2,15,,123734,21,0,17,2,15,,123723,21,0,17,2,15,,123721,21,0,17,2,55,,123711,21,0,17,2,9,,123727,21,0,17,2
30102,'3',2506,,123752,21,,,2,24,,123743,21,,,2,15,,123762,21,,,2,55,,123750,21,,,2,7,,123761,21,0,17,2,8,,123766,21,,,2,5,,123755,21,0,17,2,10,,123768,21,,,2,15,,123767,21,,,2,7,,123771,21,0,17,2,48,,123759,21,,,2,7,,123757,21,0,17,2,8,,123763,21,,,2,15,,123772,21,,,2,15,,123745,21,,,2,55,,123748,21,,,2,15,,123741,21,,,2,15,,123770,21,,,2,15,,123749,21,,,2,55,,123740,21,,,2,15,,123747,21,0,17,2,15,,123769,21,0,17,2,15,,123746,21,0,17,2,55,,123754,21,0,17,2,15,,123751,21,0,17,2
30102,'5',2506,,123776,21,,,2,24,,123793,21,,,2,15,,123800,21,,,2,55,,123799,21,,,2,7,,123794,21,0,17,2,8,,123780,21,,,2,5,,123777,21,0,17,2,10,,123779,21,,,2,15,,123791,21,,,2,7,,123801,21,0,17,2,48,,123788,21,,,2,7,,123792,21,0,17,2,8,,123785,21,,,2,15,,123773,21,,,2,15,,123790,21,,,2,55,,123803,21,,,2,15,,123781,21,,,2,15,,123784,21,,,2,15,,123782,21,,,2,55,,123786,21,,,2,15,,123783,21,0,17,2,15,,123778,21,0,17,2,15,,123502,21,0,17,2,55,,123775,21,0,17,2,15,,123802,21,0,17,2
50102,'1',525,,125421,21,0,30,2,10,,125328,21,0,30,2,10,,125395,21,0,30,2,10,,125317,21,0,30,2,50,,125425,21,0,30,2,10,,125347,21,0,30,2,10,,125375,21,0,30,2,10,,125405,21,0,30,2,10,,125410,21,0,30,2,10,,125345,21,0,30,2,50,,125404,21,0,30,2,10,,125378,21,0,30,2,10,,125323,21,0,30,2,10,,125394,21,0,30,2,10,,125319,21,0,30,2,11,,125312,21,0,30,2,51,,125365,21,0,30,2,11,,125315,21,0,30,2,10,,125356,21,0,30,2,10,,125433,21,0,30,2,10,,125406,21,0,30,2,10,,125353,21,0,30,2,50,,125341,21,0,30,2,10,,125434,21,0,30,2,10,,125431,21,0,30,2,10,,125377,21,0,30,2,10,,125329,21,0,30,2,10,,125322,21,0,30,2,50,,125423,21,0,30,2,10,,125313,21,0,30,2,10,,125358,21,0,30,2,10,,125435,21,0,30,2,10,,125369,21,0,30,2,10,,125408,21,0,30,2,50,,125402,21,0,30,2,10,,125419,21,0,30,2,10,,125381,21,0,30,2,10,,125409,21,0,30,2,10,,125407,21,0,30,2,10,,125354,21,0,30,2,50,,125413,21,0,30,2,10,,125334,21,0,30,2,10,,125314,21,0,30,2,10,,125327,21,0,30,2,10,,125348,21,0,30,2,10,,125310,21,0,30,2,50,,125391,21,0,30,2,10,,125339,21,0,30,2,10,,125376,21,0,30,2,10,,125344,21,0,30,2,10,,125422,21,0,30,2,10,,125370,21,0,30,2,50,,125311,21,0,30,2,10,,125361,21,0,30,2,10,,125383,21,0,30,2,10,,125393,21,0,30,2,10,,125336,21,0,30,2,10,,125338,21,0,30,2,50,,125427,21,0,30,2,10,,125412,21,0,30,2,10,,125411,21,0,30,2,10,,125436,21,0,30,2,10,,125415,21,0,30,2,10,,125316,21,0,30,2,50,,125373,21,0,30,2,10,,125337,21,0,30,2,10,,125368,21,0,30,2,10,,125400,21,0,30,2,10,,125340,21,0,30,2,10,,125379,21,0,30,2,50,,125359,21,0,30,2,10,,125390,21,0,30,2,10,,125367,21,0,17,2,10,,125342,21,0,30,2,10,,125385,21,0,30,2,10,,125360,21,0,30,2,50,,125321,21,0,30,2,10,,125387,21,0,30,2,10,,125397,21,0,30,2,10,,125350,21,0,30,2,10,,125372,21,0,30,2,10,,125335,21,0,30,2,50,,125384,21,0,30,2,10,,125332,21,0,30,2,10,,125331,21,0,30,2,9,,125424,21,0,30,2,10,,125426,21,0,30,2,10,,125437,21,0,30,2,50,,125420,21,0,30,2,10,,125351,21,0,30,2,10,,125398,21,0,30,2,10,,125371,21,0,30,2,10,,125355,21,0,30,2,10,,125418,21,0,30,2,50,,125309,21,0,30,2,10,,125330,21,0,30,2,5,,125386,21,0,17,2,5,,125382,21,0,30,2,10,,125364,21,0,30,2,10,,125352,21,0,30,2,10,,125429,21,0,30,2,50,,125389,21,0,30,2,6,,125362,21,0,30,2,6,,125396,21,0,17,2,9,,125324,21,0,30,2,8,,125388,21,0,30,2,10,,125325,21,0,30,2,10,,125380,21,0,30,2,50,,125349,21,0,30,2,10,,125366,21,0,30,2,10,,125308,21,0,30,2,10,,125432,21,0,30,2,5,,125403,21,0,17,2,5,,125392,21,0,30,2,10,,125363,21,0,30,2,50,,110404,21,0,30,2,10,,125416,21,0,30,2,10,,125374,21,0,30,2,10,,125326,21,0,30,2,10,,125399,21,0,30,2,10,,125357,21,0,30,2
50102,'2',525,,125462,21,0,30,2,9,,125552,21,0,30,2,9,,125460,21,0,30,2,10,,125450,21,0,30,2,50,,125554,21,0,30,2,10,,125505,21,0,30,2,10,,125458,21,0,30,2,10,,125538,21,0,30,2,10,,125547,21,0,30,2,10,,125451,21,0,30,2,50,,125507,21,0,30,2,10,,125517,21,0,30,2,10,,125457,21,0,30,2,10,,125440,21,0,30,2,10,,113907,21,0,30,2,10,,125571,21,0,30,2,51,,125445,21,0,30,2,13,,125512,21,0,30,2,12,,121730,21,0,30,2,12,,125489,21,0,30,2,11,,125477,21,0,30,2,50,,125570,21,0,30,2,10,,125473,21,0,30,2,10,,125568,21,0,30,2,10,,125553,21,0,30,2,10,,125483,21,0,30,2,10,,125537,21,0,30,2,50,,125479,21,0,30,2,10,,125567,21,0,30,2,10,,125540,21,0,30,2,10,,125497,21,0,30,2,10,,125515,21,0,30,2,10,,125543,21,0,30,2,51,,125495,21,0,30,2,10,,125534,21,0,30,2,11,,125556,21,0,30,2,11,,125480,21,0,30,2,9,,125494,21,0,30,2,9,,125558,21,0,30,2,49,,125469,21,0,30,2,9,,125529,21,0,30,2,9,,125541,21,0,30,2,9,,125453,21,0,30,2,9,,125519,21,0,30,2,9,,125560,21,0,30,2,9,,125530,21,0,30,2,49,,125504,21,0,30,2,9,,125481,21,0,30,2,9,,125533,21,0,30,2,9,,125566,21,0,30,2,9,,125488,21,0,30,2,9,,125514,21,0,30,2,9,,125498,21,0,30,2,49,,125500,21,0,30,2,9,,125468,21,0,30,2,9,,125465,21,0,30,2,9,,125442,21,0,30,2,9,,125564,21,0,30,2,9,,125486,21,0,30,2,49,,125524,21,0,30,2,9,,125490,21,0,30,2,9,,125525,21,0,30,2,9,,125511,21,0,30,2,9,,125572,21,0,30,2,9,,125459,21,0,30,2,9,,125470,21,0,30,2,49,,125563,21,0,30,2,9,,125516,21,0,30,2,9,,114993,21,0,30,2,9,,125448,21,0,30,2,9,,125532,21,0,30,2,9,,125518,21,0,30,2,9,,125544,21,0,30,2,49,,125452,21,0,30,2,9,,125513,21,0,30,2,9,,125550,21,0,30,2,9,,125548,21,0,30,2,9,,125561,21,0,30,2,9,,125502,21,0,30,2,49,,125522,21,0,30,2,9,,125527,21,0,30,2,9,,125493,21,0,30,2,9,,125559,21,0,30,2,9,,125444,21,0,30,2,9,,125499,21,0,30,2,9,,125443,21,0,30,2,49,,125438,21,0,30,2,8,,125471,21,0,30,2,9,,125562,21,0,30,2,9,,125503,21,0,30,2,9,,125557,21,0,30,2,10,,125472,21,0,30,2,50,,125569,21,0,30,2,10,,125467,21,0,30,2,5,,125478,21,0,17,2,5,,125565,21,0,30,2,10,,125454,21,0,30,2,10,,125574,21,0,30,2,10,,125496,21,0,30,2,50,,125539,21,0,30,2,10,,125476,21,0,30,2,10,,125575,21,0,30,2,10,,125484,21,0,30,2,10,,125546,21,0,30,2,10,,113867,21,0,30,2,50,,125535,21,0,30,2,10,,125441,21,0,30,2,8,,125439,21,0,30,2,6,,125528,21,0,17,2,8,,125485,21,0,30,2,10,,125523,21,0,30,2,10,,125455,21,0,30,2,50,,125447,21,0,30,2,10,,125482,21,0,30,2,10,,125521,21,0,30,2,10,,125463,21,0,30,2,10,,125508,21,0,30,2,5,,125526,21,0,17,2,5,,125501,21,0,30,2,5,,125464,21,0,17,2,45,,125461,21,0,30,2,10,,125545,21,0,30,2,10,,125510,21,0,30,2,10,,125446,21,0,30,2,12,,125573,21,0,30,2,13,,125549,21,0,30,2,50,,125456,21,0,17,2,3,,125449,21,0,17,2
50102,'3',526,,125680,21,0,30,2,10,,125643,21,0,30,2,10,,125599,21,0,30,2,10,,125684,21,0,30,2,50,,125677,21,0,30,2,10,,125578,21,0,30,2,10,,125583,21,0,30,2,10,,125669,21,0,30,2,10,,125624,21,0,30,2,10,,125605,21,0,30,2,50,,125639,21,0,30,2,10,,125689,21,0,30,2,10,,125582,21,0,30,2,10,,125609,21,0,30,2,10,,125671,21,0,30,2,10,,125612,21,0,30,2,52,,125700,21,0,30,2,11,,125617,21,0,30,2,11,,125673,21,0,30,2,10,,125646,21,0,30,2,10,,125637,21,0,30,2,8,,125696,21,0,30,2,50,,125642,21,0,30,2,10,,125631,21,0,30,2,10,,125641,21,0,30,2,10,,125576,21,0,30,2,10,,125685,21,0,30,2,10,,125604,21,0,30,2,50,,125703,21,0,30,2,10,,125579,21,0,30,2,10,,125588,21,0,30,2,10,,125663,21,0,30,2,10,,121822,21,0,30,2,11,,125668,21,0,30,2,50,,125613,21,0,30,2,10,,125672,21,0,30,2,12,,125619,21,0,30,2,10,,125666,21,0,30,2,10,,125675,21,0,30,2,50,,125608,21,0,30,2,10,,125652,21,0,30,2,10,,125598,21,0,30,2,10,,125662,21,0,30,2,10,,125679,21,0,30,2,10,,125628,21,0,30,2,50,,125701,21,0,30,2,10,,125587,21,0,30,2,10,,125695,21,0,30,2,10,,125627,21,0,30,2,10,,125632,21,0,30,2,10,,125657,21,0,30,2,50,,125592,21,0,30,2,10,,125697,21,0,30,2,10,,125702,21,0,30,2,10,,125591,21,0,30,2,10,,125629,21,0,30,2,10,,125649,21,0,30,2,50,,125647,21,0,30,2,10,,125594,21,0,30,2,10,,125589,21,0,30,2,10,,125635,21,0,30,2,10,,125618,21,0,30,2,10,,115066,21,0,30,2,50,,125704,21,0,30,2,10,,125590,21,0,30,2,10,,125585,21,0,30,2,10,,125692,21,0,30,2,10,,125665,21,0,30,2,10,,125596,21,0,30,2,50,,125678,21,0,30,2,10,,125606,21,0,30,2,10,,125682,21,0,30,2,10,,125611,21,0,30,2,10,,125674,21,0,30,2,10,,125693,21,0,30,2,50,,125686,21,0,30,2,10,,125616,21,0,30,2,10,,125581,21,0,30,2,10,,125688,21,0,30,2,10,,125602,21,0,30,2,10,,125687,21,0,30,2,49,,125667,21,0,30,2,9,,125676,21,0,30,2,8,,125615,21,0,30,2,9,,125638,21,0,30,2,10,,125694,21,0,30,2,10,,125607,21,0,30,2,10,,125648,21,0,30,2,50,,125661,21,0,30,2,10,,125690,21,0,30,2,10,,125683,21,0,30,2,10,,125681,21,0,30,2,6,,125664,21,0,17,2,4,,125645,21,0,30,2,10,,125622,21,0,30,2,50,,125653,21,0,30,2,10,,125626,21,0,30,2,10,,125586,21,0,30,2,10,,120955,21,0,30,2,10,,125630,21,0,30,2,10,,125580,21,0,30,2,50,,125610,21,0,30,2,10,,125659,21,0,30,2,6,,125597,21,0,30,2,10,,125640,21,0,30,2,10,,125698,21,0,30,2,10,,125656,21,0,30,2,50,,125636,21,0,30,2,10,,125623,21,0,30,2,10,,125595,21,0,30,2,10,,125601,21,0,30,2,5,,125614,21,0,17,2,5,,125621,21,0,30,2,10,,125705,21,0,30,2,50,,125584,21,0,30,2,10,,125625,21,0,30,2,10,,125650,21,0,30,2,10,,117478,21,0,30,2,11,,125634,21,0,30,2,12,,125633,21,0,30,2,50,,125660,21,0,17,2,16,,125654,21,0,17,2
50102,'5',526,,125715,21,0,30,2,10,,125751,21,0,30,2,10,,125801,21,0,30,2,10,,125744,21,0,30,2,50,,125833,21,0,30,2,10,,125807,21,0,30,2,10,,125802,21,0,30,2,10,,125804,21,0,30,2,10,,125775,21,0,30,2,10,,125780,21,0,30,2,50,,125710,21,0,30,2,10,,125837,21,0,30,2,10,,125746,21,0,30,2,10,,125816,21,0,30,2,10,,125763,21,0,30,2,10,,125734,21,0,30,2,52,,125776,21,0,30,2,11,,125771,21,0,30,2,11,,125794,21,0,30,2,10,,125828,21,0,30,2,10,,125838,21,0,30,2,8,,125760,21,0,30,2,50,,125811,21,0,30,2,10,,125792,21,0,30,2,10,,125757,21,0,30,2,10,,125750,21,0,30,2,10,,125749,21,0,30,2,10,,125831,21,0,30,2,50,,125813,21,0,30,2,10,,125747,21,0,30,2,10,,125791,21,0,30,2,10,,125790,21,0,30,2,10,,125835,21,0,30,2,11,,125773,21,0,30,2,50,,125778,21,0,30,2,10,,125711,21,0,30,2,12,,125762,21,0,30,2,10,,125743,21,0,30,2,10,,125708,21,0,30,2,50,,125815,21,0,30,2,10,,125817,21,0,30,2,10,,125752,21,0,30,2,10,,125793,21,0,30,2,10,,125718,21,0,30,2,10,,125739,21,0,30,2,50,,125774,21,0,30,2,10,,125735,21,0,30,2,10,,125748,21,0,30,2,10,,125808,21,0,30,2,10,,125727,21,0,30,2,10,,125707,21,0,30,2,50,,125827,21,0,30,2,10,,125742,21,0,30,2,10,,125822,21,0,30,2,10,,125834,21,0,30,2,10,,125765,21,0,30,2,10,,125803,21,0,30,2,50,,125781,21,0,30,2,10,,125720,21,0,30,2,10,,125728,21,0,30,2,10,,125733,21,0,30,2,10,,125809,21,0,30,2,10,,125732,21,0,30,2,50,,125796,21,0,30,2,10,,125737,21,0,30,2,10,,125798,21,0,30,2,10,,125806,21,0,30,2,10,,125758,21,0,30,2,10,,125714,21,0,30,2,50,,125754,21,0,30,2,10,,112121,21,0,30,2,10,,125787,21,0,30,2,10,,125782,21,0,30,2,10,,125755,21,0,30,2,10,,125777,21,0,30,2,50,,125819,21,0,30,2,10,,125812,21,0,30,2,10,,125726,21,0,30,2,10,,125770,21,0,30,2,10,,125768,21,0,30,2,10,,125832,21,0,30,2,49,,125814,21,0,30,2,9,,125767,21,0,30,2,8,,125721,21,0,30,2,9,,125723,21,0,30,2,10,,125823,21,0,30,2,10,,125759,21,0,30,2,10,,125785,21,0,30,2,50,,125772,21,0,30,2,10,,125756,21,0,30,2,10,,125821,21,0,30,2,10,,125783,21,0,30,2,6,,125713,21,0,17,2,4,,125745,21,0,30,2,10,,125753,21,0,30,2,50,,125789,21,0,30,2,10,,125824,21,0,30,2,10,,125724,21,0,30,2,10,,125788,21,0,30,2,10,,125706,21,0,30,2,10,,125764,21,0,30,2,50,,125719,21,0,30,2,10,,125784,21,0,30,2,6,,125799,21,0,30,2,10,,125830,21,0,30,2,10,,125740,21,0,30,2,10,,125716,21,0,30,2,50,,125717,21,0,30,2,10,,125797,21,0,30,2,10,,125826,21,0,30,2,10,,125829,21,0,30,2,5,,125820,21,0,17,2,5,,125805,21,0,30,2,10,,125725,21,0,30,2,50,,125800,21,0,30,2,10,,125795,21,0,30,2,10,,125741,21,0,30,2,10,,125722,21,0,30,2,11,,125729,21,0,30,2,12,,125736,21,0,30,2,50,,125761,21,0,17,2,16,,125818,21,0,17,2
50302,'1',519,,126375,23,0,32 8 19,2,12,,126469,23,0,32 8 19,2,10,,126383,23,0,32 8 19,2,10,,126434,23,0,32 8 19,2,50,,126433,23,0,32 8 19,2,13,,126488,23,0,32 8 19,2,8,,126421,23,0,32 8 19,2,6,,126506,23,0,32 8 19,2,6,,126445,23,0,32 8 19,2,7,,110381,23,0,32 8 19,2,10,,126500,23,0,32 8 19,2,5,,126476,23,0,32 8 19,2,45,,126514,23,0,32 8 19,2,5,,126479,23,0,32 8 19,2,6,,126403,23,0,32 8 19,2,9,,126498,23,0,32 8 19,2,7,,126507,23,0,32 8 19,2,5,,126393,23,0,32 8 19,2,5,,126408,23,0,32 8 19,2,6,,126424,23,0,32 8 19,2,6,,115562,23,0,32 8 19,2,6,,126478,23,0,32 8 19,2,46,,126459,23,0,32 8 19,2,6,,126516,23,0,32 8 19,2,6,,126451,23,0,32 8 19,2,6,,126503,23,0,32 8 19,2,6,,126485,23,0,32 8 19,2,6,,126481,23,0,32 8 19,2,6,,126415,23,0,32 8 19,2,6,,126419,23,0,32 8 19,2,6,,126404,23,0,32 8 19,2,6,,126430,23,0,32 8 19,2,46,,126465,23,0,32 8 19,2,6,,126426,23,0,32 8 19,2,6,,109684,23,0,32 8 19,2,6,,126436,23,0,32 8 19,2,6,,126420,23,0,32 8 19,2,6,,126399,23,0,32 8 19,2,6,,126489,23,0,32 8 19,2,6,,126518,23,0,32 8 19,2,6,,126456,23,0,32 8 19,2,6,,126509,23,0,32 8 19,2,47,,126504,23,0,32 8 19,2,10,,126389,23,0,32 8 19,2,10,,126398,23,0,32 8 19,2,10,,126382,23,0,32 8 19,2,10,,111368,23,0,32 8 19,2,10,,126475,23,0,32 8 19,2,50,,126486,23,0,32 8 19,2,10,,126455,23,0,32 8 19,2,10,,126449,23,0,32 8 19,2,10,,126413,23,0,32 8 19,2,10,,126452,23,0,32 8 19,2,10,,126423,23,0,32 8 19,2,50,,126497,23,0,32 8 19,2,10,,126429,23,0,32 8 19,2,10,,126458,23,0,32 8 19,2,10,,126371,23,0,32 8 19,2,10,,126480,23,0,32 8 19,2,10,,126438,23,0,32 8 19,2,50,,126402,23,0,32 8 19,2,10,,126387,23,0,32 8 19,2,10,,126521,23,0,32 8 19,2,10,,126502,23,0,32 8 19,2,10,,126373,23,0,32 8 19,2,10,,126410,23,0,32 8 19,2,50,,126495,23,0,32 8 19,2,10,,126508,23,0,32 8 19,2,10,,126418,23,0,32 8 19,2,10,,126473,23,0,32 8 19,2,10,,126460,23,0,32 8 19,2,11,,126417,23,0,32 8 19,2,48,,126446,23,0,32 8 19,2,10,,126510,23,0,32 8 19,2,3,,126483,23,0,32 8 19,2,6,,126390,23,0,32 8 19,2,6,,126397,23,0,32 8 19,2,6,,126515,23,0,32 8 19,2,6,,126470,23,0,32 8 19,2,6,,126474,23,0,32 8 19,2,6,,126462,23,0,32 8 19,2,6,,126457,23,0,32 8 19,2,46,,126374,23,0,32 8 19,2,6,,126379,23,0,32 8 19,2,6,,126411,23,0,32 8 19,2,6,,126381,23,0,32 8 19,2,6,,126428,23,0,32 8 19,2,6,,126440,23,0,32 8 19,2,6,,126431,23,0,32 8 19,2,6,,126395,23,0,32 8 19,2,6,,126392,23,0,32 8 19,2,6,,126425,23,0,32 8 19,2,46,,126439,23,0,32 8 19,2,6,,126432,23,0,32 8 19,2,6,,126377,23,0,32 8 19,2,6,,126466,23,0,32 8 19,2,6,,126414,23,0,32 8 19,2,6,,126394,23,0,32 8 19,2,6,,126386,23,0,32 8 19,2,6,,126453,23,0,32 8 19,2,6,,126463,23,0,32 8 19,2,6,,126441,23,0,32 8 19,2,46,,126472,23,0,32 8 19,2,6,,126447,23,0,32 8 19,2,6,,126372,23,0,32 8 19,2,6,,126407,23,0,32 8 19,2,6,,126471,23,0,32 8 19,2,6,,126490,23,0,32 8 19,2,6,,126511,23,0,32 8 19,2,7,,126454,23,0,32 8 19,2,7,,126376,23,0,32 8 19,2,47,,126464,23,0,32 8 19,2,7,,126520,23,0,32 8 19,2,7,,126388,23,0,32 8 19,2,6,,126435,23,0,32 8 19,2,7,,126450,23,0,32 8 19,2,5,,126491,23,0,32 8 19,2,7,,126513,23,0,32 8 19,2,8,,126380,23,0,32 8 19,2,8,,126448,23,0,32 8 19,2,48,,126400,23,0,32 8 19,2,8,,126422,23,0,32 8 19,2,8,,126467,23,0,32 8 19,2,8,,126501,23,0,32 8 19,2,8,,126384,23,0,32 8 19,2,8,,126405,23,0,32 8 19,2,8,,126444,23,0,32 8 19,2,8,,126391,23,0,32 8 19,2,48,,126468,23,0,32 8 19,2,8,,126461,23,0,32 8 19,2,8,,126401,23,0,32 8 19,2,8,,126385,23,0,32 8 19,2,8,,126443,23,0,32 8 19,2,8,,126494,23,0,32 8 19,2,8,,126499,23,0,32 8 19,2,49,,126442,23,0,32 8 19,2,9,,126396,23,0,32 8 19,2,8,,126409,23,0,32 8 19,2,9,,126493,23,0,32 8 19,2,9,,126505,23,0,32 8 19,2,10,,126517,23,0,32 8 19,2,10,,126487,23,0,32 8 19,2,50,,126492,23,0,32 8 19,2,10,,126406,23,0,32 8 19,2,10,,126484,23,0,32 8 19,2,10,,126496,23,0,32 8 19,2,10,,126482,23,0,32 8 19,2,10,,126477,23,0,32 8 19,2,50,,126412,23,0,32 8 19,2,10,,126427,23,0,32 8 19,2,10,,126416,23,0,32 8 19,2,10,,126512,23,0,32 8 19,2,14,,126378,23,0,32 8 19,2,57,,126519,23,0,32 8 19,2,17,,126437,23,0,32 8 19,2
50302,'2',445,,126633,23,0,32 8 19,2,10,,126624,23,0,32 8 19,2,50,,119310,23,0,32 8 19,2,10,,126538,23,0,32 8 19,2,8,,126530,23,0,32 8 19,2,8,,126562,23,0,32 8 19,2,9,,126628,23,0,32 8 19,2,10,,126605,23,0,32 8 19,2,50,,126570,23,0,32 8 19,2,10,,126629,23,0,32 8 19,2,10,,126604,23,0,32 8 19,2,10,,126592,23,0,32 8 19,2,10,,126616,23,0,32 8 19,2,10,,126601,23,0,32 8 19,2,50,,126552,23,0,32 8 19,2,10,,126563,23,0,32 8 19,2,10,,126631,23,0,32 8 19,2,10,,126646,23,0,32 8 19,2,10,,126589,23,0,32 8 19,2,10,,126637,23,0,32 8 19,2,50,,126544,23,0,32 8 19,2,10,,126621,23,0,32 8 19,2,11,,126571,23,0,32 8 19,2,13,,126523,23,0,32 8 19,2,11,,126540,23,0,32 8 19,2,9,,126617,23,0,32 8 19,2,49,,126600,23,0,32 8 19,2,9,,126549,23,0,32 8 19,2,10,,126630,23,0,32 8 19,2,10,,126529,23,0,32 8 19,2,10,,126564,23,0,32 8 19,2,10,,126585,23,0,32 8 19,2,50,,126642,23,0,32 8 19,2,10,,126643,23,0,32 8 19,2,10,,126620,23,0,32 8 19,2,10,,126546,23,0,32 8 19,2,10,,126545,23,0,32 8 19,2,10,,126652,23,0,32 8 19,2,50,,126614,23,0,32 8 19,2,10,,126644,23,0,32 8 19,2,10,,126567,23,0,32 8 19,2,10,,126550,23,0,32 8 19,2,11,,126578,23,0,32 8 19,2,5,,126627,23,0,32 8 19,2,5,,126528,23,0,32 8 19,2,50,,126533,23,0,32 8 19,2,10,,126581,23,0,32 8 19,2,10,,126573,23,0,32 8 19,2,6,,126575,23,0,32 8 19,2,5,,126557,23,0,32 8 19,2,10,,126560,23,0,32 8 19,2,10,,126655,23,0,32 8 19,2,50,,126597,23,0,32 8 19,2,5,,126558,23,0,32 8 19,2,5,,126622,23,0,32 8 19,2,10,,126579,23,0,32 8 19,2,8,,126569,23,0,32 8 19,2,8,,126648,23,0,32 8 19,2,8,,126525,23,0,32 8 19,2,8,,126548,23,0,32 8 19,2,48,,126531,23,0,32 8 19,2,8,,126522,23,0,32 8 19,2,8,,126645,23,0,32 8 19,2,8,,126638,23,0,32 8 19,2,8,,126611,23,0,32 8 19,2,8,,126590,23,0,32 8 19,2,8,,126619,23,0,32 8 19,2,48,,126591,23,0,32 8 19,2,8,,126607,23,0,32 8 19,2,8,,126657,23,0,32 8 19,2,8,,126568,23,0,32 8 19,2,8,,126634,23,0,32 8 19,2,8,,126539,23,0,32 8 19,2,8,,126626,23,0,32 8 19,2,8,,126647,23,0,32 8 19,2,48,,126583,23,0,32 8 19,2,8,,126524,23,0,32 8 19,2,8,,126536,23,0,32 8 19,2,8,,112405,23,0,32 8 19,2,8,,111586,23,0,32 8 19,2,8,,126559,23,0,32 8 19,2,8,,126588,23,0,32 8 19,2,48,,115036,23,0,32 8 19,2,8,,126615,23,0,32 8 19,2,8,,126640,23,0,32 8 19,2,8,,126602,23,0,32 8 19,2,8,,126654,23,0,32 8 19,2,8,,126582,23,0,32 8 19,2,8,,126561,23,0,32 8 19,2,8,,126595,23,0,32 8 19,2,48,,126553,23,0,32 8 19,2,8,,126598,23,0,32 8 19,2,8,,126599,23,0,32 8 19,2,8,,126534,23,0,32 8 19,2,8,,126577,23,0,32 8 19,2,8,,126527,23,0,32 8 19,2,8,,126610,23,0,32 8 19,2,49,,126576,23,0,32 8 19,2,9,,126580,23,0,32 8 19,2,9,,126584,23,0,32 8 19,2,9,,126650,23,0,32 8 19,2,9,,126547,23,0,32 8 19,2,9,,126649,23,0,32 8 19,2,10,,126635,23,0,32 8 19,2,50,,126532,23,0,32 8 19,2,10,,126542,23,0,32 8 19,2,10,,126639,23,0,32 8 19,2,10,,126574,23,0,32 8 19,2,10,,126594,23,0,32 8 19,2,10,,126606,23,0,32 8 19,2,50,,126572,23,0,32 8 19,2,10,,126618,23,0,32 8 19,2,10,,126612,23,0,32 8 19,2,10,,126554,23,0,32 8 19,2,10,,126603,23,0,32 8 19,2,10,,126632,23,0,32 8 19,2,50,,126651,23,0,32 8 19,2,11,,126608,23,0,32 8 19,2,10,,126586,23,0,32 8 19,2,10,,126613,23,0,32 8 19,2,10,,126587,23,0,32 8 19,2,10,,126551,23,0,32 8 19,2,50,,126541,23,0,32 8 19,2,10,,126535,23,0,32 8 19,2,10,,126543,23,0,32 8 19,2,10,,126625,23,0,32 8 19,2,10,,126609,23,0,32 8 19,2,10,,126656,23,0,32 8 19,2,50,,126526,23,0,32 8 19,2,10,,126623,23,0,32 8 19,2,10,,126537,23,0,32 8 19,2,10,,126556,23,0,32 8 19,2,10,,126555,23,0,32 8 19,2,10,,126636,23,0,32 8 19,2,50,,126596,23,0,32 8 19,2,10,,126641,23,0,32 8 19,2,10,,126565,23,0,32 8 19,2,10,,111498,23,0,32 8 19,2,10,,126653,23,0,32 8 19,2,8,,126566,23,0,32 8 19,2,48,,126593,23,0,32 8 19,2
50302,'3',513,,126699,23,0,32 8 19,2,11,,126733,23,0,32 8 19,2,10,,126666,23,0,32 8 19,2,10,,126673,23,0,32 8 19,2,10,,126724,23,0,32 8 19,2,50,,126682,23,0,32 8 19,2,10,,126758,23,0,32 8 19,2,10,,126662,23,0,32 8 19,2,10,,126688,23,0,32 8 19,2,10,,126762,23,0,32 8 19,2,10,,126692,23,0,32 8 19,2,50,,126748,23,0,32 8 19,2,10,,126669,23,0,32 8 19,2,10,,126766,23,0,32 8 19,2,10,,126730,23,0,32 8 19,2,10,,126771,23,0,32 8 19,2,10,,126768,23,0,32 8 19,2,51,,126678,23,0,32 8 19,2,13,,126770,23,0,32 8 19,2,12,,126725,23,0,32 8 19,2,11,,126700,23,0,32 8 19,2,9,,126751,23,0,32 8 19,2,8,,126671,23,0,32 8 19,2,48,,126729,23,0,32 8 19,2,10,,126683,23,0,32 8 19,2,10,,126767,23,0,32 8 19,2,10,,126679,23,0,32 8 19,2,10,,126745,23,0,32 8 19,2,10,,126701,23,0,32 8 19,2,50,,126769,23,0,32 8 19,2,10,,126728,23,0,32 8 19,2,10,,112614,23,0,32 8 19,2,10,,126674,23,0,32 8 19,2,10,,126696,23,0,32 8 19,2,10,,126722,23,0,32 8 19,2,50,,126735,23,0,32 8 19,2,10,,126753,23,0,32 8 19,2,10,,126727,23,0,32 8 19,2,10,,126743,23,0,32 8 19,2,10,,126712,23,0,32 8 19,2,10,,126742,23,0,32 8 19,2,50,,126736,23,0,32 8 19,2,9,,126685,23,0,32 8 19,2,9,,126705,23,0,32 8 19,2,10,,126721,23,0,32 8 19,2,9,,126744,23,0,32 8 19,2,9,,126706,23,0,32 8 19,2,50,,126726,23,0,32 8 19,2,10,,126763,23,0,32 8 19,2,10,,126756,23,0,32 8 19,2,10,,126677,23,0,32 8 19,2,10,,126665,23,0,32 8 19,2,10,,126675,23,0,32 8 19,2,50,,126676,23,0,32 8 19,2,10,,126740,23,0,32 8 19,2,10,,126667,23,0,32 8 19,2,10,,126689,23,0,32 8 19,2,10,,126697,23,0,32 8 19,2,10,,126732,23,0,32 8 19,2,50,,126749,23,0,32 8 19,2,10,,108420,23,0,32 8 19,2,10,,126708,23,0,32 8 19,2,10,,126714,23,0,32 8 19,2,10,,126750,23,0,32 8 19,2,10,,126710,23,0,32 8 19,2,50,,126711,23,0,32 8 19,2,10,,126773,23,0,32 8 19,2,10,,126659,23,0,32 8 19,2,10,,126741,23,0,32 8 19,2,10,,126693,23,0,32 8 19,2,10,,126684,23,0,32 8 19,2,50,,126680,23,0,32 8 19,2,10,,126661,23,0,32 8 19,2,10,,126694,23,0,32 8 19,2,10,,126746,23,0,32 8 19,2,10,,126772,23,0,32 8 19,2,10,,126765,23,0,32 8 19,2,50,,126761,23,0,32 8 19,2,10,,126734,23,0,32 8 19,2,10,,126754,23,0,32 8 19,2,10,,126764,23,0,32 8 19,2,10,,126668,23,0,32 8 19,2,10,,126760,23,0,32 8 19,2,50,,126731,23,0,32 8 19,2,10,,126779,23,0,32 8 19,2,11,,126709,23,0,32 8 19,2,11,,126737,23,0,32 8 19,2,12,,126717,23,0,32 8 19,2,10,,126719,23,0,32 8 19,2,50,,126707,23,0,32 8 19,2,10,,126663,23,0,32 8 19,2,10,,126670,23,0,32 8 19,2,10,,126739,23,0,32 8 19,2,10,,126759,23,0,32 8 19,2,10,,113315,23,0,32 8 19,2,50,,126774,23,0,32 8 19,2,10,,126702,23,0,32 8 19,2,10,,126738,23,0,32 8 19,2,10,,126691,23,0,32 8 19,2,10,,126660,23,0,32 8 19,2,10,,126687,23,0,32 8 19,2,50,,126686,23,0,32 8 19,2,10,,126747,23,0,32 8 19,2,11,,126718,23,0,32 8 19,2,10,,118820,23,0,32 8 19,2,7,,126777,23,0,32 8 19,2,10,,126713,23,0,32 8 19,2,50,,126690,23,0,32 8 19,2,10,,126672,23,0,32 8 19,2,10,,126716,23,0,32 8 19,2,10,,126698,23,0,32 8 19,2,10,,126715,23,0,32 8 19,2,10,,126703,23,0,32 8 19,2,50,,126775,23,0,32 8 19,2,10,,126704,23,0,32 8 19,2,10,,126755,23,0,32 8 19,2,10,,126681,23,0,32 8 19,2,10,,126757,23,0,32 8 19,2,10,,126723,23,0,32 8 19,2,50,,126664,23,0,32 8 19,2,10,,126695,23,0,32 8 19,2,10,,126752,23,0,32 8 19,2,10,,126658,23,0,32 8 19,2,10,,126776,23,0,32 8 19,2,13,,126778,23,0,32 8 19,2,54,,126720,23,0,32 8 19,2
50302,'5',513,,122246,23,0,32 8 19,2,11,,126803,23,0,32 8 19,2,10,,126879,23,0,32 8 19,2,10,,126871,23,0,32 8 19,2,10,,126857,23,0,32 8 19,2,50,,126891,23,0,32 8 19,2,10,,126814,23,0,32 8 19,2,10,,126833,23,0,32 8 19,2,10,,126797,23,0,32 8 19,2,10,,126888,23,0,32 8 19,2,10,,126885,23,0,32 8 19,2,50,,126828,23,0,32 8 19,2,10,,126856,23,0,32 8 19,2,10,,126810,23,0,32 8 19,2,10,,126780,23,0,32 8 19,2,10,,126817,23,0,32 8 19,2,10,,126886,23,0,32 8 19,2,51,,112772,23,0,32 8 19,2,13,,119835,23,0,32 8 19,2,12,,126860,23,0,32 8 19,2,11,,126822,23,0,32 8 19,2,9,,126820,23,0,32 8 19,2,8,,126787,23,0,32 8 19,2,48,,126830,23,0,32 8 19,2,10,,126832,23,0,32 8 19,2,10,,126845,23,0,32 8 19,2,10,,111071,23,0,32 8 19,2,10,,126865,23,0,32 8 19,2,10,,126883,23,0,32 8 19,2,50,,126872,23,0,32 8 19,2,10,,126876,23,0,32 8 19,2,10,,126796,23,0,32 8 19,2,10,,106095,23,0,32 8 19,2,10,,126864,23,0,32 8 19,2,10,,126878,23,0,32 8 19,2,50,,126866,23,0,32 8 19,2,10,,126808,23,0,32 8 19,2,10,,126873,23,0,32 8 19,2,10,,126839,23,0,32 8 19,2,10,,126875,23,0,32 8 19,2,10,,126818,23,0,32 8 19,2,50,,126802,23,0,32 8 19,2,9,,126868,23,0,32 8 19,2,9,,126896,23,0,32 8 19,2,10,,126782,23,0,32 8 19,2,9,,126867,23,0,32 8 19,2,9,,126846,23,0,32 8 19,2,50,,126881,23,0,32 8 19,2,10,,126854,23,0,32 8 19,2,10,,126819,23,0,32 8 19,2,10,,126882,23,0,32 8 19,2,10,,126852,23,0,32 8 19,2,10,,126783,23,0,32 8 19,2,50,,126791,23,0,32 8 19,2,10,,126847,23,0,32 8 19,2,10,,109086,23,0,32 8 19,2,10,,126823,23,0,32 8 19,2,10,,126893,23,0,32 8 19,2,10,,126829,23,0,32 8 19,2,50,,126855,23,0,32 8 19,2,10,,126853,23,0,32 8 19,2,10,,126835,23,0,32 8 19,2,10,,126840,23,0,32 8 19,2,10,,126825,23,0,32 8 19,2,10,,126858,23,0,32 8 19,2,50,,126877,23,0,32 8 19,2,10,,126880,23,0,32 8 19,2,10,,126849,23,0,32 8 19,2,10,,126834,23,0,32 8 19,2,10,,126859,23,0,32 8 19,2,10,,126815,23,0,32 8 19,2,50,,126807,23,0,32 8 19,2,10,,126824,23,0,32 8 19,2,10,,126841,23,0,32 8 19,2,10,,126869,23,0,32 8 19,2,10,,126874,23,0,32 8 19,2,10,,116124,23,0,32 8 19,2,50,,126827,23,0,32 8 19,2,10,,126842,23,0,32 8 19,2,10,,126844,23,0,32 8 19,2,10,,126781,23,0,32 8 19,2,10,,126826,23,0,32 8 19,2,10,,126812,23,0,32 8 19,2,50,,126801,23,0,32 8 19,2,10,,126884,23,0,32 8 19,2,11,,126894,23,0,32 8 19,2,11,,126813,23,0,32 8 19,2,12,,126821,23,0,32 8 19,2,10,,126811,23,0,32 8 19,2,50,,126806,23,0,32 8 19,2,10,,126799,23,0,32 8 19,2,10,,126890,23,0,32 8 19,2,10,,126892,23,0,32 8 19,2,10,,126805,23,0,32 8 19,2,10,,126870,23,0,32 8 19,2,50,,126836,23,0,32 8 19,2,10,,126831,23,0,32 8 19,2,10,,126785,23,0,32 8 19,2,10,,113446,23,0,32 8 19,2,10,,126850,23,0,32 8 19,2,10,,126862,23,0,32 8 19,2,50,,126809,23,0,32 8 19,2,10,,126790,23,0,32 8 19,2,11,,126887,23,0,32 8 19,2,10,,126895,23,0,32 8 19,2,7,,126838,23,0,32 8 19,2,10,,126837,23,0,32 8 19,2,50,,126798,23,0,32 8 19,2,10,,126804,23,0,32 8 19,2,10,,126848,23,0,32 8 19,2,10,,126792,23,0,32 8 19,2,10,,113407,23,0,32 8 19,2,10,,126851,23,0,32 8 19,2,50,,126889,23,0,32 8 19,2,10,,126861,23,0,32 8 19,2,10,,126800,23,0,32 8 19,2,10,,126793,23,0,32 8 19,2,10,,126784,23,0,32 8 19,2,10,,126863,23,0,32 8 19,2,50,,126843,23,0,32 8 19,2,10,,126816,23,0,32 8 19,2,10,,126788,23,0,32 8 19,2,10,,126794,23,0,32 8 19,2,10,,126789,23,0,32 8 19,2,13,,126786,23,0,32 8 19,2,54,,126795,23,0,32 8 19,2
