30401,'1',2656,,91464,24,,,2,2,,91466,37,0,34,2,48,,91481,24,,,2,2,,81335,37,0,34,2,8,,91482,24,,,2,2,,91468,37,0,34,2,10,,87414,37,0,34,2,10,,91467,37,0,34,2,10,,91479,37,0,34,2,10,,91471,37,0,34,2,50,,91480,37,0,34,2,10,,91477,37,0,34,2,10,,91483,37,0,34,2,10,,91478,37,0,34,2,10,,91476,37,0,34,2,10,,84626,37,0,34,2,50,,91472,37,0,34,2,10,,91470,37,0,34,2,15,,91475,37,0,34,2,10,,91463,37,,,2,10,,91465,37,,,2,50,,91469,37,,,2,10,,91474,37,,,2,5,,91473,37,,,2
30401,'2',2705,,91491,37,0,34,2,10,,91486,37,0,34,2,4,,91492,24,,,2,6,,91497,37,0,34,2,10,,91499,37,0,34,2,10,,91489,37,0,34,2,10,,91494,37,0,34,2,50,,91484,37,0,34,2,10,,91495,37,0,34,2,10,,91496,37,0,34,2,10,,91502,37,0,34,2,10,,91501,37,0,34,2,10,,91507,37,0,34,2,50,,91498,37,0,34,2,10,,91500,37,0,34,2,10,,91490,37,0,34,2,12,,91487,37,0,34,2,10,,91503,37,,,2,10,,91504,37,,,2,45,,91488,37,,,2,5,,91506,37,,,2,10,,91485,37,,,2,10,,91505,37,,,2,13,,91493,37,,,2
30401,'3',553,,91544,24,0,34,2,47,,91526,37,0,31,2,7,,91508,24,0,34,2,7,,91524,37,0,31,2,7,,91509,24,0,34,2,7,,91552,37,0,31,2,7,,91536,24,0,34,2,7,,91548,37,0,31,2,7,,91532,24,0,34,2,7,,91511,37,0,31,2,47,,91547,24,0,34,2,7,,91539,37,0,31,2,7,,91534,24,0,34,2,7,,91549,37,0,31,2,7,,91533,24,0,34,2,7,,91540,37,0,31,2,7,,91514,24,0,34,2,7,,91541,37,0,31,2,54,,91542,37,0,31,2,14,,91543,37,0,31,2,14,,91517,37,0,31,2,14,,91551,37,0,31,2,1807,,91518,37,,,2,52,,91525,37,0,34,2,4,,91529,24,,,2,6,,91550,37,0,34,2,4,,91516,24,,,2,6,,91520,37,0,34,2,4,,91519,24,,,2,6,,91538,37,0,34,2,10,,83514,37,0,34,2,10,,91531,37,0,34,2,50,,91521,37,0,34,2,10,,91510,37,0,34,2,10,,91546,37,0,34,2,10,,91512,37,0,34,2,10,,78205,37,0,34,2,10,,91545,37,0,34,2,50,,75756,37,0,34,2,10,,91523,37,0,34,2,10,,91513,37,0,34,2,8,,91530,37,,,2,10,,91528,37,,,2,10,,91527,37,,,2
30401,'5',2707,,91572,37,0,34,2,10,,91571,37,0,34,2,4,,91565,24,,,2,6,,91564,37,0,34,2,4,,91569,24,,,2,6,,91554,37,0,34,2,10,,91558,37,0,34,2,10,,91563,37,0,34,2,50,,91553,37,0,34,2,10,,91570,37,0,34,2,10,,91555,37,0,34,2,10,,91559,37,0,34,2,10,,91561,37,0,34,2,10,,91562,37,0,34,2,50,,91566,37,0,34,2,10,,91568,37,0,34,2,10,,91567,37,0,34,2,8,,91557,37,,,2,10,,91556,37,,,2,10,,91560,37,,,2
50301,'1',555,,93496,11,0,36 40,2,50,,93525,11,0,36 40,2,10,,93572,11,0,36 40,2,10,,93608,11,0,36 40,2,5,,93580,11,0,36 40,2,5,,93481,11,0,36 40,2,5,,93499,11,0,36 40,2,5,,93486,11,0,36 40,2,10,,93551,11,0,36 40,2,50,,93588,11,0,36 40,2,7,,93548,11,0,36 40,2,7,,93520,11,0,36 40,2,6,,93550,11,0,36 40,2,6,,93538,11,0,36 40,2,5,,93598,11,0,36 40,2,3,,93535,11,0,36 40,2,7,,93615,11,0,36 40,2,6,,93478,11,0,36 40,2,6,,93592,11,0,36 40,2,46,,93547,11,0,36 40,2,6,,93515,11,0,36 40,2,6,,93506,11,0,36 40,2,6,,93602,11,0,36 40,2,6,,93521,11,0,36 40,2,6,,93505,11,0,36 40,2,6,,93575,11,0,36 40,2,6,,93476,11,0,36 40,2,6,,93555,11,0,36 40,2,6,,93543,11,0,36 40,2,46,,93516,11,0,36 40,2,6,,93484,11,0,36 40,2,6,,93576,11,0,36 40,2,6,,93597,11,0,36 40,2,6,,93614,11,0,36 40,2,6,,93578,11,0,36 40,2,6,,93605,11,0,36 40,2,8,,93514,11,0,36 40,2,6,,93587,11,0,36 40,2,46,,93586,11,0,36 40,2,6,,93490,11,0,36 40,2,5,,93512,11,0,36 40,2,5,,93613,11,0,36 40,2,10,,93577,11,0,36 40,2,5,,93485,11,0,36 40,2,5,,93475,11,0,36 40,2,10,,93566,11,0,36 40,2,10,,93473,11,0,36 40,2,50,,93545,11,0,36 40,2,10,,93513,11,0,36 40,2,10,,90682,11,0,36 40,2,10,,93553,11,0,36 40,2,10,,93594,11,0,36 40,2,10,,93574,11,0,36 40,2,50,,93606,11,0,36 40,2,10,,93472,11,0,36 40,2,10,,93532,11,0,36 40,2,10,,93483,11,0,36 40,2,10,,93479,11,0,36 40,2,10,,93591,11,0,36 40,2,50,,93500,11,0,36 40,2,10,,93471,11,0,36 40,2,10,,93540,11,0,36 40,2,10,,93612,11,0,36 40,2,10,,93469,11,0,36 40,2,10,,93517,11,0,36 40,2,50,,93510,11,0,36 40,2,10,,93527,11,0,36 40,2,10,,93509,11,0,36 40,2,10,,93611,11,0,36 40,2,11,,86518,11,0,36 40,2,7,,93583,11,0,36 40,2,46,,93507,11,0,36 40,2,6,,93603,11,0,36 40,2,6,,93482,11,0,36 40,2,8,,93552,11,0,36 40,2,9,,93503,11,0,36 40,2,9,,93585,11,0,36 40,2,9,,93528,11,0,36 40,2,7,,93524,11,0,36 40,2,46,,93529,11,0,36 40,2,6,,93599,11,0,36 40,2,6,,93470,11,0,36 40,2,6,,93569,11,0,36 40,2,6,,93504,11,0,36 40,2,6,,93560,11,0,36 40,2,6,,93554,11,0,36 40,2,6,,93607,11,0,36 40,2,6,,93582,11,0,36 40,2,6,,93539,11,0,36 40,2,46,,93536,11,0,36 40,2,6,,93519,11,0,36 40,2,6,,93604,11,0,36 40,2,6,,93541,11,0,36 40,2,6,,93502,11,0,36 40,2,6,,93498,11,0,36 40,2,6,,93477,11,0,36 40,2,6,,93579,11,0,36 40,2,6,,93474,11,0,36 40,2,6,,93595,11,0,36 40,2,52,,93610,11,0,36 40,2,6,,93533,11,0,36 40,2,6,,93542,11,0,36 40,2,6,,93487,11,0,36 40,2,6,,93530,11,0,36 40,2,6,,93556,11,0,36 40,2,6,,93567,11,0,36 40,2,6,,78578,11,0,36 40,2,6,,93523,11,0,36 40,2,46,,93565,11,0,36 40,2,9,,93596,11,0,36 40,2,9,,93537,11,0,36 40,2,9,,93558,11,0,36 40,2,7,,93546,11,0,36 40,2,8,,79738,11,0,36 40,2,8,,93526,11,0,36 40,2,8,,93534,11,0,36 40,2,48,,93544,11,0,36 40,2,8,,93511,11,0,36 40,2,8,,93531,11,0,36 40,2,8,,93601,11,0,36 40,2,8,,93563,11,0,36 40,2,8,,93491,11,0,36 40,2,8,,93508,11,0,36 40,2,48,,93600,11,0,36 40,2,8,,93497,11,0,36 40,2,8,,93522,11,0,36 40,2,8,,93584,11,0,36 40,2,8,,93590,11,0,36 40,2,8,,93480,11,0,36 40,2,8,,93493,11,0,36 40,2,8,,93494,11,0,36 40,2,48,,93549,11,0,36 40,2,7,,93570,11,0,36 40,2,10,,93589,11,0,36 40,2,10,,93518,11,0,36 40,2,10,,93489,11,0,36 40,2,10,,93557,11,0,36 40,2,50,,77427,11,0,36 40,2,10,,86633,11,0,36 40,2,10,,93568,11,0,36 40,2,10,,93593,11,0,36 40,2,10,,93492,11,0,36 40,2,10,,93609,11,0,36 40,2,50,,93559,11,0,36 40,2,10,,93488,11,0,36 40,2,10,,93571,11,0,36 40,2,15,,93562,11,0,36 40,2,15,,93501,11,0,36 40,2,55,,93581,11,0,36 40,2,15,,93573,11,0,36 40,2,9,,93495,11,0,36 40,2
50301,'2',525,,87733,11,0,36 40,2,10,,87610,11,0,36 40,2,10,,93718,11,0,36 40,2,10,,93667,11,0,36 40,2,50,,93720,11,0,36 40,2,10,,93671,11,0,36 40,2,10,,93742,11,0,36 40,2,10,,93646,11,0,36 40,2,10,,93673,11,0,36 40,2,10,,93634,11,0,36 40,2,50,,93709,11,0,36 40,2,10,,93651,11,0,36 40,2,10,,93724,11,0,36 40,2,10,,87565,11,0,36 40,2,10,,93641,11,0,36 40,2,10,,93626,11,0,36 40,2,50,,93744,11,0,36 40,2,11,,93616,11,0,36 40,2,10,,93738,11,0,36 40,2,10,,93717,11,0,36 40,2,10,,93653,11,0,36 40,2,10,,93698,11,0,36 40,2,50,,93649,11,0,36 40,2,10,,93710,11,0,36 40,2,10,,93622,11,0,36 40,2,10,,93645,11,0,36 40,2,10,,93723,11,0,36 40,2,10,,93627,11,0,36 40,2,50,,93736,11,0,36 40,2,10,,93739,11,0,36 40,2,10,,93733,11,0,36 40,2,10,,93625,11,0,36 40,2,10,,93623,11,0,36 40,2,10,,93746,11,0,36 40,2,50,,93661,11,0,36 40,2,10,,93703,11,0,36 40,2,10,,93743,11,0,36 40,2,10,,93631,11,0,36 40,2,10,,93708,11,0,36 40,2,10,,93697,11,0,36 40,2,50,,93664,11,0,36 40,2,12,,93648,11,0,36 40,2,8,,93705,11,0,36 40,2,9,,93669,11,0,36 40,2,9,,93629,11,0,36 40,2,8,,93707,11,0,36 40,2,49,,93654,11,0,36 40,2,8,,93628,11,0,36 40,2,8,,93666,11,0,36 40,2,8,,93721,11,0,36 40,2,8,,93713,11,0,36 40,2,8,,93700,11,0,36 40,2,8,,93693,11,0,36 40,2,8,,93675,11,0,36 40,2,48,,93735,11,0,36 40,2,8,,93643,11,0,36 40,2,8,,93689,11,0,36 40,2,8,,93737,11,0,36 40,2,8,,93621,11,0,36 40,2,8,,93639,11,0,36 40,2,8,,93680,11,0,36 40,2,48,,93683,11,0,36 40,2,8,,93722,11,0,36 40,2,8,,93647,11,0,36 40,2,8,,93663,11,0,36 40,2,8,,93727,11,0,36 40,2,8,,93640,11,0,36 40,2,8,,93633,11,0,36 40,2,8,,93657,11,0,36 40,2,48,,93715,11,0,36 40,2,8,,93638,11,0,36 40,2,8,,93656,11,0,36 40,2,8,,93728,11,0,36 40,2,8,,93659,11,0,36 40,2,8,,93618,11,0,36 40,2,8,,93650,11,0,36 40,2,48,,93624,11,0,36 40,2,8,,93706,11,0,36 40,2,8,,93702,11,0,36 40,2,8,,93677,11,0,36 40,2,8,,93714,11,0,36 40,2,8,,93732,11,0,36 40,2,8,,93692,11,0,36 40,2,8,,93725,11,0,36 40,2,48,,93679,11,0,36 40,2,8,,93747,11,0,36 40,2,8,,93745,11,0,36 40,2,8,,93694,11,0,36 40,2,8,,93620,11,0,36 40,2,8,,93716,11,0,36 40,2,8,,93688,11,0,36 40,2,56,,93660,11,0,36 40,2,8,,93678,11,0,36 40,2,9,,93712,11,0,36 40,2,10,,93682,11,0,36 40,2,10,,93741,11,0,36 40,2,10,,93676,11,0,36 40,2,50,,93690,11,0,36 40,2,10,,93729,11,0,36 40,2,10,,93731,11,0,36 40,2,10,,93719,11,0,36 40,2,10,,93701,11,0,36 40,2,10,,93685,11,0,36 40,2,50,,93665,11,0,36 40,2,10,,93681,11,0,36 40,2,10,,93704,11,0,36 40,2,10,,93617,11,0,36 40,2,10,,93726,11,0,36 40,2,10,,93658,11,0,36 40,2,50,,93668,11,0,36 40,2,10,,93730,11,0,36 40,2,8,,93695,11,0,36 40,2,9,,93687,11,0,36 40,2,9,,93686,11,0,36 40,2,10,,93674,11,0,36 40,2,50,,93644,11,0,36 40,2,10,,93734,11,0,36 40,2,10,,93672,11,0,36 40,2,10,,93619,11,0,36 40,2,10,,93684,11,0,36 40,2,10,,93632,11,0,36 40,2,50,,93670,11,0,36 40,2,10,,93642,11,0,36 40,2,10,,93636,11,0,36 40,2,10,,93696,11,0,36 40,2,10,,93740,11,0,36 40,2,10,,93662,11,0,36 40,2,50,,93630,11,0,36 40,2,10,,93711,11,0,36 40,2,10,,93635,11,0,36 40,2,15,,93637,11,0,36 40,2,15,,93691,11,0,36 40,2,55,,93699,11,0,36 40,2,15,,93655,11,0,36 40,2,11,,93652,11,0,36 40,2
50301,'3',600,,93787,11,0,36 40,2,10,,93798,11,0,36 40,2,10,,93824,11,0,36 40,2,10,,93842,11,0,36 40,2,10,,93845,11,0,36 40,2,10,,93856,11,0,36 40,2,50,,93857,11,0,36 40,2,10,,93784,11,0,36 40,2,10,,93805,11,0,36 40,2,10,,93812,11,0,36 40,2,10,,93846,11,0,36 40,2,10,,93800,11,0,36 40,2,50,,93797,11,0,36 40,2,10,,93777,11,0,36 40,2,10,,93819,11,0,36 40,2,10,,93790,11,0,36 40,2,10,,93760,11,0,36 40,2,10,,93808,11,0,36 40,2,50,,93813,11,0,36 40,2,10,,93753,11,0,36 40,2,10,,93849,11,0,36 40,2,10,,85971,11,0,36 40,2,10,,93782,11,0,36 40,2,10,,93827,11,0,36 40,2,50,,93830,11,0,36 40,2,10,,93780,11,0,36 40,2,10,,93761,11,0,36 40,2,10,,93858,11,0,36 40,2,10,,93757,11,0,36 40,2,10,,93833,11,0,36 40,2,50,,93865,11,0,36 40,2,10,,93752,11,0,36 40,2,10,,93779,11,0,36 40,2,10,,93762,11,0,36 40,2,10,,93822,11,0,36 40,2,10,,93748,11,0,36 40,2,50,,93754,11,0,36 40,2,11,,93821,11,0,36 40,2,11,,93844,11,0,36 40,2,10,,93786,11,0,36 40,2,10,,93771,11,0,36 40,2,10,,93860,11,0,36 40,2,50,,93847,11,0,36 40,2,10,,93766,11,0,36 40,2,10,,93835,11,0,36 40,2,10,,93810,11,0,36 40,2,10,,93778,11,0,36 40,2,10,,93785,11,0,36 40,2,50,,93834,11,0,36 40,2,10,,93806,11,0,36 40,2,10,,93843,11,0,36 40,2,10,,93823,11,0,36 40,2,10,,93836,11,0,36 40,2,10,,93829,11,0,36 40,2,50,,93850,11,0,36 40,2,10,,93828,11,0,36 40,2,10,,93853,11,0,36 40,2,10,,93803,11,0,36 40,2,10,,93862,11,0,36 40,2,10,,93809,11,0,36 40,2,50,,93764,11,0,36 40,2,10,,93781,11,0,36 40,2,10,,93807,11,0,36 40,2,10,,93793,11,0,36 40,2,10,,93841,11,0,36 40,2,10,,93775,11,0,36 40,2,50,,93749,11,0,36 40,2,10,,93848,11,0,36 40,2,10,,93801,11,0,36 40,2,10,,93773,11,0,36 40,2,10,,93763,11,0,36 40,2,10,,93758,11,0,36 40,2,50,,93861,11,0,36 40,2,10,,93851,11,0,36 40,2,10,,93818,11,0,36 40,2,10,,93855,11,0,36 40,2,10,,93794,11,0,36 40,2,60,,93838,11,0,36 40,2,9,,93799,11,0,36 40,2,10,,93796,11,0,36 40,2,9,,93756,11,0,36 40,2,10,,93815,11,0,36 40,2,10,,93772,11,0,36 40,2,50,,93769,11,0,36 40,2,10,,93831,11,0,36 40,2,10,,93840,11,0,36 40,2,10,,93826,11,0,36 40,2,10,,93811,11,0,36 40,2,10,,93755,11,0,36 40,2,50,,93825,11,0,36 40,2,10,,93820,11,0,36 40,2,10,,93788,11,0,36 40,2,10,,93789,11,0,36 40,2,10,,93774,11,0,36 40,2,10,,93751,11,0,36 40,2,50,,93770,11,0,36 40,2,10,,93817,11,0,36 40,2,10,,93859,11,0,36 40,2,10,,93867,11,0,36 40,2,10,,93767,11,0,36 40,2,10,,93863,11,0,36 40,2,50,,93791,11,0,36 40,2,10,,93795,11,0,36 40,2,10,,93783,11,0,36 40,2,10,,93814,11,0,36 40,2,10,,93759,11,0,36 40,2,10,,93750,11,0,36 40,2,50,,93832,11,0,36 40,2,10,,93839,11,0,36 40,2,10,,93768,11,0,36 40,2,10,,93804,11,0,36 40,2,10,,93864,11,0,36 40,2,10,,93852,11,0,36 40,2,50,,93802,11,0,36 40,2,10,,93776,11,0,36 40,2,10,,93792,11,0,36 40,2,10,,93816,11,0,36 40,2,10,,93854,11,0,36 40,2,10,,93765,11,0,36 40,2,55,,93837,11,0,36 40,2,20,,93866,11,0,36 40,2
50301,'5',600,,93893,11,0,36 40,2,10,,93934,11,0,36 40,2,10,,93947,11,0,36 40,2,10,,93974,11,0,36 40,2,10,,93959,11,0,36 40,2,10,,90547,11,0,36 40,2,50,,93971,11,0,36 40,2,10,,93883,11,0,36 40,2,10,,93961,11,0,36 40,2,10,,93879,11,0,36 40,2,10,,93897,11,0,36 40,2,10,,93937,11,0,36 40,2,50,,93890,11,0,36 40,2,10,,93968,11,0,36 40,2,10,,93957,11,0,36 40,2,10,,93903,11,0,36 40,2,10,,93979,11,0,36 40,2,10,,93887,11,0,36 40,2,50,,93984,11,0,36 40,2,10,,93928,11,0,36 40,2,10,,93872,11,0,36 40,2,10,,93891,11,0,36 40,2,10,,93931,11,0,36 40,2,10,,93944,11,0,36 40,2,50,,93882,11,0,36 40,2,10,,93958,11,0,36 40,2,10,,93917,11,0,36 40,2,10,,93946,11,0,36 40,2,10,,93964,11,0,36 40,2,10,,93942,11,0,36 40,2,50,,93895,11,0,36 40,2,10,,93884,11,0,36 40,2,10,,93924,11,0,36 40,2,10,,93889,11,0,36 40,2,10,,93930,11,0,36 40,2,10,,93907,11,0,36 40,2,50,,93963,11,0,36 40,2,11,,93943,11,0,36 40,2,11,,93948,11,0,36 40,2,10,,93922,11,0,36 40,2,10,,93911,11,0,36 40,2,10,,93967,11,0,36 40,2,50,,93941,11,0,36 40,2,10,,93916,11,0,36 40,2,10,,93949,11,0,36 40,2,10,,93906,11,0,36 40,2,10,,93975,11,0,36 40,2,10,,93939,11,0,36 40,2,50,,93918,11,0,36 40,2,10,,93894,11,0,36 40,2,10,,93920,11,0,36 40,2,10,,93954,11,0,36 40,2,10,,93965,11,0,36 40,2,10,,93935,11,0,36 40,2,50,,93902,11,0,36 40,2,10,,93881,11,0,36 40,2,10,,93950,11,0,36 40,2,10,,93915,11,0,36 40,2,10,,93933,11,0,36 40,2,10,,93951,11,0,36 40,2,50,,93955,11,0,36 40,2,10,,93927,11,0,36 40,2,10,,93877,11,0,36 40,2,10,,93932,11,0,36 40,2,10,,93980,11,0,36 40,2,10,,93905,11,0,36 40,2,50,,93900,11,0,36 40,2,10,,93985,11,0,36 40,2,10,,93926,11,0,36 40,2,10,,93981,11,0,36 40,2,10,,93969,11,0,36 40,2,10,,93886,11,0,36 40,2,50,,93953,11,0,36 40,2,10,,93983,11,0,36 40,2,10,,93869,11,0,36 40,2,10,,93919,11,0,36 40,2,10,,93868,11,0,36 40,2,10,,93873,11,0,36 40,2,50,,93962,11,0,36 40,2,9,,93909,11,0,36 40,2,10,,93929,11,0,36 40,2,9,,93898,11,0,36 40,2,10,,93972,11,0,36 40,2,10,,93899,11,0,36 40,2,50,,93914,11,0,36 40,2,10,,93966,11,0,36 40,2,10,,93870,11,0,36 40,2,10,,93878,11,0,36 40,2,10,,93978,11,0,36 40,2,10,,76790,11,0,36 40,2,50,,93910,11,0,36 40,2,10,,93875,11,0,36 40,2,10,,93912,11,0,36 40,2,10,,93892,11,0,36 40,2,10,,93876,11,0,36 40,2,10,,93913,11,0,36 40,2,50,,93938,11,0,36 40,2,10,,93936,11,0,36 40,2,10,,91220,11,0,36 40,2,10,,93880,11,0,36 40,2,10,,93923,11,0,36 40,2,10,,93940,11,0,36 40,2,50,,93960,11,0,36 40,2,10,,93885,11,0,36 40,2,10,,93896,11,0,36 40,2,10,,93952,11,0,36 40,2,10,,93908,11,0,36 40,2,10,,93973,11,0,36 40,2,50,,93904,11,0,36 40,2,10,,93925,11,0,36 40,2,10,,93888,11,0,36 40,2,10,,93976,11,0,36 40,2,10,,93921,11,0,36 40,2,10,,79393,11,0,36 40,2,50,,93977,11,0,36 40,2,10,,93901,11,0,36 40,2,10,,93956,11,0,36 40,2,10,,93874,11,0,36 40,2,10,,93871,11,0,36 40,2,10,,93982,11,0,36 40,2,55,,93945,11,0,36 40,2,20,,93970,11,0,36 40,2
50401,'1',543,,94656,24,0,34,2,10,,94661,37,0,46 43 44 3 45,2,50,,94625,24,0,34,2,5,,94712,37,0,46 43 44 3 45,2,5,,80779,24,0,34,2,5,,94736,37,0,46 43 44 3 45,2,5,,94704,24,0,34,2,5,,94628,37,0,46 43 44 3 45,2,5,,94607,24,0,34,2,5,,94751,35,0,46 43 44 3 45,2,5,,94727,24,0,34,2,5,,94508,35,0,46 43 44 3 45,2,5,,94711,24,0,34,2,5,,94502,35,0,46 43 44 3 45,2,43,,94520,24,0,34,2,7,,94577,35,0,46 43 44 3 45,2,5,,94668,24,0,34,2,5,,94553,35,0,46 43 44 3 45,2,5,,94735,24,0,34,2,5,,94597,35,0,46 43 44 3 45,2,5,,94589,24,0,34,2,6,,78412,35,0,46 43 44 3 45,2,7,,94720,24,0,34,2,6,,94721,35,0,46 43 44 3 45,2,5,,94646,24,0,34,2,46,,94640,35,0,46 43 44 3 45,2,5,,94506,24,0,34,2,5,,94499,35,0,46 43 44 3 45,2,5,,94504,24,0,34,2,5,,87307,35,0,46 43 44 3 45,2,5,,94722,24,0,34,2,4,,94532,35,0,46 43 44 3 45,2,4,,94750,24,0,34,2,4,,94592,35,0,46 43 44 3 45,2,4,,94658,24,0,34,2,4,,94586,35,0,46 43 44 3 45,2,4,,94519,24,0,34,2,4,,94627,35,0,46 43 44 3 45,2,44,,94741,24,0,34,2,2,,94634,24,,,2,2,,94629,35,0,46 43 44 3 45,2,4,,94729,24,0,34,2,4,,94606,35,0,46 43 44 3 45,2,4,,94566,24,0,34,2,4,,94747,35,0,46 43 44 3 45,2,4,,82598,24,0,34,2,4,,94535,35,0,46 43 44 3 45,2,4,,94642,24,0,34,2,4,,94660,35,0,46 43 44 3 45,2,4,,94507,24,0,34,2,4,,94550,35,0,46 43 44 3 45,2,4,,94692,24,0,34,2,4,,94710,35,0,46 43 44 3 45,2,4,,94754,24,0,34,2,44,,94558,35,0,46 43 44 3 45,2,4,,94769,24,0,34,2,4,,94534,35,0,46 43 44 3 45,2,3,,94759,24,0,34,2,4,,94667,35,0,46 43 44 3 45,2,5,,94738,24,0,34,2,3,,94608,35,0,46 43 44 3 45,2,4,,94636,35,0,46 43 44 3 45,2,1,,94536,24,0,34,2,9,,94570,24,0,34,2,2,,94700,35,0,46 43 44 3 45,2,6,,94544,35,,,2,2,,94723,24,0,34,2,2,,94591,35,0,46 43 44 3 45,2,8,,94649,24,0,34,2,2,,94719,35,0,46 43 44 3 45,2,48,,94537,24,0,34,2,2,,94665,35,0,46 43 44 3 45,2,8,,94730,24,0,34,2,2,,94602,35,0,46 43 44 3 45,2,4,,85551,24,,,2,4,,94637,24,0,34,2,2,,94701,35,0,46 43 44 3 45,2,8,,94511,24,0,34,2,2,,94498,35,0,46 43 44 3 45,2,8,,94681,24,0,34,2,2,,94757,35,0,46 43 44 3 45,2,8,,94694,24,0,34,2,2,,94644,35,0,46 43 44 3 45,2,48,,94709,24,0,34,2,2,,94574,35,0,46 43 44 3 45,2,8,,94568,24,0,34,2,2,,94771,35,0,46 43 44 3 45,2,8,,94604,24,0,34,2,2,,94527,35,0,46 43 44 3 45,2,8,,94590,24,0,34,2,2,,94618,35,0,46 43 44 3 45,2,8,,94501,24,0,34,2,2,,94573,35,0,46 43 44 3 45,2,8,,94561,24,0,34,2,2,,94715,35,0,46 43 44 3 45,2,48,,94531,24,0,34,2,2,,94663,35,0,46 43 44 3 45,2,8,,94682,24,0,34,2,2,,94753,35,0,46 43 44 3 45,2,8,,94632,24,0,34,2,2,,94588,35,0,46 43 44 3 45,2,8,,94716,24,0,34,2,2,,94578,35,0,46 43 44 3 45,2,8,,94706,24,0,34,2,2,,94500,35,0,46 43 44 3 45,2,8,,94653,24,0,34,2,2,,94725,35,0,46 43 44 3 45,2,48,,94724,24,0,34,2,2,,94767,35,0,46 43 44 3 45,2,8,,94739,24,0,34,2,2,,80798,35,0,46 43 44 3 45,2,8,,94687,24,0,34,2,2,,82972,35,0,46 43 44 3 45,2,8,,94594,24,0,34,2,2,,94523,35,0,46 43 44 3 45,2,8,,94510,24,0,34,2,2,,94505,35,0,46 43 44 3 45,2,8,,94562,24,0,34,2,2,,94714,35,0,46 43 44 3 45,2,48,,94516,24,0,34,2,6,,94517,35,0,46 43 44 3 45,2,5,,94571,24,0,34,2,6,,94761,35,0,46 43 44 3 45,2,5,,94633,24,0,34,2,3,,94559,35,0,46 43 44 3 45,2,7,,94509,24,0,34,2,3,,94603,35,0,46 43 44 3 45,2,7,,94651,24,0,34,2,3,,94610,35,0,46 43 44 3 45,2,7,,94619,24,0,34,2,43,,94726,35,0,46 43 44 3 45,2,7,,94512,24,0,34,2,3,,94645,35,0,46 43 44 3 45,2,7,,94680,24,0,34,2,3,,94690,35,0,46 43 44 3 45,2,7,,94542,24,0,34,2,4,,94538,35,0,46 43 44 3 45,2,6,,94678,24,0,34,2,3,,94728,35,0,46 43 44 3 45,2,7,,94768,24,0,34,2,3,,94524,35,0,46 43 44 3 45,2,7,,94693,24,0,34,2,43,,94513,35,0,46 43 44 3 45,2,7,,94684,24,0,34,2,3,,94503,35,0,46 43 44 3 45,2,7,,94533,24,0,34,2,3,,94708,35,0,46 43 44 3 45,2,7,,94686,24,0,34,2,3,,94579,35,0,46 43 44 3 45,2,7,,94576,24,0,34,2,3,,94609,35,0,46 43 44 3 45,2,7,,94596,24,0,34,2,3,,94713,35,0,46 43 44 3 45,2,7,,84716,24,0,34,2,43,,94560,35,0,46 43 44 3 45,2,7,,94587,24,0,34,2,3,,94695,35,0,46 43 44 3 45,2,7,,94555,24,0,34,2,3,,94599,35,0,46 43 44 3 45,2,7,,94749,24,0,34,2,3,,94671,35,0,46 43 44 3 45,2,7,,90614,24,0,34,2,3,,94605,35,0,46 43 44 3 45,2,7,,94583,24,0,34,2,3,,94525,35,0,46 43 44 3 45,2,7,,94752,24,0,34,2,43,,94600,35,0,46 43 44 3 45,2,7,,94541,24,0,34,2,3,,94683,35,0,46 43 44 3 45,2,7,,94688,24,0,34,2,3,,94718,35,0,46 43 44 3 45,2,7,,94689,24,0,34,2,3,,94699,35,0,46 43 44 3 45,2,7,,94623,24,0,34,2,3,,94515,35,0,46 43 44 3 45,2,7,,94705,24,0,34,2,2,,94662,24,,,2,1,,94650,35,0,46 43 44 3 45,2,7,,77963,24,0,34,2,41,,90651,35,0,46 43 44 3 45,2,7,,94679,35,0,46 43 44 3 45,2,2,,94638,24,0,34,2,8,,94611,35,0,46 43 44 3 45,2,2,,94733,24,0,34,2,7,,94674,35,0,46 43 44 3 45,2,3,,94762,24,0,34,2,7,,94552,35,0,46 43 44 3 45,2,3,,94585,24,0,34,2,1,,94703,24,,,2,6,,94551,35,0,46 43 44 3 45,2,3,,94529,24,0,34,2,8,,94521,35,0,46 43 44 3 45,2,2,,94549,24,0,34,2,48,,94545,35,0,46 43 44 3 45,2,2,,94539,24,0,34,2,3,,94654,35,,,2,5,,94647,35,0,46 43 44 3 45,2,2,,94518,24,0,34,2,8,,94572,35,0,46 43 44 3 45,2,2,,76031,24,0,34,2,8,,94737,35,0,46 43 44 3 45,2,2,,94685,24,0,34,2,8,,94580,35,0,46 43 44 3 45,2,2,,94630,24,0,34,2,8,,94582,35,0,46 43 44 3 45,2,2,,94540,24,0,34,2,48,,94595,35,0,46 43 44 3 45,2,2,,94639,24,0,34,2,8,,94648,35,0,46 43 44 3 45,2,2,,94641,24,0,34,2,8,,94744,35,0,46 43 44 3 45,2,1,,94612,24,0,34,2,9,,94672,35,0,46 43 44 3 45,2,1,,94673,24,0,34,2,8,,94664,35,0,46 43 44 3 45,2,2,,94766,24,0,34,2,8,,94564,35,0,46 43 44 3 45,2,2,,94620,24,0,34,2,48,,94643,35,0,46 43 44 3 45,2,2,,94631,24,0,34,2,8,,94696,35,0,46 43 44 3 45,2,2,,94567,24,0,34,2,8,,94575,35,0,46 43 44 3 45,2,2,,94676,24,0,34,2,3,,94669,35,,,2,5,,94546,35,0,46 43 44 3 45,2,2,,94732,24,0,34,2,8,,94743,35,0,46 43 44 3 45,2,2,,94626,24,0,34,2,8,,94731,35,0,46 43 44 3 45,2,2,,94670,24,0,34,2,48,,94554,35,0,46 43 44 3 45,2,2,,94624,24,0,34,2,8,,94584,35,0,46 43 44 3 45,2,2,,94617,24,0,34,2,8,,94755,35,0,46 43 44 3 45,2,2,,94543,24,0,34,2,8,,94522,35,0,46 43 44 3 45,2,2,,94655,24,0,34,2,8,,94675,35,0,46 43 44 3 45,2,2,,94621,24,0,34,2,8,,94657,35,0,46 43 44 3 45,2,2,,94548,24,0,34,2,48,,94666,35,0,46 43 44 3 45,2,2,,94557,24,0,34,2,8,,94622,35,0,46 43 44 3 45,2,2,,94547,24,0,34,2,8,,94569,35,0,46 43 44 3 45,2,2,,94526,24,0,34,2,8,,94581,35,0,46 43 44 3 45,2,2,,94746,24,0,34,2,5,,94556,35,0,46 43 44 3 45,2,5,,94565,24,0,34,2,5,,94677,35,0,46 43 44 3 45,2,5,,94601,24,0,34,2,45,,94598,35,0,46 43 44 3 45,2,5,,94760,24,0,34,2,5,,94770,35,0,46 43 44 3 45,2,5,,94614,24,0,34,2,5,,94707,35,0,46 43 44 3 45,2,5,,94765,24,0,34,2,1,,94691,24,,,2,4,,94740,35,0,46 43 44 3 45,2,5,,94652,24,0,34,2,5,,94702,35,0,46 43 44 3 45,2,5,,90034,24,0,34,2,5,,94745,35,0,46 43 44 3 45,2
50401,'2',535,,94895,37,0,46 43 44 3 45,2,10,,94908,24,0,34,2,10,,94877,37,0,46 43 44 3 45,2,50,,94937,24,0,34,2,5,,94852,37,0,46 43 44 3 45,2,10,,94933,24,0,34,2,5,,94803,37,0,46 43 44 3 45,2,5,,94855,24,0,34,2,5,,78102,37,0,46 43 44 3 45,2,5,,94914,24,0,34,2,5,,94962,35,0,46 43 44 3 45,2,5,,95002,24,0,34,2,5,,94956,35,0,46 43 44 3 45,2,45,,94986,24,0,34,2,5,,94931,35,0,46 43 44 3 45,2,5,,94779,24,0,34,2,5,,94845,35,0,46 43 44 3 45,2,5,,94873,24,0,34,2,5,,94965,35,0,46 43 44 3 45,2,5,,94918,24,0,34,2,5,,95012,35,0,46 43 44 3 45,2,5,,94963,24,0,34,2,5,,94948,35,0,46 43 44 3 45,2,5,,89447,24,0,34,2,5,,94828,35,0,46 43 44 3 45,2,45,,94843,24,0,34,2,5,,94851,35,0,46 43 44 3 45,2,5,,94897,24,0,34,2,5,,94919,35,0,46 43 44 3 45,2,6,,95004,24,0,34,2,6,,94878,35,0,46 43 44 3 45,2,6,,94794,24,0,34,2,7,,94862,35,0,46 43 44 3 45,2,6,,95007,24,0,34,2,7,,94882,35,0,46 43 44 3 45,2,5,,94994,24,0,34,2,45,,94913,35,0,46 43 44 3 45,2,5,,94945,24,0,34,2,5,,94976,35,0,46 43 44 3 45,2,5,,94792,24,0,34,2,5,,94958,35,0,46 43 44 3 45,2,5,,95028,24,0,34,2,5,,94941,35,0,46 43 44 3 45,2,5,,95005,24,0,34,2,5,,94836,35,0,46 43 44 3 45,2,5,,95030,24,0,34,2,5,,94783,35,0,46 43 44 3 45,2,5,,90813,24,0,34,2,45,,95016,35,0,46 43 44 3 45,2,5,,94787,24,0,34,2,5,,94775,35,0,46 43 44 3 45,2,5,,94810,24,0,34,2,5,,94930,35,0,46 43 44 3 45,2,5,,94899,24,0,34,2,5,,88526,35,0,46 43 44 3 45,2,5,,94907,24,0,34,2,5,,94890,35,0,46 43 44 3 45,2,5,,94814,24,0,34,2,5,,94829,35,0,46 43 44 3 45,2,5,,94996,24,0,34,2,45,,94871,35,0,46 43 44 3 45,2,5,,94989,24,0,34,2,5,,94796,35,0,46 43 44 3 45,2,5,,94893,24,0,34,2,5,,94791,35,0,46 43 44 3 45,2,5,,94988,24,0,34,2,5,,95003,35,0,46 43 44 3 45,2,5,,94981,24,0,34,2,5,,94950,35,0,46 43 44 3 45,2,5,,94846,24,0,34,2,5,,94859,35,0,46 43 44 3 45,2,5,,94905,24,0,34,2,45,,94960,35,0,46 43 44 3 45,2,5,,94880,24,0,34,2,5,,94926,35,0,46 43 44 3 45,2,5,,95008,24,0,34,2,5,,94938,35,0,46 43 44 3 45,2,5,,94979,24,0,34,2,5,,94831,35,0,46 43 44 3 45,2,5,,94815,24,0,34,2,5,,94772,35,0,46 43 44 3 45,2,5,,94968,24,0,34,2,5,,94834,35,0,46 43 44 3 45,2,47,,95023,24,0,34,2,11,,94970,35,0,46 43 44 3 45,2,1,,95025,24,0,34,2,10,,94811,24,0,34,2,1,,94916,35,0,46 43 44 3 45,2,9,,94826,24,0,34,2,1,,94789,35,0,46 43 44 3 45,2,9,,95009,24,0,34,2,1,,94802,35,0,46 43 44 3 45,2,9,,94889,24,0,34,2,1,,94812,35,0,46 43 44 3 45,2,49,,78767,24,0,34,2,1,,94966,35,0,46 43 44 3 45,2,9,,94955,24,0,34,2,1,,94819,35,0,46 43 44 3 45,2,9,,89422,24,0,34,2,1,,94840,35,0,46 43 44 3 45,2,9,,94863,24,0,34,2,1,,94982,35,0,46 43 44 3 45,2,9,,94991,24,0,34,2,1,,94844,35,0,46 43 44 3 45,2,9,,94969,24,0,34,2,1,,94992,35,0,46 43 44 3 45,2,49,,95001,24,0,34,2,1,,94781,35,0,46 43 44 3 45,2,9,,94887,24,0,34,2,1,,94799,35,0,46 43 44 3 45,2,9,,94825,24,0,34,2,1,,94910,35,0,46 43 44 3 45,2,9,,94813,24,0,34,2,1,,94894,35,0,46 43 44 3 45,2,9,,94884,24,0,34,2,1,,95017,35,0,46 43 44 3 45,2,9,,94850,24,0,34,2,1,,94793,35,0,46 43 44 3 45,2,49,,94904,24,0,34,2,1,,94817,35,0,46 43 44 3 45,2,9,,94934,24,0,34,2,1,,94816,35,0,46 43 44 3 45,2,9,,94821,24,0,34,2,1,,94928,35,0,46 43 44 3 45,2,9,,94961,24,0,34,2,1,,94774,35,0,46 43 44 3 45,2,9,,95029,24,0,34,2,1,,94901,35,0,46 43 44 3 45,2,9,,94869,24,0,34,2,1,,94980,35,0,46 43 44 3 45,2,49,,94912,24,0,34,2,1,,94858,35,0,46 43 44 3 45,2,9,,94909,24,0,34,2,1,,94822,35,0,46 43 44 3 45,2,9,,95000,24,0,34,2,1,,94782,35,0,46 43 44 3 45,2,9,,94820,24,0,34,2,1,,94987,35,0,46 43 44 3 45,2,9,,94947,24,0,34,2,1,,94940,35,0,46 43 44 3 45,2,9,,94795,24,0,34,2,1,,94773,35,0,46 43 44 3 45,2,49,,94984,24,0,34,2,1,,94808,35,0,46 43 44 3 45,2,9,,94993,24,0,34,2,1,,94997,35,0,46 43 44 3 45,2,9,,94800,24,0,34,2,1,,95022,35,0,46 43 44 3 45,2,9,,94954,24,0,34,2,1,,94935,35,0,46 43 44 3 45,2,9,,94847,24,0,34,2,1,,94879,35,0,46 43 44 3 45,2,9,,94888,24,0,34,2,1,,94865,35,0,46 43 44 3 45,2,49,,94903,24,0,34,2,1,,94827,35,0,46 43 44 3 45,2,8,,94835,24,0,34,2,1,,95010,35,0,46 43 44 3 45,2,4,,95032,35,0,46 43 44 3 45,2,4,,94944,24,0,34,2,5,,94805,35,0,46 43 44 3 45,2,5,,94818,24,0,34,2,5,,82680,35,0,46 43 44 3 45,2,5,,94902,24,0,34,2,5,,94972,35,0,46 43 44 3 45,2,5,,94872,24,0,34,2,5,,94978,35,0,46 43 44 3 45,2,45,,94883,24,0,34,2,2,,94867,24,,,2,3,,94778,35,0,46 43 44 3 45,2,5,,94999,24,0,34,2,5,,94790,35,0,46 43 44 3 45,2,5,,94866,24,0,34,2,5,,94832,35,0,46 43 44 3 45,2,5,,94785,24,0,34,2,4,,94927,35,0,46 43 44 3 45,2,6,,94848,24,0,34,2,4,,94929,35,0,46 43 44 3 45,2,6,,95013,24,0,34,2,4,,94959,35,0,46 43 44 3 45,2,46,,94936,24,0,34,2,4,,94777,35,0,46 43 44 3 45,2,6,,94824,24,0,34,2,4,,95018,35,0,46 43 44 3 45,2,6,,94830,24,0,34,2,4,,94849,35,0,46 43 44 3 45,2,6,,94860,24,0,34,2,4,,94854,35,0,46 43 44 3 45,2,6,,94975,24,0,34,2,4,,94842,35,0,46 43 44 3 45,2,6,,94798,24,0,34,2,4,,94892,35,0,46 43 44 3 45,2,46,,95006,24,0,34,2,4,,94875,35,0,46 43 44 3 45,2,6,,94856,24,0,34,2,4,,94925,35,0,46 43 44 3 45,2,6,,80972,24,0,34,2,4,,94932,35,0,46 43 44 3 45,2,6,,94839,24,0,34,2,4,,94964,35,0,46 43 44 3 45,2,7,,94922,24,0,34,2,2,,94942,24,,,2,4,,88523,35,0,46 43 44 3 45,2,4,,94990,24,0,34,2,7,,94943,35,0,46 43 44 3 45,2,45,,94784,24,0,34,2,6,,94807,35,0,46 43 44 3 45,2,4,,94837,24,0,34,2,6,,94806,35,0,46 43 44 3 45,2,4,,94967,24,0,34,2,6,,95015,35,0,46 43 44 3 45,2,4,,95026,24,0,34,2,6,,94920,35,0,46 43 44 3 45,2,4,,94900,24,0,34,2,6,,94896,35,0,46 43 44 3 45,2,4,,94898,24,0,34,2,6,,94861,35,0,46 43 44 3 45,2,44,,95019,24,0,34,2,6,,94924,35,0,46 43 44 3 45,2,4,,94876,24,0,34,2,6,,94983,35,0,46 43 44 3 45,2,4,,94868,24,0,34,2,6,,94804,35,0,46 43 44 3 45,2,4,,94971,24,0,34,2,6,,95020,35,0,46 43 44 3 45,2,4,,94809,24,0,34,2,6,,94939,35,0,46 43 44 3 45,2,4,,94921,24,0,34,2,6,,94874,35,0,46 43 44 3 45,2,44,,95031,24,0,34,2,6,,94917,35,0,46 43 44 3 45,2,4,,94853,24,0,34,2,6,,94946,35,0,46 43 44 3 45,2,4,,94952,24,0,34,2,6,,94833,35,0,46 43 44 3 45,2,4,,94973,24,0,34,2,6,,95024,35,0,46 43 44 3 45,2,4,,94885,24,0,34,2,6,,94801,35,0,46 43 44 3 45,2,4,,94949,24,0,34,2,5,,94911,35,0,46 43 44 3 45,2,45,,94906,24,0,34,2,5,,94977,35,0,46 43 44 3 45,2,5,,94881,24,0,34,2,5,,94957,35,0,46 43 44 3 45,2,5,,95027,24,0,34,2,5,,94886,35,0,46 43 44 3 45,2,5,,94776,24,0,34,2,5,,94985,35,0,46 43 44 3 45,2,5,,94891,24,0,34,2,5,,94786,35,0,46 43 44 3 45,2,2,,94857,24,0,34,2,1,,94974,35,,,2,6,,94780,24,,,2,2,,95014,35,0,46 43 44 3 45,2,48,,94823,24,,,2
50401,'3',759,,95076,24,0,34,2,54,,85946,24,0,34,2,14,,95245,24,0,34,2,14,,95035,24,0,34,2,14,,95041,24,0,34,2,47,,95237,35,0,46 43 44 3 45,2,7,,95082,24,0,34,2,7,,95049,35,0,46 43 44 3 45,2,7,,95158,24,0,34,2,5,,95149,24,0,34,2,4,,95119,35,0,46 43 44 3 45,2,10,,95059,24,0,34,2,5,,95189,35,0,46 43 44 3 45,2,7,,95163,24,0,34,2,3,,95090,35,0,46 43 44 3 45,2,47,,95063,24,0,34,2,4,,95195,35,0,46 43 44 3 45,2,6,,95244,24,0,34,2,3,,95171,35,0,46 43 44 3 45,2,7,,95242,24,0,34,2,3,,95135,35,0,46 43 44 3 45,2,7,,95146,24,0,34,2,3,,95200,35,0,46 43 44 3 45,2,7,,95202,24,0,34,2,3,,95161,35,0,46 43 44 3 45,2,7,,95096,24,0,34,2,3,,95210,35,0,46 43 44 3 45,2,47,,95187,24,0,34,2,3,,95190,35,0,46 43 44 3 45,2,7,,95127,24,0,34,2,3,,95043,35,0,46 43 44 3 45,2,7,,95154,24,0,34,2,3,,95053,35,0,46 43 44 3 45,2,7,,95114,24,0,34,2,3,,95097,35,0,46 43 44 3 45,2,7,,90932,24,0,34,2,3,,95213,35,0,46 43 44 3 45,2,7,,95147,24,0,34,2,3,,95234,35,0,46 43 44 3 45,2,47,,95144,24,0,34,2,3,,95252,35,0,46 43 44 3 45,2,7,,95250,24,0,34,2,3,,95233,35,0,46 43 44 3 45,2,8,,95136,24,0,34,2,12,,95117,35,0,46 43 44 3 45,2,1,,95056,24,0,34,2,9,,95073,35,0,46 43 44 3 45,2,2,,95109,24,0,34,2,8,,95062,35,0,46 43 44 3 45,2,2,,95160,24,0,34,2,48,,95206,35,0,46 43 44 3 45,2,2,,95093,24,0,34,2,8,,95060,35,0,46 43 44 3 45,2,2,,95052,24,0,34,2,8,,95080,35,0,46 43 44 3 45,2,2,,95251,24,0,34,2,8,,95108,35,0,46 43 44 3 45,2,2,,95214,24,0,34,2,8,,95094,35,0,46 43 44 3 45,2,2,,95157,24,0,34,2,8,,95066,35,0,46 43 44 3 45,2,2,,95051,24,0,34,2,48,,95223,35,0,46 43 44 3 45,2,2,,95131,24,0,34,2,8,,95140,35,0,46 43 44 3 45,2,2,,95047,24,0,34,2,8,,95167,35,0,46 43 44 3 45,2,2,,95220,24,0,34,2,8,,95038,35,0,46 43 44 3 45,2,2,,95209,24,0,34,2,8,,95048,35,0,46 43 44 3 45,2,2,,95203,24,0,34,2,8,,95232,35,0,46 43 44 3 45,2,2,,95215,24,0,34,2,48,,95100,35,0,46 43 44 3 45,2,2,,95218,24,0,34,2,8,,95184,35,0,46 43 44 3 45,2,2,,95126,24,0,34,2,8,,95105,35,0,46 43 44 3 45,2,2,,95143,24,0,34,2,8,,95078,35,0,46 43 44 3 45,2,2,,95089,24,0,34,2,8,,95186,35,0,46 43 44 3 45,2,2,,95172,24,0,34,2,8,,95227,35,0,46 43 44 3 45,2,2,,95091,24,0,34,2,48,,95095,35,0,46 43 44 3 45,2,2,,95229,24,0,34,2,8,,95155,35,0,46 43 44 3 45,2,2,,95221,24,0,34,2,8,,95238,35,0,46 43 44 3 45,2,2,,95132,24,0,34,2,8,,95192,35,0,46 43 44 3 45,2,2,,95055,24,0,34,2,8,,95180,35,0,46 43 44 3 45,2,2,,95224,24,0,34,2,8,,95125,35,0,46 43 44 3 45,2,2,,95045,24,0,34,2,48,,95103,35,0,46 43 44 3 45,2,2,,95183,24,0,34,2,8,,95175,35,0,46 43 44 3 45,2,2,,95247,24,0,34,2,8,,95085,35,0,46 43 44 3 45,2,2,,95165,24,0,34,2,8,,95092,35,0,46 43 44 3 45,2,2,,95042,24,0,34,2,8,,95248,35,0,46 43 44 3 45,2,2,,76586,24,0,34,2,8,,95111,35,0,46 43 44 3 45,2,2,,95159,24,0,34,2,48,,95181,35,0,46 43 44 3 45,2,2,,95230,24,0,34,2,8,,95201,35,0,46 43 44 3 45,2,2,,95141,24,0,34,2,8,,95036,35,0,46 43 44 3 45,2,2,,95225,24,0,34,2,8,,95065,35,0,46 43 44 3 45,2,2,,95212,24,0,34,2,8,,95046,35,0,46 43 44 3 45,2,2,,95039,24,0,34,2,8,,95235,35,0,46 43 44 3 45,2,2,,95231,24,0,34,2,48,,95086,35,0,46 43 44 3 45,2,2,,95166,24,0,34,2,6,,95137,35,0,46 43 44 3 45,2,4,,78188,24,0,34,2,2,,95106,24,,,2,3,,95070,35,0,46 43 44 3 45,2,6,,95173,24,0,34,2,4,,95081,35,0,46 43 44 3 45,2,5,,95033,24,0,34,2,5,,95148,35,0,46 43 44 3 45,2,5,,95058,24,0,34,2,2,,95120,35,0,46 43 44 3 45,2,8,,95075,24,0,34,2,42,,95193,35,0,46 43 44 3 45,2,8,,95182,24,0,34,2,2,,95072,35,0,46 43 44 3 45,2,8,,95083,24,0,34,2,2,,95084,35,0,46 43 44 3 45,2,8,,95246,24,0,34,2,2,,95228,35,0,46 43 44 3 45,2,8,,95169,24,0,34,2,2,,95068,35,0,46 43 44 3 45,2,8,,95071,24,0,34,2,2,,95168,35,0,46 43 44 3 45,2,8,,95151,24,0,34,2,42,,95067,35,0,46 43 44 3 45,2,8,,95153,24,0,34,2,2,,95188,35,0,46 43 44 3 45,2,8,,95142,24,0,34,2,2,,95123,35,0,46 43 44 3 45,2,8,,95102,24,0,34,2,2,,95128,35,0,46 43 44 3 45,2,8,,95219,24,0,34,2,2,,95152,35,0,46 43 44 3 45,2,8,,95040,24,0,34,2,2,,95198,35,0,46 43 44 3 45,2,8,,76003,24,0,34,2,42,,95204,35,0,46 43 44 3 45,2,8,,95088,24,0,34,2,2,,95222,35,0,46 43 44 3 45,2,8,,95226,24,0,34,2,2,,87828,35,0,46 43 44 3 45,2,4,,95139,35,,,2,4,,95197,24,0,34,2,4,,95178,35,0,46 43 44 3 45,2,6,,95099,24,0,34,2,3,,95124,35,0,46 43 44 3 45,2,7,,95057,24,0,34,2,3,,95050,35,0,46 43 44 3 45,2,7,,95112,24,0,34,2,43,,95130,35,0,46 43 44 3 45,2,7,,95098,24,0,34,2,3,,95074,35,0,46 43 44 3 45,2,2,,95217,24,,,2,5,,75925,24,0,34,2,3,,95110,35,0,46 43 44 3 45,2,7,,95077,24,0,34,2,3,,95138,35,0,46 43 44 3 45,2,7,,95156,24,0,34,2,3,,95107,35,0,46 43 44 3 45,2,7,,95194,24,0,34,2,3,,95211,35,0,46 43 44 3 45,2,7,,95191,24,0,34,2,43,,95185,35,0,46 43 44 3 45,2,7,,95199,24,0,34,2,3,,95207,35,0,46 43 44 3 45,2,7,,95205,24,0,34,2,3,,95087,35,0,46 43 44 3 45,2,7,,95239,24,0,34,2,3,,95115,35,0,46 43 44 3 45,2,7,,95145,24,0,34,2,3,,95079,35,0,46 43 44 3 45,2,7,,95176,24,0,34,2,3,,95121,35,0,46 43 44 3 45,2,7,,95243,24,0,34,2,43,,95104,35,0,46 43 44 3 45,2,7,,95113,24,0,34,2,3,,95069,35,0,46 43 44 3 45,2,7,,95150,24,0,34,2,3,,95216,35,0,46 43 44 3 45,2,7,,95122,24,0,34,2,3,,95129,35,0,46 43 44 3 45,2,7,,95162,24,0,34,2,3,,95054,35,0,46 43 44 3 45,2,7,,95240,24,0,34,2,3,,95061,35,0,46 43 44 3 45,2,7,,95133,24,0,34,2,43,,95034,35,0,46 43 44 3 45,2,7,,95179,24,0,34,2,3,,95064,35,0,46 43 44 3 45,2,7,,95208,24,0,34,2,3,,95249,35,0,46 43 44 3 45,2,5,,95116,35,,,2,2,,95101,24,0,34,2,8,,95044,35,0,46 43 44 3 45,2,2,,95241,24,0,34,2,10,,95164,24,0,34,2,3,,95037,35,0,46 43 44 3 45,2,2,,95236,24,,,2
50401,'5',553,,95351,24,0,34,2,47,,95407,37,0,46 43 44 3 45,2,7,,95309,24,0,34,2,7,,95303,37,0,46 43 44 3 45,2,7,,95397,24,0,34,2,7,,95373,37,0,46 43 44 3 45,2,7,,95340,24,0,34,2,7,,95313,35,0,46 43 44 3 45,2,7,,95429,24,0,34,2,7,,95284,35,0,46 43 44 3 45,2,47,,95274,24,0,34,2,7,,95488,35,0,46 43 44 3 45,2,7,,95255,24,0,34,2,7,,95499,35,0,46 43 44 3 45,2,7,,95446,24,0,34,2,7,,95368,35,0,46 43 44 3 45,2,7,,95408,24,0,34,2,7,,95282,35,0,46 43 44 3 45,2,7,,95294,24,0,34,2,47,,95405,35,0,46 43 44 3 45,2,7,,95413,24,0,34,2,7,,95438,35,0,46 43 44 3 45,2,7,,95288,24,0,34,2,7,,95395,35,0,46 43 44 3 45,2,7,,95467,24,0,34,2,7,,95369,35,0,46 43 44 3 45,2,7,,95364,24,0,34,2,47,,95334,35,0,46 43 44 3 45,2,7,,95431,24,0,34,2,7,,95276,35,0,46 43 44 3 45,2,7,,95291,24,0,34,2,5,,95388,24,0,34,2,4,,95317,35,0,46 43 44 3 45,2,10,,95420,24,0,34,2,5,,95470,35,0,46 43 44 3 45,2,7,,95321,24,0,34,2,3,,95269,35,0,46 43 44 3 45,2,47,,95256,24,0,34,2,4,,95298,35,0,46 43 44 3 45,2,6,,95399,24,0,34,2,3,,95487,35,0,46 43 44 3 45,2,7,,95332,24,0,34,2,3,,95424,35,0,46 43 44 3 45,2,7,,95296,24,0,34,2,3,,95326,35,0,46 43 44 3 45,2,7,,95356,24,0,34,2,3,,95479,35,0,46 43 44 3 45,2,7,,95260,24,0,34,2,3,,95352,35,0,46 43 44 3 45,2,47,,95354,24,0,34,2,3,,95504,35,0,46 43 44 3 45,2,7,,95460,24,0,34,2,3,,95342,35,0,46 43 44 3 45,2,7,,95454,24,0,34,2,3,,95283,35,0,46 43 44 3 45,2,7,,95444,24,0,34,2,3,,95361,35,0,46 43 44 3 45,2,7,,95360,24,0,34,2,3,,95376,35,0,46 43 44 3 45,2,7,,95357,24,0,34,2,3,,95390,35,0,46 43 44 3 45,2,47,,95316,24,0,34,2,3,,95473,35,0,46 43 44 3 45,2,7,,95366,24,0,34,2,3,,95410,35,0,46 43 44 3 45,2,8,,95337,24,0,34,2,5,,95323,35,0,46 43 44 3 45,2,8,,95435,24,0,34,2,9,,95293,35,0,46 43 44 3 45,2,2,,95406,24,0,34,2,8,,95497,35,0,46 43 44 3 45,2,2,,95336,24,0,34,2,48,,95378,35,0,46 43 44 3 45,2,2,,95345,24,0,34,2,8,,95480,35,0,46 43 44 3 45,2,2,,95279,24,0,34,2,8,,95491,35,0,46 43 44 3 45,2,2,,95307,24,0,34,2,8,,95290,35,0,46 43 44 3 45,2,2,,95456,24,0,34,2,8,,95452,35,0,46 43 44 3 45,2,2,,95322,24,0,34,2,8,,95494,35,0,46 43 44 3 45,2,2,,95362,24,0,34,2,48,,95268,35,0,46 43 44 3 45,2,2,,95383,24,0,34,2,8,,95339,35,0,46 43 44 3 45,2,2,,95466,24,0,34,2,8,,95358,35,0,46 43 44 3 45,2,2,,95493,24,0,34,2,8,,95259,35,0,46 43 44 3 45,2,2,,95440,24,0,34,2,8,,95427,35,0,46 43 44 3 45,2,2,,95380,24,0,34,2,8,,95367,35,0,46 43 44 3 45,2,2,,95437,24,0,34,2,48,,95426,35,0,46 43 44 3 45,2,2,,95447,24,0,34,2,8,,95461,35,0,46 43 44 3 45,2,2,,95433,24,0,34,2,8,,95261,35,0,46 43 44 3 45,2,2,,95348,24,0,34,2,8,,95330,35,0,46 43 44 3 45,2,2,,95263,24,0,34,2,8,,95398,35,0,46 43 44 3 45,2,2,,95457,24,0,34,2,8,,95477,35,0,46 43 44 3 45,2,2,,95430,24,0,34,2,48,,95384,35,0,46 43 44 3 45,2,2,,95319,24,0,34,2,8,,95297,35,0,46 43 44 3 45,2,2,,95315,24,0,34,2,8,,95414,35,0,46 43 44 3 45,2,2,,95425,24,0,34,2,8,,95459,35,0,46 43 44 3 45,2,2,,95500,24,0,34,2,8,,95264,35,0,46 43 44 3 45,2,2,,95463,24,0,34,2,8,,95462,35,0,46 43 44 3 45,2,2,,95416,24,0,34,2,48,,95253,35,0,46 43 44 3 45,2,2,,95328,24,0,34,2,8,,95489,35,0,46 43 44 3 45,2,2,,95280,24,0,34,2,8,,95484,35,0,46 43 44 3 45,2,2,,95341,24,0,34,2,8,,95372,35,0,46 43 44 3 45,2,2,,76025,24,0,34,2,8,,95292,35,0,46 43 44 3 45,2,2,,95439,24,0,34,2,8,,95302,35,0,46 43 44 3 45,2,2,,95445,24,0,34,2,48,,95418,35,0,46 43 44 3 45,2,2,,95324,24,0,34,2,8,,95285,35,0,46 43 44 3 45,2,2,,95355,24,0,34,2,8,,95257,35,0,46 43 44 3 45,2,2,,95382,24,0,34,2,8,,95311,35,0,46 43 44 3 45,2,2,,95331,24,0,34,2,8,,95442,35,0,46 43 44 3 45,2,2,,95475,24,0,34,2,8,,95402,35,0,46 43 44 3 45,2,2,,95363,24,0,34,2,48,,95262,35,0,46 43 44 3 45,2,2,,95266,24,0,34,2,5,,95272,35,0,46 43 44 3 45,2,5,,95277,24,0,34,2,2,,95485,24,,,2,2,,95381,35,0,46 43 44 3 45,2,7,,95441,24,0,34,2,1,,95394,35,0,46 43 44 3 45,2,8,,95393,24,0,34,2,2,,95325,35,0,46 43 44 3 45,2,8,,95502,24,0,34,2,2,,95287,35,0,46 43 44 3 45,2,8,,95421,24,0,34,2,42,,95411,35,0,46 43 44 3 45,2,8,,95335,24,0,34,2,2,,95486,35,0,46 43 44 3 45,2,8,,95370,24,0,34,2,2,,95496,35,0,46 43 44 3 45,2,8,,95375,24,0,34,2,2,,95320,35,0,46 43 44 3 45,2,8,,95478,24,0,34,2,2,,95305,35,0,46 43 44 3 45,2,8,,95419,24,0,34,2,2,,95275,35,0,46 43 44 3 45,2,8,,95482,24,0,34,2,42,,95312,35,0,46 43 44 3 45,2,8,,95389,24,0,34,2,2,,95451,35,0,46 43 44 3 45,2,8,,95422,24,0,34,2,2,,95412,35,0,46 43 44 3 45,2,8,,95436,24,0,34,2,2,,95304,35,0,46 43 44 3 45,2,8,,95338,24,0,34,2,2,,95469,35,0,46 43 44 3 45,2,8,,95448,24,0,34,2,2,,95471,35,0,46 43 44 3 45,2,8,,95492,24,0,34,2,42,,95333,35,0,46 43 44 3 45,2,8,,95474,24,0,34,2,2,,95404,35,0,46 43 44 3 45,2,8,,95377,24,0,34,2,2,,95476,35,0,46 43 44 3 45,2,4,,95346,35,,,2,4,,95415,24,0,34,2,5,,95359,35,0,46 43 44 3 45,2,5,,95428,24,0,34,2,3,,95365,35,0,46 43 44 3 45,2,7,,95432,24,0,34,2,3,,95495,35,0,46 43 44 3 45,2,7,,95286,24,0,34,2,43,,95265,35,0,46 43 44 3 45,2,7,,95295,24,0,34,2,3,,95490,35,0,46 43 44 3 45,2,2,,95468,24,,,2,5,,95483,24,0,34,2,3,,95472,35,0,46 43 44 3 45,2,7,,95349,24,0,34,2,3,,84428,35,0,46 43 44 3 45,2,7,,95314,24,0,34,2,3,,95271,35,0,46 43 44 3 45,2,7,,95350,24,0,34,2,3,,95403,35,0,46 43 44 3 45,2,7,,95464,24,0,34,2,43,,95434,35,0,46 43 44 3 45,2,7,,95458,24,0,34,2,3,,95443,35,0,46 43 44 3 45,2,7,,95299,24,0,34,2,3,,95278,35,0,46 43 44 3 45,2,7,,95273,24,0,34,2,3,,95450,35,0,46 43 44 3 45,2,7,,95455,24,0,34,2,3,,95347,35,0,46 43 44 3 45,2,7,,95267,24,0,34,2,3,,95498,35,0,46 43 44 3 45,2,7,,95301,24,0,34,2,43,,95318,35,0,46 43 44 3 45,2,7,,95481,24,0,34,2,3,,95385,35,0,46 43 44 3 45,2,7,,95391,24,0,34,2,3,,95449,35,0,46 43 44 3 45,2,7,,95353,24,0,34,2,3,,95501,35,0,46 43 44 3 45,2,7,,95423,24,0,34,2,3,,95386,35,0,46 43 44 3 45,2,7,,95281,24,0,34,2,3,,95306,35,0,46 43 44 3 45,2,7,,95300,24,0,34,2,43,,95371,35,0,46 43 44 3 45,2,7,,95453,24,0,34,2,3,,86297,35,0,46 43 44 3 45,2,7,,95417,24,0,34,2,3,,95374,35,0,46 43 44 3 45,2,5,,95392,35,,,2,2,,95270,24,0,34,2,8,,95503,35,0,46 43 44 3 45,2,2,,95308,24,0,34,2,10,,95329,24,0,34,2,1,,95343,35,0,46 43 44 3 45,2,7,,95310,24,,,2,47,,95254,35,0,46 43 44 3 45,2,3,,95344,24,,,2
