30501,'1',2505,,124045,6,0,34,2,20,,124039,6,0,34,2,15,,113773,6,0,34,2,15,,124047,6,0,34,2,55,,124041,6,0,34,2,10,,124040,6,0,34,2,10,,124038,6,0,34,2,20,,124037,6,0,34,2,50,,124043,6,0,34,2,10,,124044,6,0,34,2,20,,124036,6,0,34,2,20,,124046,6,0,34,2,60,,124042,6,0,34,2,30,,124035,6,0,34,2,70,,124034,6,0,34,2
30501,'2',2517,,124056,6,0,34,2,6,,124054,6,0,34,2,2,,124061,6,0,34,2,15,,121590,6,0,34,2,10,,124050,6,0,34,2,50,,124052,6,0,34,2,20,,118465,6,0,34,2,20,,124053,6,0,34,2,60,,124051,6,0,34,2,20,,124059,6,0,34,2,20,,124058,6,0,34,2,60,,124049,6,0,34,2,30,,124057,6,0,34,2,8,,124060,6,0,34,2,62,,124048,6,0,34,2,30,,124055,6,0,34,2
30501,'3',522,,124066,6,0,34,2,15,,124070,6,0,34,2,15,,124082,6,0,34,2,54,,124072,6,0,34,2,16,,124090,6,0,34,2,15,,124093,6,0,34,2,15,,124068,6,0,34,2,55,,124083,6,0,34,2,15,,124071,6,0,34,2,10,,124097,6,0,34,2,10,,124069,6,0,34,2,10,,124087,6,0,34,2,50,,124078,6,0,34,2,1710,,124096,6,0,34,2,10,,124073,6,0,34,2,10,,124091,6,0,34,2,10,,124086,6,0,34,2,12,,124095,6,0,34,2,60,,124094,6,0,34,2,7,,124080,6,0,34,2,13,,124085,6,0,34,2,20,,124079,6,0,34,2,50,,124092,6,0,34,2,30,,124077,6,0,34,2,70,,124065,6,0,34,2,8,,124064,6,0,34,2,22,,124062,6,0,34,2,20,,124088,6,0,34,2
30501,'5',2512,,124099,6,0,34,2,11,,92398,6,0,34,2,9,,124100,6,0,34,2,10,,124108,6,0,34,2,12,,124109,6,0,34,2,57,,118841,6,0,34,2,6,,124103,6,0,34,2,17,,124110,6,0,34,2,20,,124106,6,0,34,2,60,,124105,6,0,34,2,20,,124111,6,0,34,2,67,,124102,6,0,34,2,11,,124104,6,0,34,2,22,,124107,6,0,34,2,70,,124101,6,0,34,2
30601,'1',2523,,124197,6,0,11 12 7,2,10,,124209,6,,,2,10,,124206,6,0,11 12 7,2,10,,124205,6,0,11 12 7,2,50,,124199,6,,,2,10,,124207,6,0,11 12 7,2,10,,124210,6,,,2,5,,124204,6,,,2,5,,124202,6,0,11 12 7,2,20,,124208,6,0,11 12 7,2,60,,124195,6,0,11 12 7,2,25,,124193,6,0,11 12 7,2,15,,124200,6,0,11 12 7,2,60,,124203,6,0,11 12 7,2,20,,124211,6,0,11 12 7,2,20,,124215,6,0,11 12 7,2,60,,124194,6,,,2,18,,124198,6,,,2
30601,'2',2511,,124236,6,,,2,5,,124231,6,0,11 12 7,2,10,,124239,6,,,2,10,,124222,6,0,11 12 7,2,10,,118444,6,,,2,10,,124232,6,0,11 12 7,2,60,,124226,6,0,11 12 7,2,6,,124227,6,,,2,7,,124241,6,,,2,7,,124237,6,0,11 12 7,2,20,,124238,6,0,11 12 7,2,60,,124229,6,0,11 12 7,2,20,,124233,6,0,11 12 7,2,20,,124234,6,0,11 12 7,2,60,,124225,6,0,11 12 7,2,20,,124240,6,0,11 12 7,2,20,,124217,6,0,11 12 7,2,50,,124228,6,,,2,20,,124224,6,,,2,18,,124235,6,,,2
30601,'3',529,,124278,6,0,11 12 7,2,10,,124245,6,0,11 12 7,2,10,,124267,6,0,11 12 7,2,10,,124253,6,0,11 12 7,2,50,,124243,6,0,11 12 7,2,10,,124283,6,0,11 12 7,2,10,,124259,6,0,11 12 7,2,10,,124257,6,0,11 12 7,2,10,,124250,6,0,11 12 7,2,1871,,123129,6,,,2,12,,124249,6,0,11 12 7,2,10,,124291,6,,,2,10,,124242,6,0,11 12 7,2,49,,124251,6,,,2,9,,124268,6,,,2,2,,121870,6,0,11 12 7,2,9,,124286,6,,,2,11,,124288,6,0,11 12 7,2,20,,124282,6,0,11 12 7,2,60,,124273,6,0,11 12 7,2,20,,124265,6,0,11 12 7,2,20,,124272,6,0,11 12 7,2,60,,124274,6,0,11 12 7,2,20,,124277,6,0,11 12 7,2,20,,124246,6,0,11 12 7,2,55,,124280,6,0,11 12 7,2
30601,'5',2520,,124314,6,,,2,12,,124311,6,0,11 12 7,2,10,,124297,6,,,2,10,,124306,6,0,11 12 7,2,50,,124317,6,,,2,5,,124304,6,,,2,5,,124303,6,0,11 12 7,2,10,,124305,6,,,2,10,,124316,6,0,11 12 7,2,20,,124301,6,0,11 12 7,2,60,,124294,6,0,11 12 7,2,20,,124315,6,0,11 12 7,2,20,,124309,6,0,11 12 7,2,60,,124307,6,0,11 12 7,2,20,,124298,6,0,11 12 7,2,20,,124295,6,0,11 12 7,2,55,,124308,6,0,11 12 7,2
50501,'1',521,,128952,5,0,34,2,12,,129060,5,0,34,2,10,,128980,5,0,34,2,10,,129001,4,0,34,2,50,,129025,4,0,34,2,10,,129049,4,0,34,2,10,,129046,4,0,34,2,10,,128988,4,0,34,2,10,,128955,4,0,34,2,10,,129067,4,0,34,2,50,,128981,4,0,34,2,10,,129092,4,0,34,2,10,,128931,4,0,34,2,10,,128937,4,0,34,2,6,,128968,4,0,34,2,6,,128918,4,0,34,2,6,,129042,4,0,34,2,6,,129022,4,0,34,2,46,,129101,4,0,34,2,6,,128960,4,0,34,2,6,,128983,4,0,34,2,6,,129044,4,0,34,2,6,,129018,4,0,34,2,6,,129014,4,0,34,2,6,,129003,4,0,34,2,6,,129000,4,0,34,2,6,,129013,4,0,34,2,6,,129036,4,0,34,2,46,,128986,4,0,34,2,6,,128985,4,0,34,2,6,,129037,4,0,34,2,6,,128975,4,0,34,2,6,,129002,4,0,34,2,6,,129016,4,0,34,2,7,,129034,4,0,34,2,6,,129053,4,0,34,2,6,,129019,4,0,34,2,6,,129058,4,0,34,2,46,,129007,4,0,34,2,6,,129038,4,0,34,2,6,,129026,4,0,34,2,6,,128928,4,0,34,2,6,,129009,4,0,34,2,6,,129082,4,0,34,2,6,,129069,4,0,34,2,6,,128965,4,0,34,2,6,,128950,4,0,34,2,6,,129074,4,0,34,2,46,,119891,4,0,34,2,6,,129090,4,0,34,2,6,,129088,4,0,34,2,6,,112361,4,0,34,2,6,,129073,4,0,34,2,6,,129047,4,0,34,2,6,,128991,4,0,34,2,6,,128923,4,0,34,2,6,,129078,4,0,34,2,6,,129030,4,0,34,2,46,,129045,4,0,34,2,6,,129062,4,0,34,2,6,,129095,4,0,34,2,6,,128961,4,0,34,2,6,,128939,4,0,34,2,6,,129008,4,0,34,2,6,,129094,4,0,34,2,6,,129080,4,0,34,2,6,,128979,4,0,34,2,6,,128951,4,0,34,2,46,,129029,4,0,34,2,6,,128974,4,0,34,2,6,,128997,4,0,34,2,6,,128944,4,0,34,2,6,,128982,4,0,34,2,6,,129050,4,0,34,2,6,,128933,4,0,34,2,6,,128930,4,0,34,2,6,,128978,4,0,34,2,6,,128970,4,0,34,2,46,,111265,4,0,34,2,6,,128956,4,0,34,2,6,,128927,4,0,34,2,6,,128946,4,0,34,2,6,,128932,4,0,34,2,6,,129041,4,0,34,2,6,,128943,4,0,34,2,6,,129043,4,0,34,2,6,,128993,4,0,34,2,6,,128957,4,0,34,2,46,,128990,4,0,34,2,6,,128925,4,0,34,2,6,,128935,4,0,34,2,6,,129096,4,0,34,2,6,,128962,4,0,34,2,6,,128938,4,0,34,2,6,,128948,4,0,34,2,6,,128971,4,0,34,2,6,,129089,4,0,34,2,6,,129015,4,0,34,2,46,,128984,4,0,34,2,6,,129087,4,0,34,2,6,,129063,4,0,34,2,6,,128949,4,0,34,2,6,,129033,4,0,34,2,6,,128936,4,0,34,2,6,,129068,4,0,34,2,6,,129064,4,0,34,2,6,,129021,4,0,34,2,6,,129056,4,0,34,2,46,,129079,4,0,34,2,6,,128999,4,0,34,2,6,,128994,4,0,34,2,6,,128969,4,0,34,2,6,,128924,4,0,34,2,6,,129057,4,0,34,2,6,,129012,4,0,34,2,6,,128941,4,0,34,2,6,,128992,4,0,34,2,6,,129039,4,0,34,2,46,,118389,4,0,34,2,6,,128926,4,0,34,2,6,,129100,4,0,34,2,6,,129023,4,0,34,2,6,,129071,4,0,34,2,6,,129098,4,0,34,2,6,,129085,4,0,34,2,6,,129010,4,0,34,2,6,,128921,4,0,34,2,6,,128947,4,0,34,2,48,,129054,4,0,34,2,5,,128987,4,0,34,2,6,,128963,4,0,34,2,6,,128976,4,0,34,2,3,,129086,4,0,34,2,3,,128940,4,0,34,2,7,,129059,4,0,34,2,10,,128964,4,0,34,2,5,,129081,4,0,34,2,5,,128972,4,0,34,2,45,,128966,4,0,34,2,5,,129031,4,0,34,2,10,,129028,4,0,34,2,10,,129091,4,0,34,2,10,,129076,4,0,34,2,10,,128934,4,0,34,2,10,,128945,4,0,34,2,50,,129011,4,0,34,2,10,,129075,4,0,34,2,10,,129020,4,0,34,2,7,,128989,4,0,34,2,8,,119905,4,0,34,2,12,,128953,4,0,34,2,52,,129072,4,0,34,2,10,,129083,4,0,34,2,10,,128929,4,0,34,2,10,,129048,4,0,34,2,10,,128977,4,0,34,2,10,,128973,4,0,34,2,50,,129061,4,0,34,2,10,,129066,4,0,34,2,10,,129004,4,0,34,2,10,,128959,4,0,34,2,10,,129052,4,0,34,2,10,,128998,4,0,34,2,50,,129024,4,0,34,2,10,,129055,4,0,34,2,10,,110189,4,0,34,2,10,,128922,4,0,34,2,10,,129035,4,0,34,2,10,,129005,4,0,34,2,55,,128954,4,0,34,2
50501,'2',519,,129223,5,0,34,2,15,,129233,5,0,34,2,10,,129132,5,0,34,2,10,,129221,5,0,34,2,50,,129250,4,0,34,2,10,,129196,4,0,34,2,10,,129256,4,0,34,2,10,,129270,4,0,34,2,10,,129247,4,0,34,2,10,,129212,4,0,34,2,50,,129135,4,0,34,2,10,,129267,4,0,34,2,11,,129264,4,0,34,2,11,,129183,4,0,34,2,10,,129124,4,0,34,2,10,,129178,4,0,34,2,50,,129198,4,0,34,2,8,,129133,4,0,34,2,6,,129136,4,0,34,2,6,,129193,4,0,34,2,6,,129253,4,0,34,2,6,,129237,4,0,34,2,6,,129146,4,0,34,2,6,,129137,4,0,34,2,6,,129201,4,0,34,2,46,,129243,4,0,34,2,6,,129123,4,0,34,2,6,,129204,4,0,34,2,6,,129259,4,0,34,2,6,,129140,4,0,34,2,6,,129180,4,0,34,2,6,,129110,4,0,34,2,6,,108184,4,0,34,2,6,,129228,4,0,34,2,6,,129227,4,0,34,2,46,,129235,4,0,34,2,6,,129143,4,0,34,2,6,,129167,4,0,34,2,6,,129159,4,0,34,2,6,,129177,4,0,34,2,6,,129251,4,0,34,2,6,,120168,4,0,34,2,6,,129171,4,0,34,2,6,,129254,4,0,34,2,6,,114916,4,0,34,2,46,,129224,4,0,34,2,6,,129113,4,0,34,2,6,,129262,4,0,34,2,6,,129156,4,0,34,2,6,,108835,4,0,34,2,6,,129118,4,0,34,2,6,,129127,4,0,34,2,6,,129242,4,0,34,2,6,,129239,4,0,34,2,8,,129165,4,0,34,2,43,,129104,4,0,34,2,5,,129184,4,0,34,2,6,,129232,4,0,34,2,6,,129172,4,0,34,2,6,,129169,4,0,34,2,6,,129214,4,0,34,2,6,,114047,4,0,34,2,6,,129222,4,0,34,2,6,,129203,4,0,34,2,6,,129122,4,0,34,2,46,,129107,4,0,34,2,6,,129188,4,0,34,2,6,,129162,4,0,34,2,6,,129170,4,0,34,2,6,,129210,4,0,34,2,6,,129111,4,0,34,2,6,,129268,4,0,34,2,6,,129238,4,0,34,2,6,,129240,4,0,34,2,6,,129205,4,0,34,2,46,,129109,4,0,34,2,6,,129213,4,0,34,2,6,,129192,4,0,34,2,6,,129187,4,0,34,2,6,,129265,4,0,34,2,6,,129202,4,0,34,2,6,,129215,4,0,34,2,6,,129164,4,0,34,2,6,,129141,4,0,34,2,6,,129185,4,0,34,2,46,,129244,4,0,34,2,6,,114970,4,0,34,2,6,,129160,4,0,34,2,6,,117354,4,0,34,2,6,,129269,4,0,34,2,6,,129174,4,0,34,2,6,,129257,4,0,34,2,6,,129176,4,0,34,2,6,,129175,4,0,34,2,6,,129149,4,0,34,2,46,,129260,4,0,34,2,6,,129246,4,0,34,2,6,,129219,4,0,34,2,6,,129252,4,0,34,2,6,,129150,4,0,34,2,6,,129145,4,0,34,2,6,,129218,4,0,34,2,6,,129163,4,0,34,2,6,,129226,4,0,34,2,6,,129103,4,0,34,2,46,,129245,4,0,34,2,6,,129225,4,0,34,2,6,,129108,4,0,34,2,6,,129166,4,0,34,2,6,,129190,4,0,34,2,6,,129216,4,0,34,2,6,,129157,4,0,34,2,6,,129120,4,0,34,2,6,,129248,4,0,34,2,6,,129255,4,0,34,2,46,,129236,4,0,34,2,6,,129217,4,0,34,2,6,,129207,4,0,34,2,6,,129209,4,0,34,2,6,,129154,4,0,34,2,6,,129102,4,0,34,2,6,,129195,4,0,34,2,8,,129263,4,0,34,2,8,,129220,4,0,34,2,7,,129142,4,0,34,2,48,,129191,4,0,34,2,10,,129194,4,0,34,2,10,,129121,4,0,34,2,5,,129155,4,0,34,2,5,,129161,4,0,34,2,10,,129231,4,0,34,2,10,,129134,4,0,34,2,45,,129241,4,0,34,2,5,,129189,4,0,34,2,10,,129229,4,0,34,2,10,,129125,4,0,34,2,10,,129115,4,0,34,2,10,,129182,4,0,34,2,10,,129206,4,0,34,2,50,,129131,4,0,34,2,10,,129179,4,0,34,2,10,,129129,4,0,34,2,9,,129199,4,0,34,2,10,,129112,4,0,34,2,12,,129126,4,0,34,2,52,,129211,4,0,34,2,10,,129147,4,0,34,2,10,,129130,4,0,34,2,10,,129153,4,0,34,2,5,,129117,4,0,34,2,5,,129148,4,0,34,2,50,,129261,4,0,34,2,10,,129105,4,0,34,2,10,,129186,4,0,34,2,10,,129114,4,0,34,2,10,,129200,4,0,34,2,10,,129234,4,0,34,2,50,,129230,4,0,34,2,10,,129173,4,0,34,2,10,,129119,4,0,34,2,9,,129128,4,0,34,2,7,,129208,4,0,34,2,7,,110619,4,0,34,2,13,,129139,4,0,34,2
50501,'3',812,,129289,4,0,34,2,10,,129341,4,0,34,2,10,,129306,4,0,34,2,10,,114126,4,0,34,2,10,,129398,4,0,34,2,51,,129314,4,0,34,2,9,,129276,4,0,34,2,6,,129284,4,0,34,2,6,,129288,4,0,34,2,6,,129406,4,0,34,2,6,,129275,4,0,34,2,6,,129295,4,0,34,2,6,,129371,4,0,34,2,6,,129383,4,0,34,2,46,,129300,4,0,34,2,6,,129282,4,0,34,2,6,,129361,4,0,34,2,6,,120973,4,0,34,2,6,,129287,4,0,34,2,6,,129402,4,0,34,2,6,,123125,4,0,34,2,6,,117516,4,0,34,2,6,,129286,4,0,34,2,6,,129293,4,0,34,2,46,,129375,4,0,34,2,6,,129297,4,0,34,2,6,,129310,4,0,34,2,6,,129397,4,0,34,2,6,,129273,4,0,34,2,6,,129351,4,0,34,2,6,,129365,4,0,34,2,6,,129388,4,0,34,2,7,,129340,4,0,34,2,6,,129339,4,0,34,2,46,,129345,4,0,34,2,6,,129360,4,0,34,2,6,,129396,4,0,34,2,6,,129290,4,0,34,2,6,,129317,4,0,34,2,6,,129389,4,0,34,2,6,,129296,4,0,34,2,6,,129358,4,0,34,2,6,,129324,4,0,34,2,6,,129329,4,0,34,2,46,,129363,4,0,34,2,6,,129405,4,0,34,2,6,,129281,4,0,34,2,6,,129373,4,0,34,2,6,,129391,4,0,34,2,6,,129321,4,0,34,2,6,,129349,4,0,34,2,6,,129379,4,0,34,2,6,,129395,4,0,34,2,6,,129356,4,0,34,2,46,,116727,4,0,34,2,6,,129362,4,0,34,2,6,,129331,4,0,34,2,6,,129343,4,0,34,2,6,,129378,4,0,34,2,6,,117956,4,0,34,2,6,,129392,4,0,34,2,6,,129410,4,0,34,2,6,,129299,4,0,34,2,6,,129308,4,0,34,2,46,,129320,4,0,34,2,6,,129407,4,0,34,2,6,,129277,4,0,34,2,6,,129376,4,0,34,2,6,,129336,4,0,34,2,6,,129347,4,0,34,2,6,,129386,4,0,34,2,6,,129382,4,0,34,2,6,,129412,4,0,34,2,6,,129279,4,0,34,2,46,,129305,4,0,34,2,6,,129301,4,0,34,2,6,,129377,4,0,34,2,6,,129384,4,0,34,2,6,,129325,4,0,34,2,6,,129348,4,0,34,2,6,,129323,4,0,34,2,6,,129374,4,0,34,2,6,,129338,4,0,34,2,6,,129387,4,0,34,2,46,,129414,4,0,34,2,6,,129272,4,0,34,2,6,,129364,4,0,34,2,6,,129372,4,0,34,2,6,,129319,4,0,34,2,6,,129353,4,0,34,2,6,,129367,4,0,34,2,6,,129327,4,0,34,2,6,,129354,4,0,34,2,6,,129291,4,0,34,2,46,,129335,4,0,34,2,6,,129274,4,0,34,2,6,,129385,4,0,34,2,6,,129399,4,0,34,2,6,,129333,4,0,34,2,6,,129334,4,0,34,2,6,,129357,4,0,34,2,6,,129394,4,0,34,2,6,,129366,4,0,34,2,6,,129344,4,0,34,2,46,,129294,4,0,34,2,6,,129298,4,0,34,2,8,,129280,4,0,34,2,4,,129342,4,0,34,2,4,,129304,4,0,34,2,5,,129370,4,0,34,2,5,,129332,4,0,34,2,10,,129311,4,0,34,2,5,,129328,4,0,34,2,5,,129330,4,0,34,2,5,,129312,4,0,34,2,45,,129352,4,0,34,2,5,,129346,4,0,34,2,5,,129393,4,0,34,2,10,,129355,4,0,34,2,10,,129318,4,0,34,2,10,,129322,4,0,34,2,10,,111805,4,0,34,2,50,,129315,4,0,34,2,10,,129403,4,0,34,2,10,,129283,4,0,34,2,10,,129350,4,0,34,2,9,,129271,4,0,34,2,10,,129326,4,0,34,2,50,,129337,4,0,34,2,10,,129369,4,0,34,2,10,,129413,4,0,34,2,10,,129359,4,0,34,2,10,,129368,4,0,34,2,10,,129411,4,0,34,2,50,,116858,4,0,34,2,10,,110727,4,0,34,2,10,,129408,4,0,34,2,10,,129313,4,0,34,2,10,,129390,4,0,34,2,10,,129404,4,0,34,2,50,,129303,4,0,34,2,10,,129307,4,0,34,2,10,,129316,4,0,34,2,10,,129292,4,0,34,2,10,,123160,4,0,34,2,10,,129381,4,0,34,2,50,,129401,4,0,34,2
50501,'5',522,,129504,5,0,34,2,21,,129426,5,0,34,2,15,,129486,5,0,34,2,55,,129581,4,0,34,2,15,,129423,4,0,34,2,15,,129430,4,0,34,2,15,,129543,4,0,34,2,54,,129519,4,0,34,2,10,,129442,4,0,34,2,10,,129459,4,0,34,2,10,,129559,4,0,34,2,10,,129415,4,0,34,2,50,,129576,4,0,34,2,10,,129567,4,0,34,2,10,,129531,4,0,34,2,10,,129539,4,0,34,2,10,,129456,4,0,34,2,10,,129491,4,0,34,2,51,,129479,4,0,34,2,9,,129450,4,0,34,2,6,,129481,4,0,34,2,6,,129435,4,0,34,2,6,,129422,4,0,34,2,6,,129555,4,0,34,2,6,,114431,4,0,34,2,6,,129472,4,0,34,2,6,,129474,4,0,34,2,46,,129477,4,0,34,2,6,,129483,4,0,34,2,6,,129577,4,0,34,2,6,,129498,4,0,34,2,6,,129570,4,0,34,2,6,,129439,4,0,34,2,6,,129542,4,0,34,2,6,,129537,4,0,34,2,6,,129508,4,0,34,2,6,,129499,4,0,34,2,46,,129518,4,0,34,2,6,,129473,4,0,34,2,6,,110997,4,0,34,2,6,,129541,4,0,34,2,6,,129503,4,0,34,2,6,,129569,4,0,34,2,6,,129515,4,0,34,2,6,,129478,4,0,34,2,7,,129533,4,0,34,2,6,,129429,4,0,34,2,46,,129580,4,0,34,2,6,,129421,4,0,34,2,6,,129448,4,0,34,2,6,,129560,4,0,34,2,6,,129522,4,0,34,2,6,,129446,4,0,34,2,6,,129470,4,0,34,2,6,,129556,4,0,34,2,6,,129436,4,0,34,2,6,,129495,4,0,34,2,46,,129502,4,0,34,2,6,,129497,4,0,34,2,6,,129488,4,0,34,2,6,,129487,4,0,34,2,6,,129468,4,0,34,2,6,,129428,4,0,34,2,6,,129505,4,0,34,2,6,,129566,4,0,34,2,6,,111131,4,0,34,2,6,,129420,4,0,34,2,46,,129501,4,0,34,2,6,,129463,4,0,34,2,6,,129554,4,0,34,2,6,,129557,4,0,34,2,6,,129523,4,0,34,2,6,,129460,4,0,34,2,6,,129513,4,0,34,2,6,,129416,4,0,34,2,6,,129449,4,0,34,2,6,,129568,4,0,34,2,46,,108462,4,0,34,2,6,,129453,4,0,34,2,6,,129582,4,0,34,2,6,,129418,4,0,34,2,6,,129471,4,0,34,2,6,,129536,4,0,34,2,6,,129548,4,0,34,2,6,,129564,4,0,34,2,6,,129558,4,0,34,2,6,,129525,4,0,34,2,46,,129445,4,0,34,2,6,,129532,4,0,34,2,6,,120395,4,0,34,2,6,,129550,4,0,34,2,6,,129514,4,0,34,2,6,,129562,4,0,34,2,6,,129511,4,0,34,2,6,,129551,4,0,34,2,6,,129466,4,0,34,2,6,,129517,4,0,34,2,46,,129565,4,0,34,2,6,,114460,4,0,34,2,6,,129544,4,0,34,2,6,,129454,4,0,34,2,6,,129458,4,0,34,2,6,,129545,4,0,34,2,6,,129424,4,0,34,2,6,,129464,4,0,34,2,6,,129433,4,0,34,2,6,,129494,4,0,34,2,46,,129476,4,0,34,2,6,,129425,4,0,34,2,6,,129507,4,0,34,2,6,,129500,4,0,34,2,6,,129493,4,0,34,2,6,,129524,4,0,34,2,6,,129455,4,0,34,2,6,,129553,4,0,34,2,6,,129443,4,0,34,2,6,,129547,4,0,34,2,46,,129563,4,0,34,2,6,,129520,4,0,34,2,8,,129506,4,0,34,2,5,,129427,4,0,34,2,3,,129490,4,0,34,2,6,,129469,4,0,34,2,4,,129540,4,0,34,2,10,,129572,4,0,34,2,6,,129447,4,0,34,2,4,,129512,4,0,34,2,6,,129496,4,0,34,2,44,,129516,4,0,34,2,6,,129457,4,0,34,2,4,,129451,4,0,34,2,10,,129530,4,0,34,2,10,,129482,4,0,34,2,10,,129485,4,0,34,2,10,,129452,4,0,34,2,50,,129438,4,0,34,2,10,,129440,4,0,34,2,10,,122226,4,0,34,2,10,,129434,4,0,34,2,9,,129441,4,0,34,2,10,,129437,4,0,34,2,50,,129546,4,0,34,2,10,,129480,4,0,34,2,10,,129461,4,0,34,2,10,,129578,4,0,34,2,10,,129467,4,0,34,2,10,,129417,4,0,34,2,50,,129574,4,0,34,2,10,,129534,4,0,34,2,10,,129549,4,0,34,2,10,,129529,4,0,34,2,10,,129489,4,0,34,2,10,,129552,4,0,34,2,50,,129575,4,0,34,2,10,,129579,4,0,34,2,9,,129528,4,0,34,2,11,,129535,4,0,34,2,10,,129527,4,0,34,2,10,,129462,4,0,34,2,50,,129431,4,0,34,2
50601,'1',510,,130473,6,0,11 12 7,2,12,,130479,6,0,11 12 7,2,10,,130394,6,0,11 12 7,2,10,,130481,6,0,11 12 7,2,10,,130419,6,0,11 12 7,2,50,,130471,6,0,11 12 7,2,10,,130281,6,0,11 12 7,2,10,,130500,6,0,11 12 7,2,10,,130402,6,0,11 12 7,2,11,,130323,6,0,11 12 7,2,10,,112224,6,0,11 12 7,2,50,,130258,6,0,11 12 7,2,10,,130255,6,0,11 12 7,2,10,,130448,6,0,11 12 7,2,10,,130496,6,0,11 12 7,2,10,,130336,6,0,11 12 7,2,10,,130319,6,0,11 12 7,2,50,,116442,6,0,11 12 7,2,10,,130287,6,0,11 12 7,2,10,,130459,6,0,11 12 7,2,10,,130435,6,0,11 12 7,2,10,,130403,6,0,11 12 7,2,10,,130259,6,0,11 12 7,2,50,,130406,6,0,11 12 7,2,10,,130458,6,0,11 12 7,2,10,,130320,6,0,11 12 7,2,11,,130413,6,0,11 12 7,2,12,,130401,6,0,11 12 7,2,11,,130376,6,0,11 12 7,2,50,,130380,6,0,11 12 7,2,10,,130387,6,0,11 12 7,2,10,,130414,6,0,11 12 7,2,10,,130308,6,0,11 12 7,2,10,,130292,6,0,11 12 7,2,10,,130488,6,0,11 12 7,2,50,,130362,6,0,11 12 7,2,10,,130400,6,0,11 12 7,2,10,,130491,6,0,11 12 7,2,10,,130345,6,0,11 12 7,2,10,,130446,6,0,11 12 7,2,10,,130331,6,0,11 12 7,2,50,,130467,6,0,11 12 7,2,10,,130423,6,0,11 12 7,2,10,,130369,6,0,11 12 7,2,10,,130405,6,0,11 12 7,2,10,,130439,6,0,11 12 7,2,10,,130377,6,0,11 12 7,2,50,,130465,6,0,11 12 7,2,10,,130464,6,0,11 12 7,2,10,,130415,6,0,11 12 7,2,10,,108700,6,0,11 12 7,2,10,,110378,6,0,11 12 7,2,10,,130334,6,0,11 12 7,2,50,,130476,6,0,11 12 7,2,10,,130393,6,0,11 12 7,2,10,,130264,6,0,11 12 7,2,11,,130346,6,0,11 12 7,2,11,,130388,6,0,11 12 7,2,10,,130304,6,0,11 12 7,2,50,,130493,6,0,11 12 7,2,10,,130332,6,0,11 12 7,2,10,,130256,6,0,11 12 7,2,10,,130249,6,0,11 12 7,2,10,,130424,6,0,11 12 7,2,10,,130337,6,0,11 12 7,2,50,,130341,6,0,11 12 7,2,10,,130397,6,0,11 12 7,2,10,,130456,6,0,11 12 7,2,10,,130268,6,0,11 12 7,2,10,,130329,6,0,11 12 7,2,10,,130257,6,0,11 12 7,2,50,,130340,6,0,11 12 7,2,10,,130280,6,0,11 12 7,2,10,,130275,6,0,11 12 7,2,10,,130307,6,0,11 12 7,2,10,,130396,6,0,11 12 7,2,10,,108175,6,0,11 12 7,2,50,,130470,6,0,11 12 7,2,10,,130450,6,0,11 12 7,2,10,,130443,6,0,11 12 7,2,10,,130333,6,0,11 12 7,2,10,,130372,6,0,11 12 7,2,10,,130474,6,0,11 12 7,2,50,,130409,6,0,11 12 7,2,9,,130457,6,0,11 12 7,2,10,,130485,6,0,11 12 7,2,10,,110255,6,0,11 12 7,2,9,,130370,6,0,11 12 7,2,10,,130504,6,0,11 12 7,2,50,,130503,6,0,11 12 7,2,10,,130381,6,0,11 12 7,2,10,,130386,6,0,11 12 7,2,10,,130279,6,0,11 12 7,2,10,,130463,6,0,11 12 7,2,10,,130437,6,0,11 12 7,2,2,,130326,6,,,2,45,,130261,6,,,2,3,,112317,6,0,11 12 7,2,10,,130328,6,0,11 12 7,2,10,,130420,6,0,11 12 7,2,10,,130418,6,0,11 12 7,2,10,,130373,6,0,11 12 7,2,9,,130382,6,0,11 12 7,2,49,,130360,6,0,11 12 7,2,9,,130299,6,0,11 12 7,2,10,,130289,6,0,11 12 7,2,10,,130297,6,0,11 12 7,2,10,,130364,6,0,11 12 7,2,10,,130359,6,0,11 12 7,2,50,,130324,6,0,11 12 7,2,10,,130293,6,0,11 12 7,2,10,,130365,6,0,11 12 7,2,10,,130291,6,0,11 12 7,2,10,,130390,6,0,11 12 7,2,10,,130486,6,0,11 12 7,2,50,,130475,6,0,11 12 7,2,10,,130253,6,0,11 12 7,2,10,,130460,6,0,11 12 7,2,10,,130306,6,0,11 12 7,2,10,,130451,6,0,11 12 7,2,10,,130434,6,0,11 12 7,2,50,,130408,6,0,11 12 7,2,9,,130422,6,0,11 12 7,2
50601,'2',554,,130642,6,0,11 12 7,2,50,,130606,6,0,11 12 7,2,10,,130730,6,0,11 12 7,2,10,,130681,6,0,11 12 7,2,10,,130550,6,0,11 12 7,2,10,,130634,6,0,11 12 7,2,10,,130686,6,0,11 12 7,2,50,,130698,6,0,11 12 7,2,11,,130736,6,0,11 12 7,2,10,,130567,6,0,11 12 7,2,10,,130525,6,0,11 12 7,2,10,,130547,6,0,11 12 7,2,10,,130753,6,0,11 12 7,2,50,,130552,6,0,11 12 7,2,10,,130516,6,0,11 12 7,2,10,,130707,6,0,11 12 7,2,10,,130723,6,0,11 12 7,2,10,,130743,6,0,11 12 7,2,10,,130654,6,0,11 12 7,2,50,,130722,6,0,11 12 7,2,10,,130691,6,0,11 12 7,2,10,,130528,6,0,11 12 7,2,10,,130620,6,0,11 12 7,2,10,,130732,6,0,11 12 7,2,10,,130733,6,0,11 12 7,2,50,,130590,6,0,11 12 7,2,10,,130517,6,0,11 12 7,2,10,,130682,6,0,11 12 7,2,10,,130693,6,0,11 12 7,2,10,,130740,6,0,11 12 7,2,10,,130519,6,0,11 12 7,2,50,,130725,6,0,11 12 7,2,10,,130750,6,0,11 12 7,2,10,,130744,6,0,11 12 7,2,11,,130648,6,0,11 12 7,2,10,,130558,6,0,11 12 7,2,10,,130639,6,0,11 12 7,2,50,,130589,6,0,11 12 7,2,10,,130653,6,0,11 12 7,2,10,,130660,6,0,11 12 7,2,10,,130601,6,0,11 12 7,2,10,,130717,6,0,11 12 7,2,10,,130628,6,0,11 12 7,2,50,,110586,6,0,11 12 7,2,10,,130631,6,0,11 12 7,2,10,,130649,6,0,11 12 7,2,10,,130728,6,0,11 12 7,2,10,,108296,6,0,11 12 7,2,10,,130536,6,0,11 12 7,2,50,,130741,6,0,11 12 7,2,10,,130600,6,0,11 12 7,2,10,,130704,6,0,11 12 7,2,10,,130677,6,0,11 12 7,2,10,,130652,6,0,11 12 7,2,10,,130711,6,0,11 12 7,2,50,,130540,6,0,11 12 7,2,10,,130596,6,0,11 12 7,2,10,,130505,6,0,11 12 7,2,10,,130565,6,0,11 12 7,2,10,,130661,6,0,11 12 7,2,10,,130712,6,0,11 12 7,2,50,,130595,6,0,11 12 7,2,10,,130532,6,0,11 12 7,2,10,,130710,6,0,11 12 7,2,10,,130675,6,0,11 12 7,2,10,,130573,6,0,11 12 7,2,10,,130742,6,0,11 12 7,2,50,,130521,6,0,11 12 7,2,10,,130746,6,0,11 12 7,2,10,,130755,6,0,11 12 7,2,10,,130673,6,0,11 12 7,2,10,,122905,6,0,11 12 7,2,10,,130726,6,0,11 12 7,2,50,,130551,6,0,11 12 7,2,10,,130645,6,0,11 12 7,2,10,,130512,6,0,11 12 7,2,9,,130709,6,0,11 12 7,2,10,,130577,6,0,11 12 7,2,10,,130665,6,0,11 12 7,2,50,,130727,6,0,11 12 7,2,10,,130581,6,0,11 12 7,2,10,,130668,6,0,11 12 7,2,10,,130719,6,0,11 12 7,2,10,,130543,6,0,11 12 7,2,10,,130510,6,0,11 12 7,2,50,,130518,6,0,11 12 7,2,10,,130592,6,0,11 12 7,2,10,,130666,6,0,11 12 7,2,5,,130633,6,,,2,5,,117376,6,0,11 12 7,2,10,,130506,6,0,11 12 7,2,10,,130569,6,0,11 12 7,2,49,,130576,6,0,11 12 7,2,10,,130534,6,0,11 12 7,2,10,,130563,6,0,11 12 7,2,10,,130608,6,0,11 12 7,2,10,,130718,6,0,11 12 7,2,10,,130557,6,0,11 12 7,2,50,,130696,6,0,11 12 7,2,10,,130734,6,0,11 12 7,2,10,,130609,6,0,11 12 7,2,10,,130594,6,0,11 12 7,2,10,,130705,6,0,11 12 7,2,10,,130714,6,0,11 12 7,2,50,,130739,6,0,11 12 7,2,10,,130585,6,0,11 12 7,2,10,,130761,6,0,11 12 7,2,10,,130762,6,0,11 12 7,2,10,,130708,6,0,11 12 7,2,10,,130702,6,0,11 12 7,2,50,,130669,6,0,11 12 7,2,10,,130523,6,0,11 12 7,2,10,,130611,6,0,11 12 7,2,10,,130646,6,0,11 12 7,2,10,,130640,6,0,11 12 7,2,11,,116630,6,0,11 12 7,2,51,,130748,6,0,11 12 7,2
50601,'3',700,,130886,6,0,11 12 7,2,10,,130826,6,0,11 12 7,2,10,,130807,6,0,11 12 7,2,10,,130799,6,0,11 12 7,2,10,,130899,6,0,11 12 7,2,11,,130780,6,0,11 12 7,2,50,,130767,6,0,11 12 7,2,10,,130910,6,0,11 12 7,2,10,,130790,6,0,11 12 7,2,10,,130862,6,0,11 12 7,2,10,,130833,6,0,11 12 7,2,10,,130869,6,0,11 12 7,2,50,,130765,6,0,11 12 7,2,10,,130859,6,0,11 12 7,2,10,,130970,6,0,11 12 7,2,10,,130892,6,0,11 12 7,2,10,,130884,6,0,11 12 7,2,10,,130916,6,0,11 12 7,2,50,,130962,6,0,11 12 7,2,10,,130816,6,0,11 12 7,2,10,,130959,6,0,11 12 7,2,10,,130935,6,0,11 12 7,2,10,,130891,6,0,11 12 7,2,10,,130871,6,0,11 12 7,2,50,,130803,6,0,11 12 7,2,10,,130924,6,0,11 12 7,2,10,,130974,6,0,11 12 7,2,10,,130933,6,0,11 12 7,2,10,,130844,6,0,11 12 7,2,10,,130888,6,0,11 12 7,2,50,,130941,6,0,11 12 7,2,11,,130827,6,0,11 12 7,2,10,,130979,6,0,11 12 7,2,10,,130950,6,0,11 12 7,2,10,,130850,6,0,11 12 7,2,10,,130919,6,0,11 12 7,2,50,,130948,6,0,11 12 7,2,10,,130861,6,0,11 12 7,2,10,,130976,6,0,11 12 7,2,10,,130937,6,0,11 12 7,2,10,,130821,6,0,11 12 7,2,10,,130770,6,0,11 12 7,2,50,,130837,6,0,11 12 7,2,10,,130835,6,0,11 12 7,2,10,,130841,6,0,11 12 7,2,10,,130797,6,0,11 12 7,2,10,,130846,6,0,11 12 7,2,10,,130822,6,0,11 12 7,2,50,,130982,6,0,11 12 7,2,10,,130852,6,0,11 12 7,2,10,,130883,6,0,11 12 7,2,10,,130964,6,0,11 12 7,2,10,,130875,6,0,11 12 7,2,10,,130796,6,0,11 12 7,2,50,,130763,6,0,11 12 7,2,10,,130863,6,0,11 12 7,2,10,,130856,6,0,11 12 7,2,10,,130879,6,0,11 12 7,2,10,,130954,6,0,11 12 7,2,10,,130793,6,0,11 12 7,2,50,,130917,6,0,11 12 7,2,10,,130890,6,0,11 12 7,2,10,,130843,6,0,11 12 7,2,10,,130945,6,0,11 12 7,2,10,,130771,6,0,11 12 7,2,10,,130900,6,0,11 12 7,2,50,,130969,6,0,11 12 7,2,10,,130896,6,0,11 12 7,2,10,,130894,6,0,11 12 7,2,10,,130882,6,0,11 12 7,2,10,,130847,6,0,11 12 7,2,9,,130834,6,0,11 12 7,2,50,,130849,6,0,11 12 7,2,10,,130764,6,0,11 12 7,2,10,,114244,6,0,11 12 7,2,10,,130825,6,0,11 12 7,2,10,,130949,6,0,11 12 7,2,10,,130967,6,0,11 12 7,2,50,,130853,6,0,11 12 7,2,5,,130975,6,,,2,5,,130929,6,0,11 12 7,2,10,,130858,6,0,11 12 7,2,10,,130947,6,0,11 12 7,2,10,,130768,6,0,11 12 7,2,10,,130885,6,0,11 12 7,2,50,,130784,6,0,11 12 7,2,9,,130934,6,0,11 12 7,2,10,,130940,6,0,11 12 7,2,10,,130820,6,0,11 12 7,2,10,,130782,6,0,11 12 7,2,10,,123151,6,0,11 12 7,2,50,,130838,6,0,11 12 7,2,10,,130903,6,0,11 12 7,2,6,,130973,6,,,2,4,,130839,6,0,11 12 7,2,10,,130814,6,0,11 12 7,2,10,,130864,6,0,11 12 7,2,10,,130951,6,0,11 12 7,2,50,,130906,6,0,11 12 7,2,10,,130963,6,0,11 12 7,2,10,,130902,6,0,11 12 7,2,10,,130957,6,0,11 12 7,2,10,,130952,6,0,11 12 7,2,10,,130832,6,0,11 12 7,2,50,,130972,6,0,11 12 7,2,10,,130805,6,0,11 12 7,2,10,,130921,6,0,11 12 7,2,10,,130791,6,0,11 12 7,2,10,,130961,6,0,11 12 7,2,10,,130787,6,0,11 12 7,2,50,,130914,6,0,11 12 7,2,12,,130928,6,0,11 12 7,2
50601,'5',529,,131016,6,0,11 12 7,2,10,,131160,6,0,11 12 7,2,10,,130987,6,0,11 12 7,2,10,,115385,6,0,11 12 7,2,50,,130988,6,0,11 12 7,2,10,,131204,6,0,11 12 7,2,10,,131053,6,0,11 12 7,2,10,,131090,6,0,11 12 7,2,10,,131134,6,0,11 12 7,2,51,,131111,6,0,11 12 7,2,10,,131024,6,0,11 12 7,2,10,,131091,6,0,11 12 7,2,10,,131037,6,0,11 12 7,2,10,,131133,6,0,11 12 7,2,11,,131105,6,0,11 12 7,2,50,,131208,6,0,11 12 7,2,10,,131215,6,0,11 12 7,2,10,,131062,6,0,11 12 7,2,10,,131092,6,0,11 12 7,2,10,,131147,6,0,11 12 7,2,10,,131043,6,0,11 12 7,2,50,,131097,6,0,11 12 7,2,10,,131211,6,0,11 12 7,2,10,,131148,6,0,11 12 7,2,10,,115361,6,0,11 12 7,2,10,,131074,6,0,11 12 7,2,10,,131166,6,0,11 12 7,2,50,,131087,6,0,11 12 7,2,10,,131197,6,0,11 12 7,2,10,,131171,6,0,11 12 7,2,10,,131217,6,0,11 12 7,2,10,,131093,6,0,11 12 7,2,10,,131155,6,0,11 12 7,2,50,,131005,6,0,11 12 7,2,10,,131117,6,0,11 12 7,2,10,,131181,6,0,11 12 7,2,10,,131130,6,0,11 12 7,2,10,,131001,6,0,11 12 7,2,10,,131210,6,0,11 12 7,2,50,,131096,6,0,11 12 7,2,11,,131196,6,0,11 12 7,2,10,,131231,6,0,11 12 7,2,10,,130992,6,0,11 12 7,2,10,,131051,6,0,11 12 7,2,10,,131077,6,0,11 12 7,2,50,,131067,6,0,11 12 7,2,10,,131014,6,0,11 12 7,2,10,,131070,6,0,11 12 7,2,10,,131113,6,0,11 12 7,2,10,,131102,6,0,11 12 7,2,10,,131075,6,0,11 12 7,2,50,,131018,6,0,11 12 7,2,10,,131047,6,0,11 12 7,2,10,,131158,6,0,11 12 7,2,10,,131127,6,0,11 12 7,2,10,,131177,6,0,11 12 7,2,10,,131118,6,0,11 12 7,2,50,,131156,6,0,11 12 7,2,10,,131225,6,0,11 12 7,2,10,,131019,6,0,11 12 7,2,10,,130993,6,0,11 12 7,2,10,,131213,6,0,11 12 7,2,10,,131137,6,0,11 12 7,2,50,,131229,6,0,11 12 7,2,10,,131151,6,0,11 12 7,2,10,,131170,6,0,11 12 7,2,10,,131039,6,0,11 12 7,2,10,,131192,6,0,11 12 7,2,10,,131065,6,0,11 12 7,2,50,,131002,6,0,11 12 7,2,10,,131078,6,0,11 12 7,2,10,,131112,6,0,11 12 7,2,10,,131098,6,0,11 12 7,2,10,,131010,6,0,11 12 7,2,10,,131103,6,0,11 12 7,2,50,,131120,6,0,11 12 7,2,10,,131207,6,0,11 12 7,2,10,,130983,6,0,11 12 7,2,10,,131212,6,0,11 12 7,2,10,,131185,6,0,11 12 7,2,9,,131045,6,0,11 12 7,2,50,,131061,6,0,11 12 7,2,10,,131071,6,0,11 12 7,2,10,,130998,6,0,11 12 7,2,10,,131020,6,0,11 12 7,2,10,,118120,6,0,11 12 7,2,10,,131027,6,0,11 12 7,2,50,,131129,6,0,11 12 7,2,5,,131104,6,,,2,5,,131138,6,0,11 12 7,2,10,,131179,6,0,11 12 7,2,10,,131099,6,0,11 12 7,2,10,,131121,6,0,11 12 7,2,10,,131232,6,0,11 12 7,2,50,,131013,6,0,11 12 7,2,9,,131178,6,0,11 12 7,2,10,,131162,6,0,11 12 7,2,10,,131058,6,0,11 12 7,2,10,,131135,6,0,11 12 7,2,10,,131026,6,0,11 12 7,2,50,,131066,6,0,11 12 7,2,10,,131180,6,0,11 12 7,2,4,,131119,6,,,2,6,,131049,6,0,11 12 7,2,10,,131041,6,0,11 12 7,2,10,,131131,6,0,11 12 7,2,10,,131195,6,0,11 12 7,2,50,,131168,6,0,11 12 7,2,10,,131057,6,0,11 12 7,2,10,,131086,6,0,11 12 7,2,10,,131157,6,0,11 12 7,2,10,,131235,6,0,11 12 7,2,10,,131126,6,0,11 12 7,2,50,,131140,6,0,11 12 7,2,10,,131009,6,0,11 12 7,2,10,,131174,6,0,11 12 7,2,10,,131153,6,0,11 12 7,2,10,,131161,6,0,11 12 7,2,10,,130997,6,0,11 12 7,2,50,,131124,6,0,11 12 7,2,12,,131108,6,0,11 12 7,2
