30502,'1',2530,,124119,16,0,5 41,2,20,,124118,16,0,5 41,2,60,,124112,16,0,5 41,2,20,,124117,16,0,5 41,2,20,,124120,16,0,5 41,2,60,,124122,16,0,5 41,2,20,,124123,16,0,5 41,2,70,,124114,16,0,5 41,2,30,,124116,16,0,5 41,2
30502,'2',2520,,124131,16,0,5 41,2,20,,124127,16,0,5 41,2,60,,124128,16,0,5 41,2,20,,124130,16,0,5 41,2,20,,124125,16,0,5 41,2,60,,124126,16,0,5 41,2,20,,124136,16,0,5 41,2,20,,124133,16,0,5 41,2,60,,124139,16,0,5 41,2,20,,124140,16,0,5 41,2,30,,124138,16,0,5 41,2
30502,'3',441,,124160,7,0,5 41,2,15,,124162,7,0,5 41,2,51,,124170,16,0,5 41,2,17,,124169,16,0,5 41,2,17,,124159,16,0,5 41,2,15,,124145,16,0,5 41,2,55,,124152,16,0,5 41,2,15,,124171,16,0,5 41,2,10,,124147,16,0,5 41,2,10,,124154,16,0,5 41,2,10,,124175,16,0,5 41,2,50,,124157,16,0,5 41,2,10,,124164,16,0,5 41,2,10,,124151,16,0,5 41,2,10,,124176,16,0,5 41,2,10,,124155,16,0,5 41,2,10,,124143,16,0,5 41,2,1768,,124161,16,0,5 41,2,10,,124174,16,0,5 41,2,20,,124172,16,0,5 41,2,60,,124163,16,0,5 41,2,10,,124148,16,0,5 41,2,30,,124158,16,0,5 41,2,60,,124156,16,0,5 41,2,20,,124168,16,0,5 41,2,20,,124146,16,0,5 41,2,60,,124142,16,0,5 41,2
30502,'5',2524,,124185,16,0,5 41,2,10,,124189,16,0,5 41,2,20,,124180,16,0,5 41,2,60,,124192,16,0,5 41,2,20,,124178,16,0,5 41,2,20,,124179,16,0,5 41,2,60,,124186,16,0,5 41,2,20,,124182,16,0,5 41,2,20,,124177,16,0,5 41,2,70,,124190,16,0,5 41,2
30602,'1',2546,,124331,34,,,2,60,,124321,34,,,2,20,,124339,34,,,2,30,,115687,34,,,2,50,,124318,34,,,2,20,,124334,34,,,2,20,,124335,34,,,2,60,,124320,34,,,2,20,,124343,34,,,2,20,,124336,34,,,2
30602,'2',2545,,124359,34,,,2,65,,124367,34,,,2,20,,124357,34,,,2,20,,124355,34,,,2,60,,124369,34,,,2,20,,124370,34,,,2,20,,124365,34,,,2,60,,124354,34,,,2,20,,124353,34,,,2,20,,124352,34,,,2,58,,124366,34,,,2
30602,'3',453,,124421,23,0,9 40,2,50,,124423,23,0,9 40,2,10,,124376,23,0,9 40,2,10,,124400,23,0,9 40,2,10,,111775,34,,,2,0,,124391,23,0,9 40,2,10,,124407,34,,,2,10,,124387,34,,,2,50,,115193,34,,,2,10,,124392,34,,,2,10,,124380,34,,,2,10,,124413,34,,,2,10,,124395,34,,,2,10,,124384,34,,,2,50,,124385,34,,,2,10,,124410,34,,,2,10,,124399,34,,,2,10,,117979,34,,,2,10,,124411,34,,,2,10,,124405,34,,,2,50,,124372,34,,,2,10,,124386,34,,,2,1723,,124409,34,,,2,11,,124418,34,,,2,58,,124373,34,,,2,20,,124402,34,,,2,20,,124416,34,,,2,60,,124428,34,,,2,20,,124419,34,,,2,20,,124377,34,,,2,60,,124389,34,,,2,26,,124414,34,,,2
30602,'5',2536,,124439,34,,,2,11,,124453,34,,,2,58,,122101,34,,,2,20,,124437,34,,,2,20,,124430,34,,,2,60,,124433,34,,,2,20,,124429,34,,,2,20,,124445,34,,,2,60,,116228,34,,,2,26,,124443,34,,,2
50502,'1',440,,129681,16,0,5 41,2,13,,129743,16,0,5 41,2,5,,129741,16,0,5 41,2,45,,129664,16,0,5 41,2,10,,129716,16,0,5 41,2,10,,129640,16,0,5 41,2,10,,129646,16,0,5 41,2,10,,129687,16,0,5 41,2,10,,129620,16,0,5 41,2,50,,129742,16,0,5 41,2,10,,129596,15,0,5 41,2,10,,129600,15,0,5 41,2,10,,129704,15,0,5 41,2,10,,129679,15,0,5 41,2,10,,129584,15,0,5 41,2,5,,129636,7,0,5 41,2,45,,129737,15,0,5 41,2,5,,129656,7,0,5 41,2,5,,129751,15,0,5 41,2,10,,129601,15,0,5 41,2,5,,129606,15,0,5 41,2,5,,129700,15,0,5 41,2,5,,129701,7,0,5 41,2,5,,129713,15,0,5 41,2,6,,117117,7,0,5 41,2,4,,129693,15,0,5 41,2,52,,129730,15,0,5 41,2,5,,129629,7,0,5 41,2,2,,129758,15,0,5 41,2,6,,129639,15,0,5 41,2,6,,129661,15,0,5 41,2,6,,129694,15,0,5 41,2,6,,129663,15,0,5 41,2,6,,129723,15,0,5 41,2,6,,129697,15,0,5 41,2,6,,129725,15,0,5 41,2,46,,129750,15,0,5 41,2,6,,114727,15,0,5 41,2,6,,129707,15,0,5 41,2,6,,129659,15,0,5 41,2,6,,129633,15,0,5 41,2,6,,129734,15,0,5 41,2,6,,129593,15,0,5 41,2,6,,129726,15,0,5 41,2,6,,129678,15,0,5 41,2,7,,129603,15,0,5 41,2,46,,129602,15,0,5 41,2,6,,129583,15,0,5 41,2,6,,129706,15,0,5 41,2,6,,129669,15,0,5 41,2,6,,129609,15,0,5 41,2,6,,129644,15,0,5 41,2,6,,129712,15,0,5 41,2,6,,129614,15,0,5 41,2,6,,129632,15,0,5 41,2,6,,129618,15,0,5 41,2,46,,129720,15,0,5 41,2,6,,129670,15,0,5 41,2,6,,129607,15,0,5 41,2,6,,129621,15,0,5 41,2,6,,129623,15,0,5 41,2,6,,129759,15,0,5 41,2,6,,129736,15,0,5 41,2,6,,129764,15,0,5 41,2,6,,129676,15,0,5 41,2,6,,129671,15,0,5 41,2,46,,129649,15,0,5 41,2,6,,129718,15,0,5 41,2,6,,129613,15,0,5 41,2,6,,129745,15,0,5 41,2,6,,129654,15,0,5 41,2,6,,129643,15,0,5 41,2,6,,129611,15,0,5 41,2,6,,129683,15,0,5 41,2,6,,129666,15,0,5 41,2,6,,129637,15,0,5 41,2,46,,129685,15,0,5 41,2,6,,129761,15,0,5 41,2,6,,129631,15,0,5 41,2,6,,129673,15,0,5 41,2,6,,129615,15,0,5 41,2,6,,129638,15,0,5 41,2,6,,129739,15,0,5 41,2,6,,129605,15,0,5 41,2,6,,129754,15,0,5 41,2,6,,129604,15,0,5 41,2,46,,129658,15,0,5 41,2,6,,129724,15,0,5 41,2,6,,129686,15,0,5 41,2,6,,129755,15,0,5 41,2,6,,129757,15,0,5 41,2,6,,129682,15,0,5 41,2,6,,129608,15,0,5 41,2,6,,129660,15,0,5 41,2,6,,129668,15,0,5 41,2,3,,129617,15,0,5 41,2,4,,129587,15,0,5 41,2,46,,129748,15,0,5 41,2,6,,129588,15,0,5 41,2,6,,129599,15,0,5 41,2,6,,129652,15,0,5 41,2,6,,129616,15,0,5 41,2,6,,129728,15,0,5 41,2,6,,129592,15,0,5 41,2,6,,129651,15,0,5 41,2,6,,129696,15,0,5 41,2,6,,129692,15,0,5 41,2,46,,129702,15,0,5 41,2,6,,129674,15,0,5 41,2,6,,129722,15,0,5 41,2,6,,129715,15,0,5 41,2,6,,129698,15,0,5 41,2,6,,129586,15,0,5 41,2,6,,129612,15,0,5 41,2,6,,129641,15,0,5 41,2,6,,129740,15,0,5 41,2,6,,129597,15,0,5 41,2,46,,129626,15,0,5 41,2,6,,112922,15,0,5 41,2,6,,129738,15,0,5 41,2,6,,129746,15,0,5 41,2,6,,129589,15,0,5 41,2,6,,129657,15,0,5 41,2,6,,129727,15,0,5 41,2,6,,129630,15,0,5 41,2,6,,129585,15,0,5 41,2,6,,129610,15,0,5 41,2,46,,129598,15,0,5 41,2,6,,129653,15,0,5 41,2,6,,129647,15,0,5 41,2,6,,129677,15,0,5 41,2,6,,129689,15,0,5 41,2,6,,129760,15,0,5 41,2,6,,129762,15,0,5 41,2,6,,129765,15,0,5 41,2,6,,129717,15,0,5 41,2,6,,129747,15,0,5 41,2,46,,129710,15,0,5 41,2,6,,129594,15,0,5 41,2,6,,129735,15,0,5 41,2,6,,129733,15,0,5 41,2,10,,129688,15,0,5 41,2,13,,129763,15,0,5 41,2,14,,129695,15,0,5 41,2,50,,129711,15,0,5 41,2,10,,129648,15,0,5 41,2,10,,129684,15,0,5 41,2,10,,129691,15,0,5 41,2,10,,129719,15,0,5 41,2,10,,129690,15,0,5 41,2,50,,129591,15,0,5 41,2,10,,129655,15,0,5 41,2,10,,129650,15,0,5 41,2,10,,129721,15,0,5 41,2,10,,129752,15,0,5 41,2,10,,129634,15,0,5 41,2,50,,129645,15,0,5 41,2,9,,129708,15,0,5 41,2,11,,129731,15,0,5 41,2,10,,129595,15,0,5 41,2,10,,129665,15,0,5 41,2,10,,129628,15,0,5 41,2,50,,129635,15,0,5 41,2,10,,129642,15,0,5 41,2,10,,129729,15,0,5 41,2,10,,129749,15,0,5 41,2,10,,129744,15,0,5 41,2,10,,129703,15,0,5 41,2,50,,129662,15,0,5 41,2,10,,129627,15,0,5 41,2,10,,129753,15,0,5 41,2,10,,129680,15,0,5 41,2,10,,129624,15,0,5 41,2,60,,129625,15,0,5 41,2,26,,129619,15,0,5 41,2,70,,129699,15,0,5 41,2
50502,'2',431,,129872,7,0,5 41,2,26,,129798,7,0,5 41,2,50,,129911,7,0,5 41,2,8,,129931,16,0,5 41,2,6,,129794,16,0,5 41,2,10,,129824,16,0,5 41,2,10,,129893,16,0,5 41,2,10,,129815,16,0,5 41,2,50,,129805,16,0,5 41,2,10,,129785,16,0,5 41,2,9,,129842,15,0,5 41,2,10,,129879,15,0,5 41,2,10,,129817,15,0,5 41,2,10,,129819,15,0,5 41,2,50,,129891,15,0,5 41,2,10,,129777,15,0,5 41,2,10,,114928,15,0,5 41,2,10,,129892,15,0,5 41,2,5,,129768,7,0,5 41,2,5,,129832,15,0,5 41,2,5,,129846,7,0,5 41,2,5,,129796,15,0,5 41,2,5,,129859,7,0,5 41,2,45,,129890,15,0,5 41,2,7,,129888,7,0,5 41,2,4,,117382,15,0,5 41,2,5,,129795,7,0,5 41,2,7,,129933,15,0,5 41,2,6,,129862,15,0,5 41,2,6,,129869,15,0,5 41,2,6,,129774,15,0,5 41,2,6,,129848,15,0,5 41,2,6,,129843,15,0,5 41,2,6,,129845,15,0,5 41,2,46,,129902,15,0,5 41,2,6,,129896,15,0,5 41,2,6,,129781,15,0,5 41,2,6,,129916,15,0,5 41,2,6,,113846,15,0,5 41,2,6,,129823,15,0,5 41,2,6,,129793,15,0,5 41,2,6,,129789,15,0,5 41,2,6,,129907,15,0,5 41,2,6,,129836,15,0,5 41,2,46,,129806,15,0,5 41,2,6,,129857,15,0,5 41,2,6,,129828,15,0,5 41,2,6,,129841,15,0,5 41,2,6,,129871,15,0,5 41,2,6,,129847,15,0,5 41,2,6,,129880,15,0,5 41,2,6,,129766,15,0,5 41,2,6,,129834,15,0,5 41,2,6,,129802,15,0,5 41,2,46,,129856,15,0,5 41,2,6,,129792,15,0,5 41,2,6,,129930,15,0,5 41,2,6,,129870,15,0,5 41,2,6,,129922,15,0,5 41,2,6,,129912,15,0,5 41,2,6,,129787,15,0,5 41,2,6,,129844,15,0,5 41,2,6,,129827,15,0,5 41,2,4,,129905,7,0,5 41,2,43,,129772,15,0,5 41,2,6,,129919,15,0,5 41,2,7,,129800,15,0,5 41,2,6,,129797,15,0,5 41,2,8,,129904,15,0,5 41,2,6,,129932,15,0,5 41,2,6,,129923,15,0,5 41,2,6,,129915,15,0,5 41,2,6,,129786,15,0,5 41,2,6,,109306,15,0,5 41,2,46,,129816,15,0,5 41,2,6,,129918,15,0,5 41,2,6,,129875,15,0,5 41,2,6,,129920,15,0,5 41,2,6,,129900,15,0,5 41,2,6,,129860,15,0,5 41,2,6,,129812,15,0,5 41,2,6,,129790,15,0,5 41,2,6,,129821,15,0,5 41,2,6,,129782,15,0,5 41,2,46,,129850,15,0,5 41,2,6,,129906,15,0,5 41,2,6,,129881,15,0,5 41,2,6,,129886,15,0,5 41,2,6,,129878,15,0,5 41,2,6,,129822,15,0,5 41,2,6,,129898,15,0,5 41,2,6,,129826,15,0,5 41,2,6,,129804,15,0,5 41,2,6,,129901,15,0,5 41,2,46,,129877,15,0,5 41,2,6,,129830,15,0,5 41,2,6,,129783,15,0,5 41,2,6,,129889,15,0,5 41,2,6,,129776,15,0,5 41,2,6,,129775,15,0,5 41,2,6,,129899,15,0,5 41,2,6,,129799,15,0,5 41,2,6,,129773,15,0,5 41,2,6,,129853,15,0,5 41,2,46,,129917,15,0,5 41,2,6,,129771,15,0,5 41,2,6,,129863,15,0,5 41,2,6,,129865,15,0,5 41,2,6,,129855,15,0,5 41,2,6,,129767,15,0,5 41,2,6,,129833,15,0,5 41,2,6,,129835,15,0,5 41,2,6,,129897,15,0,5 41,2,6,,129927,15,0,5 41,2,46,,129838,15,0,5 41,2,6,,129929,15,0,5 41,2,6,,129858,15,0,5 41,2,6,,129820,15,0,5 41,2,6,,129839,15,0,5 41,2,6,,129921,15,0,5 41,2,6,,115037,15,0,5 41,2,6,,121626,15,0,5 41,2,6,,129829,15,0,5 41,2,6,,129925,15,0,5 41,2,52,,129866,15,0,5 41,2,6,,129885,15,0,5 41,2,6,,129867,15,0,5 41,2,12,,129910,15,0,5 41,2,6,,129928,15,0,5 41,2,6,,129778,15,0,5 41,2,6,,129807,15,0,5 41,2,8,,129903,15,0,5 41,2,48,,129811,15,0,5 41,2,8,,129924,15,0,5 41,2,8,,129851,15,0,5 41,2,10,,129784,15,0,5 41,2,10,,129895,15,0,5 41,2,10,,129837,15,0,5 41,2,50,,112421,15,0,5 41,2,10,,129883,15,0,5 41,2,10,,129779,15,0,5 41,2,10,,129770,15,0,5 41,2,10,,129873,15,0,5 41,2,10,,129803,15,0,5 41,2,50,,129876,15,0,5 41,2,10,,129801,15,0,5 41,2,10,,129909,15,0,5 41,2,10,,129868,15,0,5 41,2,10,,129769,15,0,5 41,2,9,,129874,15,0,5 41,2,50,,129864,15,0,5 41,2,10,,129788,15,0,5 41,2,8,,129831,15,0,5 41,2,10,,129884,15,0,5 41,2,10,,129810,15,0,5 41,2,10,,112461,15,0,5 41,2,50,,129791,15,0,5 41,2,10,,129894,15,0,5 41,2,10,,129825,15,0,5 41,2,10,,129818,15,0,5 41,2,10,,129908,15,0,5 41,2,10,,129852,15,0,5 41,2,50,,129808,15,0,5 41,2,10,,129914,15,0,5 41,2,12,,129882,15,0,5 41,2,8,,129809,15,0,5 41,2,10,,129840,15,0,5 41,2,12,,129854,15,0,5 41,2,55,,129887,15,0,5 41,2
50502,'3',806,,130064,15,0,5 41,2,10,,130020,15,0,5 41,2,10,,130032,15,0,5 41,2,5,,129935,7,0,5 41,2,5,,130046,15,0,5 41,2,10,,129941,15,0,5 41,2,10,,129952,15,0,5 41,2,3,,129996,7,0,5 41,2,47,,130006,15,0,5 41,2,4,,130009,7,0,5 41,2,3,,129984,15,0,5 41,2,8,,130065,15,0,5 41,2,6,,130063,15,0,5 41,2,6,,130078,15,0,5 41,2,6,,130025,15,0,5 41,2,6,,129994,15,0,5 41,2,6,,130069,15,0,5 41,2,6,,130054,15,0,5 41,2,46,,114179,15,0,5 41,2,6,,130035,15,0,5 41,2,6,,123008,15,0,5 41,2,6,,129937,15,0,5 41,2,6,,129977,15,0,5 41,2,6,,130024,15,0,5 41,2,6,,129960,15,0,5 41,2,6,,129980,15,0,5 41,2,6,,129988,15,0,5 41,2,6,,129947,15,0,5 41,2,46,,130007,15,0,5 41,2,6,,129971,15,0,5 41,2,6,,130074,15,0,5 41,2,6,,130030,15,0,5 41,2,6,,130072,15,0,5 41,2,6,,130043,15,0,5 41,2,6,,130071,15,0,5 41,2,6,,130039,15,0,5 41,2,6,,130066,15,0,5 41,2,5,,110733,7,0,5 41,2,3,,129963,15,0,5 41,2,46,,130060,15,0,5 41,2,6,,129981,15,0,5 41,2,3,,130056,7,0,5 41,2,3,,130037,15,0,5 41,2,6,,129953,15,0,5 41,2,6,,130000,15,0,5 41,2,6,,130047,15,0,5 41,2,6,,110780,15,0,5 41,2,6,,130008,15,0,5 41,2,6,,109417,15,0,5 41,2,6,,130004,15,0,5 41,2,46,,129961,15,0,5 41,2,6,,130028,15,0,5 41,2,6,,130012,15,0,5 41,2,6,,130052,15,0,5 41,2,6,,130038,15,0,5 41,2,6,,129974,15,0,5 41,2,6,,129989,15,0,5 41,2,6,,130023,15,0,5 41,2,6,,120940,15,0,5 41,2,6,,130068,15,0,5 41,2,46,,129979,15,0,5 41,2,6,,130073,15,0,5 41,2,6,,130036,15,0,5 41,2,6,,130033,15,0,5 41,2,6,,129958,15,0,5 41,2,6,,130044,15,0,5 41,2,6,,129968,15,0,5 41,2,6,,130045,15,0,5 41,2,6,,130010,15,0,5 41,2,6,,130042,15,0,5 41,2,46,,129967,15,0,5 41,2,6,,130058,15,0,5 41,2,6,,129969,15,0,5 41,2,6,,130022,15,0,5 41,2,6,,129940,15,0,5 41,2,6,,129983,15,0,5 41,2,6,,130016,15,0,5 41,2,6,,130067,15,0,5 41,2,6,,130021,15,0,5 41,2,6,,129942,15,0,5 41,2,46,,129985,15,0,5 41,2,6,,130017,15,0,5 41,2,6,,130031,15,0,5 41,2,6,,130005,15,0,5 41,2,6,,129950,15,0,5 41,2,6,,130048,15,0,5 41,2,6,,111768,15,0,5 41,2,6,,129955,15,0,5 41,2,6,,129945,15,0,5 41,2,6,,129946,15,0,5 41,2,46,,129965,15,0,5 41,2,6,,129956,15,0,5 41,2,6,,102243,15,0,5 41,2,6,,130050,15,0,5 41,2,6,,129966,15,0,5 41,2,6,,130040,15,0,5 41,2,6,,129997,15,0,5 41,2,6,,130014,15,0,5 41,2,6,,129962,15,0,5 41,2,6,,129995,15,0,5 41,2,46,,129949,15,0,5 41,2,6,,130059,15,0,5 41,2,6,,129951,15,0,5 41,2,6,,130041,15,0,5 41,2,6,,129998,15,0,5 41,2,6,,129973,15,0,5 41,2,6,,129975,15,0,5 41,2,6,,130051,15,0,5 41,2,6,,130026,15,0,5 41,2,6,,129990,15,0,5 41,2,46,,129964,15,0,5 41,2,6,,129936,15,0,5 41,2,5,,129999,15,0,5 41,2,6,,129948,15,0,5 41,2,9,,130062,15,0,5 41,2,10,,130077,15,0,5 41,2,10,,129957,15,0,5 41,2,50,,129987,15,0,5 41,2,10,,130011,15,0,5 41,2,10,,117958,15,0,5 41,2,10,,130070,15,0,5 41,2,10,,130061,15,0,5 41,2,10,,129959,15,0,5 41,2,50,,130013,15,0,5 41,2,10,,130053,15,0,5 41,2,10,,130034,15,0,5 41,2,10,,130076,15,0,5 41,2,10,,130029,15,0,5 41,2,10,,129934,15,0,5 41,2,50,,130055,15,0,5 41,2,11,,129972,15,0,5 41,2,11,,112604,15,0,5 41,2,10,,129976,15,0,5 41,2,10,,129939,15,0,5 41,2,10,,130019,15,0,5 41,2,50,,130049,15,0,5 41,2,10,,129978,15,0,5 41,2,10,,130018,15,0,5 41,2,10,,130027,15,0,5 41,2,10,,130003,15,0,5 41,2,10,,129992,15,0,5 41,2,50,,130057,15,0,5 41,2,10,,130015,15,0,5 41,2,10,,130002,15,0,5 41,2,10,,130075,15,0,5 41,2,10,,129943,15,0,5 41,2,13,,129970,15,0,5 41,2,52,,129986,15,0,5 41,2
50502,'5',442,,130237,7,0,5 41,2,63,,130212,16,0,5 41,2,13,,130117,7,0,5 41,2,9,,130079,16,0,5 41,2,15,,130132,16,0,5 41,2,15,,130179,16,0,5 41,2,55,,130131,16,0,5 41,2,14,,130200,15,0,5 41,2,10,,130189,15,0,5 41,2,10,,130104,15,0,5 41,2,10,,130238,15,0,5 41,2,50,,130185,15,0,5 41,2,10,,130210,15,0,5 41,2,10,,130160,15,0,5 41,2,10,,130183,15,0,5 41,2,10,,130096,15,0,5 41,2,10,,130190,15,0,5 41,2,50,,130121,15,0,5 41,2,10,,130211,15,0,5 41,2,10,,130128,15,0,5 41,2,5,,130136,7,0,5 41,2,5,,130242,15,0,5 41,2,10,,130243,15,0,5 41,2,10,,130226,15,0,5 41,2,3,,130135,7,0,5 41,2,47,,130102,15,0,5 41,2,4,,130084,7,0,5 41,2,3,,130246,15,0,5 41,2,8,,130161,15,0,5 41,2,6,,130204,15,0,5 41,2,6,,130178,15,0,5 41,2,6,,130145,15,0,5 41,2,6,,130146,15,0,5 41,2,6,,130198,15,0,5 41,2,6,,130172,15,0,5 41,2,46,,130125,15,0,5 41,2,6,,130092,15,0,5 41,2,6,,130195,15,0,5 41,2,6,,130191,15,0,5 41,2,6,,121161,15,0,5 41,2,6,,130126,15,0,5 41,2,6,,130133,15,0,5 41,2,6,,130085,15,0,5 41,2,6,,130141,15,0,5 41,2,6,,130234,15,0,5 41,2,46,,130188,15,0,5 41,2,6,,130101,15,0,5 41,2,6,,130155,15,0,5 41,2,6,,130166,15,0,5 41,2,6,,130086,15,0,5 41,2,6,,130184,15,0,5 41,2,6,,130232,15,0,5 41,2,6,,130093,15,0,5 41,2,6,,130223,15,0,5 41,2,5,,130174,7,0,5 41,2,3,,130127,15,0,5 41,2,46,,130090,15,0,5 41,2,6,,130218,15,0,5 41,2,3,,130171,7,0,5 41,2,3,,130091,15,0,5 41,2,6,,130216,15,0,5 41,2,6,,130148,15,0,5 41,2,6,,130138,15,0,5 41,2,6,,130158,15,0,5 41,2,6,,130192,15,0,5 41,2,6,,130221,15,0,5 41,2,6,,130108,15,0,5 41,2,46,,130224,15,0,5 41,2,6,,130230,15,0,5 41,2,6,,118847,15,0,5 41,2,6,,130154,15,0,5 41,2,6,,130082,15,0,5 41,2,6,,130202,15,0,5 41,2,6,,130167,15,0,5 41,2,6,,130197,15,0,5 41,2,6,,130157,15,0,5 41,2,6,,130231,15,0,5 41,2,46,,130163,15,0,5 41,2,6,,130088,15,0,5 41,2,6,,130186,15,0,5 41,2,6,,130219,15,0,5 41,2,6,,130151,15,0,5 41,2,6,,130193,15,0,5 41,2,6,,130169,15,0,5 41,2,6,,130170,15,0,5 41,2,6,,130194,15,0,5 41,2,6,,130116,15,0,5 41,2,46,,130152,15,0,5 41,2,6,,130156,15,0,5 41,2,6,,130124,15,0,5 41,2,6,,130119,15,0,5 41,2,6,,130105,15,0,5 41,2,6,,130236,15,0,5 41,2,6,,130220,15,0,5 41,2,6,,130207,15,0,5 41,2,6,,130107,15,0,5 41,2,6,,130208,15,0,5 41,2,46,,130087,15,0,5 41,2,6,,130114,15,0,5 41,2,6,,130137,15,0,5 41,2,6,,130239,15,0,5 41,2,6,,130094,15,0,5 41,2,6,,130139,15,0,5 41,2,6,,114326,15,0,5 41,2,6,,130213,15,0,5 41,2,6,,130143,15,0,5 41,2,6,,130222,15,0,5 41,2,46,,130215,15,0,5 41,2,6,,130110,15,0,5 41,2,6,,130153,15,0,5 41,2,6,,130229,15,0,5 41,2,6,,130175,15,0,5 41,2,6,,130233,15,0,5 41,2,6,,130244,15,0,5 41,2,6,,130115,15,0,5 41,2,6,,130097,15,0,5 41,2,6,,130209,15,0,5 41,2,46,,130182,15,0,5 41,2,6,,130111,15,0,5 41,2,6,,130235,15,0,5 41,2,6,,130162,15,0,5 41,2,6,,130083,15,0,5 41,2,6,,130203,15,0,5 41,2,6,,130140,15,0,5 41,2,6,,130149,15,0,5 41,2,6,,130176,15,0,5 41,2,6,,130118,15,0,5 41,2,46,,130196,15,0,5 41,2,6,,130173,15,0,5 41,2,5,,130134,15,0,5 41,2,6,,130159,15,0,5 41,2,9,,130165,15,0,5 41,2,10,,130199,15,0,5 41,2,10,,130164,15,0,5 41,2,50,,130130,15,0,5 41,2,10,,130227,15,0,5 41,2,10,,130206,15,0,5 41,2,10,,130123,15,0,5 41,2,10,,130201,15,0,5 41,2,10,,130100,15,0,5 41,2,50,,130225,15,0,5 41,2,10,,123510,15,0,5 41,2,10,,130240,15,0,5 41,2,10,,130106,15,0,5 41,2,10,,130142,15,0,5 41,2,10,,130081,15,0,5 41,2,50,,130168,15,0,5 41,2,11,,130214,15,0,5 41,2,11,,130099,15,0,5 41,2,10,,130217,15,0,5 41,2,10,,130245,15,0,5 41,2,10,,130103,15,0,5 41,2,50,,130144,15,0,5 41,2,10,,130180,15,0,5 41,2,10,,130109,15,0,5 41,2,10,,130177,15,0,5 41,2,10,,130080,15,0,5 41,2,10,,130112,15,0,5 41,2,50,,130120,15,0,5 41,2,10,,130147,15,0,5 41,2,10,,130113,15,0,5 41,2,10,,130150,15,0,5 41,2,10,,130095,15,0,5 41,2,13,,130129,15,0,5 41,2,52,,130181,15,0,5 41,2
50602,'1',423,,131430,23,0,9 40,2,10,,131424,23,0,9 40,2,10,,131294,23,0,9 40,2,9,,131325,23,0,9 40,2,50,,131273,23,0,9 40,2,7,,131322,34,0,9 40,2,14,,131404,34,0,9 40,2,10,,131383,34,0,9 40,2,10,,131384,34,0,9 40,2,10,,131427,34,0,9 40,2,50,,131385,34,0,9 40,2,10,,131311,34,0,9 40,2,10,,131389,34,0,9 40,2,10,,131481,34,0,9 40,2,10,,131457,34,0,9 40,2,10,,131468,34,0,9 40,2,52,,131261,34,0,9 40,2,5,,112368,23,0,9 40,2,7,,131236,33,0,9 40,2,12,,131296,33,0,9 40,2,10,,112191,33,0,9 40,2,10,,131372,33,0,9 40,2,10,,131399,33,0,9 40,2,50,,131353,33,0,9 40,2,10,,131303,33,0,9 40,2,10,,131448,33,0,9 40,2,10,,131288,33,0,9 40,2,10,,131324,33,0,9 40,2,10,,131331,33,0,9 40,2,50,,131442,33,0,9 40,2,10,,131403,33,0,9 40,2,10,,131410,33,0,9 40,2,10,,131347,33,0,9 40,2,10,,131277,33,0,9 40,2,10,,131378,33,0,9 40,2,50,,131254,33,0,9 40,2,8,,131412,33,0,9 40,2,10,,131479,33,0,9 40,2,10,,131351,33,0,9 40,2,10,,131422,33,0,9 40,2,10,,131478,33,0,9 40,2,50,,131358,33,0,9 40,2,10,,131466,33,0,9 40,2,10,,131370,33,0,9 40,2,10,,131407,33,0,9 40,2,10,,131398,33,0,9 40,2,10,,131470,33,0,9 40,2,50,,131267,33,0,9 40,2,10,,131443,33,0,9 40,2,10,,131452,33,0,9 40,2,10,,131425,33,0,9 40,2,10,,131388,33,0,9 40,2,10,,131417,33,0,9 40,2,50,,131237,33,0,9 40,2,10,,110257,33,0,9 40,2,10,,131371,33,0,9 40,2,10,,131348,33,0,9 40,2,10,,131434,33,0,9 40,2,10,,131413,33,0,9 40,2,50,,131437,33,0,9 40,2,10,,131391,33,0,9 40,2,10,,111243,33,0,9 40,2,10,,131329,33,0,9 40,2,10,,131369,33,0,9 40,2,10,,131337,33,0,9 40,2,50,,131246,33,0,9 40,2,4,,131284,23,0,9 40,2,6,,131420,33,0,9 40,2,12,,131416,33,0,9 40,2,10,,131493,33,0,9 40,2,10,,131245,33,0,9 40,2,10,,131242,33,0,9 40,2,50,,131258,33,0,9 40,2,10,,131334,33,0,9 40,2,10,,131492,33,0,9 40,2,10,,131409,33,0,9 40,2,10,,131488,33,0,9 40,2,10,,131376,33,0,9 40,2,50,,131395,33,0,9 40,2,10,,131238,33,0,9 40,2,10,,131355,33,0,9 40,2,10,,131408,33,0,9 40,2,10,,131309,33,0,9 40,2,10,,131374,33,0,9 40,2,50,,131477,33,0,9 40,2,10,,131361,33,0,9 40,2,10,,131352,33,0,9 40,2,10,,131365,33,0,9 40,2,10,,131323,33,0,9 40,2,10,,131252,33,0,9 40,2,50,,131489,33,0,9 40,2,10,,131249,33,0,9 40,2,10,,131393,33,0,9 40,2,10,,131487,33,0,9 40,2,10,,131396,33,0,9 40,2,9,,131432,33,0,9 40,2,48,,131418,33,0,9 40,2,8,,131289,33,0,9 40,2,10,,131451,33,0,9 40,2,10,,131340,33,0,9 40,2,10,,131269,33,0,9 40,2,10,,131247,33,0,9 40,2,50,,131359,33,0,9 40,2,10,,131438,33,0,9 40,2,10,,131332,33,0,9 40,2,10,,131483,33,0,9 40,2,10,,131490,33,0,9 40,2,10,,131474,33,0,9 40,2,50,,131461,33,0,9 40,2,10,,131279,33,0,9 40,2,10,,131411,33,0,9 40,2,9,,131491,33,0,9 40,2,9,,131476,33,0,9 40,2,9,,131321,33,0,9 40,2,50,,131373,33,0,9 40,2,10,,131342,33,0,9 40,2,10,,131299,33,0,9 40,2,10,,131435,33,0,9 40,2,10,,131392,33,0,9 40,2,10,,131360,33,0,9 40,2,50,,131255,33,0,9 40,2,10,,115641,33,0,9 40,2,10,,131307,33,0,9 40,2,10,,131447,33,0,9 40,2,10,,131350,33,0,9 40,2,10,,131397,33,0,9 40,2,50,,131458,33,0,9 40,2,10,,131274,33,0,9 40,2,10,,131266,33,0,9 40,2,11,,131302,33,0,9 40,2,7,,131390,33,0,9 40,2
50602,'2',517,,131617,23,0,9 40,2,10,,131551,23,0,9 40,2,3,,131517,34,0,9 40,2,10,,131733,34,0,9 40,2,10,,131720,34,0,9 40,2,50,,131716,34,0,9 40,2,10,,131537,34,0,9 40,2,10,,131686,33,0,9 40,2,10,,131613,33,0,9 40,2,10,,131646,33,0,9 40,2,10,,131584,33,0,9 40,2,50,,131618,33,0,9 40,2,10,,131582,33,0,9 40,2,10,,131599,33,0,9 40,2,10,,131694,33,0,9 40,2,10,,131744,33,0,9 40,2,10,,131728,33,0,9 40,2,51,,131602,33,0,9 40,2,11,,131520,23,0,9 40,2,10,,131737,33,0,9 40,2,10,,131589,33,0,9 40,2,12,,131676,33,0,9 40,2,9,,131494,23,0,9 40,2,3,,131675,33,0,9 40,2,50,,131688,33,0,9 40,2,10,,131588,33,0,9 40,2,10,,131639,33,0,9 40,2,10,,131513,33,0,9 40,2,10,,131626,33,0,9 40,2,10,,131523,33,0,9 40,2,50,,131549,33,0,9 40,2,10,,131527,33,0,9 40,2,10,,131583,33,0,9 40,2,10,,131552,33,0,9 40,2,10,,131664,33,0,9 40,2,10,,131555,33,0,9 40,2,50,,131655,33,0,9 40,2,10,,131612,33,0,9 40,2,10,,131670,33,0,9 40,2,10,,131651,33,0,9 40,2,8,,131518,23,0,9 40,2,6,,131647,33,0,9 40,2,50,,131605,33,0,9 40,2,10,,131556,33,0,9 40,2,10,,131603,33,0,9 40,2,10,,131727,33,0,9 40,2,10,,131648,33,0,9 40,2,10,,131554,33,0,9 40,2,50,,131725,33,0,9 40,2,10,,131715,33,0,9 40,2,10,,131505,33,0,9 40,2,10,,131596,33,0,9 40,2,10,,131581,33,0,9 40,2,10,,131498,33,0,9 40,2,50,,131642,33,0,9 40,2,10,,131682,33,0,9 40,2,10,,131534,33,0,9 40,2,10,,131662,33,0,9 40,2,10,,131649,33,0,9 40,2,10,,131585,33,0,9 40,2,50,,131750,33,0,9 40,2,10,,131674,33,0,9 40,2,10,,131601,33,0,9 40,2,10,,131624,33,0,9 40,2,10,,131610,33,0,9 40,2,10,,131654,33,0,9 40,2,50,,131510,33,0,9 40,2,10,,131635,33,0,9 40,2,10,,107214,33,0,9 40,2,10,,131690,33,0,9 40,2,10,,114008,33,0,9 40,2,10,,131711,33,0,9 40,2,50,,131632,33,0,9 40,2,10,,131657,33,0,9 40,2,10,,131689,33,0,9 40,2,10,,131519,33,0,9 40,2,10,,131547,33,0,9 40,2,10,,131698,33,0,9 40,2,50,,131570,33,0,9 40,2,10,,131496,33,0,9 40,2,10,,131501,33,0,9 40,2,10,,131671,33,0,9 40,2,10,,131709,33,0,9 40,2,10,,131673,33,0,9 40,2,50,,131530,33,0,9 40,2,10,,131641,33,0,9 40,2,11,,131544,33,0,9 40,2,10,,131576,33,0,9 40,2,8,,131724,33,0,9 40,2,9,,131672,33,0,9 40,2,10,,131634,33,0,9 40,2,50,,131563,33,0,9 40,2,10,,131718,33,0,9 40,2,10,,131735,33,0,9 40,2,10,,131587,33,0,9 40,2,10,,131700,33,0,9 40,2,10,,131559,33,0,9 40,2,50,,131604,33,0,9 40,2,10,,131667,33,0,9 40,2,10,,131524,33,0,9 40,2,10,,131616,33,0,9 40,2,11,,131597,33,0,9 40,2,9,,131661,33,0,9 40,2,50,,131539,33,0,9 40,2,10,,131640,33,0,9 40,2,10,,131631,33,0,9 40,2,10,,131680,33,0,9 40,2,10,,131565,33,0,9 40,2,10,,131507,33,0,9 40,2,50,,131731,33,0,9 40,2,10,,131660,33,0,9 40,2,10,,131607,33,0,9 40,2,10,,131696,33,0,9 40,2,10,,131712,33,0,9 40,2,10,,131540,33,0,9 40,2,50,,131666,33,0,9 40,2,10,,131620,33,0,9 40,2,10,,131532,33,0,9 40,2,10,,131571,33,0,9 40,2,10,,131645,33,0,9 40,2,10,,131663,33,0,9 40,2,50,,131739,33,0,9 40,2,10,,131590,33,0,9 40,2,12,,131627,33,0,9 40,2,7,,131598,33,0,9 40,2
50602,'3',824,,131810,23,0,9 40,2,6,,131959,33,0,9 40,2,6,,131751,33,0,9 40,2,10,,131893,33,0,9 40,2,10,,131840,33,0,9 40,2,50,,131851,33,0,9 40,2,10,,131804,33,0,9 40,2,10,,131842,33,0,9 40,2,10,,131786,33,0,9 40,2,10,,131865,33,0,9 40,2,10,,131834,33,0,9 40,2,50,,131908,33,0,9 40,2,10,,131892,33,0,9 40,2,10,,131861,33,0,9 40,2,10,,131912,33,0,9 40,2,10,,131802,33,0,9 40,2,10,,131789,33,0,9 40,2,50,,131827,33,0,9 40,2,10,,131952,33,0,9 40,2,10,,131837,33,0,9 40,2,10,,131869,33,0,9 40,2,10,,131771,33,0,9 40,2,10,,131924,33,0,9 40,2,50,,131756,33,0,9 40,2,10,,131764,33,0,9 40,2,10,,131752,33,0,9 40,2,7,,131900,33,0,9 40,2,11,,131769,33,0,9 40,2,10,,131863,33,0,9 40,2,50,,131799,33,0,9 40,2,10,,131868,33,0,9 40,2,10,,131812,33,0,9 40,2,10,,131850,33,0,9 40,2,10,,131860,33,0,9 40,2,10,,131814,33,0,9 40,2,50,,131899,33,0,9 40,2,10,,131765,33,0,9 40,2,10,,131784,33,0,9 40,2,10,,131903,33,0,9 40,2,10,,131829,33,0,9 40,2,10,,131839,33,0,9 40,2,50,,131808,33,0,9 40,2,10,,131901,33,0,9 40,2,10,,131838,33,0,9 40,2,10,,131877,33,0,9 40,2,10,,131845,33,0,9 40,2,10,,131854,33,0,9 40,2,50,,131768,33,0,9 40,2,10,,131801,33,0,9 40,2,10,,131946,33,0,9 40,2,10,,131803,33,0,9 40,2,10,,131874,33,0,9 40,2,10,,131963,33,0,9 40,2,50,,131922,33,0,9 40,2,10,,131817,33,0,9 40,2,10,,131796,33,0,9 40,2,10,,131785,33,0,9 40,2,10,,131951,33,0,9 40,2,10,,131782,33,0,9 40,2,50,,131949,33,0,9 40,2,10,,131759,33,0,9 40,2,10,,131911,33,0,9 40,2,10,,131902,33,0,9 40,2,10,,131941,33,0,9 40,2,10,,131938,33,0,9 40,2,48,,131866,33,0,9 40,2,8,,131930,33,0,9 40,2,10,,131844,33,0,9 40,2,10,,131836,33,0,9 40,2,7,,131919,33,0,9 40,2,10,,131950,33,0,9 40,2,10,,131927,33,0,9 40,2,50,,131957,33,0,9 40,2,10,,131878,33,0,9 40,2,10,,131881,33,0,9 40,2,10,,111902,33,0,9 40,2,10,,131936,33,0,9 40,2,10,,131882,33,0,9 40,2,50,,131800,33,0,9 40,2,9,,131761,33,0,9 40,2,9,,131770,33,0,9 40,2,10,,131891,33,0,9 40,2,8,,131933,33,0,9 40,2,10,,131852,33,0,9 40,2,50,,131879,33,0,9 40,2,10,,131929,33,0,9 40,2,10,,131815,33,0,9 40,2,10,,131754,33,0,9 40,2,10,,131846,33,0,9 40,2,10,,131757,33,0,9 40,2,50,,131954,33,0,9 40,2,10,,131813,33,0,9 40,2,10,,131832,33,0,9 40,2,10,,131931,33,0,9 40,2,10,,131805,33,0,9 40,2,10,,131895,33,0,9 40,2,50,,131758,33,0,9 40,2,10,,131831,33,0,9 40,2,10,,131886,33,0,9 40,2,10,,131885,33,0,9 40,2,10,,131871,33,0,9 40,2,10,,131937,33,0,9 40,2,50,,131925,33,0,9 40,2,10,,131887,33,0,9 40,2,10,,131876,33,0,9 40,2,6,,131897,33,0,9 40,2
50602,'5',450,,131993,23,0,9 40,2,50,,132156,23,0,9 40,2,10,,132130,23,0,9 40,2,10,,132175,23,0,9 40,2,10,,132133,23,0,9 40,2,5,,132038,34,0,9 40,2,10,,132147,34,0,9 40,2,10,,132127,34,0,9 40,2,50,,132153,34,0,9 40,2,10,,132068,34,0,9 40,2,10,,132098,34,0,9 40,2,10,,132144,34,0,9 40,2,10,,132164,34,0,9 40,2,10,,132017,34,0,9 40,2,50,,132178,34,0,9 40,2,10,,131990,34,0,9 40,2,10,,132195,34,0,9 40,2,10,,132135,34,0,9 40,2,10,,132119,34,0,9 40,2,10,,132165,34,0,9 40,2,50,,131966,34,0,9 40,2,10,,132079,34,0,9 40,2,9,,132166,23,0,9 40,2,6,,131965,33,0,9 40,2,6,,132179,33,0,9 40,2,10,,132207,33,0,9 40,2,10,,132157,33,0,9 40,2,50,,132210,33,0,9 40,2,10,,132015,33,0,9 40,2,10,,132096,33,0,9 40,2,10,,132074,33,0,9 40,2,10,,132027,33,0,9 40,2,10,,132073,33,0,9 40,2,50,,132208,33,0,9 40,2,10,,132101,33,0,9 40,2,10,,131995,33,0,9 40,2,10,,132072,33,0,9 40,2,10,,132060,33,0,9 40,2,10,,132124,33,0,9 40,2,50,,132131,33,0,9 40,2,10,,132030,33,0,9 40,2,10,,132031,33,0,9 40,2,10,,131999,33,0,9 40,2,10,,131983,33,0,9 40,2,10,,131979,33,0,9 40,2,50,,132109,33,0,9 40,2,10,,132043,33,0,9 40,2,10,,132158,33,0,9 40,2,7,,132069,33,0,9 40,2,11,,132064,33,0,9 40,2,10,,131982,33,0,9 40,2,50,,132123,33,0,9 40,2,10,,132112,33,0,9 40,2,10,,132032,33,0,9 40,2,10,,132150,33,0,9 40,2,10,,132037,33,0,9 40,2,10,,132088,33,0,9 40,2,50,,132087,33,0,9 40,2,10,,132134,33,0,9 40,2,10,,132173,33,0,9 40,2,10,,132020,33,0,9 40,2,10,,118151,33,0,9 40,2,10,,132161,33,0,9 40,2,50,,132097,33,0,9 40,2,10,,132001,33,0,9 40,2,10,,132192,33,0,9 40,2,10,,132089,33,0,9 40,2,10,,132199,33,0,9 40,2,10,,132036,33,0,9 40,2,50,,132200,33,0,9 40,2,10,,132204,33,0,9 40,2,10,,132171,33,0,9 40,2,10,,132082,33,0,9 40,2,10,,131994,33,0,9 40,2,10,,132126,33,0,9 40,2,50,,132055,33,0,9 40,2,10,,132012,33,0,9 40,2,10,,132115,33,0,9 40,2,10,,132113,33,0,9 40,2,10,,131975,33,0,9 40,2,10,,132062,33,0,9 40,2,50,,132053,33,0,9 40,2,10,,132045,33,0,9 40,2,10,,107041,33,0,9 40,2,10,,132042,33,0,9 40,2,10,,132005,33,0,9 40,2,10,,132167,33,0,9 40,2,48,,132117,33,0,9 40,2,8,,132067,33,0,9 40,2,10,,132048,33,0,9 40,2,10,,132054,33,0,9 40,2,7,,132120,33,0,9 40,2,10,,132177,33,0,9 40,2,10,,132004,33,0,9 40,2,50,,132023,33,0,9 40,2,10,,132159,33,0,9 40,2,10,,132008,33,0,9 40,2,10,,132065,33,0,9 40,2,10,,132105,33,0,9 40,2,10,,119726,33,0,9 40,2,50,,132139,33,0,9 40,2,9,,131970,33,0,9 40,2,9,,132102,33,0,9 40,2,10,,132125,33,0,9 40,2,8,,132061,33,0,9 40,2,10,,132203,33,0,9 40,2,50,,132155,33,0,9 40,2,10,,132110,33,0,9 40,2,10,,132137,33,0,9 40,2,10,,131977,33,0,9 40,2,10,,131981,33,0,9 40,2,10,,131973,33,0,9 40,2,50,,132016,33,0,9 40,2,10,,131968,33,0,9 40,2,10,,132183,33,0,9 40,2,10,,132146,33,0,9 40,2,10,,132180,33,0,9 40,2,10,,131978,33,0,9 40,2,50,,132056,33,0,9 40,2,10,,132080,33,0,9 40,2,10,,132028,33,0,9 40,2,10,,131996,33,0,9 40,2,10,,131985,33,0,9 40,2,10,,132149,33,0,9 40,2,50,,132141,33,0,9 40,2,10,,131976,33,0,9 40,2,10,,131988,33,0,9 40,2,6,,132057,33,0,9 40,2
