30102,'1',2616,,91350,26,0,47 22 23,2,30,,91376,26,0,47 22 23,2,70,,91366,26,0,47 22 23,2,30,,91378,26,0,47 22 23,2,70,,91356,26,0,47 22 23,2,31,,91374,26,,,2,70,,91363,26,,,2,30,,91361,26,,,2
30102,'2',2621,,91396,26,0,47 22 23,2,30,,91382,26,0,47 22 23,2,70,,91389,26,0,47 22 23,2,30,,91398,26,0,47 22 23,2,70,,91380,26,0,47 22 23,2,31,,91392,26,,,2,70,,91379,26,,,2,30,,91393,26,,,2
30102,'3',2611,,91413,26,0,47 22 23,2,30,,91428,26,0,47 22 23,2,70,,91430,26,0,47 22 23,2,30,,91427,26,0,47 22 23,2,70,,91425,26,0,47 22 23,2,30,,91416,26,0,47 22 23,2,71,,91414,26,,,2,30,,91421,26,,,2
30102,'5',2611,,91445,26,0,47 22 23,2,30,,91446,26,0,47 22 23,2,70,,91437,26,0,47 22 23,2,30,,91461,26,0,47 22 23,2,70,,91454,26,0,47 22 23,2,30,,91450,26,0,47 22 23,2,71,,91447,26,,,2,30,,91436,26,,,2
50701,'1',917,,99957,11,0,49,2,999,,99923,11,0,49,2,27,,99866,11,0,49,2,298,,99892,11,0,49,2,213,,99948,11,0,49,2,60,,99864,11,0,49,2
50701,'2',1922,,100102,11,0,49,2,586,,100108,11,0,49,2,21,,100113,11,0,49,2
50701,'3',2440,,100360,11,0,49,2
50701,'5',2440,,100445,11,0,49,2
50702,'1',453,,100616,11,0,22 23,2,51,,100701,11,0,22 23,2,10,,100696,11,0,22 23,2,10,,100768,11,0,22 23,2,10,,100631,11,0,22 23,2,10,,100623,11,0,22 23,2,10,,100604,11,0,22 23,2,50,,100662,11,0,22 23,2,10,,100619,11,0,22 23,2,10,,100664,11,0,22 23,2,10,,88188,11,0,22 23,2,10,,100601,11,0,22 23,2,12,,100734,11,0,22 23,2,48,,100752,11,0,22 23,2,6,,100594,11,0,22 23,2,7,,100632,11,0,22 23,2,7,,100614,11,0,22 23,2,7,,100715,11,0,22 23,2,7,,100640,11,0,22 23,2,7,,100610,11,0,22 23,2,7,,100724,11,0,22 23,2,7,,100687,11,0,22 23,2,47,,100721,11,0,22 23,2,7,,100774,11,0,22 23,2,7,,100758,11,0,22 23,2,7,,100723,11,0,22 23,2,7,,100769,11,0,22 23,2,7,,100666,11,0,22 23,2,7,,100669,11,0,22 23,2,7,,100655,11,0,22 23,2,49,,100645,11,0,22 23,2,9,,100644,11,0,22 23,2,8,,100761,11,0,22 23,2,8,,100763,11,0,22 23,2,8,,100796,11,0,22 23,2,8,,100766,11,0,22 23,2,8,,100612,11,0,22 23,2,48,,100620,11,0,22 23,2,8,,100600,11,0,22 23,2,8,,100760,11,0,22 23,2,8,,100755,11,0,22 23,2,8,,100765,11,0,22 23,2,8,,100658,11,0,22 23,2,8,,100698,11,0,22 23,2,8,,100660,11,0,22 23,2,48,,100667,11,0,22 23,2,8,,100747,11,0,22 23,2,8,,100685,11,0,22 23,2,8,,100744,11,0,22 23,2,8,,100671,11,0,22 23,2,8,,100708,11,0,22 23,2,8,,100683,11,0,22 23,2,48,,100647,11,0,22 23,2,8,,100718,11,0,22 23,2,8,,100626,11,0,22 23,2,8,,100733,11,0,22 23,2,8,,100762,11,0,22 23,2,8,,100673,11,0,22 23,2,8,,100633,11,0,22 23,2,8,,100679,11,0,22 23,2,48,,100751,11,0,22 23,2,8,,100745,11,0,22 23,2,8,,100725,11,0,22 23,2,8,,89087,11,0,22 23,2,8,,100787,11,0,22 23,2,8,,100781,11,0,22 23,2,8,,100599,11,0,22 23,2,48,,100605,11,0,22 23,2,8,,100783,11,0,22 23,2,8,,81440,11,0,22 23,2,8,,100759,11,0,22 23,2,8,,79766,11,0,22 23,2,8,,100684,11,0,22 23,2,8,,100743,11,0,22 23,2,8,,100711,11,0,22 23,2,48,,100700,11,0,22 23,2,9,,100773,11,0,22 23,2,4,,100741,11,0,22 23,2,7,,100794,11,0,22 23,2,7,,100672,11,0,22 23,2,7,,100648,11,0,22 23,2,7,,100720,11,0,22 23,2,7,,100606,11,0,22 23,2,47,,100703,11,0,22 23,2,7,,100639,11,0,22 23,2,7,,100653,11,0,22 23,2,7,,100704,11,0,22 23,2,7,,100691,11,0,22 23,2,7,,100757,11,0,22 23,2,7,,100705,11,0,22 23,2,7,,100638,11,0,22 23,2,7,,100686,11,0,22 23,2,47,,100722,11,0,22 23,2,7,,100788,11,0,22 23,2,7,,100791,11,0,22 23,2,7,,100697,11,0,22 23,2,7,,100727,11,0,22 23,2,7,,100657,11,0,22 23,2,7,,100710,11,0,22 23,2,7,,100652,11,0,22 23,2,7,,100767,11,0,22 23,2,47,,100690,11,0,22 23,2,7,,100670,11,0,22 23,2,7,,89208,11,0,22 23,2,7,,100595,11,0,22 23,2,7,,100748,11,0,22 23,2,7,,100681,11,0,22 23,2,7,,100694,11,0,22 23,2,7,,100668,11,0,22 23,2,49,,100692,11,0,22 23,2,9,,100617,11,0,22 23,2,9,,100792,11,0,22 23,2,8,,100714,11,0,22 23,2,9,,100728,11,0,22 23,2,9,,100680,11,0,22 23,2,9,,100790,11,0,22 23,2,49,,100800,11,0,22 23,2,9,,100646,11,0,22 23,2,9,,100597,11,0,22 23,2,9,,100678,11,0,22 23,2,9,,100613,11,0,22 23,2,9,,100642,11,0,22 23,2,49,,100622,11,0,22 23,2,9,,100636,11,0,22 23,2,9,,100637,11,0,22 23,2,9,,100749,11,0,22 23,2,9,,100753,11,0,22 23,2,9,,100750,11,0,22 23,2,9,,100695,11,0,22 23,2,49,,100754,11,0,22 23,2,8,,100628,11,0,22 23,2,13,,100603,11,0,22 23,2,10,,100635,11,0,22 23,2,10,,100609,11,0,22 23,2,10,,100654,11,0,22 23,2,50,,100746,11,0,22 23,2,10,,100789,11,0,22 23,2,10,,100742,11,0,22 23,2,10,,100709,11,0,22 23,2,10,,100779,11,0,22 23,2,10,,100596,11,0,22 23,2,50,,100740,11,0,22 23,2,10,,100713,11,0,22 23,2,10,,100730,11,0,22 23,2,12,,100735,11,0,22 23,2,12,,100729,11,0,22 23,2,55,,100677,11,0,22 23,2,20,,100699,11,0,22 23,2,25,,100651,11,0,22 23,2
50702,'2',445,,100870,11,0,22 23,2,10,,100923,11,0,22 23,2,50,,100977,11,0,22 23,2,10,,100804,11,0,22 23,2,10,,100919,11,0,22 23,2,10,,100872,11,0,22 23,2,10,,100893,11,0,22 23,2,10,,100924,11,0,22 23,2,50,,100873,11,0,22 23,2,10,,100827,11,0,22 23,2,10,,100948,11,0,22 23,2,10,,86668,11,0,22 23,2,10,,100812,11,0,22 23,2,10,,100869,11,0,22 23,2,50,,100915,11,0,22 23,2,10,,100910,11,0,22 23,2,10,,100982,11,0,22 23,2,10,,100868,11,0,22 23,2,10,,100854,11,0,22 23,2,10,,100908,11,0,22 23,2,49,,100958,11,0,22 23,2,12,,100892,11,0,22 23,2,13,,100933,11,0,22 23,2,12,,100902,11,0,22 23,2,9,,100851,11,0,22 23,2,9,,100951,11,0,22 23,2,49,,79897,11,0,22 23,2,9,,100955,11,0,22 23,2,9,,100874,11,0,22 23,2,9,,100917,11,0,22 23,2,9,,100904,11,0,22 23,2,9,,100952,11,0,22 23,2,49,,100833,11,0,22 23,2,9,,100891,11,0,22 23,2,9,,100866,11,0,22 23,2,9,,100929,11,0,22 23,2,9,,100828,11,0,22 23,2,9,,100836,11,0,22 23,2,9,,100970,11,0,22 23,2,49,,100871,11,0,22 23,2,9,,100964,11,0,22 23,2,9,,100974,11,0,22 23,2,9,,100809,11,0,22 23,2,9,,100972,11,0,22 23,2,9,,100818,11,0,22 23,2,9,,100807,11,0,22 23,2,50,,100939,11,0,22 23,2,10,,100971,11,0,22 23,2,8,,100918,11,0,22 23,2,8,,100882,11,0,22 23,2,8,,100879,11,0,22 23,2,8,,100962,11,0,22 23,2,8,,100887,11,0,22 23,2,48,,100813,11,0,22 23,2,8,,100928,11,0,22 23,2,8,,100937,11,0,22 23,2,8,,100806,11,0,22 23,2,8,,100843,11,0,22 23,2,8,,100927,11,0,22 23,2,8,,100938,11,0,22 23,2,48,,100907,11,0,22 23,2,8,,100976,11,0,22 23,2,8,,100862,11,0,22 23,2,8,,100808,11,0,22 23,2,8,,100980,11,0,22 23,2,8,,100814,11,0,22 23,2,8,,100965,11,0,22 23,2,8,,100905,11,0,22 23,2,48,,78028,11,0,22 23,2,8,,100829,11,0,22 23,2,8,,100898,11,0,22 23,2,8,,100863,11,0,22 23,2,8,,100841,11,0,22 23,2,8,,100865,11,0,22 23,2,8,,100936,11,0,22 23,2,48,,100925,11,0,22 23,2,8,,100860,11,0,22 23,2,8,,100832,11,0,22 23,2,8,,100835,11,0,22 23,2,8,,100831,11,0,22 23,2,8,,100950,11,0,22 23,2,8,,100931,11,0,22 23,2,8,,100822,11,0,22 23,2,48,,100844,11,0,22 23,2,8,,100857,11,0,22 23,2,8,,100897,11,0,22 23,2,8,,100953,11,0,22 23,2,8,,100861,11,0,22 23,2,8,,100884,11,0,22 23,2,8,,100864,11,0,22 23,2,48,,100946,11,0,22 23,2,8,,100848,11,0,22 23,2,8,,100945,11,0,22 23,2,8,,100959,11,0,22 23,2,8,,100816,11,0,22 23,2,8,,100957,11,0,22 23,2,8,,100880,11,0,22 23,2,8,,100949,11,0,22 23,2,50,,100922,11,0,22 23,2,9,,100961,11,0,22 23,2,9,,100967,11,0,22 23,2,9,,100838,11,0,22 23,2,9,,100930,11,0,22 23,2,9,,100973,11,0,22 23,2,49,,100911,11,0,22 23,2,9,,100984,11,0,22 23,2,9,,100876,11,0,22 23,2,9,,100894,11,0,22 23,2,9,,100968,11,0,22 23,2,9,,100914,11,0,22 23,2,9,,100986,11,0,22 23,2,49,,100826,11,0,22 23,2,9,,100830,11,0,22 23,2,9,,100985,11,0,22 23,2,9,,100890,11,0,22 23,2,9,,100847,11,0,22 23,2,9,,100867,11,0,22 23,2,49,,100846,11,0,22 23,2,9,,100853,11,0,22 23,2,7,,100954,11,0,22 23,2,10,,100817,11,0,22 23,2,10,,100821,11,0,22 23,2,10,,100881,11,0,22 23,2,10,,100858,11,0,22 23,2,50,,100885,11,0,22 23,2,10,,100947,11,0,22 23,2,10,,100859,11,0,22 23,2,10,,100856,11,0,22 23,2,10,,100909,11,0,22 23,2,10,,100963,11,0,22 23,2,50,,100855,11,0,22 23,2,10,,100810,11,0,22 23,2,10,,100840,11,0,22 23,2,10,,100852,11,0,22 23,2,12,,100886,11,0,22 23,2,55,,100883,11,0,22 23,2,20,,100878,11,0,22 23,2,30,,100899,11,0,22 23,2
50702,'3',441,,101007,11,0,22 23,2,8,,101050,11,0,22 23,2,9,,101137,11,0,22 23,2,50,,101154,11,0,22 23,2,10,,101059,11,0,22 23,2,10,,101068,11,0,22 23,2,10,,101100,11,0,22 23,2,10,,101160,11,0,22 23,2,10,,100999,11,0,22 23,2,50,,101070,11,0,22 23,2,10,,101127,11,0,22 23,2,10,,101026,11,0,22 23,2,10,,101046,11,0,22 23,2,10,,101014,11,0,22 23,2,10,,101107,11,0,22 23,2,50,,101092,11,0,22 23,2,10,,100995,11,0,22 23,2,10,,101081,11,0,22 23,2,10,,77636,11,0,22 23,2,10,,101016,11,0,22 23,2,10,,101053,11,0,22 23,2,51,,101165,11,0,22 23,2,11,,101121,11,0,22 23,2,16,,101112,11,0,22 23,2,10,,101031,11,0,22 23,2,10,,101111,11,0,22 23,2,50,,101004,11,0,22 23,2,10,,101148,11,0,22 23,2,10,,101136,11,0,22 23,2,10,,101132,11,0,22 23,2,10,,101064,11,0,22 23,2,10,,101008,11,0,22 23,2,50,,101085,11,0,22 23,2,10,,101062,11,0,22 23,2,10,,101042,11,0,22 23,2,10,,101128,11,0,22 23,2,10,,100992,11,0,22 23,2,10,,101020,11,0,22 23,2,50,,101156,11,0,22 23,2,10,,101065,11,0,22 23,2,10,,101166,11,0,22 23,2,10,,101009,11,0,22 23,2,10,,101017,11,0,22 23,2,10,,101074,11,0,22 23,2,50,,101044,11,0,22 23,2,9,,101155,11,0,22 23,2,8,,100991,11,0,22 23,2,8,,101133,11,0,22 23,2,8,,101157,11,0,22 23,2,9,,101149,11,0,22 23,2,9,,101105,11,0,22 23,2,49,,101124,11,0,22 23,2,9,,101144,11,0,22 23,2,9,,101159,11,0,22 23,2,9,,100993,11,0,22 23,2,9,,101102,11,0,22 23,2,9,,101118,11,0,22 23,2,49,,101029,11,0,22 23,2,9,,89586,11,0,22 23,2,9,,101114,11,0,22 23,2,9,,101142,11,0,22 23,2,9,,80189,11,0,22 23,2,9,,101139,11,0,22 23,2,9,,101028,11,0,22 23,2,49,,101130,11,0,22 23,2,9,,101000,11,0,22 23,2,9,,101096,11,0,22 23,2,9,,101056,11,0,22 23,2,9,,101021,11,0,22 23,2,9,,101027,11,0,22 23,2,9,,101071,11,0,22 23,2,49,,101025,11,0,22 23,2,9,,101098,11,0,22 23,2,9,,101066,11,0,22 23,2,9,,101038,11,0,22 23,2,9,,101010,11,0,22 23,2,9,,101039,11,0,22 23,2,49,,101138,11,0,22 23,2,9,,101023,11,0,22 23,2,9,,101169,11,0,22 23,2,9,,101095,11,0,22 23,2,9,,101041,11,0,22 23,2,9,,101022,11,0,22 23,2,9,,101168,11,0,22 23,2,49,,101093,11,0,22 23,2,9,,101063,11,0,22 23,2,9,,101001,11,0,22 23,2,9,,101024,11,0,22 23,2,9,,101108,11,0,22 23,2,9,,101153,11,0,22 23,2,9,,101147,11,0,22 23,2,49,,101116,11,0,22 23,2,6,,101150,11,0,22 23,2,9,,101122,11,0,22 23,2,8,,101106,11,0,22 23,2,7,,100990,11,0,22 23,2,9,,101167,11,0,22 23,2,9,,101078,11,0,22 23,2,49,,101091,11,0,22 23,2,9,,101058,11,0,22 23,2,9,,101143,11,0,22 23,2,9,,101018,11,0,22 23,2,9,,101077,11,0,22 23,2,9,,70115,11,0,22 23,2,9,,101119,11,0,22 23,2,49,,101054,11,0,22 23,2,9,,101076,11,0,22 23,2,9,,101103,11,0,22 23,2,9,,101069,11,0,22 23,2,9,,100997,11,0,22 23,2,9,,101113,11,0,22 23,2,49,,100998,11,0,22 23,2,9,,86891,11,0,22 23,2,9,,101034,11,0,22 23,2,9,,101057,11,0,22 23,2,10,,101040,11,0,22 23,2,10,,101115,11,0,22 23,2,10,,101101,11,0,22 23,2,50,,101067,11,0,22 23,2,10,,101123,11,0,22 23,2,10,,101052,11,0,22 23,2,10,,101097,11,0,22 23,2,10,,101013,11,0,22 23,2,10,,101134,11,0,22 23,2,50,,101135,11,0,22 23,2,10,,101075,11,0,22 23,2,10,,80267,11,0,22 23,2,19,,101079,11,0,22 23,2,59,,101104,11,0,22 23,2,15,,101099,11,0,22 23,2,20,,101162,11,0,22 23,2
50702,'5',441,,101347,11,0,22 23,2,8,,101218,11,0,22 23,2,9,,101338,11,0,22 23,2,50,,101241,11,0,22 23,2,10,,101261,11,0,22 23,2,10,,101260,11,0,22 23,2,10,,101331,11,0,22 23,2,10,,101259,11,0,22 23,2,10,,101332,11,0,22 23,2,50,,101330,11,0,22 23,2,10,,101340,11,0,22 23,2,10,,101334,11,0,22 23,2,10,,101299,11,0,22 23,2,10,,101321,11,0,22 23,2,10,,101199,11,0,22 23,2,50,,101186,11,0,22 23,2,10,,101228,11,0,22 23,2,10,,101342,11,0,22 23,2,10,,101234,11,0,22 23,2,10,,101219,11,0,22 23,2,10,,101254,11,0,22 23,2,51,,101220,11,0,22 23,2,11,,101285,11,0,22 23,2,16,,101300,11,0,22 23,2,10,,101216,11,0,22 23,2,10,,101292,11,0,22 23,2,50,,101287,11,0,22 23,2,10,,101238,11,0,22 23,2,10,,101350,11,0,22 23,2,10,,101244,11,0,22 23,2,10,,101352,11,0,22 23,2,10,,101301,11,0,22 23,2,50,,101175,11,0,22 23,2,10,,101176,11,0,22 23,2,10,,101255,11,0,22 23,2,10,,101232,11,0,22 23,2,10,,101263,11,0,22 23,2,10,,101265,11,0,22 23,2,50,,80344,11,0,22 23,2,10,,101215,11,0,22 23,2,10,,101256,11,0,22 23,2,10,,101355,11,0,22 23,2,10,,101294,11,0,22 23,2,10,,101337,11,0,22 23,2,50,,101314,11,0,22 23,2,9,,101257,11,0,22 23,2,8,,101344,11,0,22 23,2,8,,101303,11,0,22 23,2,8,,101268,11,0,22 23,2,9,,101283,11,0,22 23,2,9,,101217,11,0,22 23,2,49,,101177,11,0,22 23,2,9,,101346,11,0,22 23,2,9,,101258,11,0,22 23,2,9,,101195,11,0,22 23,2,9,,101272,11,0,22 23,2,9,,101226,11,0,22 23,2,49,,79310,11,0,22 23,2,9,,101341,11,0,22 23,2,9,,101229,11,0,22 23,2,9,,101305,11,0,22 23,2,9,,101349,11,0,22 23,2,9,,101297,11,0,22 23,2,9,,101322,11,0,22 23,2,49,,101237,11,0,22 23,2,9,,101208,11,0,22 23,2,9,,101200,11,0,22 23,2,9,,101316,11,0,22 23,2,9,,101348,11,0,22 23,2,9,,101290,11,0,22 23,2,9,,101197,11,0,22 23,2,49,,101313,11,0,22 23,2,9,,101192,11,0,22 23,2,9,,101304,11,0,22 23,2,9,,101274,11,0,22 23,2,9,,101247,11,0,22 23,2,9,,101269,11,0,22 23,2,49,,101185,11,0,22 23,2,9,,101205,11,0,22 23,2,9,,101306,11,0,22 23,2,9,,101183,11,0,22 23,2,9,,101182,11,0,22 23,2,9,,101230,11,0,22 23,2,9,,101171,11,0,22 23,2,49,,101353,11,0,22 23,2,9,,101288,11,0,22 23,2,9,,101190,11,0,22 23,2,9,,101339,11,0,22 23,2,9,,101280,11,0,22 23,2,9,,101333,11,0,22 23,2,9,,101315,11,0,22 23,2,49,,101298,11,0,22 23,2,6,,101282,11,0,22 23,2,9,,101326,11,0,22 23,2,8,,101262,11,0,22 23,2,7,,101318,11,0,22 23,2,9,,101178,11,0,22 23,2,9,,101225,11,0,22 23,2,49,,101189,11,0,22 23,2,9,,101266,11,0,22 23,2,9,,101302,11,0,22 23,2,9,,101207,11,0,22 23,2,9,,101204,11,0,22 23,2,9,,101223,11,0,22 23,2,9,,101279,11,0,22 23,2,49,,77308,11,0,22 23,2,9,,101193,11,0,22 23,2,9,,101172,11,0,22 23,2,9,,101309,11,0,22 23,2,9,,101253,11,0,22 23,2,9,,101203,11,0,22 23,2,49,,101327,11,0,22 23,2,9,,101345,11,0,22 23,2,9,,101310,11,0,22 23,2,9,,101328,11,0,22 23,2,10,,101320,11,0,22 23,2,10,,101329,11,0,22 23,2,10,,101325,11,0,22 23,2,50,,101211,11,0,22 23,2,10,,101242,11,0,22 23,2,10,,101227,11,0,22 23,2,10,,101277,11,0,22 23,2,10,,101317,11,0,22 23,2,10,,101184,11,0,22 23,2,50,,101224,11,0,22 23,2,10,,101289,11,0,22 23,2,10,,101323,11,0,22 23,2,19,,101173,11,0,22 23,2,59,,83640,11,0,22 23,2,15,,101281,11,0,22 23,2,20,,101356,11,0,22 23,2
