30401,'1',2618,,91466,3,0,34,2,10,,81335,3,0,34,2,10,,91468,3,0,34,2,10,,87414,3,0,34,2,10,,91467,3,0,34,2,50,,91479,3,0,34,2,10,,91471,3,0,34,2,10,,91480,3,0,34,2,10,,91477,3,0,34,2,10,,91483,3,0,34,2,10,,91478,3,0,34,2,50,,91476,3,0,34,2,10,,84626,3,0,34,2,10,,91472,3,0,34,2,10,,91470,3,0,34,2,15,,91475,3,0,34,2,50,,91463,3,,,2,10,,91465,3,,,2,10,,91469,3,,,2,10,,91474,3,,,2,5,,91473,3,,,2
30401,'2',2625,,91491,3,0,34,2,10,,91486,3,0,34,2,10,,91497,3,0,34,2,10,,91499,3,0,34,2,50,,91489,3,0,34,2,10,,91494,3,0,34,2,10,,91484,3,0,34,2,10,,91495,3,0,34,2,10,,91496,3,0,34,2,10,,91502,3,0,34,2,50,,91501,3,0,34,2,10,,91507,3,0,34,2,10,,91498,3,0,34,2,10,,91500,3,0,34,2,10,,91490,3,0,34,2,12,,91487,3,0,34,2,50,,91503,3,,,2,10,,91504,3,,,2,5,,91488,3,,,2,5,,91506,3,,,2,10,,91485,3,,,2,10,,91505,3,,,2,53,,91493,3,,,2
30401,'3',515,,91526,3,0,31,2,14,,91524,3,0,31,2,14,,91552,3,0,31,2,14,,91548,3,0,31,2,54,,91511,3,0,31,2,14,,91539,3,0,31,2,14,,91549,3,0,31,2,14,,91540,3,0,31,2,54,,91541,3,0,31,2,14,,91542,3,0,31,2,14,,91543,3,0,31,2,14,,91517,3,0,31,2,54,,91551,3,0,31,2,1814,,91518,3,,,2,10,,91525,3,0,34,2,10,,91550,3,0,34,2,10,,91520,3,0,34,2,10,,91538,3,0,34,2,50,,83514,3,0,34,2,10,,91531,3,0,34,2,10,,91521,3,0,34,2,10,,91510,3,0,34,2,10,,91546,3,0,34,2,10,,91512,3,0,34,2,50,,78205,3,0,34,2,10,,91545,3,0,34,2,10,,75756,3,0,34,2,10,,91523,3,0,34,2,10,,91513,3,0,34,2,10,,91530,3,,,2,50,,91528,3,,,2,10,,91527,3,,,2
30401,'5',2627,,91572,3,0,34,2,10,,91571,3,0,34,2,10,,91564,3,0,34,2,10,,91554,3,0,34,2,50,,91558,3,0,34,2,10,,91563,3,0,34,2,10,,91553,3,0,34,2,10,,91570,3,0,34,2,10,,91555,3,0,34,2,10,,91559,3,0,34,2,50,,91561,3,0,34,2,10,,91562,3,0,34,2,10,,91566,3,0,34,2,10,,91568,3,0,34,2,10,,91567,3,0,34,2,10,,91557,3,,,2,50,,91556,3,,,2,10,,91560,3,,,2
30501,'1',2501,,91693,3,0,34,2,20,,91695,3,0,34,2,15,,91692,3,0,34,2,15,,91694,3,0,34,2,55,,91698,3,0,34,2,10,,91703,3,0,34,2,10,,91699,3,0,34,2,20,,78677,3,0,34,2,10,,91696,3,0,34,2,50,,91700,3,0,34,2,20,,91701,3,0,34,2,20,,91705,3,0,34,2,60,,91697,3,0,34,2,30,,91704,3,0,34,2,70,,91702,3,0,34,2
30501,'2',2513,,91708,3,0,34,2,6,,91720,3,0,34,2,2,,91710,3,0,34,2,15,,91717,3,0,34,2,10,,91714,3,0,34,2,10,,91713,3,0,34,2,60,,91707,3,0,34,2,20,,91715,3,0,34,2,20,,91706,3,0,34,2,60,,91719,3,0,34,2,20,,91718,3,0,34,2,20,,90868,3,0,34,2,70,,91716,3,0,34,2,8,,91709,3,0,34,2,22,,91711,3,0,34,2,70,,91712,3,0,34,2
30501,'3',519,,91743,3,0,34,2,15,,91745,3,0,34,2,15,,91735,3,0,34,2,54,,91748,3,0,34,2,16,,91726,3,0,34,2,15,,91752,3,0,34,2,15,,91755,3,0,34,2,55,,91729,3,0,34,2,15,,91742,3,0,34,2,10,,91738,3,0,34,2,10,,91736,3,0,34,2,10,,91732,3,0,34,2,10,,91739,3,0,34,2,1749,,91733,3,0,34,2,10,,91747,3,0,34,2,10,,91737,3,0,34,2,10,,91750,3,0,34,2,12,,91754,3,0,34,2,60,,91749,3,0,34,2,7,,91728,3,0,34,2,13,,91731,3,0,34,2,20,,91741,3,0,34,2,50,,91721,3,0,34,2,30,,91753,3,0,34,2,70,,91740,3,0,34,2,8,,91725,3,0,34,2,22,,91756,3,0,34,2,20,,91730,3,0,34,2
30501,'5',2508,,91761,3,0,34,2,11,,91769,3,0,34,2,9,,91766,3,0,34,2,10,,91757,3,0,34,2,12,,91759,3,0,34,2,57,,80568,3,0,34,2,6,,91762,3,0,34,2,17,,91764,3,0,34,2,20,,91758,3,0,34,2,60,,91767,3,0,34,2,20,,91765,3,0,34,2,27,,91763,3,0,34,2,51,,91770,3,0,34,2,22,,91768,3,0,34,2,70,,91760,3,0,34,2
50401,'1',503,,94661,3,0,46 43 44 3 45,2,15,,94712,3,0,46 43 44 3 45,2,10,,94736,3,0,46 43 44 3 45,2,10,,94628,3,0,46 43 44 3 45,2
50401,'2',451,,94895,3,0,46 43 44 3 45,2,60,,94877,3,0,46 43 44 3 45,2,15,,94852,3,0,46 43 44 3 45,2,15,,94803,3,0,46 43 44 3 45,2,10,,78102,3,0,46 43 44 3 45,2
50401,'5',515,,95407,3,0,46 43 44 3 45,2,14,,95303,3,0,46 43 44 3 45,2,14,,95373,3,0,46 43 44 3 45,2
