30401,'3',602,,123886,39,0,31,2,14,,123854,39,0,31,2,14,,123888,39,0,31,2,14,,123851,39,0,31,2,14,,123870,39,0,31,2,54,,123866,39,0,31,2,14,,123891,39,0,31,2,14,,123894,39,0,31,2,14,,123876,39,0,31,2,54,,123862,39,0,31,2,14,,123874,39,0,31,2,14,,123860,39,0,31,2,14,,123885,39,0,31,2
50401,'1',555,,126931,39,0,46 43 44 3 45,2,55,,126954,39,0,46 43 44 3 45,2,10,,126935,39,0,46 43 44 3 45,2,10,,126986,39,0,46 43 44 3 45,2,10,,127048,37,0,46 43 44 3 45,2,10,,127019,37,0,46 43 44 3 45,2,50,,127120,37,0,46 43 44 3 45,2,10,,127109,37,0,46 43 44 3 45,2,10,,127091,37,0,46 43 44 3 45,2,10,,127156,37,0,46 43 44 3 45,2,11,,127142,37,0,46 43 44 3 45,2,13,,126963,37,0,46 43 44 3 45,2,52,,127076,37,0,46 43 44 3 45,2,10,,127077,37,0,46 43 44 3 45,2,10,,127001,37,0,46 43 44 3 45,2,9,,127041,37,0,46 43 44 3 45,2,8,,127022,37,0,46 43 44 3 45,2,8,,110273,37,0,46 43 44 3 45,2,8,,127023,37,0,46 43 44 3 45,2,48,,127057,37,0,46 43 44 3 45,2,8,,126998,37,0,46 43 44 3 45,2,8,,126951,37,0,46 43 44 3 45,2,8,,126930,37,0,46 43 44 3 45,2,8,,127141,37,0,46 43 44 3 45,2,8,,126916,37,0,46 43 44 3 45,2,8,,127081,37,0,46 43 44 3 45,2,48,,127167,37,0,46 43 44 3 45,2,8,,126987,37,0,46 43 44 3 45,2,6,,126962,37,0,46 43 44 3 45,2,8,,127055,37,0,46 43 44 3 45,2,4,,127136,37,0,46 43 44 3 45,2,12,,127002,37,0,46 43 44 3 45,2,10,,127168,37,0,46 43 44 3 45,2,50,,126946,37,0,46 43 44 3 45,2,10,,127118,37,0,46 43 44 3 45,2,10,,126913,37,0,46 43 44 3 45,2,10,,127088,37,0,46 43 44 3 45,2,10,,126932,37,0,46 43 44 3 45,2,10,,127037,37,0,46 43 44 3 45,2,50,,127125,37,0,46 43 44 3 45,2,10,,126923,37,0,46 43 44 3 45,2,10,,127011,37,0,46 43 44 3 45,2,10,,126965,37,0,46 43 44 3 45,2,10,,127165,37,0,46 43 44 3 45,2,10,,127018,37,0,46 43 44 3 45,2,50,,111253,37,0,46 43 44 3 45,2,10,,127067,37,0,46 43 44 3 45,2,10,,127163,37,0,46 43 44 3 45,2,10,,127151,37,0,46 43 44 3 45,2,10,,127021,37,0,46 43 44 3 45,2,10,,127084,37,0,46 43 44 3 45,2,50,,126943,37,0,46 43 44 3 45,2,10,,127161,37,0,46 43 44 3 45,2,10,,126981,37,0,46 43 44 3 45,2,10,,127115,37,0,46 43 44 3 45,2,10,,127127,37,0,46 43 44 3 45,2,10,,127154,37,0,46 43 44 3 45,2,50,,126906,37,0,46 43 44 3 45,2,15,,126969,37,0,46 43 44 3 45,2,11,,126995,37,0,46 43 44 3 45,2,8,,126949,37,0,46 43 44 3 45,2,10,,127099,37,0,46 43 44 3 45,2,10,,127014,37,0,46 43 44 3 45,2,50,,127147,37,0,46 43 44 3 45,2,10,,126953,37,0,46 43 44 3 45,2,10,,126960,37,0,46 43 44 3 45,2,11,,127170,37,0,46 43 44 3 45,2,9,,127047,37,0,46 43 44 3 45,2,10,,127063,37,0,46 43 44 3 45,2,50,,127172,37,0,46 43 44 3 45,2,10,,127082,37,0,46 43 44 3 45,2,10,,126929,37,0,46 43 44 3 45,2,10,,126991,37,0,46 43 44 3 45,2,10,,126975,37,0,46 43 44 3 45,2,10,,127071,37,0,46 43 44 3 45,2,50,,127144,37,0,46 43 44 3 45,2,10,,127164,37,0,46 43 44 3 45,2,10,,126907,37,0,46 43 44 3 45,2,10,,126989,37,0,46 43 44 3 45,2,10,,127003,37,0,46 43 44 3 45,2,10,,127032,37,0,46 43 44 3 45,2,50,,126992,37,0,46 43 44 3 45,2,10,,127056,37,0,46 43 44 3 45,2,10,,126959,37,0,46 43 44 3 45,2,10,,127114,37,0,46 43 44 3 45,2,10,,127108,37,0,46 43 44 3 45,2,10,,121474,37,0,46 43 44 3 45,2,48,,127105,37,0,46 43 44 3 45,2,6,,127122,37,0,46 43 44 3 45,2,10,,127060,37,0,46 43 44 3 45,2,9,,126968,37,0,46 43 44 3 45,2,10,,127119,37,0,46 43 44 3 45,2,10,,126908,37,0,46 43 44 3 45,2,11,,126910,37,0,46 43 44 3 45,2,50,,127050,37,0,46 43 44 3 45,2,10,,127079,37,0,46 43 44 3 45,2,10,,126978,37,0,46 43 44 3 45,2,10,,126945,37,0,46 43 44 3 45,2,10,,127052,37,0,46 43 44 3 45,2,10,,127146,37,0,46 43 44 3 45,2,50,,126950,37,0,46 43 44 3 45,2,10,,126897,37,0,46 43 44 3 45,2,10,,127157,37,0,46 43 44 3 45,2,10,,127175,37,0,46 43 44 3 45,2,9,,126920,37,0,46 43 44 3 45,2,10,,127153,37,0,46 43 44 3 45,2,50,,127155,37,0,46 43 44 3 45,2,10,,127024,37,0,46 43 44 3 45,2,10,,127010,37,0,46 43 44 3 45,2,10,,126905,37,0,46 43 44 3 45,2,10,,127061,37,0,46 43 44 3 45,2,10,,127116,37,0,46 43 44 3 45,2,50,,127068,37,0,46 43 44 3 45,2,10,,127035,37,0,46 43 44 3 45,2,10,,126900,37,0,46 43 44 3 45,2,10,,113756,37,0,46 43 44 3 45,2,10,,126925,37,0,46 43 44 3 45,2,10,,126976,37,0,46 43 44 3 45,2,50,,127017,37,0,46 43 44 3 45,2,10,,126972,37,0,46 43 44 3 45,2,10,,127166,37,0,46 43 44 3 45,2,10,,127012,37,0,46 43 44 3 45,2,7,,126979,37,0,46 43 44 3 45,2,10,,127004,37,0,46 43 44 3 45,2,50,,126955,37,0,46 43 44 3 45,2,10,,127171,37,0,46 43 44 3 45,2,10,,126928,37,0,46 43 44 3 45,2,10,,126993,37,0,46 43 44 3 45,2,10,,127066,37,0,46 43 44 3 45,2,10,,127042,37,0,46 43 44 3 45,2
50401,'2',537,,127282,39,0,46 43 44 3 45,2,20,,127358,39,0,46 43 44 3 45,2,55,,127386,39,0,46 43 44 3 45,2,15,,127313,39,0,46 43 44 3 45,2,10,,127280,39,0,46 43 44 3 45,2,10,,127181,37,0,46 43 44 3 45,2,10,,127189,37,0,46 43 44 3 45,2,50,,127230,37,0,46 43 44 3 45,2,10,,127390,37,0,46 43 44 3 45,2,10,,127263,37,0,46 43 44 3 45,2,10,,127188,37,0,46 43 44 3 45,2,10,,127365,37,0,46 43 44 3 45,2,10,,127253,37,0,46 43 44 3 45,2,50,,127422,37,0,46 43 44 3 45,2,10,,127416,37,0,46 43 44 3 45,2,12,,127272,37,0,46 43 44 3 45,2,14,,107825,37,0,46 43 44 3 45,2,13,,127378,37,0,46 43 44 3 45,2,50,,127401,37,0,46 43 44 3 45,2,10,,127221,37,0,46 43 44 3 45,2,10,,127184,37,0,46 43 44 3 45,2,10,,127391,37,0,46 43 44 3 45,2,10,,127319,37,0,46 43 44 3 45,2,10,,127196,37,0,46 43 44 3 45,2,50,,127311,37,0,46 43 44 3 45,2,10,,127259,37,0,46 43 44 3 45,2,10,,127275,37,0,46 43 44 3 45,2,10,,127318,37,0,46 43 44 3 45,2,10,,127220,37,0,46 43 44 3 45,2,10,,127424,37,0,46 43 44 3 45,2,50,,127389,37,0,46 43 44 3 45,2,10,,127209,37,0,46 43 44 3 45,2,10,,127372,37,0,46 43 44 3 45,2,10,,127381,37,0,46 43 44 3 45,2,10,,127335,37,0,46 43 44 3 45,2,10,,127395,37,0,46 43 44 3 45,2,50,,127419,37,0,46 43 44 3 45,2,10,,127262,37,0,46 43 44 3 45,2,10,,127421,37,0,46 43 44 3 45,2,10,,127344,37,0,46 43 44 3 45,2,10,,127205,37,0,46 43 44 3 45,2,10,,127284,37,0,46 43 44 3 45,2,58,,127182,37,0,46 43 44 3 45,2,12,,127331,37,0,46 43 44 3 45,2,10,,127255,37,0,46 43 44 3 45,2,10,,127370,37,0,46 43 44 3 45,2,10,,127376,37,0,46 43 44 3 45,2,50,,127409,37,0,46 43 44 3 45,2,10,,127406,37,0,46 43 44 3 45,2,10,,127243,37,0,46 43 44 3 45,2,10,,127413,37,0,46 43 44 3 45,2,10,,127414,37,0,46 43 44 3 45,2,10,,127393,37,0,46 43 44 3 45,2,50,,127297,37,0,46 43 44 3 45,2,10,,127309,37,0,46 43 44 3 45,2,10,,127403,37,0,46 43 44 3 45,2,10,,127380,37,0,46 43 44 3 45,2,10,,127356,37,0,46 43 44 3 45,2,10,,127291,37,0,46 43 44 3 45,2,50,,127296,37,0,46 43 44 3 45,2,10,,127274,37,0,46 43 44 3 45,2,10,,127204,37,0,46 43 44 3 45,2,10,,127351,37,0,46 43 44 3 45,2,10,,127216,37,0,46 43 44 3 45,2,10,,127202,37,0,46 43 44 3 45,2,50,,127321,37,0,46 43 44 3 45,2,10,,127426,37,0,46 43 44 3 45,2,10,,127227,37,0,46 43 44 3 45,2,10,,127341,37,0,46 43 44 3 45,2,10,,127228,37,0,46 43 44 3 45,2,10,,127260,37,0,46 43 44 3 45,2,50,,127266,37,0,46 43 44 3 45,2,10,,127292,37,0,46 43 44 3 45,2,10,,127235,37,0,46 43 44 3 45,2,10,,127232,37,0,46 43 44 3 45,2,10,,127327,37,0,46 43 44 3 45,2,10,,127201,37,0,46 43 44 3 45,2,50,,127285,37,0,46 43 44 3 45,2,8,,127417,37,0,46 43 44 3 45,2,4,,127207,37,0,46 43 44 3 45,2,9,,127418,37,0,46 43 44 3 45,2,10,,127185,37,0,46 43 44 3 45,2,10,,127332,37,0,46 43 44 3 45,2,10,,127299,37,0,46 43 44 3 45,2,50,,127345,37,0,46 43 44 3 45,2,10,,127258,37,0,46 43 44 3 45,2,10,,127288,37,0,46 43 44 3 45,2,9,,127303,37,0,46 43 44 3 45,2,10,,127279,37,0,46 43 44 3 45,2,10,,127404,37,0,46 43 44 3 45,2,50,,127178,37,0,46 43 44 3 45,2,10,,127325,37,0,46 43 44 3 45,2,10,,127295,37,0,46 43 44 3 45,2,10,,127337,37,0,46 43 44 3 45,2,10,,127257,37,0,46 43 44 3 45,2,10,,127339,37,0,46 43 44 3 45,2,50,,127233,37,0,46 43 44 3 45,2,10,,127408,37,0,46 43 44 3 45,2,10,,127271,37,0,46 43 44 3 45,2,10,,127431,37,0,46 43 44 3 45,2,13,,127415,37,0,46 43 44 3 45,2,51,,127219,37,0,46 43 44 3 45,2,11,,127197,37,0,46 43 44 3 45,2,10,,127377,37,0,46 43 44 3 45,2,10,,127420,37,0,46 43 44 3 45,2,10,,127187,37,0,46 43 44 3 45,2,10,,127357,37,0,46 43 44 3 45,2,50,,127278,37,0,46 43 44 3 45,2,10,,127270,37,0,46 43 44 3 45,2,10,,122724,37,0,46 43 44 3 45,2,10,,127179,37,0,46 43 44 3 45,2,10,,127237,37,0,46 43 44 3 45,2,10,,127190,37,0,46 43 44 3 45,2,50,,127300,37,0,46 43 44 3 45,2,10,,127387,37,0,46 43 44 3 45,2,10,,127349,37,0,46 43 44 3 45,2,10,,127379,37,0,46 43 44 3 45,2,10,,127200,37,0,46 43 44 3 45,2,10,,127183,37,0,46 43 44 3 45,2,49,,127320,37,0,46 43 44 3 45,2,10,,127273,37,0,46 43 44 3 45,2,10,,127360,37,0,46 43 44 3 45,2,10,,127326,37,0,46 43 44 3 45,2,10,,127324,37,0,46 43 44 3 45,2,10,,127334,37,0,46 43 44 3 45,2,51,,127355,37,0,46 43 44 3 45,2
50401,'3',904,,127456,37,0,46 43 44 3 45,2,14,,127513,37,0,46 43 44 3 45,2,16,,127450,37,0,46 43 44 3 45,2,16,,127614,37,0,46 43 44 3 45,2,50,,127444,37,0,46 43 44 3 45,2,11,,127640,37,0,46 43 44 3 45,2,9,,127624,37,0,46 43 44 3 45,2,10,,127642,37,0,46 43 44 3 45,2,10,,127657,37,0,46 43 44 3 45,2,10,,127619,37,0,46 43 44 3 45,2,50,,127542,37,0,46 43 44 3 45,2,10,,127658,37,0,46 43 44 3 45,2,10,,127544,37,0,46 43 44 3 45,2,10,,127539,37,0,46 43 44 3 45,2,10,,127483,37,0,46 43 44 3 45,2,10,,127529,37,0,46 43 44 3 45,2,50,,127510,37,0,46 43 44 3 45,2,10,,127472,37,0,46 43 44 3 45,2,10,,127503,37,0,46 43 44 3 45,2,20,,127496,37,0,46 43 44 3 45,2,10,,127592,37,0,46 43 44 3 45,2,50,,127518,37,0,46 43 44 3 45,2,10,,127471,37,0,46 43 44 3 45,2,10,,127636,37,0,46 43 44 3 45,2,10,,127582,37,0,46 43 44 3 45,2,10,,127492,37,0,46 43 44 3 45,2,10,,127634,37,0,46 43 44 3 45,2,50,,127508,37,0,46 43 44 3 45,2,10,,127623,37,0,46 43 44 3 45,2,10,,127632,37,0,46 43 44 3 45,2,10,,127553,37,0,46 43 44 3 45,2,10,,127578,37,0,46 43 44 3 45,2,10,,127660,37,0,46 43 44 3 45,2,50,,127564,37,0,46 43 44 3 45,2,10,,127538,37,0,46 43 44 3 45,2,10,,127661,37,0,46 43 44 3 45,2,10,,127651,37,0,46 43 44 3 45,2,10,,127567,37,0,46 43 44 3 45,2,10,,127590,37,0,46 43 44 3 45,2,50,,127639,37,0,46 43 44 3 45,2,10,,127589,37,0,46 43 44 3 45,2,10,,127532,37,0,46 43 44 3 45,2,10,,127484,37,0,46 43 44 3 45,2,10,,127577,37,0,46 43 44 3 45,2,10,,127558,37,0,46 43 44 3 45,2,50,,127521,37,0,46 43 44 3 45,2,10,,127490,37,0,46 43 44 3 45,2,10,,127631,37,0,46 43 44 3 45,2,10,,127655,37,0,46 43 44 3 45,2,10,,127443,37,0,46 43 44 3 45,2,10,,127611,37,0,46 43 44 3 45,2,50,,127607,37,0,46 43 44 3 45,2,10,,127638,37,0,46 43 44 3 45,2,10,,121792,37,0,46 43 44 3 45,2,10,,127528,37,0,46 43 44 3 45,2,10,,127468,37,0,46 43 44 3 45,2,10,,127562,37,0,46 43 44 3 45,2,50,,127465,37,0,46 43 44 3 45,2,10,,127584,37,0,46 43 44 3 45,2,7,,127650,37,0,46 43 44 3 45,2,9,,127583,37,0,46 43 44 3 45,2,10,,127591,37,0,46 43 44 3 45,2,10,,127621,37,0,46 43 44 3 45,2,7,,127568,37,0,46 43 44 3 45,2,50,,127633,37,0,46 43 44 3 45,2,10,,127659,37,0,46 43 44 3 45,2,10,,127565,37,0,46 43 44 3 45,2,10,,127481,37,0,46 43 44 3 45,2,10,,127474,37,0,46 43 44 3 45,2,10,,127537,37,0,46 43 44 3 45,2,50,,127446,37,0,46 43 44 3 45,2,10,,127647,37,0,46 43 44 3 45,2,10,,127613,37,0,46 43 44 3 45,2,10,,127449,37,0,46 43 44 3 45,2,10,,127649,37,0,46 43 44 3 45,2,10,,127616,37,0,46 43 44 3 45,2,50,,127555,37,0,46 43 44 3 45,2,10,,127644,37,0,46 43 44 3 45,2,10,,127464,37,0,46 43 44 3 45,2,12,,127506,37,0,46 43 44 3 45,2,9,,127517,37,0,46 43 44 3 45,2,10,,127541,37,0,46 43 44 3 45,2,50,,127504,37,0,46 43 44 3 45,2,10,,127494,37,0,46 43 44 3 45,2,10,,127498,37,0,46 43 44 3 45,2,10,,127469,37,0,46 43 44 3 45,2,10,,127486,37,0,46 43 44 3 45,2,10,,127618,37,0,46 43 44 3 45,2,50,,127482,37,0,46 43 44 3 45,2,10,,127501,37,0,46 43 44 3 45,2,10,,127491,37,0,46 43 44 3 45,2,10,,127533,37,0,46 43 44 3 45,2,10,,127476,37,0,46 43 44 3 45,2,10,,127560,37,0,46 43 44 3 45,2,50,,127460,37,0,46 43 44 3 45,2,10,,127499,37,0,46 43 44 3 45,2,10,,127505,37,0,46 43 44 3 45,2,10,,127559,37,0,46 43 44 3 45,2,10,,127478,37,0,46 43 44 3 45,2,10,,127447,37,0,46 43 44 3 45,2,50,,127598,37,0,46 43 44 3 45,2,10,,127571,37,0,46 43 44 3 45,2,10,,127550,37,0,46 43 44 3 45,2,15,,127637,37,0,46 43 44 3 45,2,15,,127540,37,0,46 43 44 3 45,2
50401,'5',602,,127807,39,0,46 43 44 3 45,2,14,,114510,39,0,46 43 44 3 45,2,14,,127873,39,0,46 43 44 3 45,2,14,,127805,37,0,46 43 44 3 45,2,14,,127827,37,0,46 43 44 3 45,2,54,,115489,37,0,46 43 44 3 45,2,14,,127700,37,0,46 43 44 3 45,2,14,,115402,37,0,46 43 44 3 45,2,14,,127883,37,0,46 43 44 3 45,2,54,,127759,37,0,46 43 44 3 45,2,14,,127806,37,0,46 43 44 3 45,2,14,,127815,37,0,46 43 44 3 45,2,14,,127838,37,0,46 43 44 3 45,2,54,,127903,37,0,46 43 44 3 45,2,14,,127748,37,0,46 43 44 3 45,2,16,,127671,37,0,46 43 44 3 45,2,16,,127772,37,0,46 43 44 3 45,2,50,,127738,37,0,46 43 44 3 45,2,11,,127797,37,0,46 43 44 3 45,2,9,,127747,37,0,46 43 44 3 45,2,10,,127829,37,0,46 43 44 3 45,2,10,,127760,37,0,46 43 44 3 45,2,10,,111972,37,0,46 43 44 3 45,2,50,,127851,37,0,46 43 44 3 45,2,10,,127888,37,0,46 43 44 3 45,2,10,,127762,37,0,46 43 44 3 45,2,10,,127845,37,0,46 43 44 3 45,2,10,,127790,37,0,46 43 44 3 45,2,10,,127822,37,0,46 43 44 3 45,2,50,,127894,37,0,46 43 44 3 45,2,10,,127692,37,0,46 43 44 3 45,2,10,,127746,37,0,46 43 44 3 45,2,13,,127823,37,0,46 43 44 3 45,2,17,,127761,37,0,46 43 44 3 45,2,50,,127868,37,0,46 43 44 3 45,2,10,,127733,37,0,46 43 44 3 45,2,10,,127816,37,0,46 43 44 3 45,2,10,,127835,37,0,46 43 44 3 45,2,10,,127825,37,0,46 43 44 3 45,2,10,,127794,37,0,46 43 44 3 45,2,50,,127770,37,0,46 43 44 3 45,2,10,,127850,37,0,46 43 44 3 45,2,10,,127734,37,0,46 43 44 3 45,2,10,,127818,37,0,46 43 44 3 45,2,10,,127869,37,0,46 43 44 3 45,2,10,,127681,37,0,46 43 44 3 45,2,50,,127848,37,0,46 43 44 3 45,2,10,,127703,37,0,46 43 44 3 45,2,10,,127691,37,0,46 43 44 3 45,2,10,,127812,37,0,46 43 44 3 45,2,10,,127819,37,0,46 43 44 3 45,2,10,,127755,37,0,46 43 44 3 45,2,50,,127690,37,0,46 43 44 3 45,2,10,,127728,37,0,46 43 44 3 45,2,10,,127709,37,0,46 43 44 3 45,2,10,,127678,37,0,46 43 44 3 45,2,10,,127863,37,0,46 43 44 3 45,2,10,,127670,37,0,46 43 44 3 45,2,50,,127722,37,0,46 43 44 3 45,2,10,,127802,37,0,46 43 44 3 45,2,10,,127813,37,0,46 43 44 3 45,2,10,,127686,37,0,46 43 44 3 45,2,10,,127684,37,0,46 43 44 3 45,2,10,,127870,37,0,46 43 44 3 45,2,50,,127887,37,0,46 43 44 3 45,2,10,,127685,37,0,46 43 44 3 45,2,10,,110984,37,0,46 43 44 3 45,2,10,,127668,37,0,46 43 44 3 45,2,10,,127740,37,0,46 43 44 3 45,2,10,,127853,37,0,46 43 44 3 45,2,50,,127750,37,0,46 43 44 3 45,2,10,,127897,37,0,46 43 44 3 45,2,7,,127833,37,0,46 43 44 3 45,2,8,,127898,37,0,46 43 44 3 45,2,8,,127855,37,0,46 43 44 3 45,2,10,,127701,37,0,46 43 44 3 45,2,10,,127864,37,0,46 43 44 3 45,2,50,,127876,37,0,46 43 44 3 45,2,10,,127879,37,0,46 43 44 3 45,2,10,,127736,37,0,46 43 44 3 45,2,10,,127721,37,0,46 43 44 3 45,2,10,,127901,37,0,46 43 44 3 45,2,10,,127697,37,0,46 43 44 3 45,2,50,,127893,37,0,46 43 44 3 45,2,10,,127775,37,0,46 43 44 3 45,2,10,,127704,37,0,46 43 44 3 45,2,10,,127836,37,0,46 43 44 3 45,2,10,,127675,37,0,46 43 44 3 45,2,10,,127885,37,0,46 43 44 3 45,2,50,,127844,37,0,46 43 44 3 45,2,10,,127882,37,0,46 43 44 3 45,2,10,,127682,37,0,46 43 44 3 45,2,13,,127743,37,0,46 43 44 3 45,2,8,,127840,37,0,46 43 44 3 45,2,10,,127800,37,0,46 43 44 3 45,2,50,,127852,37,0,46 43 44 3 45,2,10,,127902,37,0,46 43 44 3 45,2,10,,127739,37,0,46 43 44 3 45,2,10,,127905,37,0,46 43 44 3 45,2,10,,127767,37,0,46 43 44 3 45,2,10,,127817,37,0,46 43 44 3 45,2,50,,127832,37,0,46 43 44 3 45,2,10,,119816,37,0,46 43 44 3 45,2,10,,127862,37,0,46 43 44 3 45,2,10,,127782,37,0,46 43 44 3 45,2,10,,127792,37,0,46 43 44 3 45,2,10,,117042,37,0,46 43 44 3 45,2,50,,127718,37,0,46 43 44 3 45,2,10,,127784,37,0,46 43 44 3 45,2,10,,127904,37,0,46 43 44 3 45,2,10,,127752,37,0,46 43 44 3 45,2,10,,127713,37,0,46 43 44 3 45,2,10,,127826,37,0,46 43 44 3 45,2,50,,106935,37,0,46 43 44 3 45,2,10,,127712,37,0,46 43 44 3 45,2,10,,127778,37,0,46 43 44 3 45,2,15,,127776,37,0,46 43 44 3 45,2,13,,127698,37,0,46 43 44 3 45,2,54,,127872,37,0,46 43 44 3 45,2
50402,'1',445,,127962,5,0,46 43 44 3 45,2,10,,127942,5,0,46 43 44 3 45,2,50,,128049,5,0,46 43 44 3 45,2,10,,128001,5,0,46 43 44 3 45,2,10,,128162,5,0,46 43 44 3 45,2,10,,127926,5,0,46 43 44 3 45,2,10,,127994,5,0,46 43 44 3 45,2,60,,127939,5,0,46 43 44 3 45,2,143,,127917,5,0,46 43 44 3 45,2,56,,128171,5,0,46 43 44 3 45,2
50402,'2',528,,128325,5,0,46 43 44 3 45,2,20,,128211,5,0,46 43 44 3 45,2,60,,128252,5,0,46 43 44 3 45,2,220,,128351,5,0,46 43 44 3 45,2,480,,128288,5,0,46 43 44 3 45,2
50402,'3',913,,128480,5,0,46 43 44 3 45,2,20,,128552,5,0,46 43 44 3 45,2,300,,128484,5,0,46 43 44 3 45,2
50402,'5',518,,128709,5,0,46 43 44 3 45,2,20,,128791,5,0,46 43 44 3 45,2,13,,128825,5,0,46 43 44 3 45,2,362,,128914,5,0,46 43 44 3 45,2,20,,128679,5,0,46 43 44 3 45,2,300,,128733,5,0,46 43 44 3 45,2
50801,'1',817,,133756,37,0,43 44 3 45,2,20,,133761,37,0,43 44 3 45,2,8,,133750,37,0,43 44 3 45,2,10,,133752,37,0,43 44 3 45,2,50,,133763,37,0,43 44 3 45,2,10,,133764,37,0,43 44 3 45,2,20,,133760,37,0,43 44 3 45,2,681,,133755,31,0,43 44 3 45,2,20,,133754,31,0,43 44 3 45,2,10,,133759,31,0,43 44 3 45,2,10,,133762,31,0,43 44 3 45,2,50,,133749,31,0,43 44 3 45,2,10,,133745,31,0,43 44 3 45,2,20,,133747,31,0,43 44 3 45,2
