30401,'1',2647,,123810,17,,,2,3,,123818,30,0,34,2,7,,123822,17,,,2,43,,111237,30,0,34,2,7,,123813,17,,,2,3,,123804,30,0,34,2,10,,123825,30,0,34,2,10,,123819,30,0,34,2,10,,123811,30,0,34,2,10,,108615,30,0,34,2,50,,123820,30,0,34,2,10,,123808,30,0,34,2,10,,123815,30,0,34,2,10,,123814,30,0,34,2,10,,123823,30,0,34,2,10,,123821,30,0,34,2,50,,123806,30,0,34,2,10,,123807,30,0,34,2,15,,123824,30,0,34,2,10,,123816,30,,,2,10,,123817,30,,,2,10,,123805,30,,,2,50,,123809,30,,,2,5,,123812,30,,,2
30401,'2',2657,,123841,30,0,34,2,50,,120167,30,0,34,2,2,,123846,17,,,2,8,,123832,30,0,34,2,10,,123845,30,0,34,2,10,,123837,30,0,34,2,10,,123827,30,0,34,2,10,,123834,30,0,34,2,50,,123848,30,0,34,2,10,,123826,30,0,34,2,10,,123829,30,0,34,2,10,,123833,30,0,34,2,10,,123840,30,0,34,2,10,,123842,30,0,34,2,50,,123835,30,0,34,2,10,,123830,30,0,34,2,12,,123847,30,0,34,2,10,,123843,30,,,2,10,,123838,30,,,2,5,,123836,30,,,2,5,,123828,30,,,2,50,,123831,30,,,2,10,,123839,30,,,2,13,,123844,30,,,2
30401,'3',545,,123883,17,0,34,2,7,,123886,30,0,31,2,7,,123869,17,0,34,2,47,,123854,30,0,31,2,7,,123872,17,0,34,2,7,,123888,30,0,31,2,7,,123889,17,0,34,2,7,,123851,30,0,31,2,7,,123856,17,0,34,2,7,,123870,30,0,31,2,7,,123890,17,0,34,2,47,,123866,30,0,31,2,7,,123858,17,0,34,2,7,,123891,30,0,31,2,7,,123857,17,0,34,2,7,,123894,30,0,31,2,7,,123878,17,0,34,2,7,,123876,30,0,31,2,14,,123862,30,0,31,2,54,,123874,30,0,31,2,14,,123860,30,0,31,2,14,,123885,30,0,31,2,1808,,123887,30,,,2,11,,109438,30,0,34,2,42,,123863,17,,,2,8,,123882,30,0,34,2,2,,120873,17,,,2,8,,123875,30,0,34,2,2,,123880,17,,,2,8,,123849,30,0,34,2,10,,123893,30,0,34,2,10,,123873,30,0,34,2,10,,123892,30,0,34,2,50,,123850,30,0,34,2,10,,123877,30,0,34,2,10,,123881,30,0,34,2,10,,123865,30,0,34,2,10,,123864,30,0,34,2,10,,123859,30,0,34,2,50,,123868,30,0,34,2,10,,123867,30,0,34,2,9,,123855,30,,,2,10,,123861,30,,,2,10,,123871,30,,,2
30401,'5',2659,,123913,30,0,34,2,50,,123895,30,0,34,2,2,,123902,17,,,2,8,,123898,30,0,34,2,2,,123905,17,,,2,8,,123914,30,0,34,2,10,,123903,30,0,34,2,10,,123908,30,0,34,2,10,,123911,30,0,34,2,50,,123901,30,0,34,2,10,,123897,30,0,34,2,10,,123904,30,0,34,2,10,,123899,30,0,34,2,10,,123896,30,0,34,2,10,,123912,30,0,34,2,50,,123909,30,0,34,2,10,,123907,30,0,34,2,9,,123900,30,,,2,10,,123906,30,,,2,10,,123910,30,,,2
50301,'1',549,,125891,3,0,36 40,2,10,,125945,3,0,36 40,2,50,,125884,3,0,36 40,2,10,,125951,3,0,36 40,2,10,,125844,3,0,36 40,2,10,,125950,3,0,36 40,2,10,,125896,3,0,36 40,2,10,,125959,3,0,36 40,2,47,,125979,3,0,36 40,2,7,,125918,3,0,36 40,2,6,,125965,3,0,36 40,2,6,,125882,3,0,36 40,2,7,,125889,3,0,36 40,2,6,,98884,3,0,36 40,2,6,,125863,3,0,36 40,2,6,,125903,3,0,36 40,2,6,,125942,3,0,36 40,2,46,,125954,3,0,36 40,2,6,,125966,3,0,36 40,2,6,,125925,3,0,36 40,2,6,,125911,3,0,36 40,2,6,,125969,3,0,36 40,2,6,,125898,3,0,36 40,2,6,,125981,3,0,36 40,2,6,,125915,3,0,36 40,2,6,,125839,3,0,36 40,2,6,,125897,3,0,36 40,2,46,,125978,3,0,36 40,2,6,,125947,3,0,36 40,2,6,,125944,3,0,36 40,2,6,,125991,3,0,36 40,2,6,,125973,3,0,36 40,2,6,,125964,3,0,36 40,2,7,,125980,3,0,36 40,2,6,,125864,3,0,36 40,2,6,,125914,3,0,36 40,2,6,,125846,3,0,36 40,2,45,,125971,3,0,36 40,2,5,,125840,3,0,36 40,2,10,,125860,3,0,36 40,2,5,,125851,3,0,36 40,2,5,,125987,3,0,36 40,2,10,,125908,3,0,36 40,2,10,,125929,3,0,36 40,2,10,,125872,3,0,36 40,2,50,,125877,3,0,36 40,2,10,,125933,3,0,36 40,2,10,,125907,3,0,36 40,2,10,,125985,3,0,36 40,2,10,,125885,3,0,36 40,2,10,,125858,3,0,36 40,2,50,,125924,3,0,36 40,2,10,,125866,3,0,36 40,2,10,,125871,3,0,36 40,2,10,,125952,3,0,36 40,2,10,,125917,3,0,36 40,2,10,,125988,3,0,36 40,2,50,,125922,3,0,36 40,2,10,,125876,3,0,36 40,2,10,,125845,3,0,36 40,2,10,,125956,3,0,36 40,2,10,,125867,3,0,36 40,2,10,,125986,3,0,36 40,2,50,,125970,3,0,36 40,2,10,,125902,3,0,36 40,2,10,,125895,3,0,36 40,2,11,,125938,3,0,36 40,2,11,,125976,3,0,36 40,2,10,,125905,3,0,36 40,2,50,,125932,3,0,36 40,2,10,,125934,3,0,36 40,2,10,,125953,3,0,36 40,2,9,,125887,3,0,36 40,2,7,,125931,3,0,36 40,2,6,,125862,3,0,36 40,2,6,,125852,3,0,36 40,2,46,,125868,3,0,36 40,2,6,,125880,3,0,36 40,2,6,,125940,3,0,36 40,2,6,,125975,3,0,36 40,2,6,,125848,3,0,36 40,2,6,,125983,3,0,36 40,2,6,,125847,3,0,36 40,2,6,,125883,3,0,36 40,2,6,,125990,3,0,36 40,2,6,,125856,3,0,36 40,2,46,,125916,3,0,36 40,2,6,,125881,3,0,36 40,2,6,,125869,3,0,36 40,2,6,,125957,3,0,36 40,2,6,,125901,3,0,36 40,2,6,,125936,3,0,36 40,2,6,,125855,3,0,36 40,2,6,,125849,3,0,36 40,2,6,,125843,3,0,36 40,2,6,,125989,3,0,36 40,2,46,,125974,3,0,36 40,2,6,,125878,3,0,36 40,2,6,,125937,3,0,36 40,2,6,,125939,3,0,36 40,2,6,,125941,3,0,36 40,2,6,,125977,3,0,36 40,2,6,,125968,3,0,36 40,2,6,,125984,3,0,36 40,2,6,,125921,3,0,36 40,2,8,,125992,3,0,36 40,2,45,,125923,3,0,36 40,2,4,,108086,3,0,36 40,2,8,,125960,3,0,36 40,2,7,,125928,3,0,36 40,2,8,,125920,3,0,36 40,2,8,,125892,3,0,36 40,2,4,,125943,3,0,36 40,2,4,,125857,3,0,36 40,2,8,,93583,3,0,36 40,2,48,,125865,3,0,36 40,2,8,,125935,3,0,36 40,2,8,,125919,3,0,36 40,2,8,,125894,3,0,36 40,2,8,,125906,3,0,36 40,2,8,,125958,3,0,36 40,2,8,,125861,3,0,36 40,2,8,,125912,3,0,36 40,2,48,,125963,3,0,36 40,2,8,,125875,3,0,36 40,2,8,,125972,3,0,36 40,2,8,,125842,3,0,36 40,2,8,,125888,3,0,36 40,2,8,,125850,3,0,36 40,2,8,,125955,3,0,36 40,2,47,,125873,3,0,36 40,2,6,,125854,3,0,36 40,2,7,,125982,3,0,36 40,2,8,,125879,3,0,36 40,2,10,,125926,3,0,36 40,2,10,,125859,3,0,36 40,2,10,,125841,3,0,36 40,2,5,,125853,3,0,36 40,2,45,,125962,3,0,36 40,2,10,,125910,3,0,36 40,2,10,,125961,3,0,36 40,2,10,,125899,3,0,36 40,2,10,,125930,3,0,36 40,2,10,,125927,3,0,36 40,2,50,,125900,3,0,36 40,2,10,,125949,3,0,36 40,2,10,,125886,3,0,36 40,2,10,,125909,3,0,36 40,2,10,,125893,3,0,36 40,2,10,,125890,3,0,36 40,2,50,,125946,3,0,36 40,2,10,,125874,3,0,36 40,2,9,,125904,3,0,36 40,2,17,,125967,3,0,36 40,2,17,,125948,3,0,36 40,2
50301,'2',517,,126118,3,0,36 40,2,10,,126109,3,0,36 40,2,10,,126047,3,0,36 40,2,10,,126026,3,0,36 40,2,10,,126050,3,0,36 40,2,50,,126083,3,0,36 40,2,10,,126067,3,0,36 40,2,10,,126098,3,0,36 40,2,10,,126020,3,0,36 40,2,10,,126000,3,0,36 40,2,10,,126094,3,0,36 40,2,50,,126029,3,0,36 40,2,10,,126022,3,0,36 40,2,10,,125995,3,0,36 40,2,10,,126034,3,0,36 40,2,10,,126002,3,0,36 40,2,10,,126033,3,0,36 40,2,50,,126038,3,0,36 40,2,10,,126123,3,0,36 40,2,10,,126124,3,0,36 40,2,10,,126001,3,0,36 40,2,10,,113810,3,0,36 40,2,10,,126069,3,0,36 40,2,50,,115039,3,0,36 40,2,10,,126108,3,0,36 40,2,10,,126089,3,0,36 40,2,10,,126048,3,0,36 40,2,10,,126080,3,0,36 40,2,10,,126040,3,0,36 40,2,50,,126091,3,0,36 40,2,10,,126039,3,0,36 40,2,10,,126116,3,0,36 40,2,10,,126093,3,0,36 40,2,10,,126081,3,0,36 40,2,10,,126008,3,0,36 40,2,50,,126013,3,0,36 40,2,10,,126117,3,0,36 40,2,10,,126003,3,0,36 40,2,10,,126075,3,0,36 40,2,10,,126106,3,0,36 40,2,10,,126115,3,0,36 40,2,52,,119252,3,0,36 40,2,8,,126096,3,0,36 40,2,8,,126017,3,0,36 40,2,8,,126058,3,0,36 40,2,8,,126046,3,0,36 40,2,8,,126110,3,0,36 40,2,10,,126070,3,0,36 40,2,52,,126095,3,0,36 40,2,10,,126114,3,0,36 40,2,8,,126064,3,0,36 40,2,8,,126074,3,0,36 40,2,8,,126072,3,0,36 40,2,8,,126011,3,0,36 40,2,48,,126103,3,0,36 40,2,8,,126042,3,0,36 40,2,8,,126079,3,0,36 40,2,8,,126101,3,0,36 40,2,8,,126051,3,0,36 40,2,8,,126122,3,0,36 40,2,8,,125996,3,0,36 40,2,8,,126107,3,0,36 40,2,48,,126045,3,0,36 40,2,8,,126056,3,0,36 40,2,8,,126057,3,0,36 40,2,8,,126032,3,0,36 40,2,8,,126112,3,0,36 40,2,8,,126037,3,0,36 40,2,8,,126007,3,0,36 40,2,48,,126061,3,0,36 40,2,8,,126062,3,0,36 40,2,8,,126082,3,0,36 40,2,8,,111611,3,0,36 40,2,8,,126027,3,0,36 40,2,8,,126054,3,0,36 40,2,8,,126085,3,0,36 40,2,8,,126049,3,0,36 40,2,48,,126059,3,0,36 40,2,8,,126031,3,0,36 40,2,8,,126012,3,0,36 40,2,8,,126006,3,0,36 40,2,8,,126015,3,0,36 40,2,8,,126086,3,0,36 40,2,8,,126105,3,0,36 40,2,48,,126053,3,0,36 40,2,8,,126111,3,0,36 40,2,8,,126052,3,0,36 40,2,8,,126055,3,0,36 40,2,8,,126019,3,0,36 40,2,8,,126014,3,0,36 40,2,8,,126066,3,0,36 40,2,8,,126060,3,0,36 40,2,48,,126024,3,0,36 40,2,9,,126100,3,0,36 40,2,5,,112508,3,0,36 40,2,5,,115866,3,0,36 40,2,10,,126030,3,0,36 40,2,10,,126044,3,0,36 40,2,10,,126120,3,0,36 40,2,50,,126087,3,0,36 40,2,5,,126113,3,0,36 40,2,5,,125998,3,0,36 40,2,10,,126028,3,0,36 40,2,10,,126035,3,0,36 40,2,10,,126102,3,0,36 40,2,10,,126016,3,0,36 40,2,50,,126025,3,0,36 40,2,10,,125997,3,0,36 40,2,10,,119449,3,0,36 40,2,10,,126125,3,0,36 40,2,10,,126023,3,0,36 40,2,10,,126065,3,0,36 40,2,50,,125993,3,0,36 40,2,9,,115004,3,0,36 40,2,10,,125999,3,0,36 40,2,10,,126018,3,0,36 40,2,10,,126005,3,0,36 40,2,10,,126090,3,0,36 40,2,50,,126073,3,0,36 40,2,10,,126063,3,0,36 40,2,10,,126104,3,0,36 40,2,10,,126021,3,0,36 40,2,10,,126077,3,0,36 40,2,10,,126078,3,0,36 40,2,50,,126097,3,0,36 40,2,10,,126043,3,0,36 40,2,10,,126088,3,0,36 40,2,10,,126076,3,0,36 40,2,10,,126068,3,0,36 40,2,10,,126099,3,0,36 40,2,50,,126004,3,0,36 40,2,10,,126009,3,0,36 40,2,10,,126092,3,0,36 40,2,10,,126010,3,0,36 40,2,10,,126084,3,0,36 40,2,10,,126119,3,0,36 40,2,50,,126036,3,0,36 40,2,10,,126071,3,0,36 40,2,11,,126121,3,0,36 40,2,8,,126041,3,0,36 40,2,8,,125994,3,0,36 40,2
50301,'3',550,,126165,3,0,36 40,2,50,,126167,3,0,36 40,2,10,,126224,3,0,36 40,2,10,,121919,3,0,36 40,2,10,,126183,3,0,36 40,2,10,,126186,3,0,36 40,2,10,,126152,3,0,36 40,2,50,,126216,3,0,36 40,2,10,,126176,3,0,36 40,2,10,,126156,3,0,36 40,2,10,,126132,3,0,36 40,2,10,,126229,3,0,36 40,2,10,,126245,3,0,36 40,2,50,,126140,3,0,36 40,2,10,,126200,3,0,36 40,2,10,,126163,3,0,36 40,2,10,,126218,3,0,36 40,2,10,,126166,3,0,36 40,2,10,,126138,3,0,36 40,2,50,,126233,3,0,36 40,2,10,,126182,3,0,36 40,2,10,,126198,3,0,36 40,2,10,,126151,3,0,36 40,2,10,,126187,3,0,36 40,2,10,,126180,3,0,36 40,2,50,,126236,3,0,36 40,2,10,,126142,3,0,36 40,2,10,,126171,3,0,36 40,2,10,,126128,3,0,36 40,2,10,,126205,3,0,36 40,2,10,,126220,3,0,36 40,2,50,,126232,3,0,36 40,2,10,,111825,3,0,36 40,2,10,,126217,3,0,36 40,2,10,,126202,3,0,36 40,2,10,,126238,3,0,36 40,2,10,,126244,3,0,36 40,2,50,,126161,3,0,36 40,2,11,,126235,3,0,36 40,2,10,,126153,3,0,36 40,2,10,,126145,3,0,36 40,2,10,,126207,3,0,36 40,2,10,,126196,3,0,36 40,2,50,,126190,3,0,36 40,2,10,,126159,3,0,36 40,2,10,,126203,3,0,36 40,2,10,,126199,3,0,36 40,2,10,,126158,3,0,36 40,2,10,,126189,3,0,36 40,2,50,,126188,3,0,36 40,2,10,,126160,3,0,36 40,2,10,,126234,3,0,36 40,2,10,,126213,3,0,36 40,2,10,,126215,3,0,36 40,2,10,,126177,3,0,36 40,2,50,,126195,3,0,36 40,2,10,,126192,3,0,36 40,2,10,,126204,3,0,36 40,2,10,,120949,3,0,36 40,2,10,,126240,3,0,36 40,2,10,,126222,3,0,36 40,2,50,,126144,3,0,36 40,2,10,,126210,3,0,36 40,2,10,,126173,3,0,36 40,2,10,,126241,3,0,36 40,2,10,,126172,3,0,36 40,2,10,,126164,3,0,36 40,2,50,,126225,3,0,36 40,2,10,,126129,3,0,36 40,2,10,,126136,3,0,36 40,2,10,,126157,3,0,36 40,2,10,,126226,3,0,36 40,2,10,,126246,3,0,36 40,2,50,,126197,3,0,36 40,2,10,,126141,3,0,36 40,2,10,,126248,3,0,36 40,2,10,,126231,3,0,36 40,2,10,,126191,3,0,36 40,2,10,,126243,3,0,36 40,2,50,,126174,3,0,36 40,2,10,,126211,3,0,36 40,2,9,,126206,3,0,36 40,2,10,,126179,3,0,36 40,2,10,,126150,3,0,36 40,2,10,,126139,3,0,36 40,2,50,,126184,3,0,36 40,2,10,,126169,3,0,36 40,2,10,,126181,3,0,36 40,2,10,,126194,3,0,36 40,2,10,,126143,3,0,36 40,2,10,,126137,3,0,36 40,2,50,,126155,3,0,36 40,2,10,,126214,3,0,36 40,2,10,,126130,3,0,36 40,2,10,,126168,3,0,36 40,2,10,,126134,3,0,36 40,2,10,,126185,3,0,36 40,2,50,,126230,3,0,36 40,2,10,,126239,3,0,36 40,2,10,,126193,3,0,36 40,2,10,,126247,3,0,36 40,2,10,,126242,3,0,36 40,2,10,,126208,3,0,36 40,2,50,,126201,3,0,36 40,2,10,,126227,3,0,36 40,2,10,,126221,3,0,36 40,2,10,,126146,3,0,36 40,2,10,,126133,3,0,36 40,2,10,,126149,3,0,36 40,2,50,,126212,3,0,36 40,2,10,,126154,3,0,36 40,2,10,,126162,3,0,36 40,2,10,,126127,3,0,36 40,2,10,,126223,3,0,36 40,2,10,,126228,3,0,36 40,2,50,,126237,3,0,36 40,2,10,,126126,3,0,36 40,2,10,,126219,3,0,36 40,2,10,,126178,3,0,36 40,2,10,,126135,3,0,36 40,2,10,,126175,3,0,36 40,2,9,,126147,3,0,36 40,2,48,,126131,3,0,36 40,2,8,,126148,3,0,36 40,2,13,,126170,3,0,36 40,2,14,,126209,3,0,36 40,2
50301,'5',550,,126304,3,0,36 40,2,50,,126271,3,0,36 40,2,10,,126312,3,0,36 40,2,10,,126327,3,0,36 40,2,10,,126263,3,0,36 40,2,10,,126343,3,0,36 40,2,10,,126323,3,0,36 40,2,50,,126309,3,0,36 40,2,10,,126362,3,0,36 40,2,10,,126355,3,0,36 40,2,10,,126299,3,0,36 40,2,10,,126317,3,0,36 40,2,10,,126310,3,0,36 40,2,50,,126291,3,0,36 40,2,10,,126294,3,0,36 40,2,10,,126335,3,0,36 40,2,10,,126316,3,0,36 40,2,10,,126325,3,0,36 40,2,10,,126298,3,0,36 40,2,50,,126255,3,0,36 40,2,10,,126319,3,0,36 40,2,10,,126313,3,0,36 40,2,10,,126364,3,0,36 40,2,10,,126340,3,0,36 40,2,10,,126297,3,0,36 40,2,50,,126281,3,0,36 40,2,10,,126252,3,0,36 40,2,10,,126303,3,0,36 40,2,10,,122342,3,0,36 40,2,10,,126349,3,0,36 40,2,10,,126308,3,0,36 40,2,50,,126330,3,0,36 40,2,10,,126358,3,0,36 40,2,10,,126346,3,0,36 40,2,10,,126360,3,0,36 40,2,10,,126268,3,0,36 40,2,10,,126256,3,0,36 40,2,50,,126260,3,0,36 40,2,11,,126331,3,0,36 40,2,10,,126318,3,0,36 40,2,10,,126351,3,0,36 40,2,10,,126361,3,0,36 40,2,10,,126278,3,0,36 40,2,50,,126285,3,0,36 40,2,10,,126264,3,0,36 40,2,10,,126367,3,0,36 40,2,10,,126259,3,0,36 40,2,10,,126269,3,0,36 40,2,10,,126257,3,0,36 40,2,50,,126289,3,0,36 40,2,10,,126302,3,0,36 40,2,10,,126326,3,0,36 40,2,10,,126295,3,0,36 40,2,10,,126274,3,0,36 40,2,10,,126306,3,0,36 40,2,50,,126265,3,0,36 40,2,10,,126282,3,0,36 40,2,10,,126352,3,0,36 40,2,10,,126270,3,0,36 40,2,10,,126292,3,0,36 40,2,10,,126365,3,0,36 40,2,50,,126368,3,0,36 40,2,10,,126288,3,0,36 40,2,10,,126261,3,0,36 40,2,10,,116270,3,0,36 40,2,10,,126347,3,0,36 40,2,10,,126369,3,0,36 40,2,50,,126249,3,0,36 40,2,10,,126341,3,0,36 40,2,10,,126280,3,0,36 40,2,10,,126314,3,0,36 40,2,10,,126345,3,0,36 40,2,10,,126332,3,0,36 40,2,50,,126286,3,0,36 40,2,10,,126301,3,0,36 40,2,10,,126287,3,0,36 40,2,10,,126266,3,0,36 40,2,10,,126275,3,0,36 40,2,10,,117022,3,0,36 40,2,50,,126348,3,0,36 40,2,10,,126273,3,0,36 40,2,9,,126293,3,0,36 40,2,10,,126357,3,0,36 40,2,10,,126290,3,0,36 40,2,10,,121152,3,0,36 40,2,50,,126363,3,0,36 40,2,10,,126324,3,0,36 40,2,10,,126296,3,0,36 40,2,10,,126254,3,0,36 40,2,10,,126251,3,0,36 40,2,10,,126250,3,0,36 40,2,50,,126328,3,0,36 40,2,10,,126300,3,0,36 40,2,10,,126359,3,0,36 40,2,10,,126276,3,0,36 40,2,10,,126354,3,0,36 40,2,10,,126267,3,0,36 40,2,50,,126272,3,0,36 40,2,10,,126320,3,0,36 40,2,10,,126366,3,0,36 40,2,10,,126311,3,0,36 40,2,10,,126344,3,0,36 40,2,10,,126370,3,0,36 40,2,50,,126339,3,0,36 40,2,10,,126262,3,0,36 40,2,10,,126342,3,0,36 40,2,10,,126322,3,0,36 40,2,10,,126277,3,0,36 40,2,10,,126336,3,0,36 40,2,50,,126321,3,0,36 40,2,10,,126329,3,0,36 40,2,10,,126334,3,0,36 40,2,10,,126353,3,0,36 40,2,10,,126333,3,0,36 40,2,10,,126253,3,0,36 40,2,50,,126338,3,0,36 40,2,10,,126284,3,0,36 40,2,10,,126350,3,0,36 40,2,10,,126305,3,0,36 40,2,10,,126283,3,0,36 40,2,10,,126356,3,0,36 40,2,9,,126279,3,0,36 40,2,48,,126315,3,0,36 40,2,8,,126337,3,0,36 40,2,13,,126258,3,0,36 40,2,14,,126307,3,0,36 40,2
50401,'1',534,,127031,17,0,34,2,10,,126931,30,0,46 43 44 3 45,2,10,,127103,17,0,34,2,5,,126954,30,0,46 43 44 3 45,2,45,,127013,17,0,34,2,5,,126935,30,0,46 43 44 3 45,2,5,,127049,17,0,34,2,5,,126986,30,0,46 43 44 3 45,2,5,,110226,17,0,34,2,5,,127048,28,0,46 43 44 3 45,2,5,,126967,17,0,34,2,5,,127019,28,0,46 43 44 3 45,2,5,,127152,17,0,34,2,5,,127120,28,0,46 43 44 3 45,2,3,,126917,17,0,34,2,7,,127109,28,0,46 43 44 3 45,2,45,,127129,17,0,34,2,5,,127091,28,0,46 43 44 3 45,2,5,,126902,17,0,34,2,5,,127156,28,0,46 43 44 3 45,2,5,,120643,17,0,34,2,6,,127142,28,0,46 43 44 3 45,2,7,,126957,17,0,34,2,6,,126963,28,0,46 43 44 3 45,2,5,,126944,17,0,34,2,6,,127076,28,0,46 43 44 3 45,2,5,,127029,17,0,34,2,45,,127077,28,0,46 43 44 3 45,2,5,,126947,17,0,34,2,5,,127001,28,0,46 43 44 3 45,2,5,,127162,17,0,34,2,4,,127041,28,0,46 43 44 3 45,2,4,,126983,17,0,34,2,4,,127022,28,0,46 43 44 3 45,2,4,,127143,17,0,34,2,4,,110273,28,0,46 43 44 3 45,2,4,,127074,17,0,34,2,4,,127023,28,0,46 43 44 3 45,2,4,,126919,17,0,34,2,2,,127059,17,,,2,2,,127057,28,0,46 43 44 3 45,2,4,,127095,17,0,34,2,44,,126998,28,0,46 43 44 3 45,2,4,,126952,17,0,34,2,4,,126951,28,0,46 43 44 3 45,2,4,,127124,17,0,34,2,4,,126930,28,0,46 43 44 3 45,2,4,,126966,17,0,34,2,4,,127141,28,0,46 43 44 3 45,2,4,,127062,17,0,34,2,4,,126916,28,0,46 43 44 3 45,2,4,,127083,17,0,34,2,4,,127081,28,0,46 43 44 3 45,2,4,,127126,17,0,34,2,4,,127167,28,0,46 43 44 3 45,2,4,,126938,17,0,34,2,4,,126987,28,0,46 43 44 3 45,2,43,,127107,17,0,34,2,4,,126962,28,0,46 43 44 3 45,2,5,,127027,17,0,34,2,3,,127055,28,0,46 43 44 3 45,2,4,,127136,28,0,46 43 44 3 45,2,1,,126901,17,0,34,2,9,,127131,17,0,34,2,2,,127002,28,0,46 43 44 3 45,2,6,,127104,28,,,2,2,,126926,17,0,34,2,2,,127168,28,0,46 43 44 3 45,2,8,,127069,17,0,34,2,2,,126946,28,0,46 43 44 3 45,2,8,,127025,17,0,34,2,42,,127118,28,0,46 43 44 3 45,2,8,,127158,17,0,34,2,2,,126913,28,0,46 43 44 3 45,2,4,,126994,17,,,2,4,,127098,17,0,34,2,2,,127088,28,0,46 43 44 3 45,2,8,,127051,17,0,34,2,2,,126932,28,0,46 43 44 3 45,2,8,,126911,17,0,34,2,2,,127037,28,0,46 43 44 3 45,2,8,,127015,17,0,34,2,2,,127125,28,0,46 43 44 3 45,2,8,,127036,17,0,34,2,42,,126923,28,0,46 43 44 3 45,2,8,,126924,17,0,34,2,2,,127011,28,0,46 43 44 3 45,2,8,,127111,17,0,34,2,2,,126965,28,0,46 43 44 3 45,2,8,,126974,17,0,34,2,2,,127165,28,0,46 43 44 3 45,2,8,,126941,17,0,34,2,2,,127018,28,0,46 43 44 3 45,2,8,,127101,17,0,34,2,2,,111253,28,0,46 43 44 3 45,2,8,,126940,17,0,34,2,42,,127067,28,0,46 43 44 3 45,2,8,,127148,17,0,34,2,2,,127163,28,0,46 43 44 3 45,2,8,,127139,17,0,34,2,2,,127151,28,0,46 43 44 3 45,2,8,,126934,17,0,34,2,2,,127021,28,0,46 43 44 3 45,2,8,,127087,17,0,34,2,2,,127084,28,0,46 43 44 3 45,2,8,,126990,17,0,34,2,2,,126943,28,0,46 43 44 3 45,2,8,,127121,17,0,34,2,42,,127161,28,0,46 43 44 3 45,2,8,,126903,17,0,34,2,2,,126981,28,0,46 43 44 3 45,2,8,,127026,17,0,34,2,2,,127115,28,0,46 43 44 3 45,2,8,,127045,17,0,34,2,2,,127127,28,0,46 43 44 3 45,2,8,,126948,17,0,34,2,2,,127154,28,0,46 43 44 3 45,2,8,,127075,17,0,34,2,2,,126906,28,0,46 43 44 3 45,2,8,,127113,17,0,34,2,45,,126969,28,0,46 43 44 3 45,2,5,,126909,17,0,34,2,6,,126995,28,0,46 43 44 3 45,2,5,,127072,17,0,34,2,3,,126949,28,0,46 43 44 3 45,2,7,,126914,17,0,34,2,3,,127099,28,0,46 43 44 3 45,2,7,,126956,17,0,34,2,3,,127014,28,0,46 43 44 3 45,2,7,,126996,17,0,34,2,3,,127147,28,0,46 43 44 3 45,2,7,,126999,17,0,34,2,43,,126953,28,0,46 43 44 3 45,2,7,,127070,17,0,34,2,3,,126960,28,0,46 43 44 3 45,2,7,,126922,17,0,34,2,4,,127170,28,0,46 43 44 3 45,2,6,,126961,17,0,34,2,3,,127047,28,0,46 43 44 3 45,2,7,,126997,17,0,34,2,3,,127063,28,0,46 43 44 3 45,2,7,,126980,17,0,34,2,3,,127172,28,0,46 43 44 3 45,2,7,,127106,17,0,34,2,43,,127082,28,0,46 43 44 3 45,2,7,,127117,17,0,34,2,3,,126929,28,0,46 43 44 3 45,2,7,,127145,17,0,34,2,3,,126991,28,0,46 43 44 3 45,2,7,,126942,17,0,34,2,3,,126975,28,0,46 43 44 3 45,2,7,,126988,17,0,34,2,3,,127071,28,0,46 43 44 3 45,2,7,,127039,17,0,34,2,3,,127144,28,0,46 43 44 3 45,2,7,,127110,17,0,34,2,43,,127164,28,0,46 43 44 3 45,2,7,,127034,17,0,34,2,3,,126907,28,0,46 43 44 3 45,2,7,,126985,17,0,34,2,3,,126989,28,0,46 43 44 3 45,2,7,,126915,17,0,34,2,3,,127003,28,0,46 43 44 3 45,2,7,,127065,17,0,34,2,3,,127032,28,0,46 43 44 3 45,2,7,,126982,17,0,34,2,3,,126992,28,0,46 43 44 3 45,2,7,,127005,17,0,34,2,43,,127056,28,0,46 43 44 3 45,2,7,,127089,17,0,34,2,3,,126959,28,0,46 43 44 3 45,2,7,,126936,17,0,34,2,3,,127114,28,0,46 43 44 3 45,2,7,,127137,17,0,34,2,3,,127108,28,0,46 43 44 3 45,2,7,,127008,17,0,34,2,2,,126933,17,,,2,1,,121474,28,0,46 43 44 3 45,2,8,,127090,17,0,34,2,1,,127105,28,0,46 43 44 3 45,2,8,,127122,28,0,46 43 44 3 45,2,42,,126904,17,0,34,2,8,,127060,28,0,46 43 44 3 45,2,2,,126898,17,0,34,2,7,,126968,28,0,46 43 44 3 45,2,3,,127160,17,0,34,2,7,,127119,28,0,46 43 44 3 45,2,3,,127000,17,0,34,2,1,,126937,17,,,2,6,,126908,28,0,46 43 44 3 45,2,3,,126984,17,0,34,2,8,,126910,28,0,46 43 44 3 45,2,2,,127173,17,0,34,2,8,,127050,28,0,46 43 44 3 45,2,42,,126964,17,0,34,2,3,,127096,28,,,2,5,,127079,28,0,46 43 44 3 45,2,2,,127112,17,0,34,2,8,,126978,28,0,46 43 44 3 45,2,2,,127159,17,0,34,2,8,,126945,28,0,46 43 44 3 45,2,2,,127054,17,0,34,2,8,,127052,28,0,46 43 44 3 45,2,2,,126939,17,0,34,2,8,,127146,28,0,46 43 44 3 45,2,2,,127064,17,0,34,2,8,,126950,28,0,46 43 44 3 45,2,42,,126977,17,0,34,2,8,,126897,28,0,46 43 44 3 45,2,2,,126918,17,0,34,2,9,,127157,28,0,46 43 44 3 45,2,1,,127134,17,0,34,2,9,,127175,28,0,46 43 44 3 45,2,1,,126899,17,0,34,2,8,,126920,28,0,46 43 44 3 45,2,2,,127078,17,0,34,2,8,,127153,28,0,46 43 44 3 45,2,2,,122509,17,0,34,2,8,,127155,28,0,46 43 44 3 45,2,42,,104255,17,0,34,2,8,,127024,28,0,46 43 44 3 45,2,2,,127169,17,0,34,2,8,,127010,28,0,46 43 44 3 45,2,2,,127094,17,0,34,2,3,,127097,28,,,2,5,,126905,28,0,46 43 44 3 45,2,2,,127020,17,0,34,2,8,,127061,28,0,46 43 44 3 45,2,2,,126921,17,0,34,2,8,,127116,28,0,46 43 44 3 45,2,2,,127007,17,0,34,2,8,,127068,28,0,46 43 44 3 45,2,42,,127044,17,0,34,2,8,,127035,28,0,46 43 44 3 45,2,2,,127092,17,0,34,2,8,,126900,28,0,46 43 44 3 45,2,2,,127040,17,0,34,2,8,,113756,28,0,46 43 44 3 45,2,2,,127174,17,0,34,2,8,,126925,28,0,46 43 44 3 45,2,2,,127133,17,0,34,2,8,,126976,28,0,46 43 44 3 45,2,2,,126912,17,0,34,2,8,,127017,28,0,46 43 44 3 45,2,42,,127033,17,0,34,2,8,,126972,28,0,46 43 44 3 45,2,2,,127086,17,0,34,2,8,,127166,28,0,46 43 44 3 45,2,2,,127028,17,0,34,2,8,,127012,28,0,46 43 44 3 45,2,2,,127058,17,0,34,2,5,,126979,28,0,46 43 44 3 45,2,5,,127038,17,0,34,2,5,,127004,28,0,46 43 44 3 45,2,5,,127140,17,0,34,2,5,,126955,28,0,46 43 44 3 45,2,45,,127046,17,0,34,2,5,,127171,28,0,46 43 44 3 45,2,5,,126973,17,0,34,2,5,,126928,28,0,46 43 44 3 45,2,5,,127130,17,0,34,2,1,,127132,17,,,2,4,,126993,28,0,46 43 44 3 45,2,5,,127043,17,0,34,2,5,,127066,28,0,46 43 44 3 45,2,5,,127138,17,0,34,2,5,,127042,28,0,46 43 44 3 45,2
50401,'2',527,,127282,30,0,46 43 44 3 45,2,10,,127264,17,0,34,2,10,,127358,30,0,46 43 44 3 45,2,10,,127193,17,0,34,2,45,,127386,30,0,46 43 44 3 45,2,10,,127382,17,0,34,2,5,,127313,30,0,46 43 44 3 45,2,5,,127223,17,0,34,2,5,,127280,30,0,46 43 44 3 45,2,5,,127322,17,0,34,2,5,,127181,28,0,46 43 44 3 45,2,5,,127428,17,0,34,2,5,,127189,28,0,46 43 44 3 45,2,5,,127217,17,0,34,2,5,,127230,28,0,46 43 44 3 45,2,45,,127400,17,0,34,2,5,,127390,28,0,46 43 44 3 45,2,5,,127323,17,0,34,2,5,,127263,28,0,46 43 44 3 45,2,5,,127302,17,0,34,2,5,,127188,28,0,46 43 44 3 45,2,5,,127212,17,0,34,2,5,,127365,28,0,46 43 44 3 45,2,5,,127317,17,0,34,2,5,,127253,28,0,46 43 44 3 45,2,5,,127199,17,0,34,2,5,,127422,28,0,46 43 44 3 45,2,45,,127286,17,0,34,2,5,,127416,28,0,46 43 44 3 45,2,6,,127283,17,0,34,2,6,,127272,28,0,46 43 44 3 45,2,6,,127316,17,0,34,2,6,,107825,28,0,46 43 44 3 45,2,6,,127350,17,0,34,2,7,,127378,28,0,46 43 44 3 45,2,5,,111668,17,0,34,2,5,,127401,28,0,46 43 44 3 45,2,5,,127385,17,0,34,2,45,,127221,28,0,46 43 44 3 45,2,5,,127364,17,0,34,2,5,,127184,28,0,46 43 44 3 45,2,5,,127433,17,0,34,2,5,,127391,28,0,46 43 44 3 45,2,5,,127347,17,0,34,2,5,,127319,28,0,46 43 44 3 45,2,5,,127180,17,0,34,2,5,,127196,28,0,46 43 44 3 45,2,5,,127354,17,0,34,2,5,,127311,28,0,46 43 44 3 45,2,5,,127261,17,0,34,2,45,,127259,28,0,46 43 44 3 45,2,5,,127435,17,0,34,2,5,,127275,28,0,46 43 44 3 45,2,5,,127242,17,0,34,2,5,,127318,28,0,46 43 44 3 45,2,5,,127208,17,0,34,2,5,,127220,28,0,46 43 44 3 45,2,5,,127304,17,0,34,2,5,,127424,28,0,46 43 44 3 45,2,5,,127367,17,0,34,2,5,,127389,28,0,46 43 44 3 45,2,5,,127371,17,0,34,2,45,,127209,28,0,46 43 44 3 45,2,5,,127276,17,0,34,2,5,,127372,28,0,46 43 44 3 45,2,5,,127394,17,0,34,2,5,,127381,28,0,46 43 44 3 45,2,5,,127213,17,0,34,2,5,,127335,28,0,46 43 44 3 45,2,5,,127308,17,0,34,2,5,,127395,28,0,46 43 44 3 45,2,5,,127340,17,0,34,2,5,,127419,28,0,46 43 44 3 45,2,5,,127412,17,0,34,2,45,,127262,28,0,46 43 44 3 45,2,5,,127252,17,0,34,2,5,,127421,28,0,46 43 44 3 45,2,5,,127245,17,0,34,2,5,,127344,28,0,46 43 44 3 45,2,5,,120741,17,0,34,2,5,,127205,28,0,46 43 44 3 45,2,5,,127281,17,0,34,2,5,,127284,28,0,46 43 44 3 45,2,7,,127247,17,0,34,2,51,,127182,28,0,46 43 44 3 45,2,1,,127425,17,0,34,2,10,,127366,17,0,34,2,1,,127331,28,0,46 43 44 3 45,2,9,,127397,17,0,34,2,1,,127255,28,0,46 43 44 3 45,2,9,,127210,17,0,34,2,1,,127370,28,0,46 43 44 3 45,2,9,,127368,17,0,34,2,1,,127376,28,0,46 43 44 3 45,2,9,,127342,17,0,34,2,1,,127409,28,0,46 43 44 3 45,2,49,,127361,17,0,34,2,1,,127406,28,0,46 43 44 3 45,2,9,,127333,17,0,34,2,1,,127243,28,0,46 43 44 3 45,2,9,,127267,17,0,34,2,1,,127413,28,0,46 43 44 3 45,2,9,,127222,17,0,34,2,1,,127414,28,0,46 43 44 3 45,2,9,,127215,17,0,34,2,1,,127393,28,0,46 43 44 3 45,2,9,,127224,17,0,34,2,1,,127297,28,0,46 43 44 3 45,2,49,,127305,17,0,34,2,1,,127309,28,0,46 43 44 3 45,2,9,,127396,17,0,34,2,1,,127403,28,0,46 43 44 3 45,2,9,,127241,17,0,34,2,1,,127380,28,0,46 43 44 3 45,2,9,,127289,17,0,34,2,1,,127356,28,0,46 43 44 3 45,2,9,,127265,17,0,34,2,1,,127291,28,0,46 43 44 3 45,2,9,,127312,17,0,34,2,1,,127296,28,0,46 43 44 3 45,2,49,,127287,17,0,34,2,1,,127274,28,0,46 43 44 3 45,2,9,,127329,17,0,34,2,1,,127204,28,0,46 43 44 3 45,2,9,,127294,17,0,34,2,1,,127351,28,0,46 43 44 3 45,2,9,,127427,17,0,34,2,1,,127216,28,0,46 43 44 3 45,2,9,,127306,17,0,34,2,1,,127202,28,0,46 43 44 3 45,2,9,,127176,17,0,34,2,1,,127321,28,0,46 43 44 3 45,2,49,,127402,17,0,34,2,1,,127426,28,0,46 43 44 3 45,2,9,,127410,17,0,34,2,1,,127227,28,0,46 43 44 3 45,2,9,,127338,17,0,34,2,1,,127341,28,0,46 43 44 3 45,2,9,,127392,17,0,34,2,1,,127228,28,0,46 43 44 3 45,2,9,,127375,17,0,34,2,1,,127260,28,0,46 43 44 3 45,2,9,,127234,17,0,34,2,1,,127266,28,0,46 43 44 3 45,2,49,,127348,17,0,34,2,1,,127292,28,0,46 43 44 3 45,2,9,,127248,17,0,34,2,1,,127235,28,0,46 43 44 3 45,2,9,,127290,17,0,34,2,1,,127232,28,0,46 43 44 3 45,2,9,,127231,17,0,34,2,1,,127327,28,0,46 43 44 3 45,2,9,,127373,17,0,34,2,1,,127201,28,0,46 43 44 3 45,2,9,,127434,17,0,34,2,1,,127285,28,0,46 43 44 3 45,2,49,,127353,17,0,34,2,1,,127417,28,0,46 43 44 3 45,2,4,,127207,28,0,46 43 44 3 45,2,4,,127192,17,0,34,2,5,,127418,28,0,46 43 44 3 45,2,5,,127383,17,0,34,2,5,,127185,28,0,46 43 44 3 45,2,5,,127436,17,0,34,2,5,,127332,28,0,46 43 44 3 45,2,5,,127343,17,0,34,2,5,,127299,28,0,46 43 44 3 45,2,5,,127206,17,0,34,2,2,,127388,17,,,2,3,,127345,28,0,46 43 44 3 45,2,45,,127369,17,0,34,2,5,,127258,28,0,46 43 44 3 45,2,5,,127250,17,0,34,2,5,,127288,28,0,46 43 44 3 45,2,5,,127244,17,0,34,2,4,,127303,28,0,46 43 44 3 45,2,6,,127336,17,0,34,2,4,,127279,28,0,46 43 44 3 45,2,6,,127310,17,0,34,2,4,,127404,28,0,46 43 44 3 45,2,6,,127314,17,0,34,2,4,,127178,28,0,46 43 44 3 45,2,46,,127246,17,0,34,2,4,,127325,28,0,46 43 44 3 45,2,6,,127249,17,0,34,2,4,,127295,28,0,46 43 44 3 45,2,6,,101599,17,0,34,2,4,,127337,28,0,46 43 44 3 45,2,6,,127218,17,0,34,2,4,,127257,28,0,46 43 44 3 45,2,6,,127177,17,0,34,2,4,,127339,28,0,46 43 44 3 45,2,6,,118447,17,0,34,2,4,,127233,28,0,46 43 44 3 45,2,46,,127346,17,0,34,2,4,,127408,28,0,46 43 44 3 45,2,6,,127240,17,0,34,2,4,,127271,28,0,46 43 44 3 45,2,6,,127429,17,0,34,2,4,,127431,28,0,46 43 44 3 45,2,6,,127236,17,0,34,2,2,,127315,17,,,2,4,,127415,28,0,46 43 44 3 45,2,4,,127352,17,0,34,2,7,,127219,28,0,46 43 44 3 45,2,5,,127398,17,0,34,2,46,,127197,28,0,46 43 44 3 45,2,4,,127251,17,0,34,2,6,,127377,28,0,46 43 44 3 45,2,4,,108839,17,0,34,2,6,,127420,28,0,46 43 44 3 45,2,4,,127405,17,0,34,2,6,,127187,28,0,46 43 44 3 45,2,4,,127203,17,0,34,2,6,,127357,28,0,46 43 44 3 45,2,4,,127328,17,0,34,2,6,,127278,28,0,46 43 44 3 45,2,4,,127363,17,0,34,2,46,,127270,28,0,46 43 44 3 45,2,4,,127239,17,0,34,2,6,,122724,28,0,46 43 44 3 45,2,4,,127293,17,0,34,2,6,,127179,28,0,46 43 44 3 45,2,4,,117854,17,0,34,2,6,,127237,28,0,46 43 44 3 45,2,4,,127214,17,0,34,2,6,,127190,28,0,46 43 44 3 45,2,4,,127301,17,0,34,2,6,,127300,28,0,46 43 44 3 45,2,4,,127432,17,0,34,2,46,,127387,28,0,46 43 44 3 45,2,4,,127225,17,0,34,2,6,,127349,28,0,46 43 44 3 45,2,4,,127423,17,0,34,2,6,,127379,28,0,46 43 44 3 45,2,4,,127399,17,0,34,2,6,,127200,28,0,46 43 44 3 45,2,4,,127411,17,0,34,2,6,,127183,28,0,46 43 44 3 45,2,4,,127254,17,0,34,2,5,,127320,28,0,46 43 44 3 45,2,5,,127307,17,0,34,2,5,,127273,28,0,46 43 44 3 45,2,45,,127362,17,0,34,2,5,,127360,28,0,46 43 44 3 45,2,5,,127226,17,0,34,2,5,,127326,28,0,46 43 44 3 45,2,5,,127195,17,0,34,2,5,,127324,28,0,46 43 44 3 45,2,5,,127277,17,0,34,2,5,,127334,28,0,46 43 44 3 45,2,2,,127186,17,0,34,2,1,,127191,28,,,2,6,,127198,17,,,2,2,,127355,28,0,46 43 44 3 45,2,8,,127384,17,,,2
50401,'3',751,,127477,17,0,34,2,54,,127531,17,0,34,2,14,,127545,17,0,34,2,14,,127551,17,0,34,2,14,,127459,17,0,34,2,7,,127456,28,0,46 43 44 3 45,2,47,,127615,17,0,34,2,7,,127513,28,0,46 43 44 3 45,2,7,,121857,17,0,34,2,5,,127500,17,0,34,2,4,,127450,28,0,46 43 44 3 45,2,9,,127462,17,0,34,2,5,,127614,28,0,46 43 44 3 45,2,7,,127627,17,0,34,2,3,,127444,28,0,46 43 44 3 45,2,7,,127652,17,0,34,2,4,,127640,28,0,46 43 44 3 45,2,46,,127557,17,0,34,2,3,,127624,28,0,46 43 44 3 45,2,7,,127455,17,0,34,2,3,,127642,28,0,46 43 44 3 45,2,7,,127440,17,0,34,2,3,,127657,28,0,46 43 44 3 45,2,7,,127585,17,0,34,2,3,,127619,28,0,46 43 44 3 45,2,7,,127522,17,0,34,2,3,,127542,28,0,46 43 44 3 45,2,7,,127439,17,0,34,2,3,,127658,28,0,46 43 44 3 45,2,47,,127502,17,0,34,2,3,,127544,28,0,46 43 44 3 45,2,7,,127580,17,0,34,2,3,,127539,28,0,46 43 44 3 45,2,7,,127610,17,0,34,2,3,,127483,28,0,46 43 44 3 45,2,7,,127570,17,0,34,2,3,,127529,28,0,46 43 44 3 45,2,7,,127467,17,0,34,2,3,,127510,28,0,46 43 44 3 45,2,7,,127514,17,0,34,2,3,,127472,28,0,46 43 44 3 45,2,47,,127595,17,0,34,2,3,,127503,28,0,46 43 44 3 45,2,8,,127511,17,0,34,2,12,,127496,28,0,46 43 44 3 45,2,1,,127593,17,0,34,2,9,,127592,28,0,46 43 44 3 45,2,2,,127620,17,0,34,2,8,,127518,28,0,46 43 44 3 45,2,2,,127463,17,0,34,2,8,,127471,28,0,46 43 44 3 45,2,42,,127448,17,0,34,2,8,,127636,28,0,46 43 44 3 45,2,2,,127519,17,0,34,2,8,,127582,28,0,46 43 44 3 45,2,2,,116766,17,0,34,2,8,,127492,28,0,46 43 44 3 45,2,2,,127648,17,0,34,2,8,,127634,28,0,46 43 44 3 45,2,2,,127442,17,0,34,2,8,,127508,28,0,46 43 44 3 45,2,2,,127547,17,0,34,2,8,,127623,28,0,46 43 44 3 45,2,42,,127569,17,0,34,2,8,,127632,28,0,46 43 44 3 45,2,2,,127495,17,0,34,2,8,,127553,28,0,46 43 44 3 45,2,2,,127493,17,0,34,2,8,,127578,28,0,46 43 44 3 45,2,2,,127596,17,0,34,2,8,,127660,28,0,46 43 44 3 45,2,2,,127458,17,0,34,2,8,,127564,28,0,46 43 44 3 45,2,2,,127520,17,0,34,2,8,,127538,28,0,46 43 44 3 45,2,42,,127606,17,0,34,2,8,,127661,28,0,46 43 44 3 45,2,2,,127600,17,0,34,2,8,,127651,28,0,46 43 44 3 45,2,2,,127612,17,0,34,2,8,,127567,28,0,46 43 44 3 45,2,2,,127604,17,0,34,2,8,,127590,28,0,46 43 44 3 45,2,2,,127512,17,0,34,2,8,,127639,28,0,46 43 44 3 45,2,2,,127656,17,0,34,2,8,,127589,28,0,46 43 44 3 45,2,42,,127530,17,0,34,2,8,,127532,28,0,46 43 44 3 45,2,2,,127525,17,0,34,2,8,,127484,28,0,46 43 44 3 45,2,2,,127630,17,0,34,2,8,,127577,28,0,46 43 44 3 45,2,2,,127576,17,0,34,2,8,,127558,28,0,46 43 44 3 45,2,2,,127581,17,0,34,2,8,,127521,28,0,46 43 44 3 45,2,2,,127575,17,0,34,2,8,,127490,28,0,46 43 44 3 45,2,42,,127579,17,0,34,2,8,,127631,28,0,46 43 44 3 45,2,2,,127466,17,0,34,2,8,,127655,28,0,46 43 44 3 45,2,2,,127546,17,0,34,2,8,,127443,28,0,46 43 44 3 45,2,2,,127526,17,0,34,2,8,,127611,28,0,46 43 44 3 45,2,2,,127594,17,0,34,2,8,,127607,28,0,46 43 44 3 45,2,2,,127588,17,0,34,2,8,,127638,28,0,46 43 44 3 45,2,42,,127516,17,0,34,2,8,,121792,28,0,46 43 44 3 45,2,2,,127641,17,0,34,2,8,,127528,28,0,46 43 44 3 45,2,2,,127605,17,0,34,2,8,,127468,28,0,46 43 44 3 45,2,2,,127566,17,0,34,2,8,,127562,28,0,46 43 44 3 45,2,2,,127646,17,0,34,2,8,,127465,28,0,46 43 44 3 45,2,2,,127543,17,0,34,2,8,,127584,28,0,46 43 44 3 45,2,42,,127536,17,0,34,2,7,,127650,28,0,46 43 44 3 45,2,3,,127454,17,0,34,2,3,,127445,17,,,2,3,,127583,28,0,46 43 44 3 45,2,6,,127527,17,0,34,2,4,,127591,28,0,46 43 44 3 45,2,5,,127601,17,0,34,2,5,,127621,28,0,46 43 44 3 45,2,5,,127629,17,0,34,2,2,,127568,28,0,46 43 44 3 45,2,8,,127485,17,0,34,2,2,,127633,28,0,46 43 44 3 45,2,48,,127608,17,0,34,2,2,,127659,28,0,46 43 44 3 45,2,8,,127654,17,0,34,2,2,,127565,28,0,46 43 44 3 45,2,8,,127587,17,0,34,2,2,,127481,28,0,46 43 44 3 45,2,8,,127563,17,0,34,2,2,,127474,28,0,46 43 44 3 45,2,8,,127574,17,0,34,2,2,,127537,28,0,46 43 44 3 45,2,8,,127603,17,0,34,2,2,,127446,28,0,46 43 44 3 45,2,48,,127438,17,0,34,2,2,,127647,28,0,46 43 44 3 45,2,8,,127572,17,0,34,2,2,,127613,28,0,46 43 44 3 45,2,8,,127453,17,0,34,2,2,,127449,28,0,46 43 44 3 45,2,8,,127489,17,0,34,2,2,,127649,28,0,46 43 44 3 45,2,8,,127534,17,0,34,2,2,,127616,28,0,46 43 44 3 45,2,8,,127622,17,0,34,2,2,,127555,28,0,46 43 44 3 45,2,48,,127645,17,0,34,2,2,,127644,28,0,46 43 44 3 45,2,8,,127617,17,0,34,2,2,,127464,28,0,46 43 44 3 45,2,4,,127549,28,,,2,4,,127561,17,0,34,2,4,,127506,28,0,46 43 44 3 45,2,7,,127507,17,0,34,2,3,,127517,28,0,46 43 44 3 45,2,7,,127653,17,0,34,2,3,,127541,28,0,46 43 44 3 45,2,7,,127487,17,0,34,2,3,,127504,28,0,46 43 44 3 45,2,47,,127573,17,0,34,2,3,,127494,28,0,46 43 44 3 45,2,2,,127556,17,,,2,5,,127635,17,0,34,2,3,,127498,28,0,46 43 44 3 45,2,7,,127451,17,0,34,2,3,,127469,28,0,46 43 44 3 45,2,7,,127488,17,0,34,2,3,,127486,28,0,46 43 44 3 45,2,7,,127457,17,0,34,2,3,,127618,28,0,46 43 44 3 45,2,7,,127597,17,0,34,2,3,,127482,28,0,46 43 44 3 45,2,47,,127535,17,0,34,2,3,,127501,28,0,46 43 44 3 45,2,7,,127475,17,0,34,2,3,,127491,28,0,46 43 44 3 45,2,7,,127524,17,0,34,2,3,,127533,28,0,46 43 44 3 45,2,7,,127599,17,0,34,2,3,,127476,28,0,46 43 44 3 45,2,7,,127602,17,0,34,2,3,,127560,28,0,46 43 44 3 45,2,7,,127497,17,0,34,2,3,,127460,28,0,46 43 44 3 45,2,47,,127470,17,0,34,2,3,,127499,28,0,46 43 44 3 45,2,7,,127609,17,0,34,2,3,,127505,28,0,46 43 44 3 45,2,7,,127452,17,0,34,2,3,,127559,28,0,46 43 44 3 45,2,7,,127441,17,0,34,2,3,,127478,28,0,46 43 44 3 45,2,7,,127552,17,0,34,2,3,,127447,28,0,46 43 44 3 45,2,7,,127586,17,0,34,2,3,,127598,28,0,46 43 44 3 45,2,47,,127480,17,0,34,2,3,,127571,28,0,46 43 44 3 45,2,7,,127461,17,0,34,2,3,,127550,28,0,46 43 44 3 45,2,5,,127509,28,,,2,2,,127473,17,0,34,2,8,,127637,28,0,46 43 44 3 45,2,2,,127554,17,0,34,2,10,,127548,17,0,34,2,3,,127540,28,0,46 43 44 3 45,2,2,,127625,17,,,2
50401,'5',545,,127664,17,0,34,2,7,,127807,30,0,46 43 44 3 45,2,7,,127753,17,0,34,2,47,,114510,30,0,46 43 44 3 45,2,7,,127801,17,0,34,2,7,,127873,30,0,46 43 44 3 45,2,7,,127884,17,0,34,2,7,,127805,28,0,46 43 44 3 45,2,7,,127707,17,0,34,2,7,,127827,28,0,46 43 44 3 45,2,7,,127766,17,0,34,2,47,,115489,28,0,46 43 44 3 45,2,7,,127874,17,0,34,2,7,,127700,28,0,46 43 44 3 45,2,7,,127706,17,0,34,2,7,,115402,28,0,46 43 44 3 45,2,7,,127858,17,0,34,2,7,,127883,28,0,46 43 44 3 45,2,7,,127843,17,0,34,2,7,,127759,28,0,46 43 44 3 45,2,47,,127732,17,0,34,2,7,,127806,28,0,46 43 44 3 45,2,7,,127717,17,0,34,2,7,,127815,28,0,46 43 44 3 45,2,7,,127763,17,0,34,2,7,,127838,28,0,46 43 44 3 45,2,7,,127731,17,0,34,2,7,,127903,28,0,46 43 44 3 45,2,47,,127730,17,0,34,2,7,,127748,28,0,46 43 44 3 45,2,7,,127854,17,0,34,2,5,,127786,17,0,34,2,4,,127671,28,0,46 43 44 3 45,2,9,,127803,17,0,34,2,5,,127772,28,0,46 43 44 3 45,2,7,,127866,17,0,34,2,3,,127738,28,0,46 43 44 3 45,2,7,,127881,17,0,34,2,4,,127797,28,0,46 43 44 3 45,2,46,,127834,17,0,34,2,3,,127747,28,0,46 43 44 3 45,2,7,,127899,17,0,34,2,3,,127829,28,0,46 43 44 3 45,2,7,,127875,17,0,34,2,3,,127760,28,0,46 43 44 3 45,2,7,,127726,17,0,34,2,3,,111972,28,0,46 43 44 3 45,2,7,,127849,17,0,34,2,3,,127851,28,0,46 43 44 3 45,2,7,,127719,17,0,34,2,3,,127888,28,0,46 43 44 3 45,2,47,,127754,17,0,34,2,3,,127762,28,0,46 43 44 3 45,2,7,,127715,17,0,34,2,3,,127845,28,0,46 43 44 3 45,2,7,,127809,17,0,34,2,3,,127790,28,0,46 43 44 3 45,2,7,,127694,17,0,34,2,3,,127822,28,0,46 43 44 3 45,2,7,,127780,17,0,34,2,3,,127894,28,0,46 43 44 3 45,2,7,,127859,17,0,34,2,3,,127692,28,0,46 43 44 3 45,2,47,,127839,17,0,34,2,3,,127746,28,0,46 43 44 3 45,2,8,,127708,17,0,34,2,5,,127823,28,0,46 43 44 3 45,2,8,,127765,17,0,34,2,9,,127761,28,0,46 43 44 3 45,2,2,,127788,17,0,34,2,8,,127868,28,0,46 43 44 3 45,2,2,,127741,17,0,34,2,8,,127733,28,0,46 43 44 3 45,2,42,,127773,17,0,34,2,8,,127816,28,0,46 43 44 3 45,2,2,,127896,17,0,34,2,8,,127835,28,0,46 43 44 3 45,2,2,,127693,17,0,34,2,8,,127825,28,0,46 43 44 3 45,2,2,,127900,17,0,34,2,8,,127794,28,0,46 43 44 3 45,2,2,,127841,17,0,34,2,8,,127770,28,0,46 43 44 3 45,2,2,,127799,17,0,34,2,8,,127850,28,0,46 43 44 3 45,2,42,,127688,17,0,34,2,8,,127734,28,0,46 43 44 3 45,2,2,,127895,17,0,34,2,8,,127818,28,0,46 43 44 3 45,2,2,,127889,17,0,34,2,8,,127869,28,0,46 43 44 3 45,2,2,,127756,17,0,34,2,8,,127681,28,0,46 43 44 3 45,2,2,,127857,17,0,34,2,8,,127848,28,0,46 43 44 3 45,2,2,,127861,17,0,34,2,8,,127703,28,0,46 43 44 3 45,2,42,,127831,17,0,34,2,8,,127691,28,0,46 43 44 3 45,2,2,,127811,17,0,34,2,8,,127812,28,0,46 43 44 3 45,2,2,,127814,17,0,34,2,8,,127819,28,0,46 43 44 3 45,2,2,,127676,17,0,34,2,8,,127755,28,0,46 43 44 3 45,2,2,,127745,17,0,34,2,8,,127690,28,0,46 43 44 3 45,2,2,,127860,17,0,34,2,8,,127728,28,0,46 43 44 3 45,2,42,,127804,17,0,34,2,8,,127709,28,0,46 43 44 3 45,2,2,,127758,17,0,34,2,8,,127678,28,0,46 43 44 3 45,2,2,,127672,17,0,34,2,8,,127863,28,0,46 43 44 3 45,2,2,,127768,17,0,34,2,8,,127670,28,0,46 43 44 3 45,2,2,,127856,17,0,34,2,8,,127722,28,0,46 43 44 3 45,2,2,,127702,17,0,34,2,8,,127802,28,0,46 43 44 3 45,2,42,,127677,17,0,34,2,8,,127813,28,0,46 43 44 3 45,2,2,,127711,17,0,34,2,8,,127686,28,0,46 43 44 3 45,2,2,,127877,17,0,34,2,8,,127684,28,0,46 43 44 3 45,2,2,,127810,17,0,34,2,8,,127870,28,0,46 43 44 3 45,2,2,,127892,17,0,34,2,8,,127887,28,0,46 43 44 3 45,2,2,,127695,17,0,34,2,8,,127685,28,0,46 43 44 3 45,2,42,,127837,17,0,34,2,8,,110984,28,0,46 43 44 3 45,2,2,,127785,17,0,34,2,8,,127668,28,0,46 43 44 3 45,2,2,,127808,17,0,34,2,8,,127740,28,0,46 43 44 3 45,2,2,,127724,17,0,34,2,8,,127853,28,0,46 43 44 3 45,2,2,,127744,17,0,34,2,8,,127750,28,0,46 43 44 3 45,2,2,,127891,17,0,34,2,8,,127897,28,0,46 43 44 3 45,2,42,,127820,17,0,34,2,5,,127833,28,0,46 43 44 3 45,2,5,,127847,17,0,34,2,3,,127764,17,,,2,2,,127898,28,0,46 43 44 3 45,2,7,,127705,17,0,34,2,1,,127855,28,0,46 43 44 3 45,2,8,,127793,17,0,34,2,2,,127701,28,0,46 43 44 3 45,2,8,,127828,17,0,34,2,2,,127864,28,0,46 43 44 3 45,2,8,,127723,17,0,34,2,2,,127876,28,0,46 43 44 3 45,2,48,,127710,17,0,34,2,2,,127879,28,0,46 43 44 3 45,2,8,,127727,17,0,34,2,2,,127736,28,0,46 43 44 3 45,2,8,,127842,17,0,34,2,2,,127721,28,0,46 43 44 3 45,2,8,,127798,17,0,34,2,2,,127901,28,0,46 43 44 3 45,2,8,,127683,17,0,34,2,2,,127697,28,0,46 43 44 3 45,2,8,,127663,17,0,34,2,2,,127893,28,0,46 43 44 3 45,2,48,,112125,17,0,34,2,2,,127775,28,0,46 43 44 3 45,2,8,,127749,17,0,34,2,2,,127704,28,0,46 43 44 3 45,2,8,,127679,17,0,34,2,2,,127836,28,0,46 43 44 3 45,2,8,,127821,17,0,34,2,2,,127675,28,0,46 43 44 3 45,2,8,,111968,17,0,34,2,2,,127885,28,0,46 43 44 3 45,2,8,,127757,17,0,34,2,2,,127844,28,0,46 43 44 3 45,2,48,,127716,17,0,34,2,2,,127882,28,0,46 43 44 3 45,2,8,,127751,17,0,34,2,2,,127682,28,0,46 43 44 3 45,2,4,,127735,28,,,2,4,,127720,17,0,34,2,5,,127743,28,0,46 43 44 3 45,2,6,,127783,17,0,34,2,3,,127840,28,0,46 43 44 3 45,2,7,,127742,17,0,34,2,3,,127800,28,0,46 43 44 3 45,2,7,,127878,17,0,34,2,3,,127852,28,0,46 43 44 3 45,2,47,,127665,17,0,34,2,3,,127902,28,0,46 43 44 3 45,2,2,,127769,17,,,2,5,,127669,17,0,34,2,3,,127739,28,0,46 43 44 3 45,2,7,,127886,17,0,34,2,3,,127905,28,0,46 43 44 3 45,2,7,,127791,17,0,34,2,3,,127767,28,0,46 43 44 3 45,2,7,,127662,17,0,34,2,3,,127817,28,0,46 43 44 3 45,2,7,,127699,17,0,34,2,3,,127832,28,0,46 43 44 3 45,2,47,,127689,17,0,34,2,3,,119816,28,0,46 43 44 3 45,2,7,,127774,17,0,34,2,3,,127862,28,0,46 43 44 3 45,2,7,,127674,17,0,34,2,3,,127782,28,0,46 43 44 3 45,2,7,,127789,17,0,34,2,3,,127792,28,0,46 43 44 3 45,2,7,,127846,17,0,34,2,3,,117042,28,0,46 43 44 3 45,2,7,,127781,17,0,34,2,3,,127718,28,0,46 43 44 3 45,2,47,,127771,17,0,34,2,3,,127784,28,0,46 43 44 3 45,2,7,,127824,17,0,34,2,3,,127904,28,0,46 43 44 3 45,2,7,,127696,17,0,34,2,3,,127752,28,0,46 43 44 3 45,2,7,,127680,17,0,34,2,3,,127713,28,0,46 43 44 3 45,2,7,,127787,17,0,34,2,3,,127826,28,0,46 43 44 3 45,2,7,,127687,17,0,34,2,3,,106935,28,0,46 43 44 3 45,2,47,,127737,17,0,34,2,3,,127712,28,0,46 43 44 3 45,2,7,,127867,17,0,34,2,3,,127778,28,0,46 43 44 3 45,2,5,,127725,28,,,2,2,,127865,17,0,34,2,8,,127776,28,0,46 43 44 3 45,2,2,,127890,17,0,34,2,10,,127796,17,0,34,2,1,,127698,28,0,46 43 44 3 45,2,7,,127777,17,,,2,7,,127872,28,0,46 43 44 3 45,2,43,,127673,17,,,2
50801,'1',805,,133756,28,0,43 44 3 45,2,20,,133761,28,0,43 44 3 45,2,8,,133750,28,0,43 44 3 45,2,10,,133752,28,0,43 44 3 45,2,10,,133763,28,0,43 44 3 45,2,50,,133764,28,0,43 44 3 45,2,20,,133760,28,0,43 44 3 45,2,680,,133755,22,0,43 44 3 45,2,20,,133754,22,0,43 44 3 45,2,10,,133759,22,0,43 44 3 45,2,10,,133762,22,0,43 44 3 45,2,10,,133749,22,0,43 44 3 45,2,50,,133745,22,0,43 44 3 45,2,20,,133747,22,0,43 44 3 45,2
