30401,'1',2704,,123818,43,0,34,2,10,,111237,43,0,34,2,10,,123804,43,0,34,2,10,,123825,43,0,34,2,10,,123819,43,0,34,2,10,,123811,43,0,34,2,50,,108615,43,0,34,2,10,,123820,43,0,34,2,10,,123808,43,0,34,2,10,,123815,43,0,34,2,10,,123814,43,0,34,2,10,,123823,43,0,34,2,50,,123821,43,0,34,2,10,,123806,43,0,34,2,10,,123807,43,0,34,2,15,,123824,43,0,34,2
30401,'2',2711,,123841,43,0,34,2,10,,120167,43,0,34,2,10,,123832,43,0,34,2,10,,123845,43,0,34,2,10,,123837,43,0,34,2,50,,123827,43,0,34,2,10,,123834,43,0,34,2,10,,123848,43,0,34,2,10,,123826,43,0,34,2,10,,123829,43,0,34,2,10,,123833,43,0,34,2,50,,123840,43,0,34,2,10,,123842,43,0,34,2,10,,123835,43,0,34,2,10,,123830,43,0,34,2,12,,123847,43,0,34,2
30401,'3',454,,123852,3,0,34,2,61,,123879,3,0,34,2,16,,123884,3,0,34,2,14,,123853,3,0,34,2,14,,123883,30,0,34,2,54,,123869,30,0,34,2,14,,123872,30,0,34,2,14,,123889,30,0,34,2,14,,123856,30,0,34,2,54,,123890,30,0,34,2,14,,123858,30,0,34,2,14,,123857,30,0,34,2,14,,123878,30,0,34,2,1962,,109438,43,0,34,2,10,,123882,43,0,34,2,10,,123875,43,0,34,2,10,,123849,43,0,34,2,10,,123893,43,0,34,2,50,,123873,43,0,34,2,10,,123892,43,0,34,2,10,,123850,43,0,34,2,10,,123877,43,0,34,2,10,,123881,43,0,34,2,10,,123865,43,0,34,2,50,,123864,43,0,34,2,10,,123859,43,0,34,2,10,,123868,43,0,34,2,10,,123867,43,0,34,2
30401,'5',2713,,123913,43,0,34,2,10,,123895,43,0,34,2,10,,123898,43,0,34,2,10,,123914,43,0,34,2,10,,123903,43,0,34,2,50,,123908,43,0,34,2,10,,123911,43,0,34,2,10,,123901,43,0,34,2,10,,123897,43,0,34,2,10,,123904,43,0,34,2,10,,123899,43,0,34,2,50,,123896,43,0,34,2,10,,123912,43,0,34,2,10,,123909,43,0,34,2,10,,123907,43,0,34,2
30501,'1',2542,,124045,35,0,34,2,60,,124039,35,0,34,2,15,,113773,35,0,34,2,15,,124047,35,0,34,2,15,,124041,35,0,34,2,60,,124038,35,0,34,2,20,,124037,35,0,34,2,20,,124044,35,0,34,2,60,,124036,35,0,34,2,20,,124046,35,0,34,2
30501,'2',2554,,124056,35,0,34,2,48,,124061,35,0,34,2,15,,121590,35,0,34,2,20,,124052,35,0,34,2,20,,118465,35,0,34,2,60,,124053,35,0,34,2,20,,124051,35,0,34,2,20,,124059,35,0,34,2,60,,124058,35,0,34,2,20,,124049,35,0,34,2,70,,124057,35,0,34,2,30,,124048,35,0,34,2
30501,'3',443,,124074,2,0,34,2,57,,124098,2,0,34,2,17,,124076,2,0,34,2,15,,124084,2,0,34,2,15,,124067,2,0,34,2,11,,124066,35,0,34,2,52,,124081,2,0,34,2,3,,124070,35,0,34,2,15,,124082,35,0,34,2,14,,124072,35,0,34,2,6,,124089,2,0,34,2,10,,124090,35,0,34,2,50,,124063,2,0,34,2,5,,124093,35,0,34,2,15,,124068,35,0,34,2,10,,124075,2,0,34,2,5,,124083,35,0,34,2,15,,124071,35,0,34,2,50,,124097,35,0,34,2,10,,124069,35,0,34,2,10,,124087,35,0,34,2,10,,124078,35,0,34,2,1711,,124096,35,0,34,2,10,,124073,35,0,34,2,50,,124091,35,0,34,2,10,,124086,35,0,34,2,12,,124095,35,0,34,2,20,,124094,35,0,34,2,60,,124085,35,0,34,2,20,,124079,35,0,34,2,10,,124092,35,0,34,2,70,,124077,35,0,34,2,30,,124065,35,0,34,2,70,,124062,35,0,34,2,20,,124088,35,0,34,2
30501,'5',2549,,124099,35,0,34,2,51,,92398,35,0,34,2,9,,124100,35,0,34,2,10,,124108,35,0,34,2,12,,124109,35,0,34,2,17,,118841,35,0,34,2,63,,124110,35,0,34,2,20,,124106,35,0,34,2,20,,124105,35,0,34,2,60,,124111,35,0,34,2,27,,124102,35,0,34,2,73,,124107,35,0,34,2,30,,124101,35,0,34,2
50401,'1',440,,127149,3,0,34,2,10,,127093,3,0,34,2,50,,127102,3,0,34,2,10,,127053,3,0,34,2,10,,126927,3,0,34,2,10,,106255,3,0,34,2,10,,127016,3,0,34,2,9,,127031,30,0,34,2,10,,127085,3,0,34,2,50,,127103,30,0,34,2,10,,127013,30,0,34,2,10,,127049,30,0,34,2,10,,110226,30,0,34,2,10,,126967,30,0,34,2,10,,127152,30,0,34,2,48,,126917,30,0,34,2,5,,109702,3,0,34,2,8,,127129,30,0,34,2,3,,127135,3,0,34,2,8,,126902,30,0,34,2,4,,127073,3,0,34,2,8,,120643,30,0,34,2,13,,126957,30,0,34,2,44,,127100,3,0,34,2,7,,126944,30,0,34,2,12,,127029,30,0,34,2,10,,126947,30,0,34,2,10,,127162,30,0,34,2,8,,126983,30,0,34,2,8,,127143,30,0,34,2,48,,127074,30,0,34,2,8,,126919,30,0,34,2,8,,127095,30,0,34,2,8,,126952,30,0,34,2,8,,127124,30,0,34,2,8,,126966,30,0,34,2,8,,127062,30,0,34,2,8,,127083,30,0,34,2,48,,127126,30,0,34,2,8,,126938,30,0,34,2,6,,127107,30,0,34,2,9,,127027,30,0,34,2,8,,126901,30,0,34,2,9,,127131,30,0,34,2,10,,126926,30,0,34,2,50,,127069,30,0,34,2,10,,127025,30,0,34,2,10,,127158,30,0,34,2,10,,127098,30,0,34,2,10,,127051,30,0,34,2,10,,126911,30,0,34,2,50,,127015,30,0,34,2,10,,127036,30,0,34,2,10,,126924,30,0,34,2,10,,127111,30,0,34,2,10,,126974,30,0,34,2,10,,126941,30,0,34,2,50,,127101,30,0,34,2,10,,126940,30,0,34,2,10,,127148,30,0,34,2,10,,127139,30,0,34,2,10,,126934,30,0,34,2,10,,127087,30,0,34,2,50,,126990,30,0,34,2,10,,127121,30,0,34,2,10,,126903,30,0,34,2,10,,127026,30,0,34,2,10,,127045,30,0,34,2,10,,126948,30,0,34,2,50,,127075,30,0,34,2,11,,127113,30,0,34,2,12,,126909,30,0,34,2,11,,127072,30,0,34,2,10,,126914,30,0,34,2,50,,126956,30,0,34,2,10,,126996,30,0,34,2,10,,126999,30,0,34,2,10,,127070,30,0,34,2,10,,126922,30,0,34,2,10,,126961,30,0,34,2,50,,126997,30,0,34,2,10,,126980,30,0,34,2,10,,127106,30,0,34,2,10,,127117,30,0,34,2,10,,127145,30,0,34,2,10,,126942,30,0,34,2,50,,126988,30,0,34,2,10,,127039,30,0,34,2,10,,127110,30,0,34,2,10,,127034,30,0,34,2,10,,126985,30,0,34,2,10,,126915,30,0,34,2,50,,127065,30,0,34,2,10,,126982,30,0,34,2,10,,127005,30,0,34,2,10,,127089,30,0,34,2,8,,126936,30,0,34,2,8,,127137,30,0,34,2,10,,127008,30,0,34,2,50,,127090,30,0,34,2,9,,126904,30,0,34,2,10,,126898,30,0,34,2,10,,127160,30,0,34,2,10,,127000,30,0,34,2,10,,126984,30,0,34,2,50,,127173,30,0,34,2,10,,126964,30,0,34,2,10,,127112,30,0,34,2,10,,127159,30,0,34,2,10,,127054,30,0,34,2,10,,126939,30,0,34,2,50,,127064,30,0,34,2,10,,126977,30,0,34,2,10,,126918,30,0,34,2,9,,127134,30,0,34,2,10,,126899,30,0,34,2,10,,127078,30,0,34,2,50,,122509,30,0,34,2,10,,104255,30,0,34,2,10,,127169,30,0,34,2,10,,127094,30,0,34,2,10,,127020,30,0,34,2,10,,126921,30,0,34,2,50,,127007,30,0,34,2,10,,127044,30,0,34,2,10,,127092,30,0,34,2,10,,127040,30,0,34,2,10,,127174,30,0,34,2,10,,127133,30,0,34,2,50,,126912,30,0,34,2,10,,127033,30,0,34,2,10,,127086,30,0,34,2,10,,127028,30,0,34,2,10,,127058,30,0,34,2,10,,127038,30,0,34,2,50,,127140,30,0,34,2,10,,127046,30,0,34,2,10,,126973,30,0,34,2,10,,127130,30,0,34,2,10,,127043,30,0,34,2,10,,127138,30,0,34,2
50401,'2',455,,127359,3,0,34,2,55,,127268,3,0,34,2,10,,127256,3,0,34,2,10,,127330,3,0,34,2,10,,127437,3,0,34,2,10,,127264,30,0,34,2,50,,127374,3,0,34,2,10,,127193,30,0,34,2,15,,127382,30,0,34,2,10,,127223,30,0,34,2,10,,127322,30,0,34,2,10,,127428,30,0,34,2,50,,127217,30,0,34,2,10,,127400,30,0,34,2,10,,127323,30,0,34,2,10,,127302,30,0,34,2,10,,127212,30,0,34,2,10,,127317,30,0,34,2,50,,127199,30,0,34,2,10,,127286,30,0,34,2,11,,127283,30,0,34,2,13,,127316,30,0,34,2,15,,127350,30,0,34,2,52,,111668,30,0,34,2,10,,127385,30,0,34,2,10,,127364,30,0,34,2,10,,127433,30,0,34,2,10,,127347,30,0,34,2,10,,127180,30,0,34,2,50,,127354,30,0,34,2,10,,127261,30,0,34,2,10,,127435,30,0,34,2,10,,127242,30,0,34,2,10,,127208,30,0,34,2,10,,127304,30,0,34,2,50,,127367,30,0,34,2,10,,127371,30,0,34,2,10,,127276,30,0,34,2,10,,127394,30,0,34,2,10,,127213,30,0,34,2,10,,127308,30,0,34,2,50,,127340,30,0,34,2,10,,127412,30,0,34,2,10,,127252,30,0,34,2,10,,127245,30,0,34,2,10,,120741,30,0,34,2,10,,127281,30,0,34,2,3,,127194,3,0,34,2,50,,127247,30,0,34,2,14,,127425,30,0,34,2,10,,127366,30,0,34,2,10,,127397,30,0,34,2,10,,127210,30,0,34,2,50,,127368,30,0,34,2,10,,127342,30,0,34,2,10,,127361,30,0,34,2,10,,127333,30,0,34,2,10,,127267,30,0,34,2,10,,127222,30,0,34,2,50,,127215,30,0,34,2,10,,127224,30,0,34,2,10,,127305,30,0,34,2,10,,127396,30,0,34,2,10,,127241,30,0,34,2,10,,127289,30,0,34,2,50,,127265,30,0,34,2,10,,127312,30,0,34,2,10,,127287,30,0,34,2,10,,127329,30,0,34,2,10,,127294,30,0,34,2,10,,127427,30,0,34,2,50,,127306,30,0,34,2,10,,127176,30,0,34,2,10,,127402,30,0,34,2,10,,127410,30,0,34,2,10,,127338,30,0,34,2,10,,127392,30,0,34,2,50,,127375,30,0,34,2,10,,127234,30,0,34,2,10,,127348,30,0,34,2,10,,127248,30,0,34,2,10,,127290,30,0,34,2,10,,127231,30,0,34,2,50,,127373,30,0,34,2,10,,127434,30,0,34,2,8,,127353,30,0,34,2,8,,127192,30,0,34,2,9,,127383,30,0,34,2,10,,127436,30,0,34,2,10,,127343,30,0,34,2,50,,127206,30,0,34,2,10,,127369,30,0,34,2,10,,127250,30,0,34,2,10,,127244,30,0,34,2,10,,127336,30,0,34,2,10,,127310,30,0,34,2,50,,127314,30,0,34,2,10,,127246,30,0,34,2,10,,127249,30,0,34,2,10,,101599,30,0,34,2,10,,127218,30,0,34,2,10,,127177,30,0,34,2,50,,118447,30,0,34,2,10,,127346,30,0,34,2,10,,127240,30,0,34,2,10,,127429,30,0,34,2,11,,127236,30,0,34,2,10,,127352,30,0,34,2,52,,127398,30,0,34,2,10,,127251,30,0,34,2,10,,108839,30,0,34,2,10,,127405,30,0,34,2,10,,127203,30,0,34,2,50,,127328,30,0,34,2,10,,127363,30,0,34,2,10,,127239,30,0,34,2,10,,127293,30,0,34,2,10,,117854,30,0,34,2,10,,127214,30,0,34,2,50,,127301,30,0,34,2,10,,127432,30,0,34,2,10,,127225,30,0,34,2,10,,127423,30,0,34,2,10,,127399,30,0,34,2,10,,127411,30,0,34,2,50,,127254,30,0,34,2,10,,127307,30,0,34,2,10,,127362,30,0,34,2,10,,127226,30,0,34,2,10,,127195,30,0,34,2,10,,127277,30,0,34,2,7,,127186,30,0,34,2
50401,'3',805,,127477,30,0,34,2,14,,127531,30,0,34,2,6,,127515,3,0,34,2,8,,127545,30,0,34,2,14,,127551,30,0,34,2,54,,127459,30,0,34,2,6,,127523,3,0,34,2,9,,127615,30,0,34,2,14,,121857,30,0,34,2,5,,127500,30,0,34,2,15,,127462,30,0,34,2,52,,127627,30,0,34,2,10,,127652,30,0,34,2,10,,127557,30,0,34,2,10,,127455,30,0,34,2,10,,127440,30,0,34,2,10,,127585,30,0,34,2,50,,127522,30,0,34,2,10,,127439,30,0,34,2,10,,127502,30,0,34,2,10,,127580,30,0,34,2,10,,127610,30,0,34,2,10,,127570,30,0,34,2,50,,127467,30,0,34,2,10,,127514,30,0,34,2,10,,127595,30,0,34,2,12,,127511,30,0,34,2,14,,127593,30,0,34,2,11,,127620,30,0,34,2,50,,127463,30,0,34,2,10,,127448,30,0,34,2,10,,127519,30,0,34,2,10,,116766,30,0,34,2,10,,127648,30,0,34,2,10,,127442,30,0,34,2,50,,127547,30,0,34,2,10,,127569,30,0,34,2,10,,127495,30,0,34,2,10,,127493,30,0,34,2,10,,127596,30,0,34,2,10,,127458,30,0,34,2,50,,127520,30,0,34,2,10,,127606,30,0,34,2,10,,127600,30,0,34,2,10,,127612,30,0,34,2,10,,127604,30,0,34,2,10,,127512,30,0,34,2,50,,127656,30,0,34,2,10,,127530,30,0,34,2,10,,127525,30,0,34,2,10,,127630,30,0,34,2,10,,127576,30,0,34,2,10,,127581,30,0,34,2,50,,127575,30,0,34,2,10,,127579,30,0,34,2,10,,127466,30,0,34,2,10,,127546,30,0,34,2,10,,127526,30,0,34,2,10,,127594,30,0,34,2,50,,127588,30,0,34,2,10,,127516,30,0,34,2,10,,127641,30,0,34,2,10,,127605,30,0,34,2,10,,127566,30,0,34,2,10,,127646,30,0,34,2,50,,127543,30,0,34,2,10,,127536,30,0,34,2,10,,127454,30,0,34,2,9,,127527,30,0,34,2,9,,127601,30,0,34,2,10,,127629,30,0,34,2,50,,127485,30,0,34,2,10,,127608,30,0,34,2,10,,127654,30,0,34,2,10,,127587,30,0,34,2,10,,127563,30,0,34,2,10,,127574,30,0,34,2,50,,127603,30,0,34,2,10,,127438,30,0,34,2,10,,127572,30,0,34,2,10,,127453,30,0,34,2,10,,127489,30,0,34,2,10,,127534,30,0,34,2,50,,127622,30,0,34,2,10,,127645,30,0,34,2,10,,127617,30,0,34,2,10,,127561,30,0,34,2,10,,127507,30,0,34,2,10,,127653,30,0,34,2,50,,127487,30,0,34,2,10,,127573,30,0,34,2,10,,127635,30,0,34,2,10,,127451,30,0,34,2,10,,127488,30,0,34,2,10,,127457,30,0,34,2,50,,127597,30,0,34,2,10,,127535,30,0,34,2,10,,127475,30,0,34,2,10,,127524,30,0,34,2,10,,127599,30,0,34,2,10,,127602,30,0,34,2,50,,127497,30,0,34,2,10,,127470,30,0,34,2,10,,127609,30,0,34,2,10,,127452,30,0,34,2,10,,127441,30,0,34,2,10,,127552,30,0,34,2,50,,127586,30,0,34,2,10,,127480,30,0,34,2,10,,127461,30,0,34,2,10,,127473,30,0,34,2,10,,127554,30,0,34,2,10,,127548,30,0,34,2
50401,'5',454,,127729,3,0,34,2,61,,127666,3,0,34,2,16,,127871,3,0,34,2,14,,119776,3,0,34,2,14,,127664,30,0,34,2,54,,127753,30,0,34,2,14,,127801,30,0,34,2,14,,127884,30,0,34,2,14,,127707,30,0,34,2,54,,127766,30,0,34,2,14,,127874,30,0,34,2,14,,127706,30,0,34,2,14,,127858,30,0,34,2,54,,127843,30,0,34,2,14,,127732,30,0,34,2,6,,127880,3,0,34,2,8,,127717,30,0,34,2,14,,127763,30,0,34,2,54,,127731,30,0,34,2,6,,127779,3,0,34,2,9,,127730,30,0,34,2,14,,127854,30,0,34,2,5,,127786,30,0,34,2,15,,127803,30,0,34,2,52,,127866,30,0,34,2,10,,127881,30,0,34,2,10,,127834,30,0,34,2,10,,127899,30,0,34,2,10,,127875,30,0,34,2,10,,127726,30,0,34,2,50,,127849,30,0,34,2,10,,127719,30,0,34,2,10,,127754,30,0,34,2,10,,127715,30,0,34,2,10,,127809,30,0,34,2,10,,127694,30,0,34,2,50,,127780,30,0,34,2,10,,127859,30,0,34,2,10,,127839,30,0,34,2,12,,127708,30,0,34,2,14,,127765,30,0,34,2,11,,127788,30,0,34,2,50,,127741,30,0,34,2,10,,127773,30,0,34,2,10,,127896,30,0,34,2,10,,127693,30,0,34,2,10,,127900,30,0,34,2,10,,127841,30,0,34,2,50,,127799,30,0,34,2,10,,127688,30,0,34,2,10,,127895,30,0,34,2,10,,127889,30,0,34,2,10,,127756,30,0,34,2,10,,127857,30,0,34,2,50,,127861,30,0,34,2,10,,127831,30,0,34,2,10,,127811,30,0,34,2,10,,127814,30,0,34,2,10,,127676,30,0,34,2,10,,127745,30,0,34,2,50,,127860,30,0,34,2,10,,127804,30,0,34,2,10,,127758,30,0,34,2,10,,127672,30,0,34,2,10,,127768,30,0,34,2,10,,127856,30,0,34,2,50,,127702,30,0,34,2,10,,127677,30,0,34,2,10,,127711,30,0,34,2,10,,127877,30,0,34,2,10,,127810,30,0,34,2,10,,127892,30,0,34,2,50,,127695,30,0,34,2,10,,127837,30,0,34,2,10,,127785,30,0,34,2,10,,127808,30,0,34,2,10,,127724,30,0,34,2,10,,127744,30,0,34,2,50,,127891,30,0,34,2,10,,127820,30,0,34,2,10,,127847,30,0,34,2,9,,127705,30,0,34,2,9,,127793,30,0,34,2,10,,127828,30,0,34,2,50,,127723,30,0,34,2,10,,127710,30,0,34,2,10,,127727,30,0,34,2,10,,127842,30,0,34,2,10,,127798,30,0,34,2,10,,127683,30,0,34,2,50,,127663,30,0,34,2,10,,112125,30,0,34,2,10,,127749,30,0,34,2,10,,127679,30,0,34,2,10,,127821,30,0,34,2,10,,111968,30,0,34,2,50,,127757,30,0,34,2,10,,127716,30,0,34,2,10,,127751,30,0,34,2,10,,127720,30,0,34,2,10,,127783,30,0,34,2,10,,127742,30,0,34,2,50,,127878,30,0,34,2,10,,127665,30,0,34,2,10,,127669,30,0,34,2,10,,127886,30,0,34,2,10,,127791,30,0,34,2,10,,127662,30,0,34,2,50,,127699,30,0,34,2,10,,127689,30,0,34,2,10,,127774,30,0,34,2,10,,127674,30,0,34,2,10,,127789,30,0,34,2,10,,127846,30,0,34,2,50,,127781,30,0,34,2,10,,127771,30,0,34,2,10,,127824,30,0,34,2,10,,127696,30,0,34,2,10,,127680,30,0,34,2,10,,127787,30,0,34,2,50,,127687,30,0,34,2,10,,127737,30,0,34,2,10,,127867,30,0,34,2,10,,127865,30,0,34,2,10,,127890,30,0,34,2,10,,127796,30,0,34,2
50501,'1',414,,128967,2,0,34,2,11,,128920,2,0,34,2,5,,128996,2,0,34,2,5,,129077,2,0,34,2,10,,129097,2,0,34,2,10,,129099,2,0,34,2,50,,129093,2,0,34,2,10,,128995,2,0,34,2,11,,129040,2,0,34,2,11,,129084,2,0,34,2,12,,128919,2,0,34,2,7,,129032,2,0,34,2,49,,128952,34,0,34,2,12,,129060,34,0,34,2,10,,128980,34,0,34,2,9,,129001,33,0,34,2,10,,129025,33,0,34,2,10,,129049,33,0,34,2,47,,129051,2,0,34,2,3,,129046,33,0,34,2,10,,128988,33,0,34,2,10,,128955,33,0,34,2,10,,129067,33,0,34,2,4,,129006,2,0,34,2,6,,128981,33,0,34,2,4,,128942,2,0,34,2,6,,129092,33,0,34,2,50,,128931,33,0,34,2,9,,129070,2,0,34,2,3,,128937,33,0,34,2,7,,129017,2,0,34,2,1,,128968,33,0,34,2,6,,128918,33,0,34,2,6,,129042,33,0,34,2,6,,129022,33,0,34,2,6,,129101,33,0,34,2,6,,128960,33,0,34,2,46,,128983,33,0,34,2,6,,129044,33,0,34,2,6,,129018,33,0,34,2,6,,129014,33,0,34,2,6,,129003,33,0,34,2,6,,129000,33,0,34,2,6,,129013,33,0,34,2,6,,129036,33,0,34,2,6,,128986,33,0,34,2,6,,128985,33,0,34,2,46,,129037,33,0,34,2,6,,128975,33,0,34,2,6,,129002,33,0,34,2,6,,129016,33,0,34,2,7,,128958,2,0,34,2,3,,129034,33,0,34,2,6,,129053,33,0,34,2,6,,129019,33,0,34,2,6,,129058,33,0,34,2,6,,129007,33,0,34,2,46,,129038,33,0,34,2,6,,129026,33,0,34,2,6,,128928,33,0,34,2,6,,129009,33,0,34,2,6,,129082,33,0,34,2,6,,129069,33,0,34,2,6,,128965,33,0,34,2,6,,128950,33,0,34,2,6,,129074,33,0,34,2,6,,119891,33,0,34,2,46,,129090,33,0,34,2,6,,129088,33,0,34,2,6,,112361,33,0,34,2,6,,129073,33,0,34,2,6,,129047,33,0,34,2,6,,128991,33,0,34,2,6,,128923,33,0,34,2,6,,129078,33,0,34,2,6,,129030,33,0,34,2,6,,129045,33,0,34,2,46,,129062,33,0,34,2,6,,129095,33,0,34,2,6,,128961,33,0,34,2,6,,128939,33,0,34,2,6,,129008,33,0,34,2,6,,129094,33,0,34,2,6,,129080,33,0,34,2,6,,128979,33,0,34,2,6,,128951,33,0,34,2,6,,129029,33,0,34,2,46,,128974,33,0,34,2,6,,128997,33,0,34,2,6,,128944,33,0,34,2,6,,128982,33,0,34,2,3,,129065,2,0,34,2,3,,129050,33,0,34,2,6,,128933,33,0,34,2,6,,128930,33,0,34,2,6,,128978,33,0,34,2,6,,128970,33,0,34,2,6,,111265,33,0,34,2,46,,128956,33,0,34,2,8,,128927,33,0,34,2,9,,128946,33,0,34,2,6,,128932,33,0,34,2,6,,129027,2,0,34,2,2,,129041,33,0,34,2,6,,128943,33,0,34,2,6,,129043,33,0,34,2,6,,128993,33,0,34,2,6,,128957,33,0,34,2,46,,128990,33,0,34,2,6,,128925,33,0,34,2,6,,128935,33,0,34,2,6,,129096,33,0,34,2,6,,128962,33,0,34,2,6,,128938,33,0,34,2,6,,128948,33,0,34,2,6,,128971,33,0,34,2,6,,129089,33,0,34,2,6,,129015,33,0,34,2,46,,128984,33,0,34,2,6,,129087,33,0,34,2,6,,129063,33,0,34,2,6,,128949,33,0,34,2,6,,129033,33,0,34,2,6,,128936,33,0,34,2,6,,129068,33,0,34,2,6,,129064,33,0,34,2,6,,129021,33,0,34,2,6,,129056,33,0,34,2,46,,129079,33,0,34,2,6,,128999,33,0,34,2,6,,128994,33,0,34,2,6,,128969,33,0,34,2,6,,128924,33,0,34,2,6,,129057,33,0,34,2,6,,129012,33,0,34,2,6,,128941,33,0,34,2,6,,128992,33,0,34,2,6,,129039,33,0,34,2,46,,118389,33,0,34,2,6,,128926,33,0,34,2,6,,129100,33,0,34,2,6,,129023,33,0,34,2,6,,129071,33,0,34,2,6,,129098,33,0,34,2,6,,129085,33,0,34,2,6,,129010,33,0,34,2,6,,128921,33,0,34,2,6,,128947,33,0,34,2,47,,129054,33,0,34,2,8,,128963,33,0,34,2,7,,129086,33,0,34,2,7,,129059,33,0,34,2,10,,128964,33,0,34,2,10,,128972,33,0,34,2,10,,129031,33,0,34,2,50,,129028,33,0,34,2,10,,129091,33,0,34,2,10,,129076,33,0,34,2,10,,128934,33,0,34,2,10,,128945,33,0,34,2,10,,129011,33,0,34,2,50,,129075,33,0,34,2,10,,129020,33,0,34,2,13,,119905,33,0,34,2,11,,128953,33,0,34,2,10,,129072,33,0,34,2,10,,129083,33,0,34,2,50,,128929,33,0,34,2,10,,129048,33,0,34,2,10,,128977,33,0,34,2,10,,128973,33,0,34,2,10,,129061,33,0,34,2,10,,129066,33,0,34,2,50,,129004,33,0,34,2,10,,128959,33,0,34,2,10,,129052,33,0,34,2,10,,128998,33,0,34,2,10,,129024,33,0,34,2,10,,129055,33,0,34,2,50,,110189,33,0,34,2,10,,128922,33,0,34,2,10,,129035,33,0,34,2,10,,129005,33,0,34,2
50501,'2',450,,129158,2,0,34,2,6,,129181,2,0,34,2,50,,129151,2,0,34,2,10,,129249,2,0,34,2,10,,129152,2,0,34,2,10,,129168,2,0,34,2,10,,129266,2,0,34,2,8,,129258,2,0,34,2,3,,129223,34,0,34,2,55,,129233,34,0,34,2,10,,129132,34,0,34,2,10,,129221,34,0,34,2,9,,129250,33,0,34,2,10,,129196,33,0,34,2,50,,129256,33,0,34,2,10,,129270,33,0,34,2,10,,129247,33,0,34,2,10,,129212,33,0,34,2,10,,129135,33,0,34,2,10,,129267,33,0,34,2,7,,94230,2,0,34,2,46,,129264,33,0,34,2,10,,129106,2,0,34,2,2,,129183,33,0,34,2,9,,129197,2,0,34,2,1,,129124,33,0,34,2,11,,129144,2,0,34,2,2,,129178,33,0,34,2,7,,129116,2,0,34,2,5,,129198,33,0,34,2,8,,129133,33,0,34,2,46,,129136,33,0,34,2,6,,129193,33,0,34,2,6,,129253,33,0,34,2,6,,129237,33,0,34,2,6,,129146,33,0,34,2,6,,129137,33,0,34,2,6,,129201,33,0,34,2,6,,129243,33,0,34,2,6,,129123,33,0,34,2,6,,129204,33,0,34,2,46,,129259,33,0,34,2,6,,129140,33,0,34,2,6,,129180,33,0,34,2,6,,129110,33,0,34,2,6,,108184,33,0,34,2,6,,129228,33,0,34,2,6,,129227,33,0,34,2,6,,129235,33,0,34,2,6,,129143,33,0,34,2,6,,129167,33,0,34,2,46,,129159,33,0,34,2,6,,129177,33,0,34,2,6,,129251,33,0,34,2,6,,120168,33,0,34,2,6,,129171,33,0,34,2,6,,129254,33,0,34,2,6,,114916,33,0,34,2,6,,129224,33,0,34,2,6,,129113,33,0,34,2,6,,129262,33,0,34,2,46,,129156,33,0,34,2,6,,108835,33,0,34,2,6,,129118,33,0,34,2,6,,129127,33,0,34,2,6,,129242,33,0,34,2,8,,129239,33,0,34,2,6,,129138,2,0,34,2,4,,129165,33,0,34,2,7,,129104,33,0,34,2,5,,129184,33,0,34,2,46,,129232,33,0,34,2,6,,129172,33,0,34,2,6,,129169,33,0,34,2,6,,129214,33,0,34,2,6,,114047,33,0,34,2,6,,129222,33,0,34,2,6,,129203,33,0,34,2,6,,129122,33,0,34,2,6,,129107,33,0,34,2,6,,129188,33,0,34,2,46,,129162,33,0,34,2,6,,129170,33,0,34,2,6,,129210,33,0,34,2,6,,129111,33,0,34,2,6,,129268,33,0,34,2,6,,129238,33,0,34,2,6,,129240,33,0,34,2,6,,129205,33,0,34,2,6,,129109,33,0,34,2,6,,129213,33,0,34,2,46,,129192,33,0,34,2,6,,129187,33,0,34,2,6,,129265,33,0,34,2,6,,129202,33,0,34,2,6,,129215,33,0,34,2,6,,129164,33,0,34,2,6,,129141,33,0,34,2,6,,129185,33,0,34,2,6,,129244,33,0,34,2,6,,114970,33,0,34,2,46,,129160,33,0,34,2,6,,117354,33,0,34,2,6,,129269,33,0,34,2,6,,129174,33,0,34,2,6,,129257,33,0,34,2,6,,129176,33,0,34,2,6,,129175,33,0,34,2,6,,129149,33,0,34,2,6,,129260,33,0,34,2,6,,129246,33,0,34,2,46,,129219,33,0,34,2,6,,129252,33,0,34,2,6,,129150,33,0,34,2,6,,129145,33,0,34,2,6,,129218,33,0,34,2,6,,129163,33,0,34,2,6,,129226,33,0,34,2,6,,129103,33,0,34,2,6,,129245,33,0,34,2,6,,129225,33,0,34,2,46,,129108,33,0,34,2,6,,129166,33,0,34,2,6,,129190,33,0,34,2,6,,129216,33,0,34,2,6,,129157,33,0,34,2,6,,129120,33,0,34,2,6,,129248,33,0,34,2,6,,129255,33,0,34,2,6,,129236,33,0,34,2,6,,129217,33,0,34,2,46,,129207,33,0,34,2,6,,129209,33,0,34,2,6,,129154,33,0,34,2,6,,129102,33,0,34,2,6,,129195,33,0,34,2,8,,129263,33,0,34,2,9,,129220,33,0,34,2,8,,129142,33,0,34,2,48,,129191,33,0,34,2,10,,129194,33,0,34,2,10,,129121,33,0,34,2,10,,129161,33,0,34,2,10,,129231,33,0,34,2,10,,129134,33,0,34,2,50,,129189,33,0,34,2,10,,129229,33,0,34,2,10,,129125,33,0,34,2,10,,129115,33,0,34,2,10,,129182,33,0,34,2,10,,129206,33,0,34,2,50,,129131,33,0,34,2,10,,129179,33,0,34,2,10,,129129,33,0,34,2,8,,129199,33,0,34,2,7,,129112,33,0,34,2,9,,129126,33,0,34,2,12,,129211,33,0,34,2,50,,129147,33,0,34,2,10,,129130,33,0,34,2,10,,129153,33,0,34,2,10,,129148,33,0,34,2,10,,129261,33,0,34,2,10,,129105,33,0,34,2,50,,129186,33,0,34,2,10,,129114,33,0,34,2,10,,129200,33,0,34,2,10,,129234,33,0,34,2,10,,129230,33,0,34,2,10,,129173,33,0,34,2,50,,129119,33,0,34,2,9,,129128,33,0,34,2,14,,110619,33,0,34,2,13,,129139,33,0,34,2
50501,'3',848,,129289,33,0,34,2,4,,129409,2,0,34,2,6,,129341,33,0,34,2,47,,129380,2,0,34,2,3,,129306,33,0,34,2,10,,114126,33,0,34,2,6,,129302,2,0,34,2,6,,129400,2,0,34,2,1,,129398,33,0,34,2,6,,129309,2,0,34,2,7,,129314,33,0,34,2,10,,129285,2,0,34,2,1,,129276,33,0,34,2,46,,129284,33,0,34,2,6,,129288,33,0,34,2,6,,129406,33,0,34,2,6,,129275,33,0,34,2,6,,129295,33,0,34,2,6,,129371,33,0,34,2,6,,129383,33,0,34,2,6,,129300,33,0,34,2,6,,129282,33,0,34,2,6,,129361,33,0,34,2,46,,120973,33,0,34,2,6,,129287,33,0,34,2,6,,129402,33,0,34,2,6,,123125,33,0,34,2,6,,117516,33,0,34,2,6,,129286,33,0,34,2,6,,129293,33,0,34,2,6,,129375,33,0,34,2,6,,129297,33,0,34,2,6,,129310,33,0,34,2,46,,129397,33,0,34,2,6,,129273,33,0,34,2,6,,129351,33,0,34,2,8,,129365,33,0,34,2,6,,129388,33,0,34,2,7,,129278,2,0,34,2,1,,129340,33,0,34,2,6,,129339,33,0,34,2,10,,129345,33,0,34,2,6,,129360,33,0,34,2,46,,129396,33,0,34,2,6,,129290,33,0,34,2,6,,129317,33,0,34,2,6,,129389,33,0,34,2,6,,129296,33,0,34,2,6,,129358,33,0,34,2,6,,129324,33,0,34,2,6,,129329,33,0,34,2,6,,129363,33,0,34,2,6,,129405,33,0,34,2,46,,129281,33,0,34,2,6,,129373,33,0,34,2,6,,129391,33,0,34,2,6,,129321,33,0,34,2,6,,129349,33,0,34,2,6,,129379,33,0,34,2,6,,129395,33,0,34,2,6,,129356,33,0,34,2,6,,116727,33,0,34,2,6,,129362,33,0,34,2,46,,129331,33,0,34,2,6,,129343,33,0,34,2,6,,129378,33,0,34,2,6,,117956,33,0,34,2,6,,129392,33,0,34,2,6,,129410,33,0,34,2,6,,129299,33,0,34,2,6,,129308,33,0,34,2,6,,129320,33,0,34,2,6,,129407,33,0,34,2,46,,129277,33,0,34,2,6,,129376,33,0,34,2,6,,129336,33,0,34,2,6,,129347,33,0,34,2,6,,129386,33,0,34,2,6,,129382,33,0,34,2,6,,129412,33,0,34,2,6,,129279,33,0,34,2,6,,129305,33,0,34,2,6,,129301,33,0,34,2,46,,129377,33,0,34,2,6,,129384,33,0,34,2,6,,129325,33,0,34,2,6,,129348,33,0,34,2,6,,129323,33,0,34,2,6,,129374,33,0,34,2,6,,129338,33,0,34,2,6,,129387,33,0,34,2,6,,129414,33,0,34,2,6,,129272,33,0,34,2,46,,129364,33,0,34,2,6,,129372,33,0,34,2,6,,129319,33,0,34,2,6,,129353,33,0,34,2,6,,129367,33,0,34,2,6,,129327,33,0,34,2,6,,129354,33,0,34,2,6,,129291,33,0,34,2,6,,129335,33,0,34,2,6,,129274,33,0,34,2,46,,129385,33,0,34,2,6,,129399,33,0,34,2,6,,129333,33,0,34,2,6,,129334,33,0,34,2,6,,129357,33,0,34,2,6,,129394,33,0,34,2,6,,129366,33,0,34,2,6,,129344,33,0,34,2,6,,129294,33,0,34,2,4,,129298,33,0,34,2,48,,129280,33,0,34,2,8,,129304,33,0,34,2,10,,129332,33,0,34,2,10,,129311,33,0,34,2,10,,129330,33,0,34,2,10,,129352,33,0,34,2,50,,129393,33,0,34,2,10,,129355,33,0,34,2,10,,129318,33,0,34,2,10,,129322,33,0,34,2,10,,111805,33,0,34,2,10,,129315,33,0,34,2,50,,129403,33,0,34,2,10,,129283,33,0,34,2,10,,129350,33,0,34,2,7,,129271,33,0,34,2,7,,129326,33,0,34,2,8,,129337,33,0,34,2,9,,129369,33,0,34,2,50,,129413,33,0,34,2,10,,129359,33,0,34,2,10,,129368,33,0,34,2,10,,129411,33,0,34,2,10,,116858,33,0,34,2,10,,110727,33,0,34,2,50,,129408,33,0,34,2,10,,129313,33,0,34,2,10,,129390,33,0,34,2,10,,129404,33,0,34,2,10,,129303,33,0,34,2,10,,129307,33,0,34,2,50,,129316,33,0,34,2,10,,129292,33,0,34,2,10,,123160,33,0,34,2,20,,129401,33,0,34,2
50501,'5',438,,129538,2,0,34,2,62,,129573,2,0,34,2,15,,129526,2,0,34,2,15,,129432,2,0,34,2,15,,129571,2,0,34,2,14,,129504,34,0,34,2,51,,109553,2,0,34,2,10,,129426,34,0,34,2,10,,129475,2,0,34,2,5,,129486,34,0,34,2,14,,129581,33,0,34,2,53,,129510,2,0,34,2,2,,129423,33,0,34,2,15,,129430,33,0,34,2,11,,129419,2,0,34,2,4,,129543,33,0,34,2,14,,129519,33,0,34,2,10,,129442,33,0,34,2,50,,129459,33,0,34,2,10,,129559,33,0,34,2,10,,129415,33,0,34,2,10,,129576,33,0,34,2,10,,129567,33,0,34,2,4,,129465,2,0,34,2,6,,129531,33,0,34,2,47,,129484,2,0,34,2,3,,129539,33,0,34,2,10,,129456,33,0,34,2,6,,129444,2,0,34,2,6,,129492,2,0,34,2,1,,129491,33,0,34,2,6,,129509,2,0,34,2,7,,129479,33,0,34,2,10,,129561,2,0,34,2,1,,129450,33,0,34,2,46,,129481,33,0,34,2,6,,129435,33,0,34,2,6,,129422,33,0,34,2,6,,129555,33,0,34,2,6,,114431,33,0,34,2,6,,129472,33,0,34,2,6,,129474,33,0,34,2,6,,129477,33,0,34,2,6,,129483,33,0,34,2,6,,129577,33,0,34,2,46,,129498,33,0,34,2,6,,129570,33,0,34,2,6,,129439,33,0,34,2,6,,129542,33,0,34,2,6,,129537,33,0,34,2,6,,129508,33,0,34,2,6,,129499,33,0,34,2,6,,129518,33,0,34,2,6,,129473,33,0,34,2,6,,110997,33,0,34,2,46,,129541,33,0,34,2,6,,129503,33,0,34,2,6,,129569,33,0,34,2,8,,129515,33,0,34,2,6,,129478,33,0,34,2,7,,129521,2,0,34,2,1,,129533,33,0,34,2,6,,129429,33,0,34,2,10,,129580,33,0,34,2,6,,129421,33,0,34,2,46,,129448,33,0,34,2,6,,129560,33,0,34,2,6,,129522,33,0,34,2,6,,129446,33,0,34,2,6,,129470,33,0,34,2,6,,129556,33,0,34,2,6,,129436,33,0,34,2,6,,129495,33,0,34,2,6,,129502,33,0,34,2,6,,129497,33,0,34,2,46,,129488,33,0,34,2,6,,129487,33,0,34,2,6,,129468,33,0,34,2,6,,129428,33,0,34,2,6,,129505,33,0,34,2,6,,129566,33,0,34,2,6,,111131,33,0,34,2,6,,129420,33,0,34,2,6,,129501,33,0,34,2,6,,129463,33,0,34,2,46,,129554,33,0,34,2,6,,129557,33,0,34,2,6,,129523,33,0,34,2,6,,129460,33,0,34,2,6,,129513,33,0,34,2,6,,129416,33,0,34,2,6,,129449,33,0,34,2,6,,129568,33,0,34,2,6,,108462,33,0,34,2,6,,129453,33,0,34,2,46,,129582,33,0,34,2,6,,129418,33,0,34,2,6,,129471,33,0,34,2,6,,129536,33,0,34,2,6,,129548,33,0,34,2,6,,129564,33,0,34,2,6,,129558,33,0,34,2,6,,129525,33,0,34,2,6,,129445,33,0,34,2,6,,129532,33,0,34,2,46,,120395,33,0,34,2,6,,129550,33,0,34,2,6,,129514,33,0,34,2,6,,129562,33,0,34,2,6,,129511,33,0,34,2,6,,129551,33,0,34,2,6,,129466,33,0,34,2,6,,129517,33,0,34,2,6,,129565,33,0,34,2,6,,114460,33,0,34,2,46,,129544,33,0,34,2,6,,129454,33,0,34,2,6,,129458,33,0,34,2,6,,129545,33,0,34,2,6,,129424,33,0,34,2,6,,129464,33,0,34,2,6,,129433,33,0,34,2,6,,129494,33,0,34,2,6,,129476,33,0,34,2,6,,129425,33,0,34,2,46,,129507,33,0,34,2,6,,129500,33,0,34,2,6,,129493,33,0,34,2,6,,129524,33,0,34,2,6,,129455,33,0,34,2,6,,129553,33,0,34,2,6,,129443,33,0,34,2,6,,129547,33,0,34,2,6,,129563,33,0,34,2,4,,129520,33,0,34,2,48,,129506,33,0,34,2,8,,129490,33,0,34,2,10,,129540,33,0,34,2,10,,129572,33,0,34,2,10,,129512,33,0,34,2,10,,129516,33,0,34,2,50,,129451,33,0,34,2,10,,129530,33,0,34,2,10,,129482,33,0,34,2,10,,129485,33,0,34,2,10,,129452,33,0,34,2,10,,129438,33,0,34,2,50,,129440,33,0,34,2,10,,122226,33,0,34,2,10,,129434,33,0,34,2,7,,129441,33,0,34,2,7,,129437,33,0,34,2,8,,129546,33,0,34,2,9,,129480,33,0,34,2,50,,129461,33,0,34,2,10,,129578,33,0,34,2,10,,129467,33,0,34,2,10,,129417,33,0,34,2,10,,129574,33,0,34,2,10,,129534,33,0,34,2,50,,129549,33,0,34,2,10,,129529,33,0,34,2,10,,129489,33,0,34,2,10,,129552,33,0,34,2,10,,129575,33,0,34,2,10,,129579,33,0,34,2,49,,129528,33,0,34,2,11,,129535,33,0,34,2,10,,129527,33,0,34,2
