31003,'1',2526,,124454,1,0,18 7,2,10,,124464,1,0,18 7,2,9,,124466,1,0,19,2,8,,124455,1,0,18 7,2,60,,124458,1,0,18 7,2,20,,124457,1,0,18 7,2,20,,124459,1,0,18 7,2,60,,124462,1,0,18 7,2,20,,124467,1,0,18 7,2,20,,124463,1,0,18 7,2,60,,124461,1,0,18 7,2,20,,124468,1,0,18 7,2,20,,124460,1,0,18 7,2,60,,124465,1,0,18 7,2,20,,124456,1,0,19,2
31003,'2',2532,,124477,1,0,18 7,2,10,,124471,1,0,19,2,13,,124480,1,0,18 7,2,55,,124478,1,0,18 7,2,20,,124476,1,0,18 7,2,20,,124470,1,0,18 7,2,60,,124479,1,0,18 7,2,20,,124475,1,0,18 7,2,20,,124481,1,0,18 7,2,60,,124473,1,0,18 7,2,20,,124469,1,0,18 7,2,20,,124474,1,0,18 7,2,60,,124472,1,0,18 7,2
31003,'3',525,,124489,1,0,18 7,2,16,,124485,1,0,18 7,2,15,,124484,1,0,18 7,2,55,,124498,1,0,18 7,2,15,,124490,1,0,18 7,2,15,,124507,1,0,18 7,2,15,,124502,1,0,18 7,2,55,,124487,1,0,18 7,2,15,,124492,1,0,18 7,2,1794,,124486,1,0,19,2,10,,118030,1,0,18 7,2,10,,124506,1,0,19,2,10,,124495,1,0,18 7,2,60,,124503,1,0,18 7,2,20,,124501,1,0,18 7,2,20,,124493,1,0,18 7,2,60,,124496,1,0,18 7,2,20,,124499,1,0,18 7,2,20,,124482,1,0,18 7,2,60,,124483,1,0,18 7,2,20,,124491,1,0,18 7,2,20,,124497,1,0,18 7,2,60,,124488,1,0,18 7,2
31003,'5',2520,,124510,1,0,19,2,10,,124516,1,0,18 7,2,10,,124518,1,0,19,2,10,,124512,1,0,18 7,2,60,,124517,1,0,18 7,2,20,,124511,1,0,18 7,2,20,,124515,1,0,18 7,2,60,,124508,1,0,18 7,2,20,,124514,1,0,18 7,2,20,,124513,1,0,18 7,2,60,,124521,1,0,18 7,2,20,,124509,1,0,18 7,2,20,,124520,1,0,18 7,2,60,,124519,1,0,18 7,2
31004,'1',2553,,124525,17,4,,2,60,,124534,17,4,,2,20,,124537,17,4,,2,20,,124536,17,4,,2,60,,124522,17,4,,2,20,,124530,17,4,,2,20,,124535,17,4,,2,60,,124529,17,4,,2,20,,124532,17,4,,2,20,,124526,17,4,,2,60,,124528,17,4,,2,20,,124538,17,4,,2
31004,'2',2555,,124549,17,4,,2,55,,124548,17,4,,2,20,,124546,17,4,,2,20,,124542,17,4,,2,60,,124547,17,4,,2,20,,124552,17,4,,2,20,,124545,17,4,,2,60,,124551,17,4,,2,20,,124540,17,4,,2,20,,124539,17,4,,2,60,,108264,17,4,,2
31004,'3',525,,124572,17,4,,2,16,,124553,17,4,,2,15,,124575,17,4,,2,55,,124570,17,4,,2,10,,124557,17,4,,2,20,,124577,17,4,,2,15,,124564,17,4,,2,55,,124574,17,4,,2,15,,124571,17,4,,2,15,,124568,17,4,,2,15,,124569,17,4,,2,1794,,124566,17,4,,2,60,,124555,17,4,,2,20,,124563,17,4,,2,20,,124576,17,4,,2,60,,124554,17,4,,2,20,,124578,17,4,,2,20,,124560,17,4,,2,60,,124558,17,4,,2,20,,124573,17,4,,2,20,,124567,17,4,,2,60,,124565,17,4,,2
31004,'5',2550,,124590,17,4,,2,60,,124581,17,4,,2,20,,124579,17,4,,2,20,,124582,17,4,,2,60,,124588,17,4,,2,20,,124586,17,4,,2,20,,123400,17,4,,2,60,,124585,17,4,,2,20,,124589,17,4,,2,20,,124592,17,4,,2,60,,124591,17,4,,2
50901,'1',606,,133865,12,4,,2,10,,133855,12,4,,2,10,,133790,12,4,,2,10,,133789,12,4,,2,10,,133854,12,4,,2,10,,133793,12,4,,2,50,,133864,12,4,,2,10,,133847,12,4,,2,11,,133826,12,4,,2,9,,133873,12,4,,2,9,,133862,12,4,,2,9,,133860,12,4,,2,49,,133819,12,4,,2,9,,133817,12,4,,2,9,,133892,12,4,,2,9,,133874,12,4,,2,9,,119223,12,4,,2,9,,133866,12,4,,2,9,,133806,12,4,,2,49,,133832,12,4,,2,9,,133823,12,4,,2,9,,133899,12,4,,2,9,,133871,12,4,,2,9,,133894,12,4,,2,9,,133882,12,4,,2,49,,133883,12,4,,2,9,,133822,12,4,,2,9,,133816,12,4,,2,9,,133787,12,4,,2,9,,133786,12,4,,2,9,,121412,12,4,,2,9,,133839,12,4,,2,49,,133867,12,4,,2,9,,122446,12,4,,2,9,,133863,12,4,,2,9,,133801,12,4,,2,9,,133813,12,4,,2,9,,133825,12,4,,2,9,,133791,12,4,,2,49,,133798,12,4,,2,9,,133859,12,4,,2,9,,133808,12,4,,2,9,,133857,12,4,,2,9,,133828,12,4,,2,9,,133788,12,4,,2,49,,133840,12,4,,2,9,,133848,12,4,,2,9,,133844,12,4,,2,9,,133831,12,4,,2,9,,133842,12,4,,2,9,,133811,12,4,,2,9,,133833,12,4,,2,49,,133851,12,4,,2,9,,133891,12,4,,2,9,,133792,12,4,,2,9,,133782,12,4,,2,9,,133807,12,4,,2,10,,133812,12,4,,2,9,,133881,12,4,,2,49,,133879,12,4,,2,9,,133856,12,4,,2,9,,133815,12,4,,2,9,,133872,12,4,,2,9,,133861,12,4,,2,9,,133845,12,4,,2,49,,133803,12,4,,2,9,,133893,12,4,,2,9,,133796,12,4,,2,9,,133897,12,4,,2,9,,133875,12,4,,2,9,,133818,12,4,,2,9,,119862,12,4,,2,49,,133794,12,4,,2,9,,133896,12,4,,2,9,,133785,12,4,,2,9,,133805,12,4,,2,9,,133852,12,4,,2,9,,133880,12,4,,2,9,,133898,12,4,,2,49,,133824,12,4,,2,9,,133784,12,4,,2,9,,133800,12,4,,2,9,,133814,12,4,,2,7,,133799,12,4,,2,9,,133870,12,4,,2,9,,133877,12,4,,2,49,,133779,12,4,,2,9,,133827,12,4,,2,10,,133885,12,4,,2,10,,133900,12,4,,2,10,,113618,12,4,,2,10,,133858,12,4,,2,50,,133804,12,4,,2,10,,133889,12,4,,2,10,,133895,12,4,,2,10,,133795,12,4,,2,10,,133878,12,4,,2,10,,133810,12,4,,2,50,,133836,12,4,,2,10,,133809,12,4,,2,10,,133781,12,4,,2,10,,133886,12,4,,2,10,,133869,12,4,,2,10,,133830,12,4,,2,48,,133868,12,4,,2,10,,133780,12,4,,2,10,,133820,12,4,,2,10,,133837,12,4,,2,10,,115603,12,4,,2,10,,133821,12,4,,2,50,,133849,12,4,,2,10,,133843,12,4,,2,10,,133838,12,4,,2,10,,133850,12,4,,2,10,,133888,12,4,,2,10,,133876,12,4,,2,50,,133797,12,4,,2,10,,133890,12,4,,2,10,,133829,12,4,,2,10,,133846,12,4,,2,10,,133884,12,4,,2,10,,133783,12,4,,2,50,,118352,12,4,,2,10,,114537,12,4,,2
50901,'2',604,,133979,12,4,,2,10,,134058,12,4,,2,10,,116566,12,4,,2,10,,133969,12,4,,2,10,,133964,12,4,,2,10,,134048,12,4,,2,50,,134028,12,4,,2,10,,120801,12,4,,2,10,,134031,12,4,,2,10,,134002,12,4,,2,10,,134003,12,4,,2,10,,134020,12,4,,2,50,,133980,12,4,,2,11,,134001,12,4,,2,11,,133941,12,4,,2,10,,133967,12,4,,2,10,,134067,12,4,,2,10,,134023,12,4,,2,50,,133946,12,4,,2,10,,133954,12,4,,2,10,,134054,12,4,,2,10,,133906,12,4,,2,10,,133932,12,4,,2,10,,134015,12,4,,2,50,,133920,12,4,,2,10,,134036,12,4,,2,10,,134007,12,4,,2,10,,133953,12,4,,2,10,,134017,12,4,,2,10,,134044,12,4,,2,50,,133971,12,4,,2,10,,133933,12,4,,2,10,,133930,12,4,,2,10,,133913,12,4,,2,10,,134006,12,4,,2,10,,134045,12,4,,2,50,,133947,12,4,,2,10,,133949,12,4,,2,5,,134041,12,4,,2,5,,133999,12,4,,2,5,,133977,12,4,,2,5,,133909,12,4,,2,5,,133916,12,4,,2,5,,119313,12,4,,2,5,,121777,12,4,,2,5,,133921,12,4,,2,45,,133978,12,4,,2,5,,134022,12,4,,2,5,,133937,12,4,,2,5,,133975,12,4,,2,5,,133973,12,4,,2,5,,134039,12,4,,2,5,,133985,12,4,,2,5,,134004,12,4,,2,5,,133903,12,4,,2,5,,133984,12,4,,2,5,,133939,12,4,,2,5,,133945,12,4,,2,45,,134016,12,4,,2,5,,134037,12,4,,2,5,,133922,12,4,,2,5,,133963,12,4,,2,5,,133940,12,4,,2,5,,134005,12,4,,2,5,,133938,12,4,,2,5,,134052,12,4,,2,5,,134046,12,4,,2,5,,134072,12,4,,2,5,,133912,12,4,,2,5,,134027,12,4,,2,45,,133934,12,4,,2,5,,133911,12,4,,2,5,,134033,12,4,,2,5,,134065,12,4,,2,5,,133970,12,4,,2,5,,134024,12,4,,2,5,,134060,12,4,,2,5,,134069,12,4,,2,5,,134055,12,4,,2,5,,134021,12,4,,2,5,,134042,12,4,,2,5,,134059,12,4,,2,45,,133959,12,4,,2,5,,133991,12,4,,2,5,,134063,12,4,,2,5,,134056,12,4,,2,5,,133983,12,4,,2,5,,134057,12,4,,2,5,,133931,12,4,,2,5,,133960,12,4,,2,5,,133987,12,4,,2,5,,134049,12,4,,2,5,,134050,12,4,,2,5,,134053,12,4,,2,45,,133917,12,4,,2,5,,133968,12,4,,2,5,,134074,12,4,,2,5,,133986,12,4,,2,5,,133943,12,4,,2,5,,133948,12,4,,2,5,,134026,12,4,,2,5,,134040,12,4,,2,5,,133910,12,4,,2,5,,133918,12,4,,2,5,,133905,12,4,,2,5,,133923,12,4,,2,45,,133908,12,4,,2,5,,134064,12,4,,2,5,,133981,12,4,,2,5,,133958,12,4,,2,5,,133944,12,4,,2,5,,133990,12,4,,2,5,,134038,12,4,,2,5,,134034,12,4,,2,5,,134029,12,4,,2,5,,133998,12,4,,2,5,,134009,12,4,,2,5,,134012,12,4,,2,45,,133919,12,4,,2,5,,134019,12,4,,2,5,,133965,12,4,,2,7,,133996,12,4,,2,7,,133924,12,4,,2,7,,133955,12,4,,2,7,,133956,12,4,,2,7,,134010,12,4,,2,7,,133915,12,4,,2,47,,133904,12,4,,2,7,,133951,12,4,,2,7,,133902,12,4,,2,7,,133935,12,4,,2,7,,133972,12,4,,2,7,,111536,12,4,,2,7,,133997,12,4,,2,7,,133989,12,4,,2,7,,133966,12,4,,2,47,,134047,12,4,,2,7,,133976,12,4,,2,7,,134025,12,4,,2,7,,133988,12,4,,2,7,,134008,12,4,,2,7,,134068,12,4,,2,7,,119302,12,4,,2,7,,134013,12,4,,2,7,,133929,12,4,,2,47,,134011,12,4,,2,7,,133928,12,4,,2,7,,134035,12,4,,2,8,,133950,12,4,,2,8,,133994,12,4,,2,8,,134051,12,4,,2,8,,133942,12,4,,2,48,,133901,12,4,,2,8,,134073,12,4,,2,8,,133926,12,4,,2,8,,134032,12,4,,2,8,,134030,12,4,,2,8,,133995,12,4,,2,8,,133992,12,4,,2,8,,134061,12,4,,2,48,,134070,12,4,,2,8,,133962,12,4,,2,8,,134043,12,4,,2,8,,133914,12,4,,2,8,,133961,12,4,,2,8,,133982,12,4,,2,8,,133927,12,4,,2,48,,134062,12,4,,2,10,,112411,12,4,,2,10,,134014,12,4,,2
50901,'3',608,,111841,12,4,,2,15,,134203,12,4,,2,15,,134085,12,4,,2,15,,134187,12,4,,2,55,,134200,12,4,,2,15,,134157,12,4,,2,15,,134175,12,4,,2,15,,134172,12,4,,2,55,,134078,12,4,,2,11,,134162,12,4,,2,10,,134155,12,4,,2,10,,134204,12,4,,2,10,,134188,12,4,,2,10,,134158,12,4,,2,50,,134076,12,4,,2,10,,134133,12,4,,2,10,,134201,12,4,,2,10,,134163,12,4,,2,10,,134093,12,4,,2,10,,134120,12,4,,2,50,,134140,12,4,,2,10,,134137,12,4,,2,10,,134102,12,4,,2,10,,134153,12,4,,2,10,,134182,12,4,,2,10,,134186,12,4,,2,50,,134109,12,4,,2,10,,134176,12,4,,2,10,,134166,12,4,,2,10,,134164,12,4,,2,10,,134144,12,4,,2,10,,134196,12,4,,2,50,,120861,12,4,,2,7,,134086,12,4,,2,9,,134205,12,4,,2,7,,134111,12,4,,2,7,,120919,12,4,,2,7,,134178,12,4,,2,7,,134098,12,4,,2,47,,109398,12,4,,2,7,,134090,12,4,,2,7,,134142,12,4,,2,7,,134149,12,4,,2,7,,107670,12,4,,2,7,,134125,12,4,,2,7,,134092,12,4,,2,7,,134192,12,4,,2,7,,134193,12,4,,2,47,,134115,12,4,,2,7,,134088,12,4,,2,7,,134177,12,4,,2,7,,134105,12,4,,2,7,,134167,12,4,,2,7,,134173,12,4,,2,7,,134124,12,4,,2,7,,134147,12,4,,2,7,,134197,12,4,,2,47,,134135,12,4,,2,7,,134116,12,4,,2,7,,134099,12,4,,2,7,,134198,12,4,,2,7,,134156,12,4,,2,7,,134146,12,4,,2,7,,134091,12,4,,2,7,,134114,12,4,,2,47,,134195,12,4,,2,7,,134132,12,4,,2,7,,134189,12,4,,2,7,,134168,12,4,,2,7,,134122,12,4,,2,7,,134202,12,4,,2,7,,134161,12,4,,2,7,,134191,12,4,,2,7,,134101,12,4,,2,47,,134128,12,4,,2,7,,134159,12,4,,2,7,,134095,12,4,,2,7,,134075,12,4,,2,7,,134094,12,4,,2,7,,134169,12,4,,2,7,,134134,12,4,,2,7,,134121,12,4,,2,47,,116755,12,4,,2,7,,134139,12,4,,2,7,,134080,12,4,,2,7,,134106,12,4,,2,7,,134082,12,4,,2,7,,134097,12,4,,2,7,,134079,12,4,,2,7,,134141,12,4,,2,7,,116029,12,4,,2,47,,134171,12,4,,2,7,,134096,12,4,,2,10,,134131,12,4,,2,10,,134174,12,4,,2,10,,134136,12,4,,2,10,,134087,12,4,,2,50,,134129,12,4,,2,10,,134179,12,4,,2,10,,134083,12,4,,2,10,,134194,12,4,,2,10,,134183,12,4,,2,10,,134145,12,4,,2,50,,134084,12,4,,2,10,,134110,12,4,,2,10,,134104,12,4,,2,10,,134103,12,4,,2,10,,134199,12,4,,2,10,,134118,12,4,,2,50,,134150,12,4,,2,10,,134112,12,4,,2,7,,134108,12,4,,2,10,,134152,12,4,,2,10,,134184,12,4,,2,10,,134148,12,4,,2,10,,134123,12,4,,2,50,,134081,12,4,,2,10,,134165,12,4,,2,10,,134151,12,4,,2,10,,134107,12,4,,2,10,,134170,12,4,,2,10,,134117,12,4,,2,50,,134089,12,4,,2,10,,134119,12,4,,2,10,,134160,12,4,,2,10,,134130,12,4,,2,10,,134113,12,4,,2,10,,134077,12,4,,2,50,,134185,12,4,,2,12,,134154,12,4,,2
50901,'5',608,,134288,12,4,,2,15,,134337,12,4,,2,15,,134292,12,4,,2,15,,134315,12,4,,2,55,,134242,12,4,,2,15,,134275,12,4,,2,15,,134207,12,4,,2,15,,134295,12,4,,2,55,,134340,12,4,,2,11,,134220,12,4,,2,10,,134276,12,4,,2,10,,134321,12,4,,2,10,,134214,12,4,,2,10,,134290,12,4,,2,50,,134208,12,4,,2,10,,134259,12,4,,2,10,,134244,12,4,,2,10,,134222,12,4,,2,10,,134283,12,4,,2,10,,134228,12,4,,2,50,,134264,12,4,,2,10,,134334,12,4,,2,10,,134262,12,4,,2,10,,134332,12,4,,2,10,,134253,12,4,,2,10,,134213,12,4,,2,50,,134281,12,4,,2,10,,134330,12,4,,2,10,,134304,12,4,,2,10,,134271,12,4,,2,10,,134300,12,4,,2,10,,134240,12,4,,2,50,,134245,12,4,,2,7,,134243,12,4,,2,9,,134226,12,4,,2,7,,134326,12,4,,2,7,,134266,12,4,,2,7,,134310,12,4,,2,7,,134302,12,4,,2,47,,134293,12,4,,2,7,,134291,12,4,,2,7,,134280,12,4,,2,7,,134336,12,4,,2,7,,134225,12,4,,2,7,,134216,12,4,,2,7,,134258,12,4,,2,7,,134317,12,4,,2,7,,134269,12,4,,2,47,,134285,12,4,,2,7,,134313,12,4,,2,7,,134265,12,4,,2,7,,134298,12,4,,2,7,,134319,12,4,,2,7,,134339,12,4,,2,7,,134263,12,4,,2,7,,134261,12,4,,2,7,,134233,12,4,,2,47,,134282,12,4,,2,7,,134306,12,4,,2,7,,134256,12,4,,2,7,,134250,12,4,,2,7,,134324,12,4,,2,7,,134212,12,4,,2,7,,134234,12,4,,2,7,,134333,12,4,,2,47,,134322,12,4,,2,7,,134274,12,4,,2,7,,134331,12,4,,2,7,,134303,12,4,,2,7,,134230,12,4,,2,7,,134278,12,4,,2,7,,134223,12,4,,2,7,,134221,12,4,,2,7,,134297,12,4,,2,47,,134296,12,4,,2,7,,134287,12,4,,2,7,,134268,12,4,,2,7,,134257,12,4,,2,7,,134252,12,4,,2,7,,134217,12,4,,2,7,,134236,12,4,,2,7,,134323,12,4,,2,47,,134314,12,4,,2,7,,134284,12,4,,2,7,,115355,12,4,,2,7,,134251,12,4,,2,7,,134211,12,4,,2,7,,134316,12,4,,2,7,,134254,12,4,,2,7,,134309,12,4,,2,7,,134289,12,4,,2,47,,134232,12,4,,2,7,,134270,12,4,,2,10,,134272,12,4,,2,10,,134209,12,4,,2,10,,134279,12,4,,2,10,,134235,12,4,,2,50,,134227,12,4,,2,10,,134255,12,4,,2,10,,134246,12,4,,2,10,,134273,12,4,,2,10,,134248,12,4,,2,10,,134327,12,4,,2,50,,134237,12,4,,2,10,,134210,12,4,,2,10,,134206,12,4,,2,10,,134307,12,4,,2,10,,134312,12,4,,2,10,,134229,12,4,,2,50,,134241,12,4,,2,10,,123276,12,4,,2,7,,134305,12,4,,2,10,,134294,12,4,,2,10,,134249,12,4,,2,10,,134301,12,4,,2,10,,134215,12,4,,2,50,,134318,12,4,,2,10,,134286,12,4,,2,10,,134325,12,4,,2,10,,134247,12,4,,2,10,,134335,12,4,,2,10,,134231,12,4,,2,50,,134239,12,4,,2,10,,134311,12,4,,2,10,,134328,12,4,,2,10,,134320,12,4,,2,10,,134218,12,4,,2,10,,134299,12,4,,2,50,,134260,12,4,,2,12,,134224,12,4,,2
50902,'1',606,,122593,1,0,20,2,10,,134418,1,0,20,2,10,,134407,1,0,20,2,10,,134462,1,0,20,2,10,,134446,1,0,20,2,10,,134382,1,0,20,2,50,,134425,1,0,20,2,10,,134345,1,0,20,2,11,,134403,1,0,20,2,9,,134349,1,0,20,2,9,,134452,1,0,20,2,9,,134343,1,0,20,2,49,,134434,1,0,20,2,9,,134388,1,0,20,2,9,,119161,1,0,20,2,9,,134386,1,0,20,2,9,,134432,1,0,20,2,9,,134366,1,0,20,2,9,,134437,1,0,20,2,49,,134465,1,0,20,2,9,,134410,1,0,20,2,9,,134353,1,0,20,2,9,,134436,1,0,20,2,9,,134463,1,0,20,2,9,,134421,1,0,20,2,49,,134442,1,0,20,2,9,,134380,1,0,20,2,9,,134376,1,0,20,2,9,,134365,1,0,20,2,9,,134453,1,0,20,2,9,,134362,1,0,20,2,9,,134448,1,0,20,2,49,,134412,1,0,20,2,9,,134466,1,0,20,2,9,,134445,1,0,20,2,9,,134435,1,0,20,2,9,,134384,1,0,20,2,9,,134373,1,0,20,2,9,,134350,1,0,20,2,49,,134415,1,0,20,2,9,,134361,1,0,20,2,9,,134370,1,0,20,2,9,,134439,1,0,20,2,9,,134356,1,0,20,2,9,,134456,1,0,20,2,49,,134385,1,0,20,2,9,,134354,1,0,20,2,9,,134414,1,0,20,2,9,,134363,1,0,20,2,9,,134367,1,0,20,2,9,,134352,1,0,20,2,9,,134420,1,0,20,2,49,,134426,1,0,20,2,9,,134389,1,0,20,2,9,,134358,1,0,20,2,9,,134395,1,0,20,2,9,,134346,1,0,20,2,10,,134440,1,0,20,2,9,,134461,1,0,20,2,49,,134344,1,0,20,2,9,,134417,1,0,20,2,9,,134459,1,0,20,2,9,,134383,1,0,20,2,9,,134430,1,0,20,2,9,,134429,1,0,20,2,49,,134379,1,0,20,2,9,,134378,1,0,20,2,9,,134368,1,0,20,2,9,,134396,1,0,20,2,9,,134419,1,0,20,2,9,,134451,1,0,20,2,9,,134397,1,0,20,2,49,,134457,1,0,20,2,9,,134449,1,0,20,2,9,,134371,1,0,20,2,9,,134405,1,0,20,2,9,,134411,1,0,20,2,9,,134450,1,0,20,2,9,,134364,1,0,20,2,49,,134438,1,0,20,2,9,,134402,1,0,20,2,9,,134390,1,0,20,2,9,,134409,1,0,20,2,7,,134359,1,0,20,2,9,,134458,1,0,20,2,9,,134348,1,0,20,2,49,,134351,1,0,20,2,9,,134393,1,0,20,2,10,,134443,1,0,20,2,10,,134387,1,0,20,2,10,,134372,1,0,20,2,10,,134381,1,0,20,2,50,,134413,1,0,20,2,10,,134360,1,0,20,2,10,,134374,1,0,20,2,10,,134347,1,0,20,2,10,,134394,1,0,20,2,10,,134441,1,0,20,2,50,,134423,1,0,20,2,10,,134399,1,0,20,2,10,,134433,1,0,20,2,10,,134406,1,0,20,2,10,,134455,1,0,20,2,10,,134444,1,0,20,2,48,,134391,1,0,20,2,10,,134408,1,0,20,2,10,,134357,1,0,20,2,10,,134377,1,0,20,2,10,,113789,1,0,20,2,10,,134422,1,0,20,2,50,,134392,1,0,20,2,10,,134401,1,0,20,2,10,,134341,1,0,20,2,10,,134464,1,0,20,2,10,,134400,1,0,20,2,10,,134431,1,0,20,2,50,,134416,1,0,20,2,10,,134398,1,0,20,2,10,,134342,1,0,20,2,10,,134460,1,0,20,2,10,,134404,1,0,20,2,10,,134424,1,0,20,2,50,,134454,1,0,20,2,10,,134427,1,0,20,2
50902,'2',604,,134640,1,0,20,2,10,,134476,1,0,20,2,10,,134576,1,0,20,2,10,,134484,1,0,20,2,10,,134544,1,0,20,2,10,,134566,1,0,20,2,50,,134479,1,0,20,2,10,,134540,1,0,20,2,10,,134632,1,0,20,2,10,,134565,1,0,20,2,10,,134494,1,0,20,2,10,,134601,1,0,20,2,50,,134567,1,0,20,2,11,,134507,1,0,20,2,11,,134483,1,0,20,2,10,,134569,1,0,20,2,10,,134615,1,0,20,2,10,,134468,1,0,20,2,50,,134480,1,0,20,2,10,,134499,1,0,20,2,10,,134496,1,0,20,2,10,,134577,1,0,20,2,10,,134599,1,0,20,2,10,,134582,1,0,20,2,50,,134620,1,0,20,2,10,,134529,1,0,20,2,10,,134628,1,0,20,2,10,,134600,1,0,20,2,10,,134608,1,0,20,2,10,,134623,1,0,20,2,50,,134553,1,0,20,2,10,,134555,1,0,20,2,10,,134491,1,0,20,2,10,,134549,1,0,20,2,10,,134621,1,0,20,2,10,,134490,1,0,20,2,50,,134523,1,0,20,2,10,,134641,1,0,20,2,5,,134586,1,0,20,2,5,,134598,1,0,20,2,5,,134534,1,0,20,2,5,,134542,1,0,20,2,5,,134624,1,0,20,2,5,,134547,1,0,20,2,5,,134557,1,0,20,2,5,,134638,1,0,20,2,45,,134518,1,0,20,2,5,,134500,1,0,20,2,5,,120155,1,0,20,2,5,,134511,1,0,20,2,5,,134541,1,0,20,2,5,,134536,1,0,20,2,5,,134616,1,0,20,2,5,,134516,1,0,20,2,5,,134604,1,0,20,2,5,,134558,1,0,20,2,5,,134635,1,0,20,2,5,,134515,1,0,20,2,45,,134538,1,0,20,2,5,,134592,1,0,20,2,5,,134631,1,0,20,2,5,,134525,1,0,20,2,5,,134504,1,0,20,2,5,,134485,1,0,20,2,5,,134585,1,0,20,2,5,,134492,1,0,20,2,5,,134560,1,0,20,2,5,,134475,1,0,20,2,5,,134474,1,0,20,2,5,,134497,1,0,20,2,45,,134595,1,0,20,2,5,,134498,1,0,20,2,5,,134561,1,0,20,2,5,,134611,1,0,20,2,5,,134527,1,0,20,2,5,,134551,1,0,20,2,5,,134612,1,0,20,2,5,,134554,1,0,20,2,5,,134509,1,0,20,2,5,,134539,1,0,20,2,5,,134530,1,0,20,2,5,,134506,1,0,20,2,45,,134606,1,0,20,2,5,,134626,1,0,20,2,5,,134489,1,0,20,2,5,,134602,1,0,20,2,5,,134639,1,0,20,2,5,,134570,1,0,20,2,5,,134559,1,0,20,2,5,,134501,1,0,20,2,5,,134505,1,0,20,2,5,,134472,1,0,20,2,5,,134605,1,0,20,2,5,,134532,1,0,20,2,45,,134564,1,0,20,2,5,,134493,1,0,20,2,5,,134609,1,0,20,2,5,,134633,1,0,20,2,5,,134545,1,0,20,2,5,,134572,1,0,20,2,5,,134470,1,0,20,2,5,,134634,1,0,20,2,5,,134520,1,0,20,2,5,,134562,1,0,20,2,5,,134571,1,0,20,2,5,,115730,1,0,20,2,45,,134597,1,0,20,2,5,,134637,1,0,20,2,5,,111690,1,0,20,2,5,,134591,1,0,20,2,5,,134589,1,0,20,2,5,,134535,1,0,20,2,5,,134495,1,0,20,2,5,,134588,1,0,20,2,5,,134584,1,0,20,2,5,,134619,1,0,20,2,5,,134573,1,0,20,2,5,,134502,1,0,20,2,45,,134478,1,0,20,2,5,,134580,1,0,20,2,5,,134487,1,0,20,2,7,,134537,1,0,20,2,7,,134583,1,0,20,2,7,,134482,1,0,20,2,7,,134625,1,0,20,2,7,,134471,1,0,20,2,7,,134581,1,0,20,2,47,,134550,1,0,20,2,7,,134488,1,0,20,2,7,,134510,1,0,20,2,7,,134596,1,0,20,2,7,,134556,1,0,20,2,7,,134563,1,0,20,2,7,,134578,1,0,20,2,7,,134593,1,0,20,2,7,,134579,1,0,20,2,47,,134522,1,0,20,2,7,,134531,1,0,20,2,7,,134590,1,0,20,2,7,,134587,1,0,20,2,7,,134513,1,0,20,2,7,,134512,1,0,20,2,7,,134574,1,0,20,2,7,,134473,1,0,20,2,7,,134607,1,0,20,2,47,,134533,1,0,20,2,7,,134610,1,0,20,2,7,,134477,1,0,20,2,8,,134514,1,0,20,2,8,,134486,1,0,20,2,8,,134508,1,0,20,2,8,,134526,1,0,20,2,48,,134521,1,0,20,2,8,,134642,1,0,20,2,8,,134630,1,0,20,2,8,,115839,1,0,20,2,8,,134613,1,0,20,2,8,,134548,1,0,20,2,8,,134546,1,0,20,2,8,,134627,1,0,20,2,48,,134469,1,0,20,2,8,,134629,1,0,20,2,8,,109359,1,0,20,2,8,,134614,1,0,20,2,8,,134617,1,0,20,2,8,,134552,1,0,20,2,8,,134603,1,0,20,2,48,,134543,1,0,20,2,10,,134519,1,0,20,2,10,,134528,1,0,20,2
50902,'3',608,,134729,1,0,20,2,15,,134718,1,0,20,2,15,,134687,1,0,20,2,15,,134706,1,0,20,2,55,,134737,1,0,20,2,15,,134660,1,0,20,2,15,,134742,1,0,20,2,15,,134740,1,0,20,2,55,,134658,1,0,20,2,11,,134672,1,0,20,2,10,,134680,1,0,20,2,10,,134678,1,0,20,2,10,,134744,1,0,20,2,10,,134761,1,0,20,2,50,,134769,1,0,20,2,10,,134713,1,0,20,2,10,,134666,1,0,20,2,10,,134720,1,0,20,2,10,,134652,1,0,20,2,10,,134649,1,0,20,2,50,,134771,1,0,20,2,10,,134741,1,0,20,2,10,,134661,1,0,20,2,10,,134695,1,0,20,2,10,,134654,1,0,20,2,10,,134753,1,0,20,2,50,,134712,1,0,20,2,10,,134754,1,0,20,2,10,,134686,1,0,20,2,10,,134707,1,0,20,2,10,,134646,1,0,20,2,10,,134671,1,0,20,2,50,,112599,1,0,20,2,7,,109966,1,0,20,2,9,,134759,1,0,20,2,7,,134709,1,0,20,2,7,,134704,1,0,20,2,7,,134662,1,0,20,2,7,,134732,1,0,20,2,47,,134766,1,0,20,2,7,,134694,1,0,20,2,7,,134683,1,0,20,2,7,,134734,1,0,20,2,7,,134689,1,0,20,2,7,,134645,1,0,20,2,7,,134774,1,0,20,2,7,,134667,1,0,20,2,7,,134711,1,0,20,2,47,,134726,1,0,20,2,7,,134730,1,0,20,2,7,,134773,1,0,20,2,7,,134748,1,0,20,2,7,,134724,1,0,20,2,7,,134669,1,0,20,2,7,,134735,1,0,20,2,7,,134679,1,0,20,2,7,,134745,1,0,20,2,47,,134688,1,0,20,2,7,,134725,1,0,20,2,7,,134655,1,0,20,2,7,,134685,1,0,20,2,7,,134757,1,0,20,2,7,,134749,1,0,20,2,7,,134758,1,0,20,2,7,,134675,1,0,20,2,47,,134746,1,0,20,2,7,,134775,1,0,20,2,7,,134722,1,0,20,2,7,,134643,1,0,20,2,7,,134696,1,0,20,2,7,,134659,1,0,20,2,7,,134674,1,0,20,2,7,,134762,1,0,20,2,7,,134765,1,0,20,2,47,,134693,1,0,20,2,7,,134668,1,0,20,2,7,,134760,1,0,20,2,7,,134728,1,0,20,2,7,,134772,1,0,20,2,7,,134715,1,0,20,2,7,,134701,1,0,20,2,7,,134692,1,0,20,2,47,,108379,1,0,20,2,7,,134690,1,0,20,2,7,,134647,1,0,20,2,7,,134665,1,0,20,2,7,,108851,1,0,20,2,7,,134677,1,0,20,2,7,,134676,1,0,20,2,7,,134700,1,0,20,2,7,,134698,1,0,20,2,47,,134684,1,0,20,2,7,,134770,1,0,20,2,10,,134699,1,0,20,2,10,,134721,1,0,20,2,10,,134714,1,0,20,2,10,,134763,1,0,20,2,50,,134751,1,0,20,2,10,,134664,1,0,20,2,10,,134708,1,0,20,2,10,,134702,1,0,20,2,10,,134736,1,0,20,2,10,,134705,1,0,20,2,50,,134747,1,0,20,2,10,,134650,1,0,20,2,10,,134743,1,0,20,2,10,,134738,1,0,20,2,10,,134703,1,0,20,2,10,,134717,1,0,20,2,50,,134752,1,0,20,2,10,,134691,1,0,20,2,7,,134750,1,0,20,2,10,,134756,1,0,20,2,10,,134739,1,0,20,2,10,,134682,1,0,20,2,10,,134723,1,0,20,2,50,,134768,1,0,20,2,10,,134673,1,0,20,2,10,,134657,1,0,20,2,10,,134651,1,0,20,2,10,,134776,1,0,20,2,10,,134644,1,0,20,2,50,,134656,1,0,20,2,10,,134648,1,0,20,2,10,,134733,1,0,20,2,10,,134764,1,0,20,2,10,,134719,1,0,20,2,10,,134710,1,0,20,2,50,,134697,1,0,20,2,12,,134716,1,0,20,2
50902,'5',608,,134850,1,0,20,2,15,,134821,1,0,20,2,15,,134894,1,0,20,2,15,,134842,1,0,20,2,55,,112781,1,0,20,2,15,,134896,1,0,20,2,15,,134871,1,0,20,2,15,,134863,1,0,20,2,55,,134827,1,0,20,2,11,,134832,1,0,20,2,10,,134819,1,0,20,2,10,,134862,1,0,20,2,10,,134822,1,0,20,2,10,,134880,1,0,20,2,50,,134879,1,0,20,2,10,,134860,1,0,20,2,10,,134857,1,0,20,2,10,,134824,1,0,20,2,10,,134777,1,0,20,2,10,,134878,1,0,20,2,50,,134798,1,0,20,2,10,,134891,1,0,20,2,10,,134899,1,0,20,2,10,,134893,1,0,20,2,10,,134826,1,0,20,2,10,,134814,1,0,20,2,50,,134836,1,0,20,2,10,,134848,1,0,20,2,10,,117036,1,0,20,2,10,,134872,1,0,20,2,10,,134853,1,0,20,2,10,,134865,1,0,20,2,50,,134841,1,0,20,2,7,,134786,1,0,20,2,9,,134803,1,0,20,2,7,,134837,1,0,20,2,7,,134897,1,0,20,2,7,,134807,1,0,20,2,7,,134856,1,0,20,2,47,,134839,1,0,20,2,7,,134882,1,0,20,2,7,,134809,1,0,20,2,7,,134895,1,0,20,2,7,,134787,1,0,20,2,7,,134793,1,0,20,2,7,,134778,1,0,20,2,7,,134813,1,0,20,2,7,,134840,1,0,20,2,47,,134902,1,0,20,2,7,,110156,1,0,20,2,7,,134783,1,0,20,2,7,,134877,1,0,20,2,7,,134797,1,0,20,2,7,,134855,1,0,20,2,7,,134900,1,0,20,2,7,,134903,1,0,20,2,7,,134795,1,0,20,2,47,,134892,1,0,20,2,7,,134812,1,0,20,2,7,,134874,1,0,20,2,7,,117601,1,0,20,2,7,,134898,1,0,20,2,7,,134870,1,0,20,2,7,,134901,1,0,20,2,7,,134854,1,0,20,2,47,,134835,1,0,20,2,7,,134791,1,0,20,2,7,,134859,1,0,20,2,7,,134858,1,0,20,2,7,,134866,1,0,20,2,7,,134789,1,0,20,2,7,,134888,1,0,20,2,7,,134779,1,0,20,2,7,,134834,1,0,20,2,47,,134861,1,0,20,2,7,,134886,1,0,20,2,7,,117018,1,0,20,2,7,,134829,1,0,20,2,7,,134782,1,0,20,2,7,,134889,1,0,20,2,7,,134843,1,0,20,2,7,,134799,1,0,20,2,47,,134887,1,0,20,2,7,,134801,1,0,20,2,7,,134869,1,0,20,2,7,,134790,1,0,20,2,7,,134830,1,0,20,2,7,,134794,1,0,20,2,7,,134890,1,0,20,2,7,,117588,1,0,20,2,7,,134838,1,0,20,2,47,,134852,1,0,20,2,7,,134904,1,0,20,2,10,,134823,1,0,20,2,10,,134881,1,0,20,2,10,,134864,1,0,20,2,10,,134825,1,0,20,2,50,,134785,1,0,20,2,10,,134780,1,0,20,2,10,,134849,1,0,20,2,10,,134833,1,0,20,2,10,,134802,1,0,20,2,10,,134808,1,0,20,2,50,,134905,1,0,20,2,10,,134810,1,0,20,2,10,,134818,1,0,20,2,10,,96392,1,0,20,2,10,,134816,1,0,20,2,10,,134820,1,0,20,2,50,,134811,1,0,20,2,10,,134792,1,0,20,2,7,,134806,1,0,20,2,10,,134885,1,0,20,2,10,,134883,1,0,20,2,10,,134828,1,0,20,2,10,,134867,1,0,20,2,50,,134817,1,0,20,2,10,,134831,1,0,20,2,10,,134784,1,0,20,2,10,,134815,1,0,20,2,10,,134788,1,0,20,2,10,,134847,1,0,20,2,50,,134805,1,0,20,2,10,,134884,1,0,20,2,10,,134846,1,0,20,2,10,,111097,1,0,20,2,10,,134844,1,0,20,2,10,,134875,1,0,20,2,50,,134845,1,0,20,2,12,,134851,1,0,20,2
51003,'1',520,,134958,1,0,18 7,2,11,,134963,1,0,18 7,2,5,,134936,1,0,18 7,2,9,,134949,1,0,18 7,2,9,,134973,1,0,18 7,2,49,,135078,1,0,18 7,2,9,,113697,1,0,18 7,2,9,,135008,1,0,18 7,2,9,,135066,1,0,18 7,2,9,,135022,1,0,18 7,2,9,,135044,1,0,18 7,2,9,,134988,1,0,18 7,2,49,,135055,1,0,18 7,2,9,,134997,1,0,18 7,2,9,,134989,1,0,18 7,2,9,,134950,1,0,18 7,2,8,,134982,1,0,18 7,2,9,,134983,1,0,18 7,2,52,,134948,1,0,18 7,2,12,,134908,1,0,18 7,2,12,,135047,1,0,18 7,2,13,,135021,1,0,18 7,2,12,,135042,1,0,18 7,2,52,,135023,1,0,18 7,2,12,,134970,1,0,18 7,2,12,,134921,1,0,18 7,2,12,,135017,1,0,18 7,2,12,,134907,1,0,18 7,2,52,,135036,1,0,18 7,2,12,,134965,1,0,18 7,2,12,,134919,1,0,18 7,2,12,,134979,1,0,18 7,2,12,,134947,1,0,18 7,2,52,,134931,1,0,18 7,2,12,,135027,1,0,18 7,2,12,,135058,1,0,18 7,2,12,,135019,1,0,18 7,2,12,,119884,1,0,18 7,2,52,,134916,1,0,18 7,2,12,,134994,1,0,18 7,2,12,,134975,1,0,18 7,2,12,,135068,1,0,18 7,2,12,,134967,1,0,18 7,2,52,,135085,1,0,18 7,2,12,,135060,1,0,18 7,2,12,,135082,1,0,18 7,2,12,,134964,1,0,18 7,2,12,,134959,1,0,18 7,2,52,,134928,1,0,18 7,2,12,,134932,1,0,18 7,2,12,,134934,1,0,18 7,2,12,,135037,1,0,18 7,2,12,,135013,1,0,18 7,2,52,,134941,1,0,18 7,2,12,,134976,1,0,18 7,2,13,,135007,1,0,18 7,2,12,,134912,1,0,18 7,2,12,,134914,1,0,18 7,2,52,,134996,1,0,18 7,2,12,,134974,1,0,18 7,2,12,,135001,1,0,18 7,2,12,,134972,1,0,18 7,2,12,,134920,1,0,18 7,2,52,,135010,1,0,18 7,2,12,,119131,1,0,18 7,2,12,,134957,1,0,18 7,2,12,,135034,1,0,18 7,2,12,,134969,1,0,18 7,2,52,,134939,1,0,18 7,2,12,,134990,1,0,18 7,2,12,,134953,1,0,18 7,2,12,,135011,1,0,18 7,2,12,,135018,1,0,18 7,2,52,,135075,1,0,18 7,2,12,,135051,1,0,18 7,2,11,,135014,1,0,18 7,2,12,,135073,1,0,18 7,2,12,,135083,1,0,18 7,2,51,,135071,1,0,18 7,2,12,,134930,1,0,18 7,2,12,,134944,1,0,18 7,2,12,,135016,1,0,18 7,2,12,,134951,1,0,18 7,2,52,,135006,1,0,18 7,2,12,,134918,1,0,18 7,2,12,,134926,1,0,18 7,2,12,,134981,1,0,18 7,2,12,,134940,1,0,18 7,2,52,,135050,1,0,18 7,2,12,,134924,1,0,18 7,2,12,,134954,1,0,18 7,2,10,,134977,1,0,18 7,2,10,,134993,1,0,18 7,2,10,,135059,1,0,18 7,2,46,,134933,1,0,18 7,2,10,,135057,1,0,18 7,2,9,,134913,1,0,18 7,2,10,,108139,1,0,18 7,2,9,,134927,1,0,18 7,2,10,,135048,1,0,18 7,2,9,,135077,1,0,18 7,2,50,,134956,1,0,18 7,2,9,,135004,1,0,18 7,2,10,,134922,1,0,18 7,2,9,,134938,1,0,18 7,2,10,,135076,1,0,18 7,2,9,,134909,1,0,18 7,2,50,,135054,1,0,18 7,2,9,,135038,1,0,18 7,2
51003,'2',525,,135270,1,0,18 7,2,10,,135308,1,0,18 7,2,9,,135165,1,0,18 7,2,10,,135190,1,0,18 7,2,49,,135258,1,0,18 7,2,10,,135245,1,0,18 7,2,9,,135216,1,0,18 7,2,10,,135297,1,0,18 7,2,9,,135112,1,0,18 7,2,10,,135250,1,0,18 7,2,49,,135094,1,0,18 7,2,10,,135226,1,0,18 7,2,9,,135157,1,0,18 7,2,10,,135149,1,0,18 7,2,9,,135095,1,0,18 7,2,10,,135316,1,0,18 7,2,9,,135104,1,0,18 7,2,50,,135225,1,0,18 7,2,9,,135307,1,0,18 7,2,10,,135203,1,0,18 7,2,9,,135107,1,0,18 7,2,10,,135209,1,0,18 7,2,9,,135224,1,0,18 7,2,50,,135118,1,0,18 7,2,12,,135139,1,0,18 7,2,8,,116677,1,0,18 7,2,9,,135163,1,0,18 7,2,8,,135211,1,0,18 7,2,9,,135287,1,0,18 7,2,8,,135269,1,0,18 7,2,49,,135117,1,0,18 7,2,8,,135305,1,0,18 7,2,9,,135195,1,0,18 7,2,8,,135322,1,0,18 7,2,9,,135304,1,0,18 7,2,8,,135249,1,0,18 7,2,9,,135099,1,0,18 7,2,48,,135127,1,0,18 7,2,9,,135135,1,0,18 7,2,8,,135120,1,0,18 7,2,9,,135302,1,0,18 7,2,9,,135281,1,0,18 7,2,8,,135154,1,0,18 7,2,8,,135290,1,0,18 7,2,48,,135103,1,0,18 7,2,7,,135279,1,0,18 7,2,8,,135100,1,0,18 7,2,8,,135265,1,0,18 7,2,8,,135264,1,0,18 7,2,7,,135174,1,0,18 7,2,8,,135282,1,0,18 7,2,8,,135200,1,0,18 7,2,48,,135090,1,0,18 7,2,7,,135208,1,0,18 7,2,8,,135255,1,0,18 7,2,8,,135232,1,0,18 7,2,8,,135125,1,0,18 7,2,7,,135198,1,0,18 7,2,8,,135313,1,0,18 7,2,48,,135235,1,0,18 7,2,8,,135205,1,0,18 7,2,7,,135184,1,0,18 7,2,8,,135234,1,0,18 7,2,8,,135197,1,0,18 7,2,8,,107815,1,0,18 7,2,7,,135276,1,0,18 7,2,8,,111525,1,0,18 7,2,48,,135239,1,0,18 7,2,8,,135291,1,0,18 7,2,7,,135261,1,0,18 7,2,8,,135312,1,0,18 7,2,8,,135124,1,0,18 7,2,8,,135134,1,0,18 7,2,7,,135303,1,0,18 7,2,8,,135293,1,0,18 7,2,48,,135150,1,0,18 7,2,8,,135116,1,0,18 7,2,7,,135248,1,0,18 7,2,8,,135192,1,0,18 7,2,8,,135141,1,0,18 7,2,8,,135160,1,0,18 7,2,7,,117252,1,0,18 7,2,8,,135321,1,0,18 7,2,48,,135171,1,0,18 7,2,8,,113960,1,0,18 7,2,7,,135176,1,0,18 7,2,8,,135122,1,0,18 7,2,8,,135274,1,0,18 7,2,8,,135145,1,0,18 7,2,7,,135222,1,0,18 7,2,48,,135266,1,0,18 7,2,8,,135238,1,0,18 7,2,8,,135267,1,0,18 7,2,7,,135173,1,0,18 7,2,8,,135240,1,0,18 7,2,8,,135133,1,0,18 7,2,7,,135241,1,0,18 7,2,6,,135320,1,0,18 7,2,2,,135089,1,0,18 7,2,47,,135131,1,0,18 7,2,6,,135109,1,0,18 7,2,5,,135108,1,0,18 7,2,5,,135220,1,0,18 7,2,5,,135201,1,0,18 7,2,6,,135285,1,0,18 7,2,5,,135309,1,0,18 7,2,5,,135219,1,0,18 7,2,5,,135257,1,0,18 7,2,6,,135153,1,0,18 7,2,5,,135318,1,0,18 7,2,45,,135204,1,0,18 7,2,5,,135144,1,0,18 7,2,6,,135199,1,0,18 7,2,5,,135102,1,0,18 7,2,5,,135180,1,0,18 7,2,5,,135167,1,0,18 7,2,6,,135186,1,0,18 7,2,5,,135091,1,0,18 7,2,5,,135311,1,0,18 7,2,5,,135254,1,0,18 7,2,6,,135273,1,0,18 7,2,5,,135110,1,0,18 7,2,45,,135314,1,0,18 7,2,5,,135233,1,0,18 7,2,6,,114853,1,0,18 7,2,5,,135126,1,0,18 7,2,5,,135189,1,0,18 7,2,5,,135182,1,0,18 7,2,6,,135218,1,0,18 7,2,5,,135162,1,0,18 7,2,5,,135263,1,0,18 7,2,5,,135213,1,0,18 7,2,6,,109918,1,0,18 7,2,45,,135228,1,0,18 7,2,5,,135111,1,0,18 7,2,3,,135152,1,0,18 7,2,11,,135292,1,0,18 7,2,9,,135123,1,0,18 7,2,9,,135246,1,0,18 7,2,10,,135260,1,0,18 7,2,9,,135169,1,0,18 7,2,50,,135301,1,0,18 7,2,9,,135106,1,0,18 7,2,10,,135275,1,0,18 7,2,9,,135115,1,0,18 7,2,10,,135136,1,0,18 7,2,9,,135277,1,0,18 7,2,50,,135101,1,0,18 7,2,9,,115755,1,0,18 7,2,10,,135244,1,0,18 7,2,9,,135271,1,0,18 7,2,10,,135215,1,0,18 7,2,9,,135172,1,0,18 7,2,50,,135206,1,0,18 7,2,9,,135132,1,0,18 7,2,12,,135096,1,0,18 7,2
51003,'3',744,,135407,1,0,18 7,2,14,,135343,1,0,18 7,2,53,,135470,1,0,18 7,2,15,,135455,1,0,18 7,2,15,,135442,1,0,18 7,2,14,,135382,1,0,18 7,2,53,,135502,1,0,18 7,2,12,,135424,1,0,18 7,2,8,,135411,1,0,18 7,2,8,,135395,1,0,18 7,2,9,,135408,1,0,18 7,2,10,,135434,1,0,18 7,2,50,,135330,1,0,18 7,2,10,,135503,1,0,18 7,2,9,,135376,1,0,18 7,2,10,,135363,1,0,18 7,2,10,,135443,1,0,18 7,2,10,,135416,1,0,18 7,2,50,,135488,1,0,18 7,2,10,,135383,1,0,18 7,2,10,,135448,1,0,18 7,2,10,,135357,1,0,18 7,2,9,,135467,1,0,18 7,2,9,,135328,1,0,18 7,2,49,,135327,1,0,18 7,2,9,,135405,1,0,18 7,2,9,,135374,1,0,18 7,2,9,,135463,1,0,18 7,2,9,,135402,1,0,18 7,2,9,,135465,1,0,18 7,2,9,,135490,1,0,18 7,2,49,,135457,1,0,18 7,2,9,,135458,1,0,18 7,2,9,,135482,1,0,18 7,2,9,,135403,1,0,18 7,2,9,,135500,1,0,18 7,2,9,,135400,1,0,18 7,2,9,,135366,1,0,18 7,2,49,,135494,1,0,18 7,2,9,,135440,1,0,18 7,2,9,,116779,1,0,18 7,2,9,,135449,1,0,18 7,2,9,,135331,1,0,18 7,2,9,,135492,1,0,18 7,2,49,,135493,1,0,18 7,2,9,,135453,1,0,18 7,2,9,,135415,1,0,18 7,2,9,,135412,1,0,18 7,2,9,,135375,1,0,18 7,2,9,,123113,1,0,18 7,2,9,,135352,1,0,18 7,2,49,,135381,1,0,18 7,2,9,,135397,1,0,18 7,2,9,,135369,1,0,18 7,2,9,,135479,1,0,18 7,2,9,,135365,1,0,18 7,2,9,,135355,1,0,18 7,2,9,,135466,1,0,18 7,2,49,,135372,1,0,18 7,2,9,,135341,1,0,18 7,2,9,,135438,1,0,18 7,2,9,,135456,1,0,18 7,2,9,,135326,1,0,18 7,2,9,,135499,1,0,18 7,2,49,,135362,1,0,18 7,2,9,,135333,1,0,18 7,2,9,,135462,1,0,18 7,2,9,,135323,1,0,18 7,2,9,,135421,1,0,18 7,2,9,,135417,1,0,18 7,2,9,,107652,1,0,18 7,2,49,,135441,1,0,18 7,2,9,,135486,1,0,18 7,2,5,,135334,1,0,18 7,2,6,,135354,1,0,18 7,2,6,,135349,1,0,18 7,2,6,,135394,1,0,18 7,2,7,,135481,1,0,18 7,2,6,,135393,1,0,18 7,2,6,,135342,1,0,18 7,2,46,,135329,1,0,18 7,2,7,,135332,1,0,18 7,2,6,,135450,1,0,18 7,2,6,,135337,1,0,18 7,2,6,,135384,1,0,18 7,2,7,,135344,1,0,18 7,2,6,,135338,1,0,18 7,2,6,,135472,1,0,18 7,2,6,,135379,1,0,18 7,2,7,,135497,1,0,18 7,2,46,,135477,1,0,18 7,2,6,,111771,1,0,18 7,2,6,,117962,1,0,18 7,2,7,,135387,1,0,18 7,2,6,,135459,1,0,18 7,2,6,,135356,1,0,18 7,2,6,,135380,1,0,18 7,2,7,,135391,1,0,18 7,2,6,,135414,1,0,18 7,2,46,,135484,1,0,18 7,2,6,,135464,1,0,18 7,2,7,,135420,1,0,18 7,2,6,,135429,1,0,18 7,2,6,,135451,1,0,18 7,2,6,,135496,1,0,18 7,2,5,,135423,1,0,18 7,2,9,,135399,1,0,18 7,2,9,,135461,1,0,18 7,2,50,,135432,1,0,18 7,2,9,,135409,1,0,18 7,2,10,,135360,1,0,18 7,2,9,,135439,1,0,18 7,2,10,,135347,1,0,18 7,2,9,,135468,1,0,18 7,2,50,,135476,1,0,18 7,2,9,,135505,1,0,18 7,2,10,,135370,1,0,18 7,2,9,,135478,1,0,18 7,2,10,,119630,1,0,18 7,2,10,,135489,1,0,18 7,2,10,,135361,1,0,18 7,2,51,,135444,1,0,18 7,2
51003,'5',525,,135633,1,0,18 7,2,16,,135659,1,0,18 7,2,15,,135544,1,0,18 7,2,55,,135647,1,0,18 7,2,15,,135619,1,0,18 7,2,15,,135652,1,0,18 7,2,15,,135593,1,0,18 7,2,55,,135635,1,0,18 7,2,15,,135623,1,0,18 7,2,15,,135524,1,0,18 7,2,15,,135587,1,0,18 7,2,55,,135554,1,0,18 7,2,15,,135606,1,0,18 7,2,15,,135578,1,0,18 7,2,14,,135529,1,0,18 7,2,53,,135558,1,0,18 7,2,12,,135699,1,0,18 7,2,8,,135540,1,0,18 7,2,8,,135624,1,0,18 7,2,9,,135665,1,0,18 7,2,10,,135692,1,0,18 7,2,50,,135584,1,0,18 7,2,10,,135657,1,0,18 7,2,9,,135597,1,0,18 7,2,10,,135592,1,0,18 7,2,10,,135602,1,0,18 7,2,10,,135697,1,0,18 7,2,50,,135530,1,0,18 7,2,10,,135687,1,0,18 7,2,10,,135651,1,0,18 7,2,10,,135557,1,0,18 7,2,9,,135573,1,0,18 7,2,9,,135586,1,0,18 7,2,49,,135663,1,0,18 7,2,9,,135637,1,0,18 7,2,9,,135519,1,0,18 7,2,9,,135609,1,0,18 7,2,9,,135520,1,0,18 7,2,9,,135543,1,0,18 7,2,9,,135688,1,0,18 7,2,49,,135595,1,0,18 7,2,9,,135594,1,0,18 7,2,9,,135546,1,0,18 7,2,9,,135576,1,0,18 7,2,9,,135690,1,0,18 7,2,9,,135628,1,0,18 7,2,9,,135673,1,0,18 7,2,49,,135567,1,0,18 7,2,9,,135713,1,0,18 7,2,9,,135509,1,0,18 7,2,9,,135671,1,0,18 7,2,9,,135625,1,0,18 7,2,9,,135512,1,0,18 7,2,49,,135627,1,0,18 7,2,9,,135675,1,0,18 7,2,9,,135678,1,0,18 7,2,9,,135568,1,0,18 7,2,9,,135712,1,0,18 7,2,9,,135705,1,0,18 7,2,9,,135528,1,0,18 7,2,49,,135596,1,0,18 7,2,9,,135522,1,0,18 7,2,9,,135541,1,0,18 7,2,9,,135535,1,0,18 7,2,9,,135589,1,0,18 7,2,9,,135542,1,0,18 7,2,9,,135610,1,0,18 7,2,49,,135669,1,0,18 7,2,9,,135615,1,0,18 7,2,9,,135660,1,0,18 7,2,9,,135706,1,0,18 7,2,9,,135668,1,0,18 7,2,9,,135689,1,0,18 7,2,49,,135670,1,0,18 7,2,9,,135658,1,0,18 7,2,9,,135691,1,0,18 7,2,9,,135677,1,0,18 7,2,9,,135598,1,0,18 7,2,9,,135510,1,0,18 7,2,9,,135516,1,0,18 7,2,49,,135577,1,0,18 7,2,9,,135629,1,0,18 7,2,5,,135513,1,0,18 7,2,6,,135571,1,0,18 7,2,6,,135564,1,0,18 7,2,6,,135526,1,0,18 7,2,7,,135626,1,0,18 7,2,6,,135515,1,0,18 7,2,6,,135562,1,0,18 7,2,46,,135704,1,0,18 7,2,7,,135656,1,0,18 7,2,6,,135605,1,0,18 7,2,6,,135569,1,0,18 7,2,6,,135607,1,0,18 7,2,7,,135550,1,0,18 7,2,6,,135566,1,0,18 7,2,6,,135614,1,0,18 7,2,6,,135527,1,0,18 7,2,7,,135708,1,0,18 7,2,46,,135552,1,0,18 7,2,6,,135695,1,0,18 7,2,6,,135639,1,0,18 7,2,7,,135533,1,0,18 7,2,6,,135644,1,0,18 7,2,6,,135617,1,0,18 7,2,6,,135684,1,0,18 7,2,7,,135683,1,0,18 7,2,6,,135560,1,0,18 7,2,46,,135600,1,0,18 7,2,6,,135579,1,0,18 7,2,7,,135710,1,0,18 7,2,6,,135545,1,0,18 7,2,6,,135694,1,0,18 7,2,6,,135599,1,0,18 7,2,5,,135636,1,0,18 7,2,9,,135604,1,0,18 7,2,9,,135549,1,0,18 7,2,50,,135611,1,0,18 7,2,9,,135572,1,0,18 7,2,10,,135508,1,0,18 7,2,9,,135622,1,0,18 7,2,10,,135616,1,0,18 7,2,9,,135682,1,0,18 7,2,50,,135590,1,0,18 7,2,9,,135608,1,0,18 7,2,10,,135580,1,0,18 7,2,9,,135551,1,0,18 7,2,10,,135653,1,0,18 7,2,10,,135570,1,0,18 7,2,10,,135655,1,0,18 7,2,51,,135703,1,0,18 7,2
51004,'1',520,,135873,8,4,,2,11,,135897,8,4,,2,5,,135859,8,4,,2,9,,135793,8,4,,2,9,,135858,17,4,,2,49,,135806,17,4,,2,9,,135766,17,4,,2,9,,135799,17,4,,2,9,,135797,17,4,,2,9,,135776,17,4,,2,9,,135767,17,4,,2,9,,135777,17,4,,2,49,,135807,17,4,,2,9,,135802,17,4,,2,9,,135881,17,4,,2,9,,135753,17,4,,2,8,,135826,17,4,,2,9,,135775,17,4,,2,52,,135885,17,4,,2,12,,135812,17,4,,2,12,,135745,17,4,,2,13,,135774,17,4,,2,12,,135868,17,4,,2,52,,135719,17,4,,2,12,,135857,17,4,,2,12,,135877,17,4,,2,12,,135867,17,4,,2,12,,135758,17,4,,2,52,,135831,17,4,,2,12,,135894,17,4,,2,12,,135865,17,4,,2,12,,135722,17,4,,2,12,,135872,17,4,,2,52,,135840,17,4,,2,12,,135836,17,4,,2,12,,135769,17,4,,2,12,,135785,17,4,,2,12,,135816,17,4,,2,52,,135740,17,4,,2,12,,135754,17,4,,2,12,,135862,17,4,,2,12,,135828,17,4,,2,12,,135789,17,4,,2,52,,135737,17,4,,2,12,,135772,17,4,,2,12,,135893,17,4,,2,12,,135725,17,4,,2,12,,135731,17,4,,2,52,,135718,17,4,,2,12,,113702,17,4,,2,12,,135853,17,4,,2,12,,135773,17,4,,2,12,,135741,17,4,,2,52,,135817,17,4,,2,12,,135838,17,4,,2,13,,135896,17,4,,2,12,,135755,17,4,,2,12,,135864,17,4,,2,52,,135786,17,4,,2,12,,135723,17,4,,2,12,,135762,17,4,,2,12,,135804,17,4,,2,12,,135854,17,4,,2,52,,135855,17,4,,2,12,,135829,17,4,,2,12,,135876,17,4,,2,12,,135848,17,4,,2,12,,135890,17,4,,2,52,,135729,17,4,,2,12,,135733,17,4,,2,12,,135889,17,4,,2,12,,135869,17,4,,2,12,,135780,17,4,,2,52,,135830,17,4,,2,12,,135756,17,4,,2,11,,135791,17,4,,2,12,,135763,17,4,,2,12,,135803,17,4,,2,51,,135847,17,4,,2,12,,135770,17,4,,2,12,,107732,17,4,,2,12,,135790,17,4,,2,12,,135852,17,4,,2,52,,135822,17,4,,2,12,,135738,17,4,,2,12,,135759,17,4,,2,12,,135765,17,4,,2,12,,135805,17,4,,2,52,,135717,17,4,,2,12,,135860,17,4,,2,12,,135735,17,4,,2,10,,135895,17,4,,2,10,,135757,17,4,,2,10,,135768,17,4,,2,46,,135823,17,4,,2,10,,135819,17,4,,2,9,,135715,17,4,,2,10,,135792,17,4,,2,9,,135844,17,4,,2,10,,135818,17,4,,2,9,,135878,17,4,,2,50,,135814,17,4,,2,9,,135734,17,4,,2,10,,135787,17,4,,2,9,,135832,17,4,,2,10,,107072,17,4,,2,9,,135808,17,4,,2,50,,135850,17,4,,2,9,,135839,17,4,,2,11,,135736,17,4,,2,10,,135887,17,4,,2,9,,135886,17,4,,2
51004,'2',525,,136033,8,4,,2,10,,136044,8,4,,2,9,,135999,8,4,,2,10,,136007,17,4,,2,49,,136025,17,4,,2,10,,136109,17,4,,2,9,,136061,17,4,,2,10,,109797,17,4,,2,9,,136041,17,4,,2,10,,135974,17,4,,2,49,,136091,17,4,,2,10,,135971,17,4,,2,9,,136133,17,4,,2,10,,136054,17,4,,2,9,,136027,17,4,,2,10,,136092,17,4,,2,9,,136051,17,4,,2,50,,135926,17,4,,2,9,,136088,17,4,,2,10,,136079,17,4,,2,9,,136058,17,4,,2,10,,136056,17,4,,2,9,,135992,17,4,,2,50,,136103,17,4,,2,12,,136015,17,4,,2,8,,135954,17,4,,2,9,,136063,17,4,,2,8,,135942,17,4,,2,9,,136020,17,4,,2,8,,136102,17,4,,2,49,,136075,17,4,,2,8,,135980,17,4,,2,9,,135953,17,4,,2,8,,135986,17,4,,2,9,,136065,17,4,,2,8,,135944,17,4,,2,9,,135931,17,4,,2,48,,135913,17,4,,2,9,,136100,17,4,,2,8,,135970,17,4,,2,9,,135916,17,4,,2,9,,135990,17,4,,2,8,,136134,17,4,,2,8,,136028,17,4,,2,48,,136117,17,4,,2,7,,136038,17,4,,2,8,,135956,17,4,,2,8,,135903,17,4,,2,8,,136019,17,4,,2,7,,135912,17,4,,2,8,,135983,17,4,,2,8,,136120,17,4,,2,48,,135939,17,4,,2,7,,136068,17,4,,2,8,,136048,17,4,,2,8,,136030,17,4,,2,8,,136042,17,4,,2,7,,135946,17,4,,2,8,,135914,17,4,,2,48,,135962,17,4,,2,8,,135961,17,4,,2,7,,136124,17,4,,2,8,,135948,17,4,,2,8,,136060,17,4,,2,8,,135976,17,4,,2,7,,135905,17,4,,2,8,,136136,17,4,,2,48,,136101,17,4,,2,8,,110616,17,4,,2,7,,136076,17,4,,2,8,,136073,17,4,,2,8,,136017,17,4,,2,8,,136121,17,4,,2,7,,136074,17,4,,2,8,,135915,17,4,,2,48,,136119,17,4,,2,8,,135941,17,4,,2,7,,136003,17,4,,2,8,,135919,17,4,,2,8,,135900,17,4,,2,8,,136104,17,4,,2,7,,135995,17,4,,2,8,,135910,17,4,,2,48,,136047,17,4,,2,8,,136008,17,4,,2,7,,136086,17,4,,2,8,,135975,17,4,,2,8,,135937,17,4,,2,8,,135969,17,4,,2,7,,135955,17,4,,2,48,,136089,17,4,,2,8,,136111,17,4,,2,8,,135906,17,4,,2,7,,135973,17,4,,2,8,,136062,17,4,,2,8,,135940,17,4,,2,7,,136022,17,4,,2,6,,136012,17,4,,2,2,,136125,17,4,,2,47,,136081,17,4,,2,6,,135899,17,4,,2,5,,136014,17,4,,2,5,,136080,17,4,,2,5,,135952,17,4,,2,6,,136098,17,4,,2,5,,136108,17,4,,2,5,,136004,17,4,,2,5,,136122,17,4,,2,6,,135957,17,4,,2,5,,135904,17,4,,2,45,,136070,17,4,,2,5,,135984,17,4,,2,6,,136052,17,4,,2,5,,136006,17,4,,2,5,,135947,17,4,,2,5,,136132,17,4,,2,6,,135909,17,4,,2,5,,136094,17,4,,2,5,,136137,17,4,,2,5,,136078,17,4,,2,6,,136066,17,4,,2,5,,135981,17,4,,2,45,,136064,17,4,,2,5,,135925,17,4,,2,6,,135911,17,4,,2,5,,135917,17,4,,2,5,,136013,17,4,,2,5,,136039,17,4,,2,6,,135959,17,4,,2,5,,135930,17,4,,2,5,,136040,17,4,,2,5,,136105,17,4,,2,6,,136106,17,4,,2,45,,136096,17,4,,2,5,,135923,17,4,,2,3,,135964,17,4,,2,11,,136036,17,4,,2,9,,136035,17,4,,2,9,,136037,17,4,,2,10,,136077,17,4,,2,9,,136050,17,4,,2,50,,135945,17,4,,2,9,,135958,17,4,,2,10,,136107,17,4,,2,9,,136090,17,4,,2,10,,135967,17,4,,2,9,,135988,17,4,,2,50,,135979,17,4,,2,9,,135922,17,4,,2,10,,135991,17,4,,2,9,,136000,17,4,,2,10,,136082,17,4,,2,9,,135938,17,4,,2,50,,136032,17,4,,2,9,,135929,17,4,,2,12,,136002,17,4,,2,10,,135908,17,4,,2,10,,136099,17,4,,2
51004,'3',811,,136190,17,4,,2,15,,136243,17,4,,2,15,,136155,17,4,,2,14,,136288,17,4,,2,53,,136236,17,4,,2,12,,136204,17,4,,2,8,,136154,17,4,,2,8,,136143,17,4,,2,9,,136172,17,4,,2,10,,136252,17,4,,2,50,,136248,17,4,,2,10,,136295,17,4,,2,9,,136147,17,4,,2,10,,136198,17,4,,2,10,,136232,17,4,,2,10,,136320,17,4,,2,50,,136293,17,4,,2,10,,136257,17,4,,2,10,,136274,17,4,,2,10,,136171,17,4,,2,9,,136246,17,4,,2,9,,136208,17,4,,2,49,,136304,17,4,,2,9,,136289,17,4,,2,9,,136308,17,4,,2,9,,136191,17,4,,2,9,,136166,17,4,,2,9,,136226,17,4,,2,9,,136138,17,4,,2,49,,136149,17,4,,2,9,,136326,17,4,,2,9,,136163,17,4,,2,9,,136283,17,4,,2,9,,136142,17,4,,2,9,,136317,17,4,,2,9,,136157,17,4,,2,49,,136180,17,4,,2,9,,136228,17,4,,2,9,,136209,17,4,,2,9,,136203,17,4,,2,9,,136322,17,4,,2,9,,136231,17,4,,2,49,,136158,17,4,,2,9,,136196,17,4,,2,9,,136145,17,4,,2,9,,136260,17,4,,2,9,,136139,17,4,,2,9,,136268,17,4,,2,9,,136253,17,4,,2,49,,136271,17,4,,2,9,,136230,17,4,,2,9,,136259,17,4,,2,9,,136150,17,4,,2,9,,136240,17,4,,2,9,,136313,17,4,,2,9,,136200,17,4,,2,49,,136182,17,4,,2,9,,136276,17,4,,2,9,,136183,17,4,,2,9,,136309,17,4,,2,9,,136174,17,4,,2,9,,136224,17,4,,2,49,,136141,17,4,,2,9,,136213,17,4,,2,9,,136237,17,4,,2,9,,136193,17,4,,2,9,,136280,17,4,,2,9,,136218,17,4,,2,9,,136161,17,4,,2,49,,136319,17,4,,2,9,,136255,17,4,,2,5,,136169,17,4,,2,6,,136140,17,4,,2,6,,136261,17,4,,2,6,,136312,17,4,,2,7,,136325,17,4,,2,6,,136179,17,4,,2,6,,136167,17,4,,2,46,,136275,17,4,,2,7,,136281,17,4,,2,6,,136222,17,4,,2,6,,136256,17,4,,2,6,,136227,17,4,,2,7,,136311,17,4,,2,6,,136267,17,4,,2,6,,117471,17,4,,2,6,,136219,17,4,,2,7,,136269,17,4,,2,46,,136302,17,4,,2,6,,136239,17,4,,2,6,,136286,17,4,,2,7,,136223,17,4,,2,6,,136245,17,4,,2,6,,136168,17,4,,2,6,,136290,17,4,,2,7,,136305,17,4,,2,6,,136156,17,4,,2,46,,136249,17,4,,2,6,,136314,17,4,,2,7,,136195,17,4,,2,6,,136211,17,4,,2,6,,136315,17,4,,2,6,,136186,17,4,,2,5,,136206,17,4,,2,9,,136225,17,4,,2,9,,136162,17,4,,2,50,,136164,17,4,,2,9,,136270,17,4,,2,10,,136284,17,4,,2,9,,136148,17,4,,2,10,,136287,17,4,,2,9,,136215,17,4,,2,50,,136272,17,4,,2,9,,136294,17,4,,2,10,,136250,17,4,,2,9,,136292,17,4,,2,10,,136300,17,4,,2,10,,136151,17,4,,2,10,,136152,17,4,,2,51,,136220,17,4,,2,10,,136144,17,4,,2,10,,136233,17,4,,2,10,,136153,17,4,,2
51004,'5',525,,136486,17,4,,2,16,,136359,17,4,,2,15,,136514,17,4,,2,55,,136480,17,4,,2,15,,136352,17,4,,2,15,,136476,17,4,,2,15,,136489,17,4,,2,55,,136473,17,4,,2,15,,136520,17,4,,2,15,,136460,17,4,,2,15,,136334,17,4,,2,55,,136442,17,4,,2,15,,136455,17,4,,2,15,,136355,17,4,,2,14,,136346,17,4,,2,53,,136408,17,4,,2,12,,136450,17,4,,2,8,,136402,17,4,,2,8,,136356,17,4,,2,9,,116905,17,4,,2,10,,136459,17,4,,2,50,,136504,17,4,,2,10,,136333,17,4,,2,9,,136350,17,4,,2,10,,136391,17,4,,2,10,,136340,17,4,,2,10,,136349,17,4,,2,50,,136405,17,4,,2,10,,136461,17,4,,2,10,,136410,17,4,,2,10,,136331,17,4,,2,9,,136429,17,4,,2,9,,136367,17,4,,2,49,,136472,17,4,,2,9,,118213,17,4,,2,9,,109619,17,4,,2,9,,136409,17,4,,2,9,,136416,17,4,,2,9,,136491,17,4,,2,9,,136376,17,4,,2,49,,136381,17,4,,2,9,,136364,17,4,,2,9,,136363,17,4,,2,9,,136425,17,4,,2,9,,136344,17,4,,2,9,,136498,17,4,,2,9,,136418,17,4,,2,49,,136463,17,4,,2,9,,136453,17,4,,2,9,,136500,17,4,,2,9,,136424,17,4,,2,9,,136400,17,4,,2,9,,136345,17,4,,2,49,,136414,17,4,,2,9,,136380,17,4,,2,9,,136351,17,4,,2,9,,136370,17,4,,2,9,,136464,17,4,,2,9,,136385,17,4,,2,9,,136366,17,4,,2,49,,136348,17,4,,2,9,,123534,17,4,,2,9,,136339,17,4,,2,9,,136470,17,4,,2,9,,136379,17,4,,2,9,,136426,17,4,,2,9,,136383,17,4,,2,49,,136435,17,4,,2,9,,136469,17,4,,2,9,,136371,17,4,,2,9,,136511,17,4,,2,9,,136365,17,4,,2,9,,136483,17,4,,2,49,,136389,17,4,,2,9,,136449,17,4,,2,9,,136354,17,4,,2,9,,136357,17,4,,2,9,,136329,17,4,,2,9,,136481,17,4,,2,9,,136421,17,4,,2,49,,136518,17,4,,2,9,,136369,17,4,,2,5,,136433,17,4,,2,6,,136444,17,4,,2,6,,136360,17,4,,2,6,,136456,17,4,,2,7,,136505,17,4,,2,6,,136512,17,4,,2,6,,136411,17,4,,2,46,,136436,17,4,,2,7,,136517,17,4,,2,6,,136342,17,4,,2,6,,136387,17,4,,2,6,,136368,17,4,,2,7,,136488,17,4,,2,6,,136509,17,4,,2,6,,136432,17,4,,2,6,,136448,17,4,,2,7,,136523,17,4,,2,46,,136478,17,4,,2,6,,136467,17,4,,2,6,,136497,17,4,,2,7,,136343,17,4,,2,6,,136335,17,4,,2,6,,136397,17,4,,2,6,,136337,17,4,,2,7,,136415,17,4,,2,6,,136452,17,4,,2,46,,136492,17,4,,2,6,,136458,17,4,,2,7,,136474,17,4,,2,6,,136501,17,4,,2,6,,123552,17,4,,2,6,,136332,17,4,,2,5,,136457,17,4,,2,9,,136521,17,4,,2,9,,110992,17,4,,2,50,,136407,17,4,,2,9,,136495,17,4,,2,10,,136437,17,4,,2,9,,136438,17,4,,2,10,,136524,17,4,,2,9,,136382,17,4,,2,50,,136431,17,4,,2,9,,136434,17,4,,2,10,,136477,17,4,,2,9,,136516,17,4,,2,10,,136507,17,4,,2,10,,136515,17,4,,2,10,,136447,17,4,,2,51,,136510,17,4,,2,10,,136484,17,4,,2,10,,136496,17,4,,2,10,,136468,17,4,,2
