30501,'1',2535,,91693,30,0,34,2,20,,91695,30,0,34,2,55,,91692,30,0,34,2,15,,91694,30,0,34,2,15,,91698,30,0,34,2,10,,91703,30,0,34,2,50,,91699,30,0,34,2,20,,78677,30,0,34,2,10,,91696,30,0,34,2,10,,91700,30,0,34,2,60,,91701,30,0,34,2,20,,91705,30,0,34,2,20,,91697,30,0,34,2,70,,91704,30,0,34,2,30,,91702,30,0,34,2
30501,'2',2547,,91708,30,0,34,2,6,,91720,30,0,34,2,2,,91710,30,0,34,2,55,,91717,30,0,34,2,10,,91714,30,0,34,2,10,,91713,30,0,34,2,20,,91707,30,0,34,2,60,,91715,30,0,34,2,20,,91706,30,0,34,2,20,,91719,30,0,34,2,60,,91718,30,0,34,2,20,,90868,30,0,34,2,70,,91716,30,0,34,2,8,,91709,30,0,34,2,22,,91711,30,0,34,2,70,,91712,30,0,34,2
30501,'3',552,,91743,30,0,34,2,55,,91745,30,0,34,2,15,,91735,30,0,34,2,14,,91748,30,0,34,2,16,,91726,30,0,34,2,55,,91752,30,0,34,2,15,,91755,30,0,34,2,15,,91729,30,0,34,2,15,,91742,30,0,34,2,50,,91738,30,0,34,2,10,,91736,30,0,34,2,10,,91732,30,0,34,2,10,,91739,30,0,34,2,1710,,91733,30,0,34,2,10,,91747,30,0,34,2,50,,91737,30,0,34,2,10,,91750,30,0,34,2,12,,91754,30,0,34,2,20,,91749,30,0,34,2,7,,91728,30,0,34,2,53,,91731,30,0,34,2,20,,91741,30,0,34,2,10,,91721,30,0,34,2,70,,91753,30,0,34,2,30,,91740,30,0,34,2,8,,91725,30,0,34,2,62,,91756,30,0,34,2,20,,91730,30,0,34,2
30501,'5',2542,,91761,30,0,34,2,11,,91769,30,0,34,2,49,,91766,30,0,34,2,10,,91757,30,0,34,2,12,,91759,30,0,34,2,17,,80568,30,0,34,2,6,,91762,30,0,34,2,57,,91764,30,0,34,2,20,,91758,30,0,34,2,20,,91767,30,0,34,2,60,,91765,30,0,34,2,27,,91763,30,0,34,2,11,,91770,30,0,34,2,62,,91768,30,0,34,2,30,,91760,30,0,34,2
30601,'1',2552,,91857,33,0,11 12 7,2,50,,91852,33,,,2,10,,91860,33,0,11 12 7,2,10,,91855,33,0,11 12 7,2,10,,91853,33,,,2,10,,91856,33,0,11 12 7,2,10,,91861,33,,,2,5,,91864,33,,,2,45,,91866,33,0,11 12 7,2,20,,91859,33,0,11 12 7,2,20,,91870,33,0,11 12 7,2,65,,91869,33,0,11 12 7,2,15,,91858,33,0,11 12 7,2,20,,91867,33,0,11 12 7,2,60,,91862,33,0,11 12 7,2,20,,91851,33,0,11 12 7,2,20,,91868,33,,,2,58,,91863,33,,,2
30601,'2',2540,,91886,33,,,2,5,,91880,33,0,11 12 7,2,10,,91873,33,,,2,50,,82204,33,0,11 12 7,2,10,,91884,33,,,2,10,,91891,33,0,11 12 7,2,20,,91881,33,0,11 12 7,2,6,,91890,33,,,2,7,,91883,33,,,2,47,,91894,33,0,11 12 7,2,20,,91887,33,0,11 12 7,2,20,,91871,33,0,11 12 7,2,60,,91892,33,0,11 12 7,2,20,,91874,33,0,11 12 7,2,20,,91876,33,0,11 12 7,2,60,,91877,33,0,11 12 7,2,20,,91893,33,0,11 12 7,2,10,,91875,33,,,2,20,,91878,33,,,2,58,,91879,33,,,2
30601,'3',603,,91901,33,0,11 12 7,2,10,,91936,33,0,11 12 7,2,10,,91903,33,0,11 12 7,2,10,,91914,33,0,11 12 7,2,10,,91912,33,0,11 12 7,2,10,,91907,33,0,11 12 7,2,50,,91944,33,0,11 12 7,2,10,,91929,33,0,11 12 7,2,10,,91899,33,0,11 12 7,2,1826,,91923,33,,,2,52,,91949,33,0,11 12 7,2,10,,91904,33,,,2,10,,91948,33,0,11 12 7,2,9,,91938,33,,,2,9,,91917,33,,,2,2,,91896,33,0,11 12 7,2,9,,91919,33,,,2,51,,91916,33,0,11 12 7,2,20,,91945,33,0,11 12 7,2,20,,91931,33,0,11 12 7,2,60,,91935,33,0,11 12 7,2,20,,91943,33,0,11 12 7,2,20,,91922,33,0,11 12 7,2,60,,91940,33,0,11 12 7,2,20,,91934,33,0,11 12 7,2,15,,91924,33,0,11 12 7,2
30601,'5',2549,,91968,33,,,2,52,,91953,33,0,11 12 7,2,10,,91951,33,,,2,10,,91955,33,0,11 12 7,2,10,,91973,33,,,2,5,,91959,33,,,2,5,,91972,33,0,11 12 7,2,10,,91969,33,,,2,50,,91966,33,0,11 12 7,2,20,,91965,33,0,11 12 7,2,20,,91963,33,0,11 12 7,2,60,,91950,33,0,11 12 7,2,20,,91956,33,0,11 12 7,2,20,,91957,33,0,11 12 7,2,60,,91971,33,0,11 12 7,2,20,,91954,33,0,11 12 7,2,15,,91958,33,0,11 12 7,2
50501,'1',556,,96542,29,0,34,2,52,,96605,29,0,34,2,10,,96609,29,0,34,2,10,,96616,28,0,34,2,10,,96525,28,0,34,2,10,,96578,28,0,34,2,10,,96613,28,0,34,2,50,,96676,28,0,34,2,10,,96544,28,0,34,2,10,,96659,28,0,34,2,10,,96699,28,0,34,2,10,,96586,28,0,34,2,10,,96581,28,0,34,2,51,,96671,28,0,34,2,8,,96604,28,0,34,2,6,,96550,28,0,34,2,6,,96696,28,0,34,2,6,,96601,28,0,34,2,6,,96570,28,0,34,2,6,,96551,28,0,34,2,6,,96665,28,0,34,2,6,,96642,28,0,34,2,46,,96608,28,0,34,2,6,,96614,28,0,34,2,6,,96654,28,0,34,2,6,,96584,28,0,34,2,6,,96653,28,0,34,2,6,,96670,28,0,34,2,6,,96517,28,0,34,2,6,,96591,28,0,34,2,6,,96557,28,0,34,2,6,,96623,28,0,34,2,46,,96596,28,0,34,2,6,,96686,28,0,34,2,11,,96673,28,0,34,2,6,,96538,28,0,34,2,6,,96533,28,0,34,2,6,,96594,28,0,34,2,6,,96606,28,0,34,2,6,,96690,28,0,34,2,6,,96658,28,0,34,2,46,,75386,28,0,34,2,6,,96693,28,0,34,2,6,,96657,28,0,34,2,6,,85595,28,0,34,2,6,,96650,28,0,34,2,6,,96612,28,0,34,2,6,,96627,28,0,34,2,6,,96566,28,0,34,2,6,,96577,28,0,34,2,6,,96535,28,0,34,2,46,,96655,28,0,34,2,6,,96526,28,0,34,2,6,,96540,28,0,34,2,6,,96633,28,0,34,2,6,,96518,28,0,34,2,6,,96618,28,0,34,2,6,,96603,28,0,34,2,6,,96559,28,0,34,2,6,,96532,28,0,34,2,6,,96685,28,0,34,2,46,,96646,28,0,34,2,6,,96527,28,0,34,2,6,,96523,28,0,34,2,6,,96675,28,0,34,2,6,,96547,28,0,34,2,6,,96681,28,0,34,2,6,,96588,28,0,34,2,6,,96695,28,0,34,2,6,,96619,28,0,34,2,6,,96569,28,0,34,2,46,,96600,28,0,34,2,6,,96530,28,0,34,2,6,,96680,28,0,34,2,6,,96625,28,0,34,2,6,,96543,28,0,34,2,6,,96565,28,0,34,2,6,,96576,28,0,34,2,6,,96666,28,0,34,2,6,,81348,28,0,34,2,7,,96692,28,0,34,2,48,,96656,28,0,34,2,6,,96555,28,0,34,2,6,,96697,28,0,34,2,6,,96541,28,0,34,2,6,,96516,28,0,34,2,6,,96677,28,0,34,2,6,,96694,28,0,34,2,6,,96593,28,0,34,2,6,,96583,28,0,34,2,46,,96610,28,0,34,2,6,,96682,28,0,34,2,6,,96539,28,0,34,2,6,,96520,28,0,34,2,6,,96558,28,0,34,2,6,,96582,28,0,34,2,6,,96564,28,0,34,2,6,,96534,28,0,34,2,6,,96669,28,0,34,2,6,,96563,28,0,34,2,46,,96630,28,0,34,2,6,,96674,28,0,34,2,6,,96549,28,0,34,2,6,,96595,28,0,34,2,6,,96651,28,0,34,2,6,,96660,28,0,34,2,6,,96607,28,0,34,2,6,,96572,28,0,34,2,6,,96592,28,0,34,2,6,,96688,28,0,34,2,46,,96652,28,0,34,2,6,,96611,28,0,34,2,6,,96548,28,0,34,2,6,,96634,28,0,34,2,6,,96679,28,0,34,2,6,,96529,28,0,34,2,6,,96691,28,0,34,2,6,,96575,28,0,34,2,6,,96672,28,0,34,2,6,,96536,28,0,34,2,46,,96537,28,0,34,2,6,,96643,28,0,34,2,6,,96664,28,0,34,2,6,,96615,28,0,34,2,6,,96579,28,0,34,2,6,,85614,28,0,34,2,6,,96621,28,0,34,2,6,,96573,28,0,34,2,8,,96647,28,0,34,2,3,,96640,28,0,34,2,46,,96668,28,0,34,2,5,,96568,28,0,34,2,3,,96684,28,0,34,2,3,,96599,28,0,34,2,5,,96663,28,0,34,2,10,,96667,28,0,34,2,5,,96632,28,0,34,2,5,,96561,28,0,34,2,5,,96628,28,0,34,2,5,,96519,28,0,34,2,10,,96531,28,0,34,2,50,,96631,28,0,34,2,10,,96524,28,0,34,2,10,,96522,28,0,34,2,10,,96617,28,0,34,2,10,,96649,28,0,34,2,10,,96638,28,0,34,2,50,,96629,28,0,34,2,7,,96598,28,0,34,2,7,,96580,28,0,34,2,11,,96554,28,0,34,2,10,,96546,28,0,34,2,10,,78548,28,0,34,2,50,,96639,28,0,34,2,10,,96602,28,0,34,2,10,,96678,28,0,34,2,10,,96624,28,0,34,2,10,,96562,28,0,34,2,10,,96626,28,0,34,2,50,,96687,28,0,34,2,10,,96661,28,0,34,2,10,,96528,28,0,34,2,10,,96556,28,0,34,2,10,,96589,28,0,34,2,10,,96637,28,0,34,2,50,,96585,28,0,34,2,10,,96689,28,0,34,2,10,,96620,28,0,34,2,10,,96567,28,0,34,2,15,,96683,28,0,34,2
50501,'2',549,,96811,29,0,34,2,55,,96768,29,0,34,2,10,,96791,29,0,34,2,10,,96724,29,0,34,2,10,,96845,28,0,34,2,10,,96719,28,0,34,2,10,,96769,28,0,34,2,50,,96868,28,0,34,2,10,,96792,28,0,34,2,10,,96751,28,0,34,2,10,,96817,28,0,34,2,10,,86837,28,0,34,2,13,,96732,28,0,34,2,52,,96802,28,0,34,2,10,,96776,28,0,34,2,13,,96862,28,0,34,2,11,,96851,28,0,34,2,8,,96870,28,0,34,2,6,,96781,28,0,34,2,46,,96712,28,0,34,2,6,,96782,28,0,34,2,6,,96815,28,0,34,2,6,,96749,28,0,34,2,6,,96826,28,0,34,2,6,,96859,28,0,34,2,6,,96757,28,0,34,2,6,,96763,28,0,34,2,6,,96709,28,0,34,2,6,,96722,28,0,34,2,46,,96729,28,0,34,2,6,,96723,28,0,34,2,6,,96803,28,0,34,2,6,,96717,28,0,34,2,6,,96841,28,0,34,2,6,,96750,28,0,34,2,6,,96731,28,0,34,2,6,,96814,28,0,34,2,6,,96828,28,0,34,2,6,,96780,28,0,34,2,46,,96716,28,0,34,2,6,,96753,28,0,34,2,6,,96872,28,0,34,2,6,,96741,28,0,34,2,6,,96773,28,0,34,2,6,,96701,28,0,34,2,6,,90181,28,0,34,2,6,,96835,28,0,34,2,6,,96853,28,0,34,2,6,,96805,28,0,34,2,46,,96820,28,0,34,2,6,,96865,28,0,34,2,6,,96819,28,0,34,2,6,,96706,28,0,34,2,8,,96838,28,0,34,2,9,,96756,28,0,34,2,7,,96748,28,0,34,2,5,,96702,28,0,34,2,6,,96799,28,0,34,2,46,,96831,28,0,34,2,6,,96794,28,0,34,2,6,,96801,28,0,34,2,6,,96800,28,0,34,2,6,,96747,28,0,34,2,6,,96765,28,0,34,2,6,,96833,28,0,34,2,6,,96842,28,0,34,2,6,,96775,28,0,34,2,6,,96714,28,0,34,2,46,,96798,28,0,34,2,6,,96759,28,0,34,2,6,,96866,28,0,34,2,6,,96848,28,0,34,2,6,,96715,28,0,34,2,6,,96734,28,0,34,2,6,,96858,28,0,34,2,6,,96745,28,0,34,2,6,,96861,28,0,34,2,6,,96840,28,0,34,2,46,,96761,28,0,34,2,6,,96816,28,0,34,2,6,,96796,28,0,34,2,6,,96812,28,0,34,2,6,,96844,28,0,34,2,6,,96793,28,0,34,2,6,,96736,28,0,34,2,6,,96824,28,0,34,2,6,,96867,28,0,34,2,6,,96783,28,0,34,2,46,,96821,28,0,34,2,6,,96772,28,0,34,2,6,,96710,28,0,34,2,6,,96843,28,0,34,2,6,,96725,28,0,34,2,6,,96767,28,0,34,2,6,,96713,28,0,34,2,6,,96704,28,0,34,2,6,,96864,28,0,34,2,6,,78931,28,0,34,2,46,,96718,28,0,34,2,6,,96787,28,0,34,2,6,,96743,28,0,34,2,6,,96744,28,0,34,2,6,,96708,28,0,34,2,6,,96742,28,0,34,2,6,,96727,28,0,34,2,6,,96726,28,0,34,2,6,,96846,28,0,34,2,6,,96856,28,0,34,2,46,,96703,28,0,34,2,6,,96834,28,0,34,2,6,,96808,28,0,34,2,6,,96779,28,0,34,2,6,,96857,28,0,34,2,6,,96860,28,0,34,2,6,,96797,28,0,34,2,6,,96849,28,0,34,2,6,,96809,28,0,34,2,6,,96789,28,0,34,2,46,,96758,28,0,34,2,6,,96738,28,0,34,2,6,,96735,28,0,34,2,6,,96764,28,0,34,2,8,,96707,28,0,34,2,9,,96739,28,0,34,2,9,,96740,28,0,34,2,8,,96854,28,0,34,2,50,,96721,28,0,34,2,10,,96836,28,0,34,2,5,,96785,28,0,34,2,5,,96705,28,0,34,2,10,,96832,28,0,34,2,10,,96830,28,0,34,2,5,,90232,28,0,34,2,5,,96869,28,0,34,2,50,,96852,28,0,34,2,10,,80943,28,0,34,2,10,,96825,28,0,34,2,10,,96822,28,0,34,2,10,,96774,28,0,34,2,10,,96827,28,0,34,2,50,,96847,28,0,34,2,10,,96818,28,0,34,2,8,,96770,28,0,34,2,8,,96839,28,0,34,2,9,,96813,28,0,34,2,12,,96790,28,0,34,2,50,,96733,28,0,34,2,10,,96807,28,0,34,2,10,,96804,28,0,34,2,5,,96730,28,0,34,2,5,,96771,28,0,34,2,10,,96711,28,0,34,2,10,,96788,28,0,34,2,50,,75808,28,0,34,2,10,,96746,28,0,34,2,10,,96837,28,0,34,2,10,,96784,28,0,34,2,10,,96755,28,0,34,2,10,,96720,28,0,34,2,50,,96871,28,0,34,2,9,,96737,28,0,34,2,7,,96762,28,0,34,2,7,,96786,28,0,34,2,13,,96850,28,0,34,2
50501,'3',842,,96898,28,0,34,2,10,,96934,28,0,34,2,50,,96996,28,0,34,2,10,,96964,28,0,34,2,12,,96995,28,0,34,2,13,,96932,28,0,34,2,10,,96949,28,0,34,2,6,,97015,28,0,34,2,6,,96875,28,0,34,2,46,,96979,28,0,34,2,6,,96965,28,0,34,2,6,,96890,28,0,34,2,6,,97002,28,0,34,2,6,,96978,28,0,34,2,6,,96970,28,0,34,2,6,,96881,28,0,34,2,6,,96950,28,0,34,2,6,,96935,28,0,34,2,6,,97022,28,0,34,2,46,,96999,28,0,34,2,6,,96886,28,0,34,2,6,,96906,28,0,34,2,6,,96879,28,0,34,2,6,,96960,28,0,34,2,6,,96926,28,0,34,2,6,,96939,28,0,34,2,6,,96945,28,0,34,2,6,,97004,28,0,34,2,6,,96903,28,0,34,2,46,,96993,28,0,34,2,8,,96958,28,0,34,2,6,,96940,28,0,34,2,8,,96994,28,0,34,2,6,,97013,28,0,34,2,10,,96983,28,0,34,2,6,,97014,28,0,34,2,6,,96971,28,0,34,2,46,,96909,28,0,34,2,6,,96921,28,0,34,2,6,,96877,28,0,34,2,6,,96937,28,0,34,2,6,,82294,28,0,34,2,6,,96901,28,0,34,2,6,,96895,28,0,34,2,6,,96923,28,0,34,2,6,,96968,28,0,34,2,6,,96941,28,0,34,2,46,,96889,28,0,34,2,6,,96927,28,0,34,2,6,,96997,28,0,34,2,6,,96874,28,0,34,2,6,,96910,28,0,34,2,6,,96878,28,0,34,2,6,,96955,28,0,34,2,6,,96988,28,0,34,2,6,,96912,28,0,34,2,6,,97020,28,0,34,2,46,,90322,28,0,34,2,6,,96908,28,0,34,2,6,,96967,28,0,34,2,6,,96953,28,0,34,2,6,,96973,28,0,34,2,6,,96972,28,0,34,2,6,,97016,28,0,34,2,6,,96933,28,0,34,2,6,,97018,28,0,34,2,6,,96922,28,0,34,2,46,,96951,28,0,34,2,6,,96931,28,0,34,2,6,,96984,28,0,34,2,6,,96904,28,0,34,2,6,,96976,28,0,34,2,6,,87765,28,0,34,2,6,,96888,28,0,34,2,6,,96917,28,0,34,2,6,,97017,28,0,34,2,6,,96946,28,0,34,2,46,,96884,28,0,34,2,6,,96896,28,0,34,2,6,,96974,28,0,34,2,6,,96980,28,0,34,2,6,,96928,28,0,34,2,6,,96924,28,0,34,2,6,,96948,28,0,34,2,6,,96899,28,0,34,2,6,,96905,28,0,34,2,6,,96936,28,0,34,2,46,,96943,28,0,34,2,6,,96892,28,0,34,2,6,,97001,28,0,34,2,6,,96982,28,0,34,2,6,,96985,28,0,34,2,6,,96938,28,0,34,2,6,,96966,28,0,34,2,6,,97000,28,0,34,2,6,,96986,28,0,34,2,6,,97021,28,0,34,2,46,,96907,28,0,34,2,6,,97010,28,0,34,2,6,,96929,28,0,34,2,6,,97005,28,0,34,2,6,,96880,28,0,34,2,6,,96969,28,0,34,2,6,,96944,28,0,34,2,6,,96992,28,0,34,2,4,,96900,28,0,34,2,8,,96916,28,0,34,2,4,,96962,28,0,34,2,44,,96959,28,0,34,2,5,,97011,28,0,34,2,5,,97019,28,0,34,2,10,,96919,28,0,34,2,5,,96991,28,0,34,2,5,,96981,28,0,34,2,5,,96954,28,0,34,2,5,,78157,28,0,34,2,5,,96914,28,0,34,2,5,,96952,28,0,34,2,50,,96913,28,0,34,2,10,,96990,28,0,34,2,10,,97003,28,0,34,2,10,,96998,28,0,34,2,10,,96925,28,0,34,2,10,,96963,28,0,34,2,50,,96893,28,0,34,2,10,,96885,28,0,34,2,7,,96883,28,0,34,2,8,,97008,28,0,34,2,8,,96897,28,0,34,2,9,,96942,28,0,34,2,10,,96920,28,0,34,2,50,,96989,28,0,34,2,10,,96930,28,0,34,2,10,,96961,28,0,34,2,10,,96977,28,0,34,2,10,,96876,28,0,34,2,10,,96918,28,0,34,2,50,,96887,28,0,34,2,10,,96891,28,0,34,2,10,,96975,28,0,34,2,10,,97012,28,0,34,2,10,,96873,28,0,34,2,10,,96911,28,0,34,2,50,,96956,28,0,34,2,10,,96882,28,0,34,2,10,,96902,28,0,34,2,10,,96957,28,0,34,2
50501,'5',552,,97187,29,0,34,2,61,,97122,29,0,34,2,15,,97143,29,0,34,2,15,,97100,28,0,34,2,15,,97088,28,0,34,2,55,,97104,28,0,34,2,15,,97177,28,0,34,2,14,,97098,28,0,34,2,10,,97099,28,0,34,2,50,,97080,28,0,34,2,10,,97055,28,0,34,2,10,,97060,28,0,34,2,10,,97112,28,0,34,2,10,,97109,28,0,34,2,10,,97191,28,0,34,2,50,,97026,28,0,34,2,10,,97165,28,0,34,2,12,,97113,28,0,34,2,13,,97078,28,0,34,2,10,,97186,28,0,34,2,6,,97024,28,0,34,2,6,,97130,28,0,34,2,46,,97044,28,0,34,2,6,,97090,28,0,34,2,6,,97185,28,0,34,2,6,,97124,28,0,34,2,6,,97155,28,0,34,2,6,,97093,28,0,34,2,6,,97049,28,0,34,2,6,,97077,28,0,34,2,6,,97025,28,0,34,2,6,,97043,28,0,34,2,46,,97140,28,0,34,2,6,,97070,28,0,34,2,6,,97144,28,0,34,2,6,,97121,28,0,34,2,6,,97153,28,0,34,2,6,,97056,28,0,34,2,6,,97172,28,0,34,2,6,,97183,28,0,34,2,6,,97151,28,0,34,2,6,,97050,28,0,34,2,46,,97076,28,0,34,2,8,,97119,28,0,34,2,6,,97190,28,0,34,2,8,,97084,28,0,34,2,6,,97067,28,0,34,2,10,,97053,28,0,34,2,6,,97041,28,0,34,2,6,,97035,28,0,34,2,46,,97116,28,0,34,2,6,,97089,28,0,34,2,6,,97163,28,0,34,2,6,,97175,28,0,34,2,6,,97149,28,0,34,2,6,,97106,28,0,34,2,6,,97074,28,0,34,2,6,,97095,28,0,34,2,6,,97166,28,0,34,2,6,,97108,28,0,34,2,46,,97162,28,0,34,2,6,,97073,28,0,34,2,6,,97097,28,0,34,2,6,,97027,28,0,34,2,6,,97171,28,0,34,2,6,,97068,28,0,34,2,6,,97123,28,0,34,2,6,,97138,28,0,34,2,6,,97083,28,0,34,2,6,,97034,28,0,34,2,46,,97063,28,0,34,2,6,,97058,28,0,34,2,6,,97181,28,0,34,2,6,,97042,28,0,34,2,6,,97072,28,0,34,2,6,,97180,28,0,34,2,6,,97061,28,0,34,2,6,,97131,28,0,34,2,6,,97111,28,0,34,2,6,,97091,28,0,34,2,46,,97168,28,0,34,2,6,,97115,28,0,34,2,6,,97085,28,0,34,2,6,,97029,28,0,34,2,6,,97152,28,0,34,2,6,,97179,28,0,34,2,6,,77296,28,0,34,2,6,,97064,28,0,34,2,6,,97141,28,0,34,2,6,,97059,28,0,34,2,46,,97107,28,0,34,2,6,,97156,28,0,34,2,6,,97054,28,0,34,2,6,,97146,28,0,34,2,6,,97103,28,0,34,2,6,,97147,28,0,34,2,6,,97118,28,0,34,2,6,,97195,28,0,34,2,6,,97079,28,0,34,2,6,,97120,28,0,34,2,46,,97030,28,0,34,2,6,,97126,28,0,34,2,6,,97096,28,0,34,2,6,,97188,28,0,34,2,6,,97158,28,0,34,2,6,,80371,28,0,34,2,6,,97157,28,0,34,2,6,,97193,28,0,34,2,6,,97189,28,0,34,2,6,,97136,28,0,34,2,46,,97135,28,0,34,2,6,,97176,28,0,34,2,6,,97117,28,0,34,2,6,,97028,28,0,34,2,6,,97032,28,0,34,2,6,,97051,28,0,34,2,6,,97164,28,0,34,2,6,,97137,28,0,34,2,4,,97132,28,0,34,2,8,,97192,28,0,34,2,47,,97160,28,0,34,2,1,,97110,28,0,34,2,8,,97071,28,0,34,2,2,,97069,28,0,34,2,10,,97066,28,0,34,2,8,,97125,28,0,34,2,2,,97046,28,0,34,2,8,,97184,28,0,34,2,2,,97086,28,0,34,2,8,,97087,28,0,34,2,2,,97075,28,0,34,2,50,,97114,28,0,34,2,10,,97033,28,0,34,2,10,,97167,28,0,34,2,10,,97142,28,0,34,2,10,,97031,28,0,34,2,10,,97170,28,0,34,2,50,,97101,28,0,34,2,10,,97182,28,0,34,2,7,,97037,28,0,34,2,8,,97150,28,0,34,2,8,,97036,28,0,34,2,9,,97102,28,0,34,2,10,,97081,28,0,34,2,50,,97094,28,0,34,2,10,,97173,28,0,34,2,10,,97194,28,0,34,2,10,,97174,28,0,34,2,10,,97133,28,0,34,2,10,,97052,28,0,34,2,50,,97159,28,0,34,2,10,,97048,28,0,34,2,10,,97105,28,0,34,2,10,,97040,28,0,34,2,10,,97161,28,0,34,2,9,,97047,28,0,34,2,51,,97092,28,0,34,2,10,,97039,28,0,34,2,10,,97169,28,0,34,2,10,,97045,28,0,34,2
50601,'1',549,,97889,33,0,11 12 7,2,52,,97898,33,0,11 12 7,2,10,,97984,33,0,11 12 7,2,10,,97880,33,0,11 12 7,2,10,,98013,33,0,11 12 7,2,10,,97881,33,0,11 12 7,2,10,,98001,33,0,11 12 7,2,50,,98012,33,0,11 12 7,2,11,,97918,33,0,11 12 7,2,12,,78487,33,0,11 12 7,2,12,,98049,33,0,11 12 7,2,11,,98003,33,0,11 12 7,2,10,,97913,33,0,11 12 7,2,50,,98061,33,0,11 12 7,2,10,,97929,33,0,11 12 7,2,10,,97895,33,0,11 12 7,2,10,,97961,33,0,11 12 7,2,10,,97931,33,0,11 12 7,2,10,,98069,33,0,11 12 7,2,50,,97959,33,0,11 12 7,2,10,,98032,33,0,11 12 7,2,10,,98014,33,0,11 12 7,2,10,,97922,33,0,11 12 7,2,10,,97996,33,0,11 12 7,2,10,,77328,33,0,11 12 7,2,50,,97932,33,0,11 12 7,2,11,,98093,33,0,11 12 7,2,14,,97992,33,0,11 12 7,2,13,,97999,33,0,11 12 7,2,11,,97911,33,0,11 12 7,2,50,,97972,33,0,11 12 7,2,10,,98028,33,0,11 12 7,2,10,,97949,33,0,11 12 7,2,10,,97877,33,0,11 12 7,2,10,,98033,33,0,11 12 7,2,10,,98007,33,0,11 12 7,2,50,,98059,33,0,11 12 7,2,10,,97989,33,0,11 12 7,2,10,,97950,33,0,11 12 7,2,10,,98019,33,0,11 12 7,2,10,,98024,33,0,11 12 7,2,10,,78526,33,0,11 12 7,2,50,,98094,33,0,11 12 7,2,10,,97939,33,0,11 12 7,2,10,,97997,33,0,11 12 7,2,10,,97869,33,0,11 12 7,2,10,,98072,33,0,11 12 7,2,10,,97962,33,0,11 12 7,2,50,,97873,33,0,11 12 7,2,10,,97921,33,0,11 12 7,2,10,,89982,33,0,11 12 7,2,10,,97960,33,0,11 12 7,2,10,,97955,33,0,11 12 7,2,10,,97900,33,0,11 12 7,2,50,,98021,33,0,11 12 7,2,10,,97968,33,0,11 12 7,2,12,,97901,33,0,11 12 7,2,11,,97991,33,0,11 12 7,2,11,,98106,33,0,11 12 7,2,50,,98056,33,0,11 12 7,2,10,,98090,33,0,11 12 7,2,10,,97933,33,0,11 12 7,2,10,,98076,33,0,11 12 7,2,10,,97910,33,0,11 12 7,2,10,,97930,33,0,11 12 7,2,50,,97934,33,0,11 12 7,2,10,,97882,33,0,11 12 7,2,10,,98030,33,0,11 12 7,2,10,,98009,33,0,11 12 7,2,10,,97948,33,0,11 12 7,2,10,,98058,33,0,11 12 7,2,50,,97982,33,0,11 12 7,2,10,,98102,33,0,11 12 7,2,10,,97966,33,0,11 12 7,2,10,,97904,33,0,11 12 7,2,10,,77435,33,0,11 12 7,2,10,,98112,33,0,11 12 7,2,50,,98053,33,0,11 12 7,2,10,,97945,33,0,11 12 7,2,10,,98023,33,0,11 12 7,2,10,,82994,33,0,11 12 7,2,10,,97887,33,0,11 12 7,2,10,,97979,33,0,11 12 7,2,50,,97927,33,0,11 12 7,2,8,,97944,33,0,11 12 7,2,8,,97897,33,0,11 12 7,2,6,,97919,33,0,11 12 7,2,9,,97903,33,0,11 12 7,2,10,,98010,33,0,11 12 7,2,10,,98110,33,0,11 12 7,2,50,,97941,33,0,11 12 7,2,10,,98004,33,0,11 12 7,2,10,,98048,33,0,11 12 7,2,10,,97953,33,0,11 12 7,2,10,,98068,33,0,11 12 7,2,2,,97891,33,,,2,5,,98088,33,,,2,3,,76363,33,0,11 12 7,2,50,,97923,33,0,11 12 7,2,10,,97974,33,0,11 12 7,2,10,,98065,33,0,11 12 7,2,10,,98095,33,0,11 12 7,2,7,,98104,33,0,11 12 7,2,7,,97973,33,0,11 12 7,2,9,,98026,33,0,11 12 7,2,50,,97985,33,0,11 12 7,2,10,,98044,33,0,11 12 7,2,10,,86634,33,0,11 12 7,2,10,,98050,33,0,11 12 7,2,10,,98000,33,0,11 12 7,2,10,,97971,33,0,11 12 7,2,50,,97958,33,0,11 12 7,2,10,,97977,33,0,11 12 7,2,10,,98005,33,0,11 12 7,2,10,,97975,33,0,11 12 7,2,10,,97964,33,0,11 12 7,2,10,,98086,33,0,11 12 7,2,50,,98100,33,0,11 12 7,2,10,,76278,33,0,11 12 7,2,10,,97988,33,0,11 12 7,2,10,,97936,33,0,11 12 7,2,10,,98039,33,0,11 12 7,2,4,,97981,33,0,11 12 7,2
50601,'2',629,,98318,33,0,11 12 7,2,10,,98192,33,0,11 12 7,2,10,,98334,33,0,11 12 7,2,10,,98194,33,0,11 12 7,2,50,,98165,33,0,11 12 7,2,10,,98354,33,0,11 12 7,2,10,,98156,33,0,11 12 7,2,10,,98342,33,0,11 12 7,2,12,,98289,33,0,11 12 7,2,53,,98184,33,0,11 12 7,2,11,,98315,33,0,11 12 7,2,11,,98241,33,0,11 12 7,2,12,,98211,33,0,11 12 7,2,10,,98365,33,0,11 12 7,2,10,,98294,33,0,11 12 7,2,50,,98243,33,0,11 12 7,2,10,,98347,33,0,11 12 7,2,10,,98355,33,0,11 12 7,2,10,,98260,33,0,11 12 7,2,10,,98187,33,0,11 12 7,2,10,,98256,33,0,11 12 7,2,50,,98231,33,0,11 12 7,2,10,,98265,33,0,11 12 7,2,10,,98338,33,0,11 12 7,2,10,,98183,33,0,11 12 7,2,10,,98359,33,0,11 12 7,2,10,,98140,33,0,11 12 7,2,50,,98160,33,0,11 12 7,2,10,,98378,33,0,11 12 7,2,10,,98197,33,0,11 12 7,2,10,,98250,33,0,11 12 7,2,10,,98208,33,0,11 12 7,2,11,,98344,33,0,11 12 7,2,52,,98133,33,0,11 12 7,2,12,,98154,33,0,11 12 7,2,13,,98308,33,0,11 12 7,2,10,,98162,33,0,11 12 7,2,10,,98333,33,0,11 12 7,2,50,,84825,33,0,11 12 7,2,10,,98370,33,0,11 12 7,2,10,,98350,33,0,11 12 7,2,10,,98373,33,0,11 12 7,2,10,,98236,33,0,11 12 7,2,10,,98337,33,0,11 12 7,2,50,,98200,33,0,11 12 7,2,10,,98283,33,0,11 12 7,2,10,,98311,33,0,11 12 7,2,10,,98358,33,0,11 12 7,2,10,,98301,33,0,11 12 7,2,10,,98205,33,0,11 12 7,2,50,,98328,33,0,11 12 7,2,10,,98125,33,0,11 12 7,2,10,,98121,33,0,11 12 7,2,10,,98267,33,0,11 12 7,2,10,,98224,33,0,11 12 7,2,10,,98176,33,0,11 12 7,2,50,,98270,33,0,11 12 7,2,10,,98259,33,0,11 12 7,2,10,,98296,33,0,11 12 7,2,10,,98360,33,0,11 12 7,2,10,,98144,33,0,11 12 7,2,10,,98237,33,0,11 12 7,2,50,,98317,33,0,11 12 7,2,10,,98177,33,0,11 12 7,2,10,,98235,33,0,11 12 7,2,10,,98376,33,0,11 12 7,2,10,,98155,33,0,11 12 7,2,10,,98357,33,0,11 12 7,2,50,,98167,33,0,11 12 7,2,10,,98213,33,0,11 12 7,2,10,,98229,33,0,11 12 7,2,10,,98280,33,0,11 12 7,2,10,,98331,33,0,11 12 7,2,10,,98206,33,0,11 12 7,2,50,,75886,33,0,11 12 7,2,10,,98228,33,0,11 12 7,2,10,,98171,33,0,11 12 7,2,9,,98371,33,0,11 12 7,2,10,,98142,33,0,11 12 7,2,10,,98180,33,0,11 12 7,2,50,,98297,33,0,11 12 7,2,10,,98199,33,0,11 12 7,2,10,,98310,33,0,11 12 7,2,10,,98264,33,0,11 12 7,2,10,,98175,33,0,11 12 7,2,10,,98159,33,0,11 12 7,2,50,,98379,33,0,11 12 7,2,10,,98374,33,0,11 12 7,2,5,,78091,33,,,2,5,,98232,33,0,11 12 7,2,7,,98277,33,0,11 12 7,2,8,,98368,33,0,11 12 7,2,9,,98273,33,0,11 12 7,2,10,,98295,33,0,11 12 7,2,50,,98377,33,0,11 12 7,2,10,,98186,33,0,11 12 7,2,10,,98223,33,0,11 12 7,2,10,,98219,33,0,11 12 7,2,10,,98341,33,0,11 12 7,2,10,,98178,33,0,11 12 7,2,50,,98189,33,0,11 12 7,2,10,,98287,33,0,11 12 7,2,10,,78768,33,0,11 12 7,2,10,,98364,33,0,11 12 7,2,10,,98238,33,0,11 12 7,2,10,,98369,33,0,11 12 7,2,50,,98303,33,0,11 12 7,2,10,,98348,33,0,11 12 7,2,10,,98145,33,0,11 12 7,2,10,,76429,33,0,11 12 7,2,10,,98129,33,0,11 12 7,2,10,,98215,33,0,11 12 7,2,50,,98271,33,0,11 12 7,2,10,,79896,33,0,11 12 7,2,10,,98284,33,0,11 12 7,2,11,,98363,33,0,11 12 7,2,3,,98153,33,0,11 12 7,2
50601,'3',734,,98514,33,0,11 12 7,2,10,,98547,33,0,11 12 7,2,10,,98439,33,0,11 12 7,2,50,,98417,33,0,11 12 7,2,11,,98541,33,0,11 12 7,2,13,,98382,33,0,11 12 7,2,11,,98482,33,0,11 12 7,2,10,,98485,33,0,11 12 7,2,10,,98448,33,0,11 12 7,2,50,,98498,33,0,11 12 7,2,10,,98458,33,0,11 12 7,2,10,,98478,33,0,11 12 7,2,10,,98551,33,0,11 12 7,2,10,,98437,33,0,11 12 7,2,10,,98454,33,0,11 12 7,2,50,,98474,33,0,11 12 7,2,10,,98470,33,0,11 12 7,2,10,,98389,33,0,11 12 7,2,10,,98568,33,0,11 12 7,2,10,,98497,33,0,11 12 7,2,10,,98430,33,0,11 12 7,2,50,,98475,33,0,11 12 7,2,10,,98427,33,0,11 12 7,2,10,,98491,33,0,11 12 7,2,10,,98526,33,0,11 12 7,2,10,,98445,33,0,11 12 7,2,10,,98516,33,0,11 12 7,2,50,,98540,33,0,11 12 7,2,10,,98499,33,0,11 12 7,2,11,,98476,33,0,11 12 7,2,13,,98524,33,0,11 12 7,2,13,,98402,33,0,11 12 7,2,50,,98393,33,0,11 12 7,2,10,,98559,33,0,11 12 7,2,10,,98456,33,0,11 12 7,2,10,,98515,33,0,11 12 7,2,10,,98479,33,0,11 12 7,2,10,,98452,33,0,11 12 7,2,50,,98564,33,0,11 12 7,2,10,,98385,33,0,11 12 7,2,10,,98455,33,0,11 12 7,2,10,,98517,33,0,11 12 7,2,10,,98566,33,0,11 12 7,2,10,,98467,33,0,11 12 7,2,50,,98403,33,0,11 12 7,2,10,,98534,33,0,11 12 7,2,10,,98520,33,0,11 12 7,2,10,,98398,33,0,11 12 7,2,10,,98409,33,0,11 12 7,2,10,,98472,33,0,11 12 7,2,50,,98413,33,0,11 12 7,2,10,,98397,33,0,11 12 7,2,10,,98553,33,0,11 12 7,2,10,,98536,33,0,11 12 7,2,10,,98463,33,0,11 12 7,2,10,,98386,33,0,11 12 7,2,50,,98525,33,0,11 12 7,2,10,,98521,33,0,11 12 7,2,10,,98421,33,0,11 12 7,2,10,,98449,33,0,11 12 7,2,10,,98565,33,0,11 12 7,2,10,,98464,33,0,11 12 7,2,50,,98457,33,0,11 12 7,2,10,,98571,33,0,11 12 7,2,10,,98537,33,0,11 12 7,2,10,,98589,33,0,11 12 7,2,10,,98483,33,0,11 12 7,2,10,,98542,33,0,11 12 7,2,50,,98489,33,0,11 12 7,2,10,,98429,33,0,11 12 7,2,10,,98574,33,0,11 12 7,2,9,,98546,33,0,11 12 7,2,8,,98581,33,0,11 12 7,2,10,,98550,33,0,11 12 7,2,50,,98440,33,0,11 12 7,2,10,,98518,33,0,11 12 7,2,10,,98527,33,0,11 12 7,2,10,,98500,33,0,11 12 7,2,10,,98460,33,0,11 12 7,2,5,,98415,33,,,2,5,,98508,33,0,11 12 7,2,50,,98511,33,0,11 12 7,2,10,,98533,33,0,11 12 7,2,10,,98576,33,0,11 12 7,2,9,,98585,33,0,11 12 7,2,8,,98595,33,0,11 12 7,2,7,,98422,33,0,11 12 7,2,10,,98505,33,0,11 12 7,2,50,,98519,33,0,11 12 7,2,10,,98426,33,0,11 12 7,2,10,,98594,33,0,11 12 7,2,10,,98586,33,0,11 12 7,2,10,,98408,33,0,11 12 7,2,6,,98425,33,,,2,4,,98544,33,0,11 12 7,2,50,,98588,33,0,11 12 7,2,10,,98567,33,0,11 12 7,2,10,,98503,33,0,11 12 7,2,10,,98493,33,0,11 12 7,2,10,,98530,33,0,11 12 7,2,10,,98596,33,0,11 12 7,2,50,,98523,33,0,11 12 7,2,10,,98570,33,0,11 12 7,2,10,,98471,33,0,11 12 7,2,10,,98598,33,0,11 12 7,2,10,,98591,33,0,11 12 7,2,10,,98390,33,0,11 12 7,2,50,,98593,33,0,11 12 7,2,10,,98522,33,0,11 12 7,2,10,,98587,33,0,11 12 7,2,10,,98416,33,0,11 12 7,2,12,,98599,33,0,11 12 7,2
50601,'5',603,,98696,33,0,11 12 7,2,10,,98650,33,0,11 12 7,2,10,,98785,33,0,11 12 7,2,10,,98822,33,0,11 12 7,2,10,,98649,33,0,11 12 7,2,10,,98748,33,0,11 12 7,2,50,,98643,33,0,11 12 7,2,10,,98638,33,0,11 12 7,2,10,,98729,33,0,11 12 7,2,11,,98825,33,0,11 12 7,2,10,,98612,33,0,11 12 7,2,10,,83721,33,0,11 12 7,2,50,,98629,33,0,11 12 7,2,11,,98707,33,0,11 12 7,2,13,,98833,33,0,11 12 7,2,11,,98703,33,0,11 12 7,2,10,,98678,33,0,11 12 7,2,10,,98782,33,0,11 12 7,2,50,,98819,33,0,11 12 7,2,10,,98763,33,0,11 12 7,2,10,,98657,33,0,11 12 7,2,10,,98635,33,0,11 12 7,2,10,,98659,33,0,11 12 7,2,10,,98708,33,0,11 12 7,2,50,,98671,33,0,11 12 7,2,10,,98810,33,0,11 12 7,2,10,,98689,33,0,11 12 7,2,10,,98602,33,0,11 12 7,2,10,,98725,33,0,11 12 7,2,10,,79302,33,0,11 12 7,2,50,,98775,33,0,11 12 7,2,10,,98606,33,0,11 12 7,2,10,,98823,33,0,11 12 7,2,10,,98838,33,0,11 12 7,2,10,,98751,33,0,11 12 7,2,10,,98624,33,0,11 12 7,2,50,,98783,33,0,11 12 7,2,10,,98815,33,0,11 12 7,2,11,,98715,33,0,11 12 7,2,13,,98747,33,0,11 12 7,2,13,,98807,33,0,11 12 7,2,50,,98719,33,0,11 12 7,2,10,,98760,33,0,11 12 7,2,10,,98842,33,0,11 12 7,2,10,,98809,33,0,11 12 7,2,10,,98608,33,0,11 12 7,2,10,,98743,33,0,11 12 7,2,50,,98632,33,0,11 12 7,2,10,,98695,33,0,11 12 7,2,10,,98677,33,0,11 12 7,2,10,,81199,33,0,11 12 7,2,10,,98791,33,0,11 12 7,2,10,,98700,33,0,11 12 7,2,50,,98755,33,0,11 12 7,2,10,,98668,33,0,11 12 7,2,10,,98683,33,0,11 12 7,2,10,,98757,33,0,11 12 7,2,10,,98679,33,0,11 12 7,2,10,,98664,33,0,11 12 7,2,50,,98661,33,0,11 12 7,2,10,,98644,33,0,11 12 7,2,10,,98756,33,0,11 12 7,2,10,,98844,33,0,11 12 7,2,10,,98690,33,0,11 12 7,2,10,,98795,33,0,11 12 7,2,50,,98623,33,0,11 12 7,2,10,,98739,33,0,11 12 7,2,10,,98622,33,0,11 12 7,2,10,,98662,33,0,11 12 7,2,10,,98837,33,0,11 12 7,2,10,,98735,33,0,11 12 7,2,50,,98772,33,0,11 12 7,2,10,,98651,33,0,11 12 7,2,10,,98685,33,0,11 12 7,2,10,,98749,33,0,11 12 7,2,10,,98779,33,0,11 12 7,2,10,,98680,33,0,11 12 7,2,50,,98663,33,0,11 12 7,2,10,,98665,33,0,11 12 7,2,10,,98816,33,0,11 12 7,2,9,,98701,33,0,11 12 7,2,8,,98712,33,0,11 12 7,2,10,,98839,33,0,11 12 7,2,50,,98686,33,0,11 12 7,2,10,,98787,33,0,11 12 7,2,10,,98636,33,0,11 12 7,2,10,,98698,33,0,11 12 7,2,10,,98811,33,0,11 12 7,2,5,,98814,33,,,2,5,,98845,33,0,11 12 7,2,50,,98601,33,0,11 12 7,2,10,,98648,33,0,11 12 7,2,10,,98830,33,0,11 12 7,2,9,,98832,33,0,11 12 7,2,8,,98827,33,0,11 12 7,2,7,,98670,33,0,11 12 7,2,10,,98762,33,0,11 12 7,2,50,,98616,33,0,11 12 7,2,10,,98669,33,0,11 12 7,2,10,,98654,33,0,11 12 7,2,10,,98723,33,0,11 12 7,2,10,,88068,33,0,11 12 7,2,4,,81232,33,,,2,6,,98803,33,0,11 12 7,2,50,,98754,33,0,11 12 7,2,10,,98846,33,0,11 12 7,2,10,,98742,33,0,11 12 7,2,10,,98710,33,0,11 12 7,2,10,,98841,33,0,11 12 7,2,10,,98768,33,0,11 12 7,2,50,,98625,33,0,11 12 7,2,10,,98718,33,0,11 12 7,2,10,,98702,33,0,11 12 7,2,10,,98693,33,0,11 12 7,2,10,,98848,33,0,11 12 7,2,10,,98740,33,0,11 12 7,2,50,,98831,33,0,11 12 7,2,10,,98744,33,0,11 12 7,2,10,,98611,33,0,11 12 7,2,10,,98750,33,0,11 12 7,2,12,,98778,33,0,11 12 7,2
