30402,'1',2614,,91579,13,0,5 6 7,2,10,,91581,13,0,5 6 7,2,10,,91583,13,0,5 6 7,2,10,,91589,13,0,5 6 7,2,10,,91584,13,0,5 6 7,2,50,,91585,13,0,5 6 7,2,10,,91574,13,0,5 6 7,2,10,,91593,13,0,5 6 7,2,10,,91582,13,0,5 6 7,2,10,,91576,13,0,5 6 7,2,10,,91595,13,0,5 6 7,2,50,,91594,13,0,5 6 7,2,10,,91592,13,0,5 6 7,2,10,,91588,13,0,5 6 7,2,10,,91573,13,0,5 6 7,2,10,,91578,13,0,5 6 7,2,6,,91575,13,0,5 6 7,2
30402,'2',2634,,91606,13,0,5 6 7,2,10,,91610,13,0,5 6 7,2,10,,91604,13,0,5 6 7,2,50,,91608,13,0,5 6 7,2,10,,91601,13,0,5 6 7,2,10,,91597,13,0,5 6 7,2,10,,91600,13,0,5 6 7,2,10,,90101,13,0,5 6 7,2,10,,91602,13,0,5 6 7,2,50,,91617,13,0,5 6 7,2,10,,91596,13,0,5 6 7,2,10,,91615,13,0,5 6 7,2,10,,91616,13,0,5 6 7,2,10,,91607,13,0,5 6 7,2,10,,91609,13,0,5 6 7,2,50,,91611,13,0,5 6 7,2,13,,91614,13,0,5 6 7,2
30402,'3',424,,91665,3,0,5 6 7,2,14,,91625,3,0,5 6 7,2,7,,91654,3,0,21,2,7,,91669,3,0,5 6 7,2,7,,91645,3,0,21,2,45,,91662,3,0,5 6 7,2,6,,91652,13,0,21,2,5,,91646,3,0,31,2,10,,91638,3,0,21,2,6,,91641,13,0,21,2,3,,91634,3,0,5 6 7,2,1,,91667,3,0,31,2,12,,91623,13,0,21,2,1,,91656,3,0,31,2,52,,91670,13,0,21,2,14,,91650,13,0,21,2,14,,91624,13,0,21,2,14,,91647,13,0,21,2,14,,81689,13,0,21,2,54,,91658,13,0,21,2,14,,91622,13,0,21,2,14,,91630,13,0,21,2,14,,91621,13,0,21,2,54,,91633,13,0,21,2,1831,,91657,13,0,5 6 7,2,10,,91659,13,0,5 6 7,2,10,,91628,13,0,5 6 7,2,50,,91663,13,0,5 6 7,2,10,,91666,13,0,5 6 7,2,10,,91648,13,0,5 6 7,2,10,,91643,13,0,5 6 7,2,10,,91636,13,0,5 6 7,2,10,,91632,13,0,5 6 7,2,50,,91664,13,0,5 6 7,2,10,,91635,13,0,5 6 7,2,11,,91627,13,0,5 6 7,2
30402,'5',2637,,91687,13,0,5 6 7,2,10,,91674,13,0,5 6 7,2,10,,91688,13,0,5 6 7,2,50,,91683,13,0,5 6 7,2,10,,91680,13,0,5 6 7,2,10,,91684,13,0,5 6 7,2,10,,91677,13,0,5 6 7,2,10,,91672,13,0,5 6 7,2,10,,91673,13,0,5 6 7,2,50,,91678,13,0,5 6 7,2,10,,91676,13,0,5 6 7,2,11,,91679,13,0,5 6 7,2
50302,'1',524,,94052,28,0,32 8 19,2,12,,93988,28,0,32 8 19,2,10,,94042,28,0,32 8 19,2,10,,94041,28,0,32 8 19,2,50,,94120,28,0,32 8 19,2,13,,94009,28,0,32 8 19,2,14,,94101,28,0,32 8 19,2,6,,94090,28,0,32 8 19,2,7,,86556,28,0,32 8 19,2,10,,79674,28,0,32 8 19,2,50,,94066,28,0,32 8 19,2,5,,94047,28,0,32 8 19,2,7,,93989,28,0,32 8 19,2,10,,94099,28,0,32 8 19,2,10,,94068,28,0,32 8 19,2,6,,93998,28,0,32 8 19,2,6,,94087,28,0,32 8 19,2,6,,94116,28,0,32 8 19,2,46,,94020,28,0,32 8 19,2,6,,94029,28,0,32 8 19,2,6,,94082,28,0,32 8 19,2,6,,94113,28,0,32 8 19,2,6,,94007,28,0,32 8 19,2,6,,94062,28,0,32 8 19,2,6,,94073,28,0,32 8 19,2,6,,94105,28,0,32 8 19,2,6,,94078,28,0,32 8 19,2,6,,94005,28,0,32 8 19,2,46,,94121,28,0,32 8 19,2,6,,94088,28,0,32 8 19,2,6,,94057,28,0,32 8 19,2,6,,94044,28,0,32 8 19,2,6,,94123,28,0,32 8 19,2,6,,94010,28,0,32 8 19,2,6,,94085,28,0,32 8 19,2,6,,94081,28,0,32 8 19,2,6,,94128,28,0,32 8 19,2,6,,94043,28,0,32 8 19,2,46,,93994,28,0,32 8 19,2,7,,94000,28,0,32 8 19,2,10,,94100,28,0,32 8 19,2,10,,94130,28,0,32 8 19,2,10,,94040,28,0,32 8 19,2,10,,94023,28,0,32 8 19,2,10,,94079,28,0,32 8 19,2,50,,94131,28,0,32 8 19,2,10,,94129,28,0,32 8 19,2,10,,94086,28,0,32 8 19,2,10,,94080,28,0,32 8 19,2,10,,94114,28,0,32 8 19,2,10,,94127,28,0,32 8 19,2,50,,94054,28,0,32 8 19,2,10,,94067,28,0,32 8 19,2,10,,94017,28,0,32 8 19,2,10,,94072,28,0,32 8 19,2,10,,94038,28,0,32 8 19,2,10,,94109,28,0,32 8 19,2,50,,94034,28,0,32 8 19,2,10,,94016,28,0,32 8 19,2,10,,94094,28,0,32 8 19,2,10,,94026,28,0,32 8 19,2,10,,93995,28,0,32 8 19,2,10,,94001,28,0,32 8 19,2,50,,94098,28,0,32 8 19,2,10,,94058,28,0,32 8 19,2,10,,94107,28,0,32 8 19,2,10,,94119,28,0,32 8 19,2,10,,94103,28,0,32 8 19,2,51,,94003,28,0,32 8 19,2,14,,94045,28,0,32 8 19,2,9,,94069,28,0,32 8 19,2,6,,94033,28,0,32 8 19,2,6,,94077,28,0,32 8 19,2,6,,94093,28,0,32 8 19,2,6,,94013,28,0,32 8 19,2,8,,94050,28,0,32 8 19,2,48,,94056,28,0,32 8 19,2,8,,94074,28,0,32 8 19,2,6,,89064,28,0,32 8 19,2,6,,94076,28,0,32 8 19,2,6,,93997,28,0,32 8 19,2,6,,94048,28,0,32 8 19,2,6,,94111,28,0,32 8 19,2,6,,94089,28,0,32 8 19,2,6,,79538,28,0,32 8 19,2,6,,94014,28,0,32 8 19,2,46,,94046,28,0,32 8 19,2,6,,94095,28,0,32 8 19,2,6,,94084,28,0,32 8 19,2,6,,94021,28,0,32 8 19,2,6,,94092,28,0,32 8 19,2,6,,94108,28,0,32 8 19,2,6,,93992,28,0,32 8 19,2,6,,94070,28,0,32 8 19,2,6,,94071,28,0,32 8 19,2,6,,94083,28,0,32 8 19,2,46,,94049,28,0,32 8 19,2,6,,94018,28,0,32 8 19,2,18,,94012,28,0,32 8 19,2,6,,94055,28,0,32 8 19,2,6,,94039,28,0,32 8 19,2,6,,94004,28,0,32 8 19,2,6,,94075,28,0,32 8 19,2,4,,94112,28,0,32 8 19,2,44,,94008,28,0,32 8 19,2,7,,94106,28,0,32 8 19,2,7,,94091,28,0,32 8 19,2,7,,94022,28,0,32 8 19,2,5,,94104,28,0,32 8 19,2,7,,94037,28,0,32 8 19,2,5,,94019,28,0,32 8 19,2,7,,93999,28,0,32 8 19,2,8,,94053,28,0,32 8 19,2,48,,94118,28,0,32 8 19,2,8,,93987,28,0,32 8 19,2,8,,94060,28,0,32 8 19,2,8,,94011,28,0,32 8 19,2,8,,93993,28,0,32 8 19,2,8,,94015,28,0,32 8 19,2,8,,94102,28,0,32 8 19,2,8,,94117,28,0,32 8 19,2,48,,94002,28,0,32 8 19,2,8,,94031,28,0,32 8 19,2,8,,93996,28,0,32 8 19,2,8,,94035,28,0,32 8 19,2,8,,94063,28,0,32 8 19,2,8,,94122,28,0,32 8 19,2,8,,94032,28,0,32 8 19,2,48,,93991,28,0,32 8 19,2,9,,94024,28,0,32 8 19,2,9,,94096,28,0,32 8 19,2,8,,94027,28,0,32 8 19,2,8,,94097,28,0,32 8 19,2,8,,94125,28,0,32 8 19,2,10,,94030,28,0,32 8 19,2,50,,93990,28,0,32 8 19,2,10,,94006,28,0,32 8 19,2,10,,94124,28,0,32 8 19,2,10,,94110,28,0,32 8 19,2,10,,94061,28,0,32 8 19,2,10,,94028,28,0,32 8 19,2,50,,94051,28,0,32 8 19,2,10,,94025,28,0,32 8 19,2,10,,94126,28,0,32 8 19,2,10,,94065,28,0,32 8 19,2,10,,93986,28,0,32 8 19,2,10,,94036,28,0,32 8 19,2,50,,94115,28,0,32 8 19,2,11,,94059,28,0,32 8 19,2,18,,94064,28,0,32 8 19,2
50302,'2',449,,94235,28,0,32 8 19,2,65,,94188,28,0,32 8 19,2,17,,94223,28,0,32 8 19,2,13,,94199,28,0,32 8 19,2,15,,94169,28,0,32 8 19,2,55,,94195,28,0,32 8 19,2,10,,94134,28,0,32 8 19,2,10,,94136,28,0,32 8 19,2,10,,94232,28,0,32 8 19,2,10,,94132,28,0,32 8 19,2,50,,94178,28,0,32 8 19,2,10,,94162,28,0,32 8 19,2,10,,94181,28,0,32 8 19,2,10,,94201,28,0,32 8 19,2,10,,94158,28,0,32 8 19,2,10,,94231,28,0,32 8 19,2,50,,94220,28,0,32 8 19,2,10,,94140,28,0,32 8 19,2,12,,94159,28,0,32 8 19,2,13,,94166,28,0,32 8 19,2,11,,94245,28,0,32 8 19,2,9,,94258,28,0,32 8 19,2,49,,77519,28,0,32 8 19,2,9,,94133,28,0,32 8 19,2,10,,94156,28,0,32 8 19,2,10,,94149,28,0,32 8 19,2,10,,94196,28,0,32 8 19,2,10,,94210,28,0,32 8 19,2,50,,94174,28,0,32 8 19,2,10,,94247,28,0,32 8 19,2,10,,94214,28,0,32 8 19,2,10,,94250,28,0,32 8 19,2,10,,94177,28,0,32 8 19,2,10,,94168,28,0,32 8 19,2,50,,94194,28,0,32 8 19,2,10,,94143,28,0,32 8 19,2,10,,94197,28,0,32 8 19,2,10,,94221,28,0,32 8 19,2,11,,94151,28,0,32 8 19,2,10,,94239,28,0,32 8 19,2,50,,94249,28,0,32 8 19,2,10,,94139,28,0,32 8 19,2,5,,94208,28,0,32 8 19,2,8,,94180,28,0,32 8 19,2,10,,94259,28,0,32 8 19,2,10,,94138,28,0,32 8 19,2,8,,94204,28,0,32 8 19,2,48,,94233,28,0,32 8 19,2,16,,94237,28,0,32 8 19,2,8,,94192,28,0,32 8 19,2,8,,76490,28,0,32 8 19,2,8,,94207,28,0,32 8 19,2,8,,94228,28,0,32 8 19,2,48,,94248,28,0,32 8 19,2,8,,94256,28,0,32 8 19,2,8,,94191,28,0,32 8 19,2,8,,94209,28,0,32 8 19,2,8,,94179,28,0,32 8 19,2,8,,94167,28,0,32 8 19,2,8,,94226,28,0,32 8 19,2,8,,94243,28,0,32 8 19,2,48,,94182,28,0,32 8 19,2,8,,94165,28,0,32 8 19,2,8,,94153,28,0,32 8 19,2,8,,94148,28,0,32 8 19,2,8,,94155,28,0,32 8 19,2,8,,94224,28,0,32 8 19,2,8,,94175,28,0,32 8 19,2,48,,94154,28,0,32 8 19,2,8,,94183,28,0,32 8 19,2,8,,94184,28,0,32 8 19,2,8,,94255,28,0,32 8 19,2,8,,94225,28,0,32 8 19,2,8,,94164,28,0,32 8 19,2,8,,94227,28,0,32 8 19,2,8,,94203,28,0,32 8 19,2,48,,94213,28,0,32 8 19,2,8,,94157,28,0,32 8 19,2,8,,94163,28,0,32 8 19,2,8,,94219,28,0,32 8 19,2,8,,94150,28,0,32 8 19,2,8,,94251,28,0,32 8 19,2,8,,94222,28,0,32 8 19,2,48,,94137,28,0,32 8 19,2,8,,94173,28,0,32 8 19,2,8,,94257,28,0,32 8 19,2,16,,94170,28,0,32 8 19,2,8,,94261,28,0,32 8 19,2,8,,94200,28,0,32 8 19,2,8,,94186,28,0,32 8 19,2,49,,94202,28,0,32 8 19,2,9,,94253,28,0,32 8 19,2,9,,94142,28,0,32 8 19,2,9,,94234,28,0,32 8 19,2,9,,94135,28,0,32 8 19,2,9,,94205,28,0,32 8 19,2,50,,94218,28,0,32 8 19,2,10,,94236,28,0,32 8 19,2,10,,94176,28,0,32 8 19,2,10,,94141,28,0,32 8 19,2,10,,79964,28,0,32 8 19,2,10,,94260,28,0,32 8 19,2,50,,94187,28,0,32 8 19,2,10,,94229,28,0,32 8 19,2,10,,94160,28,0,32 8 19,2,10,,94189,28,0,32 8 19,2,10,,94147,28,0,32 8 19,2,10,,94172,28,0,32 8 19,2,50,,94242,28,0,32 8 19,2,10,,94185,28,0,32 8 19,2,11,,94146,28,0,32 8 19,2,10,,94161,28,0,32 8 19,2,8,,94254,28,0,32 8 19,2,10,,94216,28,0,32 8 19,2,50,,94244,28,0,32 8 19,2,10,,94252,28,0,32 8 19,2,10,,94238,28,0,32 8 19,2,10,,94206,28,0,32 8 19,2,10,,94171,28,0,32 8 19,2,10,,94190,28,0,32 8 19,2,50,,94230,28,0,32 8 19,2,10,,94240,28,0,32 8 19,2,10,,94144,28,0,32 8 19,2,10,,94193,28,0,32 8 19,2,10,,94241,28,0,32 8 19,2,10,,94152,28,0,32 8 19,2,50,,94198,28,0,32 8 19,2,10,,94145,28,0,32 8 19,2,10,,94246,28,0,32 8 19,2,10,,94215,28,0,32 8 19,2,10,,94262,28,0,32 8 19,2,10,,94217,28,0,32 8 19,2,48,,94211,28,0,32 8 19,2,8,,94212,28,0,32 8 19,2
50302,'3',517,,94286,28,0,32 8 19,2,21,,94346,28,0,32 8 19,2,20,,94294,28,0,32 8 19,2,60,,94324,28,0,32 8 19,2,20,,80283,28,0,32 8 19,2,10,,94360,28,0,32 8 19,2,10,,94358,28,0,32 8 19,2,50,,94289,28,0,32 8 19,2,10,,94316,28,0,32 8 19,2,10,,94287,28,0,32 8 19,2,10,,94359,28,0,32 8 19,2,10,,94342,28,0,32 8 19,2,10,,94370,28,0,32 8 19,2,52,,94306,28,0,32 8 19,2,13,,94355,28,0,32 8 19,2,12,,94296,28,0,32 8 19,2,11,,94335,28,0,32 8 19,2,9,,94268,28,0,32 8 19,2,48,,94269,28,0,32 8 19,2,8,,94277,28,0,32 8 19,2,10,,94323,28,0,32 8 19,2,10,,94366,28,0,32 8 19,2,10,,94276,28,0,32 8 19,2,10,,75434,28,0,32 8 19,2,50,,94339,28,0,32 8 19,2,10,,94350,28,0,32 8 19,2,10,,94308,28,0,32 8 19,2,10,,94275,28,0,32 8 19,2,10,,94353,28,0,32 8 19,2,10,,94352,28,0,32 8 19,2,50,,94301,28,0,32 8 19,2,10,,94376,28,0,32 8 19,2,10,,94272,28,0,32 8 19,2,10,,94321,28,0,32 8 19,2,10,,94364,28,0,32 8 19,2,10,,94263,28,0,32 8 19,2,50,,94329,28,0,32 8 19,2,10,,94283,28,0,32 8 19,2,9,,94291,28,0,32 8 19,2,10,,94303,28,0,32 8 19,2,11,,94373,28,0,32 8 19,2,9,,94327,28,0,32 8 19,2,9,,80244,28,0,32 8 19,2,50,,94305,28,0,32 8 19,2,10,,94266,28,0,32 8 19,2,10,,94363,28,0,32 8 19,2,10,,94348,28,0,32 8 19,2,10,,94313,28,0,32 8 19,2,10,,94297,28,0,32 8 19,2,50,,94300,28,0,32 8 19,2,10,,94341,28,0,32 8 19,2,10,,94331,28,0,32 8 19,2,10,,94336,28,0,32 8 19,2,10,,94338,28,0,32 8 19,2,10,,94340,28,0,32 8 19,2,50,,94278,28,0,32 8 19,2,10,,94343,28,0,32 8 19,2,10,,94375,28,0,32 8 19,2,10,,94362,28,0,32 8 19,2,10,,94288,28,0,32 8 19,2,10,,94298,28,0,32 8 19,2,50,,94337,28,0,32 8 19,2,10,,94334,28,0,32 8 19,2,10,,94267,28,0,32 8 19,2,10,,94332,28,0,32 8 19,2,10,,94328,28,0,32 8 19,2,10,,94281,28,0,32 8 19,2,50,,94304,28,0,32 8 19,2,10,,94292,28,0,32 8 19,2,10,,94368,28,0,32 8 19,2,10,,94295,28,0,32 8 19,2,10,,85132,28,0,32 8 19,2,10,,94369,28,0,32 8 19,2,50,,94318,28,0,32 8 19,2,10,,94326,28,0,32 8 19,2,10,,94361,28,0,32 8 19,2,10,,94357,28,0,32 8 19,2,20,,94345,28,0,32 8 19,2,50,,94293,28,0,32 8 19,2,10,,94284,28,0,32 8 19,2,11,,94265,28,0,32 8 19,2,9,,94319,28,0,32 8 19,2,12,,94290,28,0,32 8 19,2,50,,94309,28,0,32 8 19,2,10,,94307,28,0,32 8 19,2,10,,94280,28,0,32 8 19,2,10,,94330,28,0,32 8 19,2,10,,94302,28,0,32 8 19,2,10,,94354,28,0,32 8 19,2,50,,67251,28,0,32 8 19,2,10,,94317,28,0,32 8 19,2,10,,94314,28,0,32 8 19,2,10,,82258,28,0,32 8 19,2,10,,94365,28,0,32 8 19,2,10,,94372,28,0,32 8 19,2,50,,94274,28,0,32 8 19,2,10,,94349,28,0,32 8 19,2,10,,94285,28,0,32 8 19,2,11,,94367,28,0,32 8 19,2,10,,94270,28,0,32 8 19,2,6,,94356,28,0,32 8 19,2,10,,94371,28,0,32 8 19,2,50,,94282,28,0,32 8 19,2,10,,94333,28,0,32 8 19,2,10,,94299,28,0,32 8 19,2,10,,94279,28,0,32 8 19,2,10,,94374,28,0,32 8 19,2,10,,94311,28,0,32 8 19,2,50,,94310,28,0,32 8 19,2,10,,94351,28,0,32 8 19,2,10,,94315,28,0,32 8 19,2,10,,87007,28,0,32 8 19,2,10,,94312,28,0,32 8 19,2,10,,94322,28,0,32 8 19,2,50,,94347,28,0,32 8 19,2,12,,94320,28,0,32 8 19,2,8,,94344,28,0,32 8 19,2,10,,94273,28,0,32 8 19,2,10,,94325,28,0,32 8 19,2,53,,94271,28,0,32 8 19,2,14,,94264,28,0,32 8 19,2
50302,'5',517,,94492,28,0,32 8 19,2,21,,94378,28,0,32 8 19,2,20,,94422,28,0,32 8 19,2,60,,94379,28,0,32 8 19,2,20,,94484,28,0,32 8 19,2,10,,94488,28,0,32 8 19,2,10,,94377,28,0,32 8 19,2,50,,94397,28,0,32 8 19,2,10,,94472,28,0,32 8 19,2,10,,94412,28,0,32 8 19,2,10,,94409,28,0,32 8 19,2,10,,94450,28,0,32 8 19,2,10,,94407,28,0,32 8 19,2,52,,94477,28,0,32 8 19,2,13,,94404,28,0,32 8 19,2,12,,94427,28,0,32 8 19,2,11,,94402,28,0,32 8 19,2,9,,94475,28,0,32 8 19,2,48,,94444,28,0,32 8 19,2,8,,94480,28,0,32 8 19,2,10,,94494,28,0,32 8 19,2,10,,94390,28,0,32 8 19,2,10,,94413,28,0,32 8 19,2,10,,94451,28,0,32 8 19,2,50,,94446,28,0,32 8 19,2,10,,94401,28,0,32 8 19,2,10,,94386,28,0,32 8 19,2,10,,87277,28,0,32 8 19,2,10,,94447,28,0,32 8 19,2,10,,94489,28,0,32 8 19,2,50,,94388,28,0,32 8 19,2,10,,94430,28,0,32 8 19,2,10,,94405,28,0,32 8 19,2,10,,94433,28,0,32 8 19,2,10,,94460,28,0,32 8 19,2,10,,94497,28,0,32 8 19,2,50,,94439,28,0,32 8 19,2,10,,94429,28,0,32 8 19,2,9,,94396,28,0,32 8 19,2,10,,94417,28,0,32 8 19,2,11,,94399,28,0,32 8 19,2,9,,94414,28,0,32 8 19,2,9,,94465,28,0,32 8 19,2,50,,94432,28,0,32 8 19,2,10,,94392,28,0,32 8 19,2,10,,94464,28,0,32 8 19,2,10,,94495,28,0,32 8 19,2,10,,94381,28,0,32 8 19,2,10,,94481,28,0,32 8 19,2,50,,94385,28,0,32 8 19,2,10,,94435,28,0,32 8 19,2,10,,94462,28,0,32 8 19,2,10,,94426,28,0,32 8 19,2,10,,94420,28,0,32 8 19,2,10,,94408,28,0,32 8 19,2,50,,94483,28,0,32 8 19,2,10,,94387,28,0,32 8 19,2,10,,94487,28,0,32 8 19,2,10,,94456,28,0,32 8 19,2,10,,94459,28,0,32 8 19,2,10,,94453,28,0,32 8 19,2,50,,94419,28,0,32 8 19,2,10,,94469,28,0,32 8 19,2,10,,94470,28,0,32 8 19,2,10,,94406,28,0,32 8 19,2,10,,94455,28,0,32 8 19,2,10,,94431,28,0,32 8 19,2,50,,94418,28,0,32 8 19,2,10,,94434,28,0,32 8 19,2,10,,94416,28,0,32 8 19,2,10,,94479,28,0,32 8 19,2,10,,94457,28,0,32 8 19,2,10,,94380,28,0,32 8 19,2,50,,94384,28,0,32 8 19,2,10,,94478,28,0,32 8 19,2,10,,94398,28,0,32 8 19,2,10,,94496,28,0,32 8 19,2,10,,94476,28,0,32 8 19,2,10,,94491,28,0,32 8 19,2,50,,94440,28,0,32 8 19,2,10,,94463,28,0,32 8 19,2,11,,94443,28,0,32 8 19,2,9,,94423,28,0,32 8 19,2,12,,94490,28,0,32 8 19,2,50,,94421,28,0,32 8 19,2,10,,94415,28,0,32 8 19,2,10,,94458,28,0,32 8 19,2,10,,94437,28,0,32 8 19,2,10,,94474,28,0,32 8 19,2,10,,94428,28,0,32 8 19,2,50,,94438,28,0,32 8 19,2,10,,94467,28,0,32 8 19,2,10,,94452,28,0,32 8 19,2,10,,94466,28,0,32 8 19,2,10,,94485,28,0,32 8 19,2,10,,94493,28,0,32 8 19,2,50,,94454,28,0,32 8 19,2,10,,94471,28,0,32 8 19,2,10,,94411,28,0,32 8 19,2,11,,94400,28,0,32 8 19,2,10,,94403,28,0,32 8 19,2,6,,94473,28,0,32 8 19,2,10,,94424,28,0,32 8 19,2,50,,94410,28,0,32 8 19,2,10,,94448,28,0,32 8 19,2,10,,94436,28,0,32 8 19,2,10,,94393,28,0,32 8 19,2,10,,94395,28,0,32 8 19,2,10,,94445,28,0,32 8 19,2,50,,94389,28,0,32 8 19,2,10,,94383,28,0,32 8 19,2,10,,94442,28,0,32 8 19,2,10,,94468,28,0,32 8 19,2,10,,94425,28,0,32 8 19,2,10,,94461,28,0,32 8 19,2,50,,94486,28,0,32 8 19,2,12,,94382,28,0,32 8 19,2,8,,94482,28,0,32 8 19,2,10,,94391,28,0,32 8 19,2,10,,94394,28,0,32 8 19,2,53,,94449,28,0,32 8 19,2,14,,94441,28,0,32 8 19,2
50402,'1',400,,95707,3,0,46 5 41,2,15,,95618,3,0,46 5 41,2,15,,95530,3,0,46 5 41,2,1,,95763,3,0,21,2,9,,95536,3,0,46 5 41,2,3,,95690,3,0,46 43 44 3 45,2,2,,95548,3,0,21,2,8,,95697,3,0,46 43 44 3 45,2,47,,95609,13,0,21,2,3,,87362,3,0,46 43 44 3 45,2,7,,95547,13,0,21,2,3,,95761,3,0,46 43 44 3 45,2,7,,95742,13,0,21,2,3,,95626,3,0,46 43 44 3 45,2,7,,95683,13,0,21,2,3,,95526,3,0,46 43 44 3 45,2,7,,95625,13,0,21,2,3,,95632,3,0,46 43 44 3 45,2,7,,95511,13,0,21,2,50,,89912,13,0,21,2,3,,85672,3,0,46 43 44 3 45,2,3,,95657,12,0,21,2,10,,95540,12,0,21,2,10,,95685,12,0,21,2,10,,95741,12,0,21,2,6,,95541,3,0,46 5 41,2,4,,95721,12,0,21,2,10,,95643,12,0,21,2,50,,95566,12,0,21,2,7,,95604,3,0,46 5 41,2,4,,95580,12,0,21,2,9,,95706,12,0,21,2,4,,95779,3,0,21,2,5,,95736,12,0,21,2,6,,95718,12,0,21,2,5,,95571,3,0,46 43 44 3 45,2,1,,95552,12,0,21,2,7,,95777,12,0,21,2,46,,95679,12,0,21,2,2,,95735,3,0,46 43 44 3 45,2,4,,95676,12,0,21,2,13,,95659,12,0,21,2,6,,95638,12,0,21,2,5,,95560,12,0,21,2,12,,95563,12,0,21,2,11,,95754,12,0,21,2,49,,95616,12,0,21,2,8,,95607,12,0,21,2,8,,95693,12,0,21,2,8,,95512,12,0,21,2,8,,95602,12,0,21,2,8,,95720,12,0,21,2,8,,84638,12,0,21,2,8,,95513,12,0,21,2,48,,95651,12,0,21,2,8,,95620,12,0,21,2,8,,95608,12,0,21,2,8,,95684,12,0,21,2,14,,95681,12,0,21,2,9,,95740,12,0,21,2,48,,95630,12,0,21,2,9,,95546,12,0,21,2,10,,95570,12,0,21,2,10,,95568,12,0,21,2,10,,95646,12,0,21,2,10,,95768,12,0,21,2,50,,95597,12,0,21,2,10,,95592,12,0,21,2,10,,95709,12,0,21,2,10,,95519,12,0,21,2,10,,95599,12,0,21,2,10,,95572,12,0,21,2,50,,95654,12,0,21,2,10,,95732,12,0,21,2,10,,95532,12,0,21,2,10,,95680,12,0,21,2,10,,95522,12,0,21,2,10,,95534,12,0,21,2,50,,95555,12,0,21,2,10,,95593,12,0,21,2,11,,95645,12,0,21,2,10,,95518,12,0,21,2,4,,95621,3,0,46 5 41,2,7,,95716,12,0,21,2,5,,95695,3,0,21,2,5,,95686,12,0,21,2,50,,95506,12,0,21,2,10,,95767,12,0,21,2,10,,95725,12,0,21,2,10,,95640,12,0,21,2,11,,95600,12,0,21,2,12,,95728,12,0,21,2,51,,95514,12,0,21,2,10,,95622,12,0,21,2,10,,95746,12,0,21,2,10,,95760,12,0,21,2,10,,95672,12,0,21,2,10,,95629,12,0,21,2,50,,95614,12,0,21,2,10,,95574,12,0,21,2,10,,95658,12,0,21,2,10,,95531,12,0,21,2,10,,95601,12,0,21,2,10,,95617,12,0,21,2,50,,95719,12,0,21,2,10,,95582,12,0,21,2,10,,95650,12,0,21,2,10,,95710,12,0,21,2,10,,95642,12,0,21,2,10,,95594,12,0,21,2,50,,95722,12,0,21,2,10,,95714,12,0,21,2,9,,95739,12,0,21,2,10,,95649,12,0,21,2,9,,95586,12,0,21,2,10,,95762,12,0,21,2,48,,95557,12,0,21,2,8,,95675,12,0,21,2,10,,95655,12,0,21,2,10,,95556,12,0,21,2,9,,95704,12,0,21,2,10,,95653,12,0,21,2,10,,95565,12,0,21,2,50,,95700,12,0,21,2,10,,95699,12,0,21,2,10,,95713,12,0,21,2,10,,95778,12,0,21,2,10,,95770,12,0,21,2,10,,95727,12,0,21,2,50,,95505,12,0,21,2,10,,95578,12,0,21,2,10,,95743,12,0,21,2,10,,95781,12,0,21,2,10,,95605,12,0,21,2,9,,86558,12,0,21,2,50,,95544,12,0,21,2,10,,95689,12,0,21,2,10,,95575,12,0,21,2,10,,95756,12,0,21,2,10,,95588,12,0,21,2,10,,95753,12,0,21,2,50,,95589,12,0,21,2,10,,95584,12,0,21,2,10,,95529,12,0,21,2,10,,95613,12,0,21,2,10,,95691,12,0,21,2,10,,95772,12,0,21,2,50,,95619,12,0,21,2,10,,95668,12,0,21,2,10,,95664,12,0,21,2,10,,95726,12,0,21,2,10,,95648,12,0,21,2,10,,95515,12,0,21,2,50,,95780,12,0,21,2
50402,'2',359,,95945,3,0,46 5 41,2,60,,96030,3,0,46 5 41,2,12,,95856,3,0,46 5 41,2,8,,95917,3,0,21,2,11,,95796,3,0,46 5 41,2,7,,95816,3,0,46 5 41,2,43,,95872,3,0,21,2,7,,95919,3,0,46 5 41,2,4,,96015,13,0,21,2,6,,96039,3,0,46 5 41,2,5,,95978,3,0,46 5 41,2,4,,79821,3,0,46 43 44 3 45,2,0,,95990,13,0,21,2,10,,95961,13,0,21,2,10,,95981,3,0,46 43 44 3 45,2,0,,95851,13,0,21,2,10,,95951,13,0,21,2,50,,95976,3,0,46 43 44 3 45,2,0,,95975,12,0,21,2,10,,95992,12,0,21,2,10,,82134,12,0,21,2,9,,95995,3,0,21,2,6,,95913,12,0,21,2,10,,95949,12,0,21,2,50,,96019,12,0,21,2,10,,95869,12,0,21,2,10,,95987,12,0,21,2,10,,95881,12,0,21,2,10,,95787,12,0,21,2,10,,95923,12,0,21,2,50,,95922,12,0,21,2,10,,95929,12,0,21,2,12,,95784,12,0,21,2,3,,95841,3,0,46 43 44 3 45,2,7,,95822,12,0,21,2,9,,95993,3,0,21,2,3,,96018,12,0,21,2,13,,95988,12,0,21,2,55,,95853,12,0,21,2,9,,95871,3,0,21,2,4,,95887,12,0,21,2,11,,95950,12,0,21,2,10,,95792,12,0,21,2,10,,95935,12,0,21,2,50,,96008,12,0,21,2,10,,96036,12,0,21,2,10,,95839,12,0,21,2,10,,95915,12,0,21,2,10,,95848,12,0,21,2,10,,95905,12,0,21,2,50,,95804,12,0,21,2,10,,96010,12,0,21,2,7,,95879,3,0,46 5 41,2,3,,95831,12,0,21,2,10,,95944,12,0,21,2,10,,96033,12,0,21,2,12,,95909,12,0,21,2,50,,96040,12,0,21,2,10,,95845,12,0,21,2,10,,95934,12,0,21,2,10,,95808,12,0,21,2,10,,95833,12,0,21,2,10,,95924,12,0,21,2,47,,95910,3,0,46 43 44 3 45,2,3,,96000,12,0,21,2,10,,95895,12,0,21,2,7,,95825,12,0,21,2,7,,95850,12,0,21,2,14,,95898,12,0,21,2,2,,95801,3,0,21,2,8,,96009,12,0,21,2,50,,95865,12,0,21,2,10,,95912,12,0,21,2,10,,95918,12,0,21,2,10,,96028,12,0,21,2,10,,95884,12,0,21,2,10,,95786,12,0,21,2,50,,90149,12,0,21,2,10,,96002,12,0,21,2,10,,95977,12,0,21,2,10,,95812,12,0,21,2,10,,95814,12,0,21,2,10,,95960,12,0,21,2,50,,95837,12,0,21,2,10,,95885,12,0,21,2,10,,95876,12,0,21,2,10,,95974,12,0,21,2,10,,96012,12,0,21,2,10,,95793,12,0,21,2,50,,95927,12,0,21,2,10,,95867,12,0,21,2,10,,95886,12,0,21,2,10,,95875,12,0,21,2,10,,95896,12,0,21,2,10,,95798,12,0,21,2,50,,95925,12,0,21,2,10,,95783,12,0,21,2,10,,95819,12,0,21,2,10,,95941,12,0,21,2,10,,95800,12,0,21,2,10,,95902,12,0,21,2,50,,86704,12,0,21,2,10,,95880,12,0,21,2,10,,95959,12,0,21,2,10,,96020,12,0,21,2,8,,95842,12,0,21,2,8,,96003,12,0,21,2,48,,96023,12,0,21,2,10,,95939,12,0,21,2,10,,95874,12,0,21,2,10,,95805,12,0,21,2,10,,95947,12,0,21,2,10,,95882,12,0,21,2,50,,95986,12,0,21,2,10,,96006,12,0,21,2,10,,95921,12,0,21,2,10,,95967,12,0,21,2,10,,95852,12,0,21,2,10,,95790,12,0,21,2,50,,95982,12,0,21,2,10,,95830,12,0,21,2,10,,96013,12,0,21,2,10,,95979,12,0,21,2,10,,95785,12,0,21,2,10,,95846,12,0,21,2,50,,95931,12,0,21,2,9,,95926,12,0,21,2,10,,95815,12,0,21,2,12,,95904,12,0,21,2,10,,95847,12,0,21,2,10,,95788,12,0,21,2,50,,95892,12,0,21,2,10,,95952,12,0,21,2,10,,95933,12,0,21,2,10,,95894,12,0,21,2,10,,95811,12,0,21,2,10,,95835,12,0,21,2,50,,95964,12,0,21,2,10,,96024,12,0,21,2,10,,96034,12,0,21,2,10,,95803,12,0,21,2,10,,95968,12,0,21,2,10,,95937,12,0,21,2,50,,96016,12,0,21,2
50402,'3',820,,96244,12,0,21,2,9,,96221,3,0,21,2,2,,96078,3,0,46 5 41,2,3,,96246,12,0,21,2,9,,96073,12,0,21,2,4,,96088,3,0,46 5 41,2,4,,96259,12,0,21,2,55,,96131,12,0,21,2,4,,96082,3,0,46 43 44 3 45,2,7,,96197,3,0,21,2,3,,96115,12,0,21,2,8,,96185,12,0,21,2,2,,96076,3,0,46 43 44 3 45,2,6,,96074,12,0,21,2,15,,96110,12,0,21,2,8,,96114,12,0,21,2,52,,96094,12,0,21,2,12,,96042,12,0,21,2,10,,96257,12,0,21,2,10,,96062,12,0,21,2,10,,96229,12,0,21,2,50,,96196,12,0,21,2,10,,96099,12,0,21,2,10,,96249,12,0,21,2,10,,96258,12,0,21,2,10,,96231,12,0,21,2,10,,96070,12,0,21,2,50,,96113,12,0,21,2,11,,96130,12,0,21,2,10,,96050,12,0,21,2,6,,96100,3,0,46 43 44 3 45,2,4,,96173,12,0,21,2,10,,96176,12,0,21,2,13,,96091,12,0,21,2,52,,96119,3,0,21,2,2,,96118,12,0,21,2,11,,96245,12,0,21,2,10,,96227,12,0,21,2,10,,96193,12,0,21,2,10,,96126,12,0,21,2,50,,96075,12,0,21,2,10,,96243,12,0,21,2,10,,96160,12,0,21,2,10,,96092,12,0,21,2,10,,96226,12,0,21,2,10,,96104,12,0,21,2,50,,96156,12,0,21,2,10,,96097,12,0,21,2,10,,96143,12,0,21,2,10,,96183,12,0,21,2,10,,96214,12,0,21,2,10,,96072,12,0,21,2,50,,96177,12,0,21,2,10,,96233,12,0,21,2,10,,96085,12,0,21,2,10,,96253,12,0,21,2,10,,96116,12,0,21,2,10,,96164,12,0,21,2,50,,96045,12,0,21,2,10,,96108,12,0,21,2,10,,96127,12,0,21,2,10,,96098,12,0,21,2,10,,96081,12,0,21,2,10,,96225,12,0,21,2,50,,96187,12,0,21,2,10,,96184,12,0,21,2,10,,96061,12,0,21,2,10,,96224,12,0,21,2,10,,96057,12,0,21,2,10,,96146,12,0,21,2,50,,96155,12,0,21,2,10,,96124,12,0,21,2,10,,96137,12,0,21,2,10,,96179,12,0,21,2,10,,96218,12,0,21,2,10,,96241,12,0,21,2,48,,96145,12,0,21,2,9,,96080,12,0,21,2,10,,96168,12,0,21,2,10,,96154,12,0,21,2,10,,96051,12,0,21,2,10,,96054,12,0,21,2,10,,96133,12,0,21,2,50,,96170,12,0,21,2,10,,96058,12,0,21,2,10,,96200,12,0,21,2,10,,96212,12,0,21,2,10,,96048,12,0,21,2,10,,96128,12,0,21,2,50,,96112,12,0,21,2,10,,96150,12,0,21,2,10,,96056,12,0,21,2,10,,96163,12,0,21,2,10,,96186,12,0,21,2,10,,96109,12,0,21,2,49,,96230,12,0,21,2,10,,96066,12,0,21,2,10,,96216,12,0,21,2,10,,96159,12,0,21,2,10,,96132,12,0,21,2,10,,96166,12,0,21,2,50,,96049,12,0,21,2,10,,96205,12,0,21,2,10,,96106,12,0,21,2,10,,96047,12,0,21,2,10,,96093,12,0,21,2,10,,96180,12,0,21,2,50,,96055,12,0,21,2,10,,96208,12,0,21,2,10,,96199,12,0,21,2,10,,96189,12,0,21,2,10,,96149,12,0,21,2,10,,96182,12,0,21,2,50,,96087,12,0,21,2,10,,96234,12,0,21,2
50402,'5',424,,96479,3,0,46 5 41,2,14,,96302,3,0,46 5 41,2,7,,96260,3,0,21,2,7,,96478,3,0,46 5 41,2,7,,96279,3,0,21,2,45,,96488,3,0,46 5 41,2,5,,96444,12,0,21,2,6,,96424,3,0,46 43 44 3 45,2,10,,96364,3,0,21,2,5,,96451,12,0,21,2,4,,96400,3,0,46 5 41,2,1,,96351,3,0,46 43 44 3 45,2,11,,96319,13,0,21,2,2,,96338,3,0,46 43 44 3 45,2,52,,96381,13,0,21,2,14,,96262,12,0,21,2,14,,96382,12,0,21,2,14,,96415,12,0,21,2,14,,96392,12,0,21,2,54,,96395,12,0,21,2,14,,96317,12,0,21,2,14,,96513,12,0,21,2,14,,96324,12,0,21,2,54,,96429,12,0,21,2,14,,96297,12,0,21,2,8,,96268,3,0,21,2,3,,96410,3,0,46 5 41,2,3,,96500,12,0,21,2,9,,96334,12,0,21,2,4,,96483,3,0,46 5 41,2,4,,96454,12,0,21,2,55,,96387,12,0,21,2,4,,96440,3,0,46 43 44 3 45,2,7,,85244,3,0,21,2,3,,96336,12,0,21,2,8,,96294,12,0,21,2,2,,96408,3,0,46 43 44 3 45,2,6,,96486,12,0,21,2,15,,96399,12,0,21,2,8,,96353,12,0,21,2,52,,96506,12,0,21,2,12,,96465,12,0,21,2,10,,96355,12,0,21,2,10,,96512,12,0,21,2,10,,96283,12,0,21,2,50,,96445,12,0,21,2,10,,96467,12,0,21,2,10,,96315,12,0,21,2,10,,96501,12,0,21,2,10,,96397,12,0,21,2,10,,96485,12,0,21,2,50,,96472,12,0,21,2,11,,96325,12,0,21,2,10,,81801,12,0,21,2,6,,96511,3,0,46 43 44 3 45,2,4,,96379,12,0,21,2,10,,96360,12,0,21,2,13,,96487,12,0,21,2,52,,96371,3,0,21,2,2,,96366,12,0,21,2,11,,96439,12,0,21,2,10,,96323,12,0,21,2,10,,96411,12,0,21,2,10,,96401,12,0,21,2,50,,96343,12,0,21,2,10,,96435,12,0,21,2,10,,96420,12,0,21,2,10,,96359,12,0,21,2,10,,96502,12,0,21,2,10,,96367,12,0,21,2,50,,96344,12,0,21,2,10,,96446,12,0,21,2,10,,96414,12,0,21,2,10,,96345,12,0,21,2,10,,96332,12,0,21,2,10,,96327,12,0,21,2,50,,96312,12,0,21,2,10,,96289,12,0,21,2,10,,96311,12,0,21,2,10,,96349,12,0,21,2,10,,96443,12,0,21,2,10,,96337,12,0,21,2,50,,96303,12,0,21,2,10,,96270,12,0,21,2,10,,96266,12,0,21,2,10,,96476,12,0,21,2,10,,96505,12,0,21,2,10,,96459,12,0,21,2,50,,96417,12,0,21,2,10,,96368,12,0,21,2,10,,96453,12,0,21,2,10,,96277,12,0,21,2,10,,96421,12,0,21,2,10,,96348,12,0,21,2,50,,96433,12,0,21,2,10,,96313,12,0,21,2,10,,96457,12,0,21,2,10,,96374,12,0,21,2,10,,96286,12,0,21,2,10,,96276,12,0,21,2,48,,96484,12,0,21,2,9,,96498,12,0,21,2,10,,96350,12,0,21,2,10,,96362,12,0,21,2,10,,96464,12,0,21,2,10,,96475,12,0,21,2,10,,96352,12,0,21,2,50,,96425,12,0,21,2,10,,96394,12,0,21,2,10,,96316,12,0,21,2,10,,96322,12,0,21,2,10,,96460,12,0,21,2,10,,96480,12,0,21,2,50,,96378,12,0,21,2,10,,96385,12,0,21,2,10,,96308,12,0,21,2,10,,96515,12,0,21,2,10,,96341,12,0,21,2,10,,96365,12,0,21,2,49,,96491,12,0,21,2,10,,96300,12,0,21,2,10,,96493,12,0,21,2,10,,96281,12,0,21,2,10,,96434,12,0,21,2,10,,96449,12,0,21,2,50,,96510,12,0,21,2,10,,96391,12,0,21,2,10,,96354,12,0,21,2,10,,96370,12,0,21,2,10,,96499,12,0,21,2,10,,96347,12,0,21,2,50,,96356,12,0,21,2,10,,96405,12,0,21,2,10,,96335,12,0,21,2,10,,96418,12,0,21,2,10,,96358,12,0,21,2,10,,96389,12,0,21,2,50,,96463,12,0,21,2,10,,96514,12,0,21,2
