31003,'1',2526,,92118,1,0,18 7,2,10,,92119,1,0,18 7,2,9,,92113,1,0,19,2,8,,92122,1,0,18 7,2,60,,92117,1,0,18 7,2,20,,88356,1,0,18 7,2,20,,92123,1,0,18 7,2,60,,92112,1,0,18 7,2,20,,92116,1,0,18 7,2,20,,92124,1,0,18 7,2,60,,76842,1,0,18 7,2,20,,92120,1,0,18 7,2,20,,92114,1,0,18 7,2,60,,92121,1,0,18 7,2,20,,92115,1,0,19,2
31003,'2',2532,,92136,1,0,18 7,2,10,,92134,1,0,19,2,13,,92130,1,0,18 7,2,55,,92135,1,0,18 7,2,20,,92133,1,0,18 7,2,20,,92129,1,0,18 7,2,60,,92126,1,0,18 7,2,20,,92127,1,0,18 7,2,20,,92128,1,0,18 7,2,60,,92131,1,0,18 7,2,20,,92125,1,0,18 7,2,20,,92132,1,0,18 7,2,60,,80909,1,0,18 7,2
31003,'3',525,,92161,1,0,18 7,2,16,,92137,1,0,18 7,2,15,,92138,1,0,18 7,2,55,,92160,1,0,18 7,2,15,,92147,1,0,18 7,2,15,,92159,1,0,18 7,2,15,,92144,1,0,18 7,2,55,,92139,1,0,18 7,2,15,,92162,1,0,18 7,2,1794,,92140,1,0,19,2,10,,92156,1,0,18 7,2,10,,92154,1,0,19,2,10,,92148,1,0,18 7,2,60,,92157,1,0,18 7,2,20,,92153,1,0,18 7,2,20,,92155,1,0,18 7,2,60,,92143,1,0,18 7,2,20,,92149,1,0,18 7,2,20,,92150,1,0,18 7,2,60,,92145,1,0,18 7,2,20,,92151,1,0,18 7,2,20,,92152,1,0,18 7,2,60,,92141,1,0,18 7,2
31003,'5',2520,,92170,1,0,19,2,10,,92169,1,0,18 7,2,10,,92167,1,0,19,2,10,,92168,1,0,18 7,2,60,,92171,1,0,18 7,2,20,,92164,1,0,18 7,2,20,,92173,1,0,18 7,2,60,,92176,1,0,18 7,2,20,,92172,1,0,18 7,2,20,,92166,1,0,18 7,2,60,,92175,1,0,18 7,2,20,,92165,1,0,18 7,2,20,,92174,1,0,18 7,2,60,,92177,1,0,18 7,2
31004,'1',2553,,92179,17,4,,2,60,,92185,17,4,,2,20,,92178,17,4,,2,20,,92184,17,4,,2,60,,92183,17,4,,2,20,,92181,17,4,,2,20,,92189,17,4,,2,60,,92186,17,4,,2,20,,92191,17,4,,2,20,,89241,17,4,,2,60,,87396,17,4,,2,20,,92182,17,4,,2
31004,'2',2555,,92198,17,4,,2,55,,92208,17,4,,2,20,,92203,17,4,,2,20,,92205,17,4,,2,60,,92207,17,4,,2,20,,92200,17,4,,2,20,,92202,17,4,,2,60,,92199,17,4,,2,20,,92201,17,4,,2,20,,92197,17,4,,2,60,,92195,17,4,,2
31004,'3',525,,92209,17,4,,2,16,,92224,17,4,,2,15,,92214,17,4,,2,55,,92216,17,4,,2,10,,92213,17,4,,2,20,,92211,17,4,,2,15,,92230,17,4,,2,55,,92226,17,4,,2,15,,92210,17,4,,2,15,,92223,17,4,,2,15,,92222,17,4,,2,1794,,92225,17,4,,2,60,,92228,17,4,,2,20,,92234,17,4,,2,20,,92232,17,4,,2,60,,92212,17,4,,2,20,,92227,17,4,,2,20,,92215,17,4,,2,60,,92218,17,4,,2,20,,92233,17,4,,2,20,,92229,17,4,,2,60,,92231,17,4,,2
31004,'5',2550,,92248,17,4,,2,60,,92243,17,4,,2,20,,92247,17,4,,2,20,,92242,17,4,,2,60,,92238,17,4,,2,20,,92241,17,4,,2,20,,92237,17,4,,2,60,,92245,17,4,,2,20,,92249,17,4,,2,20,,92235,17,4,,2,60,,92244,17,4,,2
50901,'1',606,,101447,12,4,,2,10,,101403,12,4,,2,10,,101404,12,4,,2,10,,101363,12,4,,2,10,,84547,12,4,,2,10,,101449,12,4,,2,50,,101428,12,4,,2,10,,101383,12,4,,2,11,,101357,12,4,,2,9,,101446,12,4,,2,9,,101382,12,4,,2,9,,101466,12,4,,2,49,,101384,12,4,,2,9,,101434,12,4,,2,9,,101444,12,4,,2,9,,101458,12,4,,2,9,,101390,12,4,,2,9,,101448,12,4,,2,9,,101469,12,4,,2,49,,101391,12,4,,2,9,,101408,12,4,,2,9,,101468,12,4,,2,9,,101431,12,4,,2,9,,101420,12,4,,2,9,,101465,12,4,,2,49,,101398,12,4,,2,9,,101435,12,4,,2,9,,101400,12,4,,2,9,,101440,12,4,,2,9,,101394,12,4,,2,9,,101414,12,4,,2,9,,101368,12,4,,2,49,,101432,12,4,,2,9,,101418,12,4,,2,9,,101409,12,4,,2,9,,101378,12,4,,2,9,,101471,12,4,,2,9,,101374,12,4,,2,9,,101453,12,4,,2,49,,101392,12,4,,2,9,,101375,12,4,,2,9,,101459,12,4,,2,9,,101407,12,4,,2,9,,101365,12,4,,2,9,,101373,12,4,,2,49,,101454,12,4,,2,9,,101470,12,4,,2,9,,101413,12,4,,2,9,,101478,12,4,,2,9,,101460,12,4,,2,9,,101359,12,4,,2,9,,101426,12,4,,2,49,,101358,12,4,,2,9,,101472,12,4,,2,9,,101386,12,4,,2,9,,101445,12,4,,2,9,,101423,12,4,,2,10,,101406,12,4,,2,9,,101456,12,4,,2,49,,101362,12,4,,2,9,,101422,12,4,,2,9,,101461,12,4,,2,9,,101430,12,4,,2,9,,101421,12,4,,2,9,,101367,12,4,,2,49,,101379,12,4,,2,9,,101442,12,4,,2,9,,101462,12,4,,2,9,,101360,12,4,,2,9,,101364,12,4,,2,9,,101417,12,4,,2,9,,101451,12,4,,2,49,,101425,12,4,,2,9,,101381,12,4,,2,9,,101395,12,4,,2,9,,101389,12,4,,2,9,,101482,12,4,,2,9,,101369,12,4,,2,9,,101361,12,4,,2,49,,101402,12,4,,2,9,,101433,12,4,,2,9,,101476,12,4,,2,9,,101376,12,4,,2,7,,101438,12,4,,2,9,,101377,12,4,,2,9,,101452,12,4,,2,49,,101477,12,4,,2,9,,101416,12,4,,2,10,,101385,12,4,,2,10,,101371,12,4,,2,10,,101424,12,4,,2,10,,101399,12,4,,2,50,,75790,12,4,,2,10,,101388,12,4,,2,10,,101393,12,4,,2,10,,101443,12,4,,2,10,,101397,12,4,,2,10,,101419,12,4,,2,50,,101411,12,4,,2,10,,101405,12,4,,2,10,,101370,12,4,,2,10,,101436,12,4,,2,10,,101429,12,4,,2,10,,101380,12,4,,2,48,,101396,12,4,,2,10,,101387,12,4,,2,10,,101410,12,4,,2,10,,78409,12,4,,2,10,,101481,12,4,,2,10,,101473,12,4,,2,50,,101480,12,4,,2,10,,101455,12,4,,2,10,,101474,12,4,,2,10,,101441,12,4,,2,10,,77879,12,4,,2,10,,101412,12,4,,2,50,,101427,12,4,,2,10,,101437,12,4,,2,10,,101464,12,4,,2,10,,101467,12,4,,2,10,,101450,12,4,,2,10,,101457,12,4,,2,50,,101439,12,4,,2,10,,101366,12,4,,2
50901,'2',604,,101561,12,4,,2,10,,101627,12,4,,2,10,,101613,12,4,,2,10,,81515,12,4,,2,10,,101489,12,4,,2,10,,101537,12,4,,2,50,,101563,12,4,,2,10,,101494,12,4,,2,10,,101577,12,4,,2,10,,101501,12,4,,2,10,,101550,12,4,,2,10,,101508,12,4,,2,50,,101496,12,4,,2,11,,101592,12,4,,2,11,,101645,12,4,,2,10,,101629,12,4,,2,10,,101540,12,4,,2,10,,101654,12,4,,2,50,,101625,12,4,,2,10,,101504,12,4,,2,10,,101582,12,4,,2,10,,101509,12,4,,2,10,,101621,12,4,,2,10,,101626,12,4,,2,50,,101580,12,4,,2,10,,101519,12,4,,2,10,,101566,12,4,,2,10,,101579,12,4,,2,10,,101535,12,4,,2,10,,101548,12,4,,2,50,,101648,12,4,,2,10,,101594,12,4,,2,10,,101534,12,4,,2,10,,101558,12,4,,2,10,,101541,12,4,,2,10,,101651,12,4,,2,50,,101543,12,4,,2,10,,101499,12,4,,2,5,,101618,12,4,,2,5,,101546,12,4,,2,5,,101610,12,4,,2,5,,101528,12,4,,2,5,,101649,12,4,,2,5,,84797,12,4,,2,5,,101588,12,4,,2,5,,101544,12,4,,2,45,,101571,12,4,,2,5,,101549,12,4,,2,5,,101529,12,4,,2,5,,101576,12,4,,2,5,,101488,12,4,,2,5,,101598,12,4,,2,5,,101547,12,4,,2,5,,101518,12,4,,2,5,,101599,12,4,,2,5,,101510,12,4,,2,5,,101497,12,4,,2,5,,101483,12,4,,2,45,,101486,12,4,,2,5,,101562,12,4,,2,5,,101525,12,4,,2,5,,101632,12,4,,2,5,,101575,12,4,,2,5,,101526,12,4,,2,5,,101643,12,4,,2,5,,101633,12,4,,2,5,,101533,12,4,,2,5,,101631,12,4,,2,5,,101612,12,4,,2,5,,101506,12,4,,2,45,,101656,12,4,,2,5,,101635,12,4,,2,5,,101502,12,4,,2,5,,101619,12,4,,2,5,,101512,12,4,,2,5,,101555,12,4,,2,5,,101573,12,4,,2,5,,101536,12,4,,2,5,,101538,12,4,,2,5,,101591,12,4,,2,5,,101617,12,4,,2,5,,101653,12,4,,2,45,,101606,12,4,,2,5,,101623,12,4,,2,5,,76985,12,4,,2,5,,101639,12,4,,2,5,,101539,12,4,,2,5,,101589,12,4,,2,5,,87708,12,4,,2,5,,101503,12,4,,2,5,,101630,12,4,,2,5,,101640,12,4,,2,5,,101616,12,4,,2,5,,101530,12,4,,2,45,,101542,12,4,,2,5,,101498,12,4,,2,5,,101568,12,4,,2,5,,89340,12,4,,2,5,,101583,12,4,,2,5,,101531,12,4,,2,5,,101484,12,4,,2,5,,101553,12,4,,2,5,,101490,12,4,,2,5,,101524,12,4,,2,5,,101636,12,4,,2,5,,101552,12,4,,2,45,,101593,12,4,,2,5,,101585,12,4,,2,5,,101521,12,4,,2,5,,101514,12,4,,2,5,,101614,12,4,,2,5,,101572,12,4,,2,5,,101578,12,4,,2,5,,101554,12,4,,2,5,,101551,12,4,,2,5,,101637,12,4,,2,5,,101516,12,4,,2,5,,101620,12,4,,2,45,,75393,12,4,,2,5,,101641,12,4,,2,5,,101615,12,4,,2,7,,101601,12,4,,2,7,,101570,12,4,,2,7,,101564,12,4,,2,7,,81503,12,4,,2,7,,101581,12,4,,2,7,,101607,12,4,,2,47,,101574,12,4,,2,7,,101569,12,4,,2,7,,101605,12,4,,2,7,,101515,12,4,,2,7,,101609,12,4,,2,7,,101634,12,4,,2,7,,101604,12,4,,2,7,,101565,12,4,,2,7,,101560,12,4,,2,47,,101602,12,4,,2,7,,101628,12,4,,2,7,,101600,12,4,,2,7,,101505,12,4,,2,7,,101595,12,4,,2,7,,101493,12,4,,2,7,,101557,12,4,,2,7,,101523,12,4,,2,7,,101559,12,4,,2,47,,101492,12,4,,2,7,,101491,12,4,,2,7,,101567,12,4,,2,8,,101520,12,4,,2,8,,101507,12,4,,2,8,,101527,12,4,,2,8,,101652,12,4,,2,48,,101522,12,4,,2,8,,101622,12,4,,2,8,,101608,12,4,,2,8,,101624,12,4,,2,8,,101556,12,4,,2,8,,101644,12,4,,2,8,,101586,12,4,,2,8,,101545,12,4,,2,48,,101596,12,4,,2,8,,101655,12,4,,2,8,,101642,12,4,,2,8,,101584,12,4,,2,8,,101487,12,4,,2,8,,101647,12,4,,2,8,,101611,12,4,,2,48,,101513,12,4,,2,10,,101650,12,4,,2,10,,101603,12,4,,2
50901,'3',608,,101686,12,4,,2,15,,101783,12,4,,2,15,,101678,12,4,,2,15,,101720,12,4,,2,55,,101729,12,4,,2,15,,101754,12,4,,2,15,,101731,12,4,,2,15,,101715,12,4,,2,55,,84241,12,4,,2,11,,101683,12,4,,2,10,,101699,12,4,,2,10,,101725,12,4,,2,10,,101750,12,4,,2,10,,101691,12,4,,2,50,,101704,12,4,,2,10,,101659,12,4,,2,10,,101749,12,4,,2,10,,101732,12,4,,2,10,,101672,12,4,,2,10,,101675,12,4,,2,50,,101705,12,4,,2,10,,101774,12,4,,2,10,,101753,12,4,,2,10,,101677,12,4,,2,10,,101687,12,4,,2,10,,101698,12,4,,2,50,,101676,12,4,,2,10,,101664,12,4,,2,10,,101730,12,4,,2,10,,101684,12,4,,2,10,,101727,12,4,,2,10,,101770,12,4,,2,50,,101761,12,4,,2,7,,101752,12,4,,2,9,,101766,12,4,,2,7,,101767,12,4,,2,7,,101758,12,4,,2,7,,101728,12,4,,2,7,,101735,12,4,,2,47,,101714,12,4,,2,7,,101759,12,4,,2,7,,101723,12,4,,2,7,,101755,12,4,,2,7,,101710,12,4,,2,7,,101724,12,4,,2,7,,101673,12,4,,2,7,,101712,12,4,,2,7,,101665,12,4,,2,47,,87859,12,4,,2,7,,101706,12,4,,2,7,,101773,12,4,,2,7,,101667,12,4,,2,7,,101695,12,4,,2,7,,101719,12,4,,2,7,,101787,12,4,,2,7,,101688,12,4,,2,7,,101697,12,4,,2,47,,101744,12,4,,2,7,,101737,12,4,,2,7,,101734,12,4,,2,7,,101700,12,4,,2,7,,101784,12,4,,2,7,,101748,12,4,,2,7,,101680,12,4,,2,7,,101769,12,4,,2,47,,101690,12,4,,2,7,,101703,12,4,,2,7,,101768,12,4,,2,7,,101721,12,4,,2,7,,101771,12,4,,2,7,,101660,12,4,,2,7,,101713,12,4,,2,7,,75846,12,4,,2,7,,101657,12,4,,2,47,,101666,12,4,,2,7,,101662,12,4,,2,7,,101786,12,4,,2,7,,101779,12,4,,2,7,,101681,12,4,,2,7,,101772,12,4,,2,7,,101741,12,4,,2,7,,101661,12,4,,2,47,,101669,12,4,,2,7,,101718,12,4,,2,7,,101764,12,4,,2,7,,101696,12,4,,2,7,,101746,12,4,,2,7,,101751,12,4,,2,7,,101733,12,4,,2,7,,101701,12,4,,2,7,,101685,12,4,,2,47,,101760,12,4,,2,7,,101762,12,4,,2,10,,101693,12,4,,2,10,,101763,12,4,,2,10,,101781,12,4,,2,10,,101671,12,4,,2,50,,101707,12,4,,2,10,,101742,12,4,,2,10,,101682,12,4,,2,10,,101711,12,4,,2,10,,101726,12,4,,2,10,,101694,12,4,,2,50,,101782,12,4,,2,10,,101692,12,4,,2,10,,101716,12,4,,2,10,,101679,12,4,,2,10,,101780,12,4,,2,10,,82763,12,4,,2,50,,101674,12,4,,2,10,,101743,12,4,,2,7,,88791,12,4,,2,10,,101738,12,4,,2,10,,101756,12,4,,2,10,,101775,12,4,,2,10,,101708,12,4,,2,50,,101740,12,4,,2,10,,101736,12,4,,2,10,,101658,12,4,,2,10,,101776,12,4,,2,10,,101702,12,4,,2,10,,101788,12,4,,2,50,,82308,12,4,,2,10,,101668,12,4,,2,10,,101765,12,4,,2,10,,101722,12,4,,2,10,,101778,12,4,,2,10,,101785,12,4,,2,50,,101747,12,4,,2,12,,101670,12,4,,2
50901,'5',608,,101812,12,4,,2,15,,101811,12,4,,2,15,,101855,12,4,,2,15,,101892,12,4,,2,55,,101838,12,4,,2,15,,101840,12,4,,2,15,,101873,12,4,,2,15,,101802,12,4,,2,55,,101880,12,4,,2,11,,101849,12,4,,2,10,,101830,12,4,,2,10,,101860,12,4,,2,10,,101858,12,4,,2,10,,101921,12,4,,2,50,,101805,12,4,,2,10,,101837,12,4,,2,10,,101814,12,4,,2,10,,101861,12,4,,2,10,,101911,12,4,,2,10,,101903,12,4,,2,50,,101868,12,4,,2,10,,101914,12,4,,2,10,,101854,12,4,,2,10,,101834,12,4,,2,10,,101905,12,4,,2,10,,101809,12,4,,2,50,,101901,12,4,,2,10,,101898,12,4,,2,10,,101801,12,4,,2,10,,101906,12,4,,2,10,,101800,12,4,,2,10,,101791,12,4,,2,50,,101789,12,4,,2,7,,101882,12,4,,2,9,,101912,12,4,,2,7,,101806,12,4,,2,7,,101825,12,4,,2,7,,101815,12,4,,2,7,,101817,12,4,,2,47,,101820,12,4,,2,7,,101835,12,4,,2,7,,101853,12,4,,2,7,,101859,12,4,,2,7,,101843,12,4,,2,7,,101848,12,4,,2,7,,101865,12,4,,2,7,,101793,12,4,,2,7,,101922,12,4,,2,47,,101842,12,4,,2,7,,101902,12,4,,2,7,,101847,12,4,,2,7,,101919,12,4,,2,7,,101879,12,4,,2,7,,101895,12,4,,2,7,,101856,12,4,,2,7,,101792,12,4,,2,7,,101798,12,4,,2,47,,101790,12,4,,2,7,,101881,12,4,,2,7,,101900,12,4,,2,7,,101872,12,4,,2,7,,101829,12,4,,2,7,,77216,12,4,,2,7,,101836,12,4,,2,7,,101827,12,4,,2,47,,101804,12,4,,2,7,,101875,12,4,,2,7,,101797,12,4,,2,7,,101869,12,4,,2,7,,101918,12,4,,2,7,,101851,12,4,,2,7,,101888,12,4,,2,7,,101907,12,4,,2,7,,101893,12,4,,2,47,,101799,12,4,,2,7,,101832,12,4,,2,7,,101844,12,4,,2,7,,101920,12,4,,2,7,,101891,12,4,,2,7,,101886,12,4,,2,7,,101828,12,4,,2,7,,101819,12,4,,2,47,,101826,12,4,,2,7,,101916,12,4,,2,7,,101864,12,4,,2,7,,101833,12,4,,2,7,,101878,12,4,,2,7,,101810,12,4,,2,7,,101846,12,4,,2,7,,101841,12,4,,2,7,,101794,12,4,,2,47,,101816,12,4,,2,7,,101876,12,4,,2,10,,101874,12,4,,2,10,,101887,12,4,,2,10,,101818,12,4,,2,10,,101909,12,4,,2,50,,101831,12,4,,2,10,,101807,12,4,,2,10,,101884,12,4,,2,10,,101885,12,4,,2,10,,101908,12,4,,2,10,,101822,12,4,,2,50,,101915,12,4,,2,10,,101913,12,4,,2,10,,101897,12,4,,2,10,,101852,12,4,,2,10,,101883,12,4,,2,10,,101839,12,4,,2,50,,101896,12,4,,2,10,,101899,12,4,,2,7,,101845,12,4,,2,10,,78360,12,4,,2,10,,101823,12,4,,2,10,,101910,12,4,,2,10,,101870,12,4,,2,50,,101894,12,4,,2,10,,101821,12,4,,2,10,,101796,12,4,,2,10,,101803,12,4,,2,10,,101871,12,4,,2,10,,101889,12,4,,2,50,,101862,12,4,,2,10,,101850,12,4,,2,10,,101813,12,4,,2,10,,101824,12,4,,2,10,,101795,12,4,,2,10,,101904,12,4,,2,50,,101917,12,4,,2,12,,101867,12,4,,2
50902,'1',606,,88191,1,0,20,2,10,,101997,1,0,20,2,10,,102038,1,0,20,2,10,,101976,1,0,20,2,10,,101974,1,0,20,2,10,,102030,1,0,20,2,50,,101946,1,0,20,2,10,,102015,1,0,20,2,11,,102019,1,0,20,2,9,,101980,1,0,20,2,9,,102035,1,0,20,2,9,,102006,1,0,20,2,49,,102000,1,0,20,2,9,,102045,1,0,20,2,9,,101967,1,0,20,2,9,,101929,1,0,20,2,9,,101940,1,0,20,2,9,,102009,1,0,20,2,9,,102011,1,0,20,2,49,,101955,1,0,20,2,9,,68748,1,0,20,2,9,,102036,1,0,20,2,9,,101932,1,0,20,2,9,,101986,1,0,20,2,9,,86487,1,0,20,2,49,,101941,1,0,20,2,9,,101958,1,0,20,2,9,,102040,1,0,20,2,9,,101937,1,0,20,2,9,,101975,1,0,20,2,9,,101950,1,0,20,2,9,,101983,1,0,20,2,49,,102012,1,0,20,2,9,,101965,1,0,20,2,9,,101948,1,0,20,2,9,,101953,1,0,20,2,9,,101925,1,0,20,2,9,,101934,1,0,20,2,9,,102032,1,0,20,2,49,,102048,1,0,20,2,9,,101994,1,0,20,2,9,,102046,1,0,20,2,9,,101939,1,0,20,2,9,,101947,1,0,20,2,9,,101993,1,0,20,2,49,,102004,1,0,20,2,9,,102043,1,0,20,2,9,,101982,1,0,20,2,9,,101963,1,0,20,2,9,,101995,1,0,20,2,9,,101990,1,0,20,2,9,,101989,1,0,20,2,49,,89041,1,0,20,2,9,,101927,1,0,20,2,9,,101968,1,0,20,2,9,,101935,1,0,20,2,9,,101931,1,0,20,2,10,,101985,1,0,20,2,9,,101998,1,0,20,2,49,,101942,1,0,20,2,9,,101979,1,0,20,2,9,,102016,1,0,20,2,9,,101949,1,0,20,2,9,,102020,1,0,20,2,9,,102021,1,0,20,2,49,,101992,1,0,20,2,9,,101962,1,0,20,2,9,,102014,1,0,20,2,9,,102003,1,0,20,2,9,,101969,1,0,20,2,9,,101996,1,0,20,2,9,,101954,1,0,20,2,49,,101966,1,0,20,2,9,,101981,1,0,20,2,9,,102029,1,0,20,2,9,,101938,1,0,20,2,9,,101964,1,0,20,2,9,,101984,1,0,20,2,9,,102047,1,0,20,2,49,,102022,1,0,20,2,9,,101970,1,0,20,2,9,,101959,1,0,20,2,9,,102018,1,0,20,2,7,,102001,1,0,20,2,9,,101924,1,0,20,2,9,,101956,1,0,20,2,49,,102027,1,0,20,2,9,,101951,1,0,20,2,10,,101971,1,0,20,2,10,,101973,1,0,20,2,10,,102005,1,0,20,2,10,,101991,1,0,20,2,50,,101926,1,0,20,2,10,,101943,1,0,20,2,10,,102002,1,0,20,2,10,,102031,1,0,20,2,10,,101977,1,0,20,2,10,,102041,1,0,20,2,50,,102010,1,0,20,2,10,,102008,1,0,20,2,10,,102023,1,0,20,2,10,,101988,1,0,20,2,10,,101936,1,0,20,2,10,,102017,1,0,20,2,48,,102024,1,0,20,2,10,,102039,1,0,20,2,10,,102033,1,0,20,2,10,,83764,1,0,20,2,10,,102007,1,0,20,2,10,,102013,1,0,20,2,50,,101999,1,0,20,2,10,,102037,1,0,20,2,10,,101978,1,0,20,2,10,,101957,1,0,20,2,10,,102034,1,0,20,2,10,,102042,1,0,20,2,50,,101930,1,0,20,2,10,,101945,1,0,20,2,10,,102028,1,0,20,2,10,,101961,1,0,20,2,10,,101960,1,0,20,2,10,,102025,1,0,20,2,50,,101972,1,0,20,2,10,,101952,1,0,20,2
50902,'2',604,,102178,1,0,20,2,10,,102096,1,0,20,2,10,,102114,1,0,20,2,10,,102086,1,0,20,2,10,,102216,1,0,20,2,10,,102204,1,0,20,2,50,,102058,1,0,20,2,10,,88428,1,0,20,2,10,,102141,1,0,20,2,10,,102050,1,0,20,2,10,,102075,1,0,20,2,10,,102060,1,0,20,2,50,,102210,1,0,20,2,11,,102080,1,0,20,2,11,,102066,1,0,20,2,10,,102136,1,0,20,2,10,,102147,1,0,20,2,10,,102142,1,0,20,2,50,,102179,1,0,20,2,10,,102202,1,0,20,2,10,,102087,1,0,20,2,10,,102081,1,0,20,2,10,,102083,1,0,20,2,10,,102068,1,0,20,2,50,,102197,1,0,20,2,10,,102051,1,0,20,2,10,,102165,1,0,20,2,10,,102200,1,0,20,2,10,,102188,1,0,20,2,10,,102105,1,0,20,2,50,,102067,1,0,20,2,10,,102063,1,0,20,2,10,,102151,1,0,20,2,10,,102106,1,0,20,2,10,,102174,1,0,20,2,10,,102215,1,0,20,2,50,,102173,1,0,20,2,10,,102137,1,0,20,2,5,,102120,1,0,20,2,5,,102061,1,0,20,2,5,,102129,1,0,20,2,5,,102128,1,0,20,2,5,,102111,1,0,20,2,5,,102073,1,0,20,2,5,,102169,1,0,20,2,5,,102095,1,0,20,2,45,,102198,1,0,20,2,5,,102193,1,0,20,2,5,,102053,1,0,20,2,5,,102153,1,0,20,2,5,,102110,1,0,20,2,5,,102092,1,0,20,2,5,,102214,1,0,20,2,5,,102055,1,0,20,2,5,,102074,1,0,20,2,5,,81567,1,0,20,2,5,,102196,1,0,20,2,5,,102166,1,0,20,2,45,,102118,1,0,20,2,5,,102079,1,0,20,2,5,,102155,1,0,20,2,5,,102145,1,0,20,2,5,,102189,1,0,20,2,5,,102207,1,0,20,2,5,,102146,1,0,20,2,5,,102148,1,0,20,2,5,,102172,1,0,20,2,5,,102062,1,0,20,2,5,,102098,1,0,20,2,5,,102101,1,0,20,2,45,,102059,1,0,20,2,5,,102069,1,0,20,2,5,,102218,1,0,20,2,5,,102139,1,0,20,2,5,,102163,1,0,20,2,5,,102206,1,0,20,2,5,,102112,1,0,20,2,5,,102094,1,0,20,2,5,,102184,1,0,20,2,5,,102090,1,0,20,2,5,,102183,1,0,20,2,5,,102154,1,0,20,2,45,,102161,1,0,20,2,5,,102130,1,0,20,2,5,,102180,1,0,20,2,5,,102133,1,0,20,2,5,,102064,1,0,20,2,5,,102160,1,0,20,2,5,,102140,1,0,20,2,5,,102125,1,0,20,2,5,,102115,1,0,20,2,5,,102052,1,0,20,2,5,,102103,1,0,20,2,5,,102078,1,0,20,2,45,,102186,1,0,20,2,5,,102152,1,0,20,2,5,,102099,1,0,20,2,5,,102203,1,0,20,2,5,,102088,1,0,20,2,5,,102170,1,0,20,2,5,,80949,1,0,20,2,5,,102156,1,0,20,2,5,,102054,1,0,20,2,5,,102121,1,0,20,2,5,,102104,1,0,20,2,5,,102167,1,0,20,2,45,,102138,1,0,20,2,5,,102135,1,0,20,2,5,,102171,1,0,20,2,5,,102199,1,0,20,2,5,,102150,1,0,20,2,5,,102157,1,0,20,2,5,,102126,1,0,20,2,5,,102124,1,0,20,2,5,,77017,1,0,20,2,5,,102108,1,0,20,2,5,,102093,1,0,20,2,5,,102116,1,0,20,2,45,,102065,1,0,20,2,5,,102194,1,0,20,2,5,,102168,1,0,20,2,7,,102176,1,0,20,2,7,,102149,1,0,20,2,7,,102187,1,0,20,2,7,,102191,1,0,20,2,7,,102082,1,0,20,2,7,,102117,1,0,20,2,47,,102119,1,0,20,2,7,,102123,1,0,20,2,7,,102164,1,0,20,2,7,,102177,1,0,20,2,7,,77585,1,0,20,2,7,,102071,1,0,20,2,7,,102089,1,0,20,2,7,,102113,1,0,20,2,7,,102220,1,0,20,2,47,,102181,1,0,20,2,7,,102122,1,0,20,2,7,,102209,1,0,20,2,7,,102219,1,0,20,2,7,,102091,1,0,20,2,7,,102085,1,0,20,2,7,,102100,1,0,20,2,7,,102190,1,0,20,2,7,,102070,1,0,20,2,47,,102185,1,0,20,2,7,,102162,1,0,20,2,7,,102175,1,0,20,2,8,,102127,1,0,20,2,8,,102208,1,0,20,2,8,,102213,1,0,20,2,8,,102097,1,0,20,2,48,,102201,1,0,20,2,8,,102107,1,0,20,2,8,,102212,1,0,20,2,8,,102144,1,0,20,2,8,,102134,1,0,20,2,8,,102102,1,0,20,2,8,,102143,1,0,20,2,8,,102221,1,0,20,2,48,,102182,1,0,20,2,8,,75422,1,0,20,2,8,,102109,1,0,20,2,8,,102158,1,0,20,2,8,,102077,1,0,20,2,8,,102056,1,0,20,2,8,,102222,1,0,20,2,48,,102195,1,0,20,2,10,,102211,1,0,20,2,10,,90839,1,0,20,2
50902,'3',608,,102257,1,0,20,2,15,,102310,1,0,20,2,15,,102337,1,0,20,2,15,,80240,1,0,20,2,55,,102291,1,0,20,2,15,,102225,1,0,20,2,15,,102340,1,0,20,2,15,,102302,1,0,20,2,55,,102298,1,0,20,2,11,,102355,1,0,20,2,10,,102249,1,0,20,2,10,,102344,1,0,20,2,10,,102321,1,0,20,2,10,,102350,1,0,20,2,50,,102322,1,0,20,2,10,,102266,1,0,20,2,10,,102304,1,0,20,2,10,,102325,1,0,20,2,10,,102334,1,0,20,2,10,,102234,1,0,20,2,50,,102320,1,0,20,2,10,,102305,1,0,20,2,10,,102284,1,0,20,2,10,,102300,1,0,20,2,10,,102332,1,0,20,2,10,,102269,1,0,20,2,50,,102264,1,0,20,2,10,,102248,1,0,20,2,10,,102290,1,0,20,2,10,,102247,1,0,20,2,10,,102237,1,0,20,2,10,,102316,1,0,20,2,50,,102282,1,0,20,2,7,,102351,1,0,20,2,9,,102285,1,0,20,2,7,,102263,1,0,20,2,7,,102306,1,0,20,2,7,,102288,1,0,20,2,7,,102241,1,0,20,2,47,,102314,1,0,20,2,7,,102261,1,0,20,2,7,,102281,1,0,20,2,7,,102293,1,0,20,2,7,,102327,1,0,20,2,7,,102279,1,0,20,2,7,,102250,1,0,20,2,7,,102289,1,0,20,2,7,,102309,1,0,20,2,47,,102235,1,0,20,2,7,,102252,1,0,20,2,7,,102246,1,0,20,2,7,,102326,1,0,20,2,7,,102297,1,0,20,2,7,,102345,1,0,20,2,7,,102346,1,0,20,2,7,,102356,1,0,20,2,7,,102229,1,0,20,2,47,,102230,1,0,20,2,7,,102243,1,0,20,2,7,,102323,1,0,20,2,7,,102347,1,0,20,2,7,,102317,1,0,20,2,7,,102307,1,0,20,2,7,,102318,1,0,20,2,7,,102258,1,0,20,2,47,,102244,1,0,20,2,7,,102301,1,0,20,2,7,,102296,1,0,20,2,7,,102277,1,0,20,2,7,,102278,1,0,20,2,7,,102227,1,0,20,2,7,,102226,1,0,20,2,7,,102358,1,0,20,2,7,,102329,1,0,20,2,47,,102348,1,0,20,2,7,,102294,1,0,20,2,7,,102303,1,0,20,2,7,,102236,1,0,20,2,7,,102319,1,0,20,2,7,,102259,1,0,20,2,7,,102276,1,0,20,2,7,,102292,1,0,20,2,47,,102254,1,0,20,2,7,,102251,1,0,20,2,7,,102267,1,0,20,2,7,,102260,1,0,20,2,7,,102287,1,0,20,2,7,,102280,1,0,20,2,7,,102233,1,0,20,2,7,,102232,1,0,20,2,7,,102228,1,0,20,2,47,,102240,1,0,20,2,7,,102268,1,0,20,2,10,,102357,1,0,20,2,10,,102330,1,0,20,2,10,,102231,1,0,20,2,10,,102274,1,0,20,2,50,,102331,1,0,20,2,10,,102313,1,0,20,2,10,,102311,1,0,20,2,10,,102328,1,0,20,2,10,,102265,1,0,20,2,10,,102262,1,0,20,2,50,,102308,1,0,20,2,10,,102354,1,0,20,2,10,,102324,1,0,20,2,10,,102295,1,0,20,2,10,,102272,1,0,20,2,10,,102312,1,0,20,2,50,,102342,1,0,20,2,10,,102353,1,0,20,2,7,,102242,1,0,20,2,10,,102339,1,0,20,2,10,,102245,1,0,20,2,10,,102335,1,0,20,2,10,,102273,1,0,20,2,50,,102352,1,0,20,2,10,,102223,1,0,20,2,10,,102343,1,0,20,2,10,,102286,1,0,20,2,10,,102283,1,0,20,2,10,,102315,1,0,20,2,50,,102341,1,0,20,2,10,,102256,1,0,20,2,10,,102255,1,0,20,2,10,,102238,1,0,20,2,10,,102349,1,0,20,2,10,,79162,1,0,20,2,50,,102275,1,0,20,2,12,,102270,1,0,20,2
50902,'5',608,,102464,1,0,20,2,15,,102395,1,0,20,2,15,,102478,1,0,20,2,15,,102425,1,0,20,2,55,,102481,1,0,20,2,15,,102397,1,0,20,2,15,,102485,1,0,20,2,15,,102371,1,0,20,2,55,,102447,1,0,20,2,11,,102392,1,0,20,2,10,,102450,1,0,20,2,10,,102423,1,0,20,2,10,,102451,1,0,20,2,10,,102431,1,0,20,2,50,,102483,1,0,20,2,10,,102409,1,0,20,2,10,,102396,1,0,20,2,10,,102424,1,0,20,2,10,,102361,1,0,20,2,10,,102363,1,0,20,2,50,,102393,1,0,20,2,10,,102460,1,0,20,2,10,,102416,1,0,20,2,10,,102419,1,0,20,2,10,,102394,1,0,20,2,10,,102495,1,0,20,2,50,,102442,1,0,20,2,10,,102438,1,0,20,2,10,,102474,1,0,20,2,10,,102449,1,0,20,2,10,,102428,1,0,20,2,10,,102382,1,0,20,2,50,,102374,1,0,20,2,7,,102422,1,0,20,2,9,,102470,1,0,20,2,7,,102433,1,0,20,2,7,,102408,1,0,20,2,7,,102368,1,0,20,2,7,,102466,1,0,20,2,47,,102490,1,0,20,2,7,,102469,1,0,20,2,7,,102386,1,0,20,2,7,,102477,1,0,20,2,7,,102404,1,0,20,2,7,,102473,1,0,20,2,7,,102383,1,0,20,2,7,,102360,1,0,20,2,7,,102459,1,0,20,2,47,,102471,1,0,20,2,7,,102446,1,0,20,2,7,,102486,1,0,20,2,7,,102414,1,0,20,2,7,,102488,1,0,20,2,7,,102453,1,0,20,2,7,,102398,1,0,20,2,7,,102410,1,0,20,2,7,,102441,1,0,20,2,47,,102475,1,0,20,2,7,,102407,1,0,20,2,7,,102429,1,0,20,2,7,,102362,1,0,20,2,7,,102472,1,0,20,2,7,,102400,1,0,20,2,7,,102462,1,0,20,2,7,,102391,1,0,20,2,47,,102427,1,0,20,2,7,,102439,1,0,20,2,7,,102494,1,0,20,2,7,,102452,1,0,20,2,7,,102457,1,0,20,2,7,,102375,1,0,20,2,7,,102444,1,0,20,2,7,,102365,1,0,20,2,7,,102406,1,0,20,2,47,,102476,1,0,20,2,7,,102389,1,0,20,2,7,,102461,1,0,20,2,7,,102491,1,0,20,2,7,,102415,1,0,20,2,7,,102402,1,0,20,2,7,,102435,1,0,20,2,7,,102437,1,0,20,2,47,,102366,1,0,20,2,7,,102456,1,0,20,2,7,,102468,1,0,20,2,7,,102405,1,0,20,2,7,,102432,1,0,20,2,7,,102417,1,0,20,2,7,,102403,1,0,20,2,7,,102370,1,0,20,2,7,,102359,1,0,20,2,47,,102455,1,0,20,2,7,,102372,1,0,20,2,10,,102379,1,0,20,2,10,,102387,1,0,20,2,10,,102364,1,0,20,2,10,,102420,1,0,20,2,50,,102480,1,0,20,2,10,,102463,1,0,20,2,10,,102482,1,0,20,2,10,,102385,1,0,20,2,10,,102421,1,0,20,2,10,,102388,1,0,20,2,50,,102492,1,0,20,2,10,,102412,1,0,20,2,10,,102381,1,0,20,2,10,,102413,1,0,20,2,10,,102434,1,0,20,2,10,,102484,1,0,20,2,50,,102426,1,0,20,2,10,,102430,1,0,20,2,7,,102448,1,0,20,2,10,,102465,1,0,20,2,10,,102487,1,0,20,2,10,,102443,1,0,20,2,10,,102445,1,0,20,2,50,,102411,1,0,20,2,10,,102440,1,0,20,2,10,,102436,1,0,20,2,10,,102384,1,0,20,2,10,,102369,1,0,20,2,10,,102458,1,0,20,2,50,,102377,1,0,20,2,10,,102390,1,0,20,2,10,,102454,1,0,20,2,10,,102380,1,0,20,2,10,,102467,1,0,20,2,10,,102399,1,0,20,2,50,,102367,1,0,20,2,12,,102373,1,0,20,2
51003,'1',520,,102582,1,0,18 7,2,11,,102531,1,0,18 7,2,5,,102643,1,0,18 7,2,9,,102611,1,0,18 7,2,9,,102503,1,0,18 7,2,49,,102700,1,0,18 7,2,9,,102635,1,0,18 7,2,9,,102650,1,0,18 7,2,9,,102688,1,0,18 7,2,9,,102511,1,0,18 7,2,9,,102496,1,0,18 7,2,9,,102501,1,0,18 7,2,49,,102617,1,0,18 7,2,9,,102510,1,0,18 7,2,9,,102693,1,0,18 7,2,9,,102522,1,0,18 7,2,8,,102515,1,0,18 7,2,9,,102690,1,0,18 7,2,50,,102581,1,0,18 7,2,10,,102521,1,0,18 7,2,10,,102563,1,0,18 7,2,10,,102542,1,0,18 7,2,9,,102653,1,0,18 7,2,10,,102571,1,0,18 7,2,10,,102627,1,0,18 7,2,50,,102587,1,0,18 7,2,10,,102606,1,0,18 7,2,10,,102584,1,0,18 7,2,10,,102575,1,0,18 7,2,10,,102568,1,0,18 7,2,10,,102660,1,0,18 7,2,50,,102595,1,0,18 7,2,10,,102696,1,0,18 7,2,10,,102505,1,0,18 7,2,10,,102692,1,0,18 7,2,10,,102579,1,0,18 7,2,10,,102686,1,0,18 7,2,50,,102520,1,0,18 7,2,10,,102506,1,0,18 7,2,10,,102576,1,0,18 7,2,10,,102623,1,0,18 7,2,10,,102498,1,0,18 7,2,10,,102621,1,0,18 7,2,50,,102539,1,0,18 7,2,10,,102533,1,0,18 7,2,10,,102598,1,0,18 7,2,10,,102599,1,0,18 7,2,10,,102565,1,0,18 7,2,10,,102671,1,0,18 7,2,50,,102567,1,0,18 7,2,10,,102707,1,0,18 7,2,10,,102517,1,0,18 7,2,10,,102532,1,0,18 7,2,10,,102502,1,0,18 7,2,10,,102547,1,0,18 7,2,50,,102679,1,0,18 7,2,10,,102555,1,0,18 7,2,10,,102694,1,0,18 7,2,10,,102629,1,0,18 7,2,10,,102658,1,0,18 7,2,51,,102559,1,0,18 7,2,10,,78470,1,0,18 7,2,10,,102675,1,0,18 7,2,10,,102638,1,0,18 7,2,10,,102578,1,0,18 7,2,10,,102624,1,0,18 7,2,50,,102632,1,0,18 7,2,10,,102512,1,0,18 7,2,10,,102514,1,0,18 7,2,10,,102552,1,0,18 7,2,10,,102615,1,0,18 7,2,10,,102708,1,0,18 7,2,50,,102654,1,0,18 7,2,10,,102574,1,0,18 7,2,10,,102573,1,0,18 7,2,10,,102528,1,0,18 7,2,10,,102577,1,0,18 7,2,10,,102509,1,0,18 7,2,50,,102640,1,0,18 7,2,10,,102666,1,0,18 7,2,10,,102672,1,0,18 7,2,10,,102618,1,0,18 7,2,10,,102527,1,0,18 7,2,10,,102699,1,0,18 7,2,51,,102668,1,0,18 7,2,11,,102669,1,0,18 7,2,10,,102681,1,0,18 7,2,10,,102540,1,0,18 7,2,11,,102580,1,0,18 7,2,9,,102590,1,0,18 7,2,50,,102697,1,0,18 7,2,11,,102557,1,0,18 7,2,10,,102691,1,0,18 7,2,10,,102663,1,0,18 7,2,10,,102631,1,0,18 7,2,10,,102619,1,0,18 7,2,50,,102659,1,0,18 7,2,10,,102513,1,0,18 7,2,10,,102695,1,0,18 7,2,10,,102534,1,0,18 7,2,10,,102550,1,0,18 7,2,10,,102648,1,0,18 7,2,53,,102553,1,0,18 7,2,10,,102622,1,0,18 7,2,10,,76803,1,0,18 7,2,10,,102608,1,0,18 7,2,10,,102676,1,0,18 7,2,10,,102682,1,0,18 7,2,46,,102572,1,0,18 7,2,10,,102634,1,0,18 7,2,9,,102519,1,0,18 7,2,10,,102613,1,0,18 7,2,9,,102644,1,0,18 7,2,10,,102657,1,0,18 7,2,9,,102646,1,0,18 7,2,50,,102523,1,0,18 7,2,9,,102561,1,0,18 7,2,10,,102602,1,0,18 7,2,9,,102616,1,0,18 7,2,10,,102683,1,0,18 7,2,9,,102585,1,0,18 7,2,50,,102639,1,0,18 7,2,9,,102678,1,0,18 7,2
51003,'2',525,,102936,1,0,18 7,2,10,,102907,1,0,18 7,2,9,,102783,1,0,18 7,2,10,,102875,1,0,18 7,2,49,,102855,1,0,18 7,2,10,,102799,1,0,18 7,2,9,,102830,1,0,18 7,2,10,,102733,1,0,18 7,2,9,,102861,1,0,18 7,2,10,,102860,1,0,18 7,2,49,,102933,1,0,18 7,2,10,,102928,1,0,18 7,2,9,,102712,1,0,18 7,2,10,,102866,1,0,18 7,2,9,,102910,1,0,18 7,2,10,,102890,1,0,18 7,2,9,,102732,1,0,18 7,2,50,,102932,1,0,18 7,2,9,,102776,1,0,18 7,2,10,,102819,1,0,18 7,2,9,,102842,1,0,18 7,2,10,,102888,1,0,18 7,2,9,,102945,1,0,18 7,2,50,,102920,1,0,18 7,2,12,,102833,1,0,18 7,2,8,,102731,1,0,18 7,2,9,,102725,1,0,18 7,2,8,,102949,1,0,18 7,2,9,,102904,1,0,18 7,2,8,,102818,1,0,18 7,2,49,,102923,1,0,18 7,2,8,,102807,1,0,18 7,2,9,,102886,1,0,18 7,2,8,,102822,1,0,18 7,2,9,,102900,1,0,18 7,2,8,,102792,1,0,18 7,2,9,,102884,1,0,18 7,2,48,,102940,1,0,18 7,2,9,,102780,1,0,18 7,2,8,,102906,1,0,18 7,2,9,,102877,1,0,18 7,2,9,,102887,1,0,18 7,2,8,,102946,1,0,18 7,2,8,,102831,1,0,18 7,2,48,,102845,1,0,18 7,2,7,,102779,1,0,18 7,2,8,,102809,1,0,18 7,2,8,,102898,1,0,18 7,2,8,,102718,1,0,18 7,2,7,,102870,1,0,18 7,2,8,,102924,1,0,18 7,2,8,,102841,1,0,18 7,2,48,,102754,1,0,18 7,2,7,,102749,1,0,18 7,2,8,,102947,1,0,18 7,2,8,,102871,1,0,18 7,2,8,,102716,1,0,18 7,2,7,,102878,1,0,18 7,2,8,,102881,1,0,18 7,2,48,,102840,1,0,18 7,2,8,,102872,1,0,18 7,2,7,,102769,1,0,18 7,2,8,,102726,1,0,18 7,2,8,,102911,1,0,18 7,2,8,,102757,1,0,18 7,2,7,,102785,1,0,18 7,2,8,,102734,1,0,18 7,2,48,,102908,1,0,18 7,2,8,,102790,1,0,18 7,2,7,,102794,1,0,18 7,2,8,,102800,1,0,18 7,2,8,,102849,1,0,18 7,2,8,,102857,1,0,18 7,2,7,,102744,1,0,18 7,2,8,,102929,1,0,18 7,2,48,,102771,1,0,18 7,2,8,,102827,1,0,18 7,2,7,,102820,1,0,18 7,2,8,,102836,1,0,18 7,2,8,,102826,1,0,18 7,2,8,,102829,1,0,18 7,2,7,,102772,1,0,18 7,2,8,,102737,1,0,18 7,2,48,,102824,1,0,18 7,2,8,,102921,1,0,18 7,2,7,,102926,1,0,18 7,2,8,,102788,1,0,18 7,2,8,,102867,1,0,18 7,2,8,,102937,1,0,18 7,2,7,,102782,1,0,18 7,2,48,,102802,1,0,18 7,2,8,,102736,1,0,18 7,2,8,,102740,1,0,18 7,2,7,,102746,1,0,18 7,2,8,,102816,1,0,18 7,2,8,,102765,1,0,18 7,2,7,,102839,1,0,18 7,2,6,,102922,1,0,18 7,2,2,,102727,1,0,18 7,2,47,,102767,1,0,18 7,2,6,,102846,1,0,18 7,2,5,,102868,1,0,18 7,2,5,,102882,1,0,18 7,2,5,,102848,1,0,18 7,2,6,,102805,1,0,18 7,2,5,,102786,1,0,18 7,2,5,,102762,1,0,18 7,2,5,,102844,1,0,18 7,2,6,,102796,1,0,18 7,2,5,,102742,1,0,18 7,2,45,,102939,1,0,18 7,2,5,,102813,1,0,18 7,2,6,,102903,1,0,18 7,2,5,,102808,1,0,18 7,2,5,,102781,1,0,18 7,2,5,,102895,1,0,18 7,2,6,,102714,1,0,18 7,2,5,,102832,1,0,18 7,2,5,,102901,1,0,18 7,2,5,,102738,1,0,18 7,2,6,,102942,1,0,18 7,2,5,,102854,1,0,18 7,2,45,,102950,1,0,18 7,2,5,,102812,1,0,18 7,2,6,,102774,1,0,18 7,2,5,,102719,1,0,18 7,2,5,,102858,1,0,18 7,2,5,,102784,1,0,18 7,2,6,,102902,1,0,18 7,2,5,,102766,1,0,18 7,2,5,,102948,1,0,18 7,2,5,,102751,1,0,18 7,2,6,,102821,1,0,18 7,2,45,,102823,1,0,18 7,2,5,,102917,1,0,18 7,2,3,,102778,1,0,18 7,2,11,,102876,1,0,18 7,2,9,,102913,1,0,18 7,2,9,,102770,1,0,18 7,2,10,,102934,1,0,18 7,2,9,,102753,1,0,18 7,2,50,,102755,1,0,18 7,2,9,,102880,1,0,18 7,2,10,,102723,1,0,18 7,2,9,,102883,1,0,18 7,2,10,,102760,1,0,18 7,2,9,,102825,1,0,18 7,2,50,,102863,1,0,18 7,2,9,,102838,1,0,18 7,2,10,,102896,1,0,18 7,2,9,,102793,1,0,18 7,2,10,,102869,1,0,18 7,2,9,,102730,1,0,18 7,2,50,,102891,1,0,18 7,2,9,,102743,1,0,18 7,2,12,,102750,1,0,18 7,2
51003,'3',744,,102990,1,0,18 7,2,14,,102994,1,0,18 7,2,53,,103095,1,0,18 7,2,15,,102956,1,0,18 7,2,15,,103024,1,0,18 7,2,14,,102998,1,0,18 7,2,53,,103009,1,0,18 7,2,12,,102974,1,0,18 7,2,8,,102960,1,0,18 7,2,8,,103099,1,0,18 7,2,9,,103071,1,0,18 7,2,10,,103083,1,0,18 7,2,50,,103027,1,0,18 7,2,10,,103122,1,0,18 7,2,9,,103125,1,0,18 7,2,10,,103069,1,0,18 7,2,10,,80998,1,0,18 7,2,10,,103072,1,0,18 7,2,50,,103057,1,0,18 7,2,10,,102985,1,0,18 7,2,10,,102958,1,0,18 7,2,10,,103047,1,0,18 7,2,9,,103100,1,0,18 7,2,9,,103001,1,0,18 7,2,49,,103059,1,0,18 7,2,9,,78131,1,0,18 7,2,9,,102952,1,0,18 7,2,9,,103018,1,0,18 7,2,9,,103077,1,0,18 7,2,9,,88772,1,0,18 7,2,9,,103035,1,0,18 7,2,49,,102995,1,0,18 7,2,9,,103042,1,0,18 7,2,9,,103140,1,0,18 7,2,9,,103020,1,0,18 7,2,9,,103127,1,0,18 7,2,9,,103136,1,0,18 7,2,9,,103118,1,0,18 7,2,49,,103126,1,0,18 7,2,9,,103111,1,0,18 7,2,9,,103129,1,0,18 7,2,9,,103078,1,0,18 7,2,9,,102988,1,0,18 7,2,9,,103032,1,0,18 7,2,49,,103137,1,0,18 7,2,9,,103022,1,0,18 7,2,9,,103064,1,0,18 7,2,9,,103097,1,0,18 7,2,9,,103036,1,0,18 7,2,9,,103051,1,0,18 7,2,9,,103005,1,0,18 7,2,49,,103138,1,0,18 7,2,9,,103011,1,0,18 7,2,9,,103098,1,0,18 7,2,9,,103067,1,0,18 7,2,9,,102964,1,0,18 7,2,9,,102951,1,0,18 7,2,9,,103092,1,0,18 7,2,49,,103110,1,0,18 7,2,9,,102955,1,0,18 7,2,9,,103061,1,0,18 7,2,9,,103102,1,0,18 7,2,9,,102973,1,0,18 7,2,9,,102987,1,0,18 7,2,49,,103073,1,0,18 7,2,9,,103021,1,0,18 7,2,9,,103094,1,0,18 7,2,9,,103014,1,0,18 7,2,9,,102999,1,0,18 7,2,9,,102981,1,0,18 7,2,9,,103075,1,0,18 7,2,49,,103085,1,0,18 7,2,9,,103050,1,0,18 7,2,5,,103089,1,0,18 7,2,6,,103015,1,0,18 7,2,6,,103120,1,0,18 7,2,6,,103039,1,0,18 7,2,7,,103019,1,0,18 7,2,6,,103002,1,0,18 7,2,6,,103008,1,0,18 7,2,46,,103004,1,0,18 7,2,7,,90279,1,0,18 7,2,6,,102997,1,0,18 7,2,6,,103016,1,0,18 7,2,6,,103031,1,0,18 7,2,7,,102992,1,0,18 7,2,6,,103062,1,0,18 7,2,6,,103091,1,0,18 7,2,6,,103108,1,0,18 7,2,7,,103060,1,0,18 7,2,46,,103040,1,0,18 7,2,6,,103076,1,0,18 7,2,6,,103074,1,0,18 7,2,7,,103056,1,0,18 7,2,6,,103055,1,0,18 7,2,6,,103070,1,0,18 7,2,6,,103132,1,0,18 7,2,7,,102967,1,0,18 7,2,6,,103043,1,0,18 7,2,46,,103033,1,0,18 7,2,6,,103121,1,0,18 7,2,7,,103000,1,0,18 7,2,6,,102996,1,0,18 7,2,6,,103044,1,0,18 7,2,6,,103104,1,0,18 7,2,5,,103113,1,0,18 7,2,9,,103007,1,0,18 7,2,9,,102989,1,0,18 7,2,50,,103038,1,0,18 7,2,9,,103093,1,0,18 7,2,10,,103048,1,0,18 7,2,9,,102954,1,0,18 7,2,10,,103086,1,0,18 7,2,9,,102978,1,0,18 7,2,50,,103065,1,0,18 7,2,9,,102959,1,0,18 7,2,10,,103049,1,0,18 7,2,9,,102980,1,0,18 7,2,10,,103023,1,0,18 7,2,10,,103103,1,0,18 7,2,10,,103116,1,0,18 7,2,51,,102965,1,0,18 7,2
51003,'5',525,,103246,1,0,18 7,2,16,,103325,1,0,18 7,2,15,,103240,1,0,18 7,2,55,,103157,1,0,18 7,2,15,,103252,1,0,18 7,2,15,,103241,1,0,18 7,2,15,,103175,1,0,18 7,2,55,,103187,1,0,18 7,2,15,,103340,1,0,18 7,2,15,,87274,1,0,18 7,2,15,,103296,1,0,18 7,2,55,,103190,1,0,18 7,2,15,,103225,1,0,18 7,2,15,,103298,1,0,18 7,2,14,,103221,1,0,18 7,2,53,,103224,1,0,18 7,2,12,,103247,1,0,18 7,2,8,,103193,1,0,18 7,2,8,,103249,1,0,18 7,2,9,,103151,1,0,18 7,2,10,,103222,1,0,18 7,2,50,,103307,1,0,18 7,2,10,,103148,1,0,18 7,2,9,,103323,1,0,18 7,2,10,,103215,1,0,18 7,2,10,,103199,1,0,18 7,2,10,,83615,1,0,18 7,2,50,,103196,1,0,18 7,2,10,,103146,1,0,18 7,2,10,,103145,1,0,18 7,2,10,,103226,1,0,18 7,2,9,,103326,1,0,18 7,2,9,,103156,1,0,18 7,2,49,,103317,1,0,18 7,2,9,,103322,1,0,18 7,2,9,,103169,1,0,18 7,2,9,,103253,1,0,18 7,2,9,,103227,1,0,18 7,2,9,,103223,1,0,18 7,2,9,,103338,1,0,18 7,2,49,,103286,1,0,18 7,2,9,,103258,1,0,18 7,2,9,,103309,1,0,18 7,2,9,,103228,1,0,18 7,2,9,,103238,1,0,18 7,2,9,,103216,1,0,18 7,2,9,,103168,1,0,18 7,2,49,,103320,1,0,18 7,2,9,,103337,1,0,18 7,2,9,,81963,1,0,18 7,2,9,,103273,1,0,18 7,2,9,,103275,1,0,18 7,2,9,,103315,1,0,18 7,2,49,,103186,1,0,18 7,2,9,,103211,1,0,18 7,2,9,,103184,1,0,18 7,2,9,,103242,1,0,18 7,2,9,,103155,1,0,18 7,2,9,,103213,1,0,18 7,2,9,,103218,1,0,18 7,2,49,,103203,1,0,18 7,2,9,,103141,1,0,18 7,2,9,,103237,1,0,18 7,2,9,,103284,1,0,18 7,2,9,,75486,1,0,18 7,2,9,,103256,1,0,18 7,2,9,,103154,1,0,18 7,2,49,,103164,1,0,18 7,2,9,,77309,1,0,18 7,2,9,,103314,1,0,18 7,2,9,,103313,1,0,18 7,2,9,,103328,1,0,18 7,2,9,,103255,1,0,18 7,2,49,,103302,1,0,18 7,2,9,,103336,1,0,18 7,2,9,,103232,1,0,18 7,2,9,,103259,1,0,18 7,2,9,,103311,1,0,18 7,2,9,,103316,1,0,18 7,2,9,,103287,1,0,18 7,2,49,,103303,1,0,18 7,2,9,,103204,1,0,18 7,2,5,,103220,1,0,18 7,2,6,,86336,1,0,18 7,2,6,,103245,1,0,18 7,2,6,,103188,1,0,18 7,2,7,,103261,1,0,18 7,2,6,,103173,1,0,18 7,2,6,,103177,1,0,18 7,2,46,,103341,1,0,18 7,2,7,,103257,1,0,18 7,2,6,,103339,1,0,18 7,2,6,,103282,1,0,18 7,2,6,,103264,1,0,18 7,2,7,,103208,1,0,18 7,2,6,,103165,1,0,18 7,2,6,,103263,1,0,18 7,2,6,,103343,1,0,18 7,2,7,,103191,1,0,18 7,2,46,,103308,1,0,18 7,2,6,,103153,1,0,18 7,2,6,,103162,1,0,18 7,2,7,,103288,1,0,18 7,2,6,,103149,1,0,18 7,2,6,,103185,1,0,18 7,2,6,,103197,1,0,18 7,2,7,,103233,1,0,18 7,2,6,,103329,1,0,18 7,2,46,,103195,1,0,18 7,2,6,,103144,1,0,18 7,2,7,,103167,1,0,18 7,2,6,,103147,1,0,18 7,2,6,,103178,1,0,18 7,2,6,,103244,1,0,18 7,2,5,,103176,1,0,18 7,2,9,,103170,1,0,18 7,2,9,,103289,1,0,18 7,2,50,,103229,1,0,18 7,2,9,,103235,1,0,18 7,2,10,,103182,1,0,18 7,2,9,,103272,1,0,18 7,2,10,,103230,1,0,18 7,2,9,,103318,1,0,18 7,2,50,,103333,1,0,18 7,2,9,,103266,1,0,18 7,2,10,,103171,1,0,18 7,2,9,,103279,1,0,18 7,2,10,,103301,1,0,18 7,2,10,,103335,1,0,18 7,2,10,,103270,1,0,18 7,2,51,,103163,1,0,18 7,2
51004,'1',520,,87508,8,4,,2,11,,103442,8,4,,2,5,,103466,8,4,,2,9,,103465,8,4,,2,9,,103518,17,4,,2,49,,103386,17,4,,2,9,,103538,17,4,,2,9,,103481,17,4,,2,9,,103475,17,4,,2,9,,103493,17,4,,2,9,,103369,17,4,,2,9,,103384,17,4,,2,49,,103531,17,4,,2,9,,84745,17,4,,2,9,,103529,17,4,,2,9,,103436,17,4,,2,8,,103443,17,4,,2,9,,103390,17,4,,2,50,,103462,17,4,,2,10,,103485,17,4,,2,10,,103441,17,4,,2,10,,103401,17,4,,2,9,,103455,17,4,,2,10,,103542,17,4,,2,10,,103479,17,4,,2,50,,103429,17,4,,2,10,,103457,17,4,,2,10,,103545,17,4,,2,10,,103519,17,4,,2,10,,103491,17,4,,2,10,,103459,17,4,,2,50,,103461,17,4,,2,10,,103407,17,4,,2,10,,103514,17,4,,2,10,,103351,17,4,,2,10,,103415,17,4,,2,10,,103458,17,4,,2,50,,103445,17,4,,2,10,,103496,17,4,,2,10,,103425,17,4,,2,10,,103370,17,4,,2,10,,103396,17,4,,2,10,,103354,17,4,,2,50,,103495,17,4,,2,10,,103352,17,4,,2,10,,103467,17,4,,2,10,,103463,17,4,,2,10,,103450,17,4,,2,10,,103397,17,4,,2,50,,103497,17,4,,2,10,,103528,17,4,,2,10,,103453,17,4,,2,10,,103477,17,4,,2,10,,103469,17,4,,2,10,,103376,17,4,,2,50,,103516,17,4,,2,10,,103547,17,4,,2,10,,103419,17,4,,2,10,,103451,17,4,,2,10,,103438,17,4,,2,10,,103362,17,4,,2,50,,103363,17,4,,2,11,,103385,17,4,,2,10,,83890,17,4,,2,10,,103524,17,4,,2,10,,103420,17,4,,2,50,,103446,17,4,,2,10,,103478,17,4,,2,10,,103377,17,4,,2,10,,103504,17,4,,2,10,,103366,17,4,,2,10,,103398,17,4,,2,50,,103408,17,4,,2,10,,103464,17,4,,2,10,,103523,17,4,,2,10,,103500,17,4,,2,10,,103349,17,4,,2,10,,103521,17,4,,2,50,,103360,17,4,,2,10,,103437,17,4,,2,10,,103402,17,4,,2,10,,103536,17,4,,2,10,,103448,17,4,,2,10,,103509,17,4,,2,51,,103486,17,4,,2,11,,103395,17,4,,2,10,,103470,17,4,,2,10,,103400,17,4,,2,11,,103353,17,4,,2,9,,103388,17,4,,2,50,,103506,17,4,,2,11,,103391,17,4,,2,10,,103444,17,4,,2,10,,103433,17,4,,2,10,,103508,17,4,,2,10,,103434,17,4,,2,50,,103412,17,4,,2,10,,103505,17,4,,2,10,,103468,17,4,,2,10,,103357,17,4,,2,10,,103484,17,4,,2,10,,103374,17,4,,2,50,,103358,17,4,,2,13,,103413,17,4,,2,10,,103356,17,4,,2,10,,103498,17,4,,2,10,,103490,17,4,,2,10,,103394,17,4,,2,46,,103383,17,4,,2,10,,103454,17,4,,2,9,,103373,17,4,,2,10,,103537,17,4,,2,9,,103435,17,4,,2,10,,103535,17,4,,2,9,,103411,17,4,,2,50,,85683,17,4,,2,9,,103488,17,4,,2,10,,103418,17,4,,2,9,,103410,17,4,,2,10,,103522,17,4,,2,9,,103404,17,4,,2,50,,103517,17,4,,2,9,,89940,17,4,,2,11,,103392,17,4,,2,10,,103387,17,4,,2,9,,103372,17,4,,2
51004,'2',525,,103626,8,4,,2,10,,103734,8,4,,2,9,,103648,8,4,,2,10,,103784,17,4,,2,49,,103571,17,4,,2,10,,103562,17,4,,2,9,,103706,17,4,,2,10,,103603,17,4,,2,9,,103712,17,4,,2,10,,103724,17,4,,2,49,,103683,17,4,,2,10,,103583,17,4,,2,9,,103717,17,4,,2,10,,103764,17,4,,2,9,,103620,17,4,,2,10,,103634,17,4,,2,9,,103773,17,4,,2,50,,103777,17,4,,2,9,,103751,17,4,,2,10,,103718,17,4,,2,9,,103695,17,4,,2,10,,77052,17,4,,2,9,,103770,17,4,,2,50,,103672,17,4,,2,12,,103669,17,4,,2,8,,103722,17,4,,2,9,,103675,17,4,,2,8,,103613,17,4,,2,9,,103557,17,4,,2,8,,103654,17,4,,2,49,,103742,17,4,,2,8,,103666,17,4,,2,9,,103743,17,4,,2,8,,103769,17,4,,2,9,,103581,17,4,,2,8,,103757,17,4,,2,9,,103786,17,4,,2,48,,103641,17,4,,2,9,,103779,17,4,,2,8,,103697,17,4,,2,9,,103646,17,4,,2,9,,103578,17,4,,2,8,,103738,17,4,,2,8,,103647,17,4,,2,48,,103586,17,4,,2,7,,103558,17,4,,2,8,,103630,17,4,,2,8,,103714,17,4,,2,8,,103732,17,4,,2,7,,103652,17,4,,2,8,,103673,17,4,,2,8,,103771,17,4,,2,48,,103729,17,4,,2,7,,103671,17,4,,2,8,,103753,17,4,,2,8,,103778,17,4,,2,8,,103633,17,4,,2,7,,103635,17,4,,2,8,,103686,17,4,,2,48,,103715,17,4,,2,8,,103570,17,4,,2,7,,103587,17,4,,2,8,,103687,17,4,,2,8,,103606,17,4,,2,8,,103730,17,4,,2,7,,103577,17,4,,2,8,,103616,17,4,,2,48,,103665,17,4,,2,8,,83277,17,4,,2,7,,103623,17,4,,2,8,,103574,17,4,,2,8,,103719,17,4,,2,8,,103728,17,4,,2,7,,103731,17,4,,2,8,,103760,17,4,,2,48,,103696,17,4,,2,8,,103651,17,4,,2,7,,103594,17,4,,2,8,,103749,17,4,,2,8,,103775,17,4,,2,8,,103560,17,4,,2,7,,103595,17,4,,2,8,,83261,17,4,,2,48,,103649,17,4,,2,8,,103705,17,4,,2,7,,103579,17,4,,2,8,,103552,17,4,,2,8,,103723,17,4,,2,8,,103756,17,4,,2,7,,103619,17,4,,2,48,,103788,17,4,,2,8,,103632,17,4,,2,8,,103677,17,4,,2,7,,103762,17,4,,2,8,,103604,17,4,,2,8,,103750,17,4,,2,7,,103708,17,4,,2,6,,103639,17,4,,2,2,,103556,17,4,,2,47,,103720,17,4,,2,6,,103625,17,4,,2,5,,103682,17,4,,2,5,,103755,17,4,,2,5,,103554,17,4,,2,6,,103563,17,4,,2,5,,103761,17,4,,2,5,,103580,17,4,,2,5,,103573,17,4,,2,6,,103653,17,4,,2,5,,103765,17,4,,2,45,,103681,17,4,,2,5,,103663,17,4,,2,6,,103602,17,4,,2,5,,103568,17,4,,2,5,,103739,17,4,,2,5,,103644,17,4,,2,6,,103585,17,4,,2,5,,103727,17,4,,2,5,,103591,17,4,,2,5,,103582,17,4,,2,6,,103593,17,4,,2,5,,103638,17,4,,2,45,,103589,17,4,,2,5,,103736,17,4,,2,6,,103567,17,4,,2,5,,103679,17,4,,2,5,,103713,17,4,,2,5,,103785,17,4,,2,6,,103698,17,4,,2,5,,103763,17,4,,2,5,,103776,17,4,,2,5,,103767,17,4,,2,6,,81497,17,4,,2,45,,103754,17,4,,2,5,,103572,17,4,,2,3,,103551,17,4,,2,11,,103608,17,4,,2,9,,103614,17,4,,2,9,,103611,17,4,,2,10,,103726,17,4,,2,9,,103553,17,4,,2,50,,103627,17,4,,2,9,,103699,17,4,,2,10,,103640,17,4,,2,9,,103768,17,4,,2,10,,103628,17,4,,2,9,,103670,17,4,,2,50,,103709,17,4,,2,9,,103624,17,4,,2,10,,103781,17,4,,2,9,,103780,17,4,,2,10,,103645,17,4,,2,9,,103782,17,4,,2,50,,103561,17,4,,2,9,,103701,17,4,,2,12,,103659,17,4,,2,10,,103615,17,4,,2,10,,103703,17,4,,2
51004,'3',811,,103931,17,4,,2,15,,103796,17,4,,2,15,,103952,17,4,,2,14,,103928,17,4,,2,53,,103935,17,4,,2,12,,103864,17,4,,2,8,,103890,17,4,,2,8,,103836,17,4,,2,9,,103855,17,4,,2,10,,103927,17,4,,2,50,,103921,17,4,,2,10,,103885,17,4,,2,9,,103859,17,4,,2,10,,103956,17,4,,2,10,,103957,17,4,,2,10,,103891,17,4,,2,50,,103961,17,4,,2,10,,103926,17,4,,2,10,,103793,17,4,,2,10,,103973,17,4,,2,9,,103889,17,4,,2,9,,103917,17,4,,2,49,,103873,17,4,,2,9,,103965,17,4,,2,9,,103833,17,4,,2,9,,103909,17,4,,2,9,,103914,17,4,,2,9,,103945,17,4,,2,9,,103792,17,4,,2,49,,103888,17,4,,2,9,,103797,17,4,,2,9,,103960,17,4,,2,9,,103826,17,4,,2,9,,103922,17,4,,2,9,,103893,17,4,,2,9,,103870,17,4,,2,49,,103933,17,4,,2,9,,103862,17,4,,2,9,,103849,17,4,,2,9,,103819,17,4,,2,9,,103841,17,4,,2,9,,103894,17,4,,2,49,,103968,17,4,,2,9,,103798,17,4,,2,9,,103920,17,4,,2,9,,103916,17,4,,2,9,,103896,17,4,,2,9,,103842,17,4,,2,9,,103863,17,4,,2,49,,103806,17,4,,2,9,,103846,17,4,,2,9,,103838,17,4,,2,9,,103860,17,4,,2,9,,103789,17,4,,2,9,,103832,17,4,,2,9,,103971,17,4,,2,49,,103856,17,4,,2,9,,103929,17,4,,2,9,,103847,17,4,,2,9,,103868,17,4,,2,9,,103843,17,4,,2,9,,83490,17,4,,2,49,,103880,17,4,,2,9,,103947,17,4,,2,9,,103882,17,4,,2,9,,103830,17,4,,2,9,,103807,17,4,,2,9,,103840,17,4,,2,9,,103874,17,4,,2,49,,103949,17,4,,2,9,,103900,17,4,,2,5,,103818,17,4,,2,6,,103964,17,4,,2,6,,103937,17,4,,2,6,,103816,17,4,,2,7,,103822,17,4,,2,6,,103851,17,4,,2,6,,79158,17,4,,2,46,,103801,17,4,,2,7,,103835,17,4,,2,6,,103924,17,4,,2,6,,103899,17,4,,2,6,,88618,17,4,,2,7,,103940,17,4,,2,6,,103837,17,4,,2,6,,103944,17,4,,2,6,,103901,17,4,,2,7,,103919,17,4,,2,46,,103812,17,4,,2,6,,103972,17,4,,2,6,,103811,17,4,,2,7,,103879,17,4,,2,6,,103867,17,4,,2,6,,103903,17,4,,2,6,,103852,17,4,,2,7,,103825,17,4,,2,6,,103977,17,4,,2,46,,103865,17,4,,2,6,,103809,17,4,,2,7,,103808,17,4,,2,6,,103831,17,4,,2,6,,103814,17,4,,2,6,,103827,17,4,,2,5,,103953,17,4,,2,9,,103925,17,4,,2,9,,103969,17,4,,2,50,,103904,17,4,,2,9,,103810,17,4,,2,10,,103799,17,4,,2,9,,103853,17,4,,2,10,,103845,17,4,,2,9,,103958,17,4,,2,50,,103892,17,4,,2,9,,103923,17,4,,2,10,,103800,17,4,,2,9,,103975,17,4,,2,10,,103817,17,4,,2,10,,88774,17,4,,2,10,,103902,17,4,,2,51,,103907,17,4,,2,10,,103850,17,4,,2,10,,103876,17,4,,2,10,,103978,17,4,,2
51004,'5',525,,104048,17,4,,2,16,,104159,17,4,,2,15,,104126,17,4,,2,55,,104152,17,4,,2,15,,104040,17,4,,2,15,,104115,17,4,,2,15,,104003,17,4,,2,55,,104096,17,4,,2,15,,104135,17,4,,2,15,,104050,17,4,,2,15,,104011,17,4,,2,55,,104093,17,4,,2,15,,104090,17,4,,2,15,,103997,17,4,,2,14,,104030,17,4,,2,53,,104111,17,4,,2,12,,104140,17,4,,2,8,,104124,17,4,,2,8,,104008,17,4,,2,9,,104143,17,4,,2,10,,104119,17,4,,2,50,,104142,17,4,,2,10,,104029,17,4,,2,9,,104006,17,4,,2,10,,104141,17,4,,2,10,,104133,17,4,,2,10,,104122,17,4,,2,50,,104059,17,4,,2,10,,104012,17,4,,2,10,,104130,17,4,,2,10,,104091,17,4,,2,9,,104165,17,4,,2,9,,103988,17,4,,2,49,,104148,17,4,,2,9,,104025,17,4,,2,9,,104037,17,4,,2,9,,104033,17,4,,2,9,,81261,17,4,,2,9,,104097,17,4,,2,9,,104150,17,4,,2,49,,104064,17,4,,2,9,,104161,17,4,,2,9,,103990,17,4,,2,9,,104046,17,4,,2,9,,104132,17,4,,2,9,,104061,17,4,,2,9,,104098,17,4,,2,49,,104002,17,4,,2,9,,104105,17,4,,2,9,,104014,17,4,,2,9,,104085,17,4,,2,9,,104053,17,4,,2,9,,104056,17,4,,2,49,,103985,17,4,,2,9,,103981,17,4,,2,9,,104163,17,4,,2,9,,104041,17,4,,2,9,,104136,17,4,,2,9,,104131,17,4,,2,9,,104026,17,4,,2,49,,104144,17,4,,2,9,,103979,17,4,,2,9,,104004,17,4,,2,9,,104072,17,4,,2,9,,104013,17,4,,2,9,,103998,17,4,,2,9,,104146,17,4,,2,49,,104128,17,4,,2,9,,104070,17,4,,2,9,,104173,17,4,,2,9,,104166,17,4,,2,9,,104104,17,4,,2,9,,104095,17,4,,2,49,,104110,17,4,,2,9,,104015,17,4,,2,9,,104045,17,4,,2,9,,81856,17,4,,2,9,,104116,17,4,,2,9,,104007,17,4,,2,9,,104169,17,4,,2,49,,104078,17,4,,2,9,,104066,17,4,,2,5,,104081,17,4,,2,6,,104109,17,4,,2,6,,80413,17,4,,2,6,,104044,17,4,,2,7,,104017,17,4,,2,6,,104168,17,4,,2,6,,104069,17,4,,2,46,,104101,17,4,,2,7,,104099,17,4,,2,6,,104083,17,4,,2,6,,104057,17,4,,2,6,,104167,17,4,,2,7,,104102,17,4,,2,6,,104092,17,4,,2,6,,104080,17,4,,2,6,,104052,17,4,,2,7,,104114,17,4,,2,46,,104076,17,4,,2,6,,104145,17,4,,2,6,,104153,17,4,,2,7,,104074,17,4,,2,6,,104047,17,4,,2,6,,104088,17,4,,2,6,,103987,17,4,,2,7,,104062,17,4,,2,6,,104005,17,4,,2,46,,104000,17,4,,2,6,,104129,17,4,,2,7,,104084,17,4,,2,6,,104035,17,4,,2,6,,104036,17,4,,2,6,,103994,17,4,,2,5,,104106,17,4,,2,9,,104009,17,4,,2,9,,104176,17,4,,2,50,,104171,17,4,,2,9,,103989,17,4,,2,10,,104108,17,4,,2,9,,104100,17,4,,2,10,,104020,17,4,,2,9,,103982,17,4,,2,50,,103991,17,4,,2,9,,104027,17,4,,2,10,,104137,17,4,,2,9,,103995,17,4,,2,10,,104151,17,4,,2,10,,104010,17,4,,2,10,,104158,17,4,,2,51,,104016,17,4,,2,10,,104054,17,4,,2,10,,104113,17,4,,2,10,,104023,17,4,,2
