30501,'3',449,,91724,9,4,,2,57,,91734,9,4,,2,17,,91723,9,4,,2,15,,91727,9,4,,2,15,,91722,9,4,,2,51,,91743,42,4,,2,12,,91744,9,4,,2,3,,91745,42,4,,2,15,,91735,42,4,,2,14,,91748,42,4,,2,6,,91751,9,4,,2,50,,91726,42,4,,2,10,,83388,9,4,,2,5,,91752,42,4,,2,15,,91755,42,4,,2,10,,91746,9,4,,2,5,,91729,42,4,,2,55,,91742,42,4,,2,10,,91738,42,4,,2,10,,91736,42,4,,2,10,,91732,42,4,,2,10,,91739,42,4,,2
30502,'3',449,,91804,1,0,5 41,2,57,,91812,1,0,5 41,2,17,,91817,1,0,5 41,2,15,,91827,1,0,5 41,2,15,,91813,1,0,5 41,2,55,,91825,1,0,5 41,2,10,,91821,1,0,5 41,2,10,,91820,1,0,5 41,2,10,,91832,1,0,5 41,2,10,,91807,1,0,5 41,2,10,,91814,1,0,5 41,2,50,,87883,1,0,5 41,2,10,,91816,1,0,5 41,2,10,,91824,1,0,5 41,2,10,,91810,1,0,5 41,2
50501,'1',642,,96616,39,4,,2,10,,96525,39,4,,2,50,,96578,39,4,,2,5,,96648,8,4,,2,5,,96613,39,4,,2,10,,96676,39,4,,2,10,,96544,39,4,,2,10,,96659,39,4,,2,2,,96552,8,4,,2,8,,96699,39,4,,2,2,,96700,8,4,,2,48,,96586,39,4,,2,10,,96581,39,4,,2,7,,96644,8,4,,2,6,,96671,39,4,,2,4,,96636,8,4,,2,5,,96604,39,4,,2,6,,96550,39,4,,2,6,,96696,39,4,,2,6,,96601,39,4,,2,6,,96570,39,4,,2,46,,96551,39,4,,2,6,,96665,39,4,,2,6,,96642,39,4,,2,6,,96608,39,4,,2,6,,96614,39,4,,2,6,,96654,39,4,,2,6,,96584,39,4,,2,6,,96653,39,4,,2,6,,96670,39,4,,2,6,,96517,39,4,,2,46,,96591,39,4,,2,6,,96557,39,4,,2,6,,96623,39,4,,2,6,,96596,39,4,,2,6,,96686,39,4,,2,4,,96587,8,4,,2,5,,96673,39,4,,2,6,,96538,39,4,,2,6,,96533,39,4,,2,6,,96594,39,4,,2,46,,96606,39,4,,2,6,,96690,39,4,,2,6,,96658,39,4,,2,6,,75386,39,4,,2,6,,96693,39,4,,2,6,,96657,39,4,,2,6,,85595,39,4,,2,6,,96650,39,4,,2,6,,96612,39,4,,2,6,,96627,39,4,,2,46,,96566,39,4,,2,6,,96577,39,4,,2,6,,96535,39,4,,2,6,,96655,39,4,,2,6,,96526,39,4,,2,6,,96540,39,4,,2,6,,96633,39,4,,2,6,,96518,39,4,,2,6,,96618,39,4,,2,6,,96603,39,4,,2,46,,96559,39,4,,2,6,,96532,39,4,,2,6,,96685,39,4,,2,6,,96646,39,4,,2,6,,96527,39,4,,2,6,,96523,39,4,,2,6,,96675,39,4,,2,6,,96547,39,4,,2,6,,96681,39,4,,2,6,,96588,39,4,,2,46,,96695,39,4,,2,6,,96619,39,4,,2,6,,96569,39,4,,2,6,,96600,39,4,,2,6,,96530,39,4,,2,1,,96698,8,4,,2,5,,96680,39,4,,2,6,,96625,39,4,,2,6,,96543,39,4,,2,6,,96565,39,4,,2,6,,96576,39,4,,2,46,,96666,39,4,,2,6,,81348,39,4,,2,8,,96692,39,4,,2,9,,96656,39,4,,2,6,,96555,39,4,,2,5,,96662,8,4,,2,4,,96697,39,4,,2,6,,96541,39,4,,2,6,,96516,39,4,,2,6,,96677,39,4,,2,46,,96694,39,4,,2,6,,96593,39,4,,2,6,,96583,39,4,,2,6,,96610,39,4,,2,6,,96682,39,4,,2,6,,96539,39,4,,2,6,,96520,39,4,,2,6,,96558,39,4,,2,6,,96582,39,4,,2,6,,96564,39,4,,2,46,,96534,39,4,,2,6,,96669,39,4,,2,6,,96563,39,4,,2,6,,96630,39,4,,2,6,,96674,39,4,,2,6,,96549,39,4,,2,6,,96595,39,4,,2,6,,96651,39,4,,2,6,,96660,39,4,,2,6,,96607,39,4,,2,46,,96572,39,4,,2,6,,96592,39,4,,2,6,,96688,39,4,,2,6,,96652,39,4,,2,6,,96611,39,4,,2,6,,96548,39,4,,2,6,,96634,39,4,,2,6,,96679,39,4,,2,6,,96529,39,4,,2,6,,96691,39,4,,2,46,,96575,39,4,,2,6,,96672,39,4,,2,6,,96536,39,4,,2,6,,96537,39,4,,2,6,,96643,39,4,,2,6,,96664,39,4,,2,6,,96615,39,4,,2,6,,96579,39,4,,2,6,,85614,39,4,,2,6,,96621,39,4,,2,46,,96573,39,4,,2,6,,96647,39,4,,2,8,,96668,39,4,,2,7,,96684,39,4,,2,7,,96663,39,4,,2,10,,96667,39,4,,2,10,,96561,39,4,,2,50,,96519,39,4,,2,10,,96531,39,4,,2,10,,96631,39,4,,2,10,,96524,39,4,,2,10,,96522,39,4,,2,10,,96617,39,4,,2,50,,96649,39,4,,2,10,,96638,39,4,,2,10,,96629,39,4,,2,12,,96580,39,4,,2,11,,96554,39,4,,2,10,,96546,39,4,,2,50,,78548,39,4,,2,10,,96639,39,4,,2,10,,96602,39,4,,2,10,,96678,39,4,,2,10,,96624,39,4,,2,10,,96562,39,4,,2,50,,96626,39,4,,2,10,,96687,39,4,,2,10,,96661,39,4,,2,10,,96528,39,4,,2,10,,96556,39,4,,2,10,,96589,39,4,,2,50,,96637,39,4,,2,10,,96585,39,4,,2,10,,96689,39,4,,2,10,,96620,39,4,,2,10,,96567,39,4,,2
50501,'2',600,,96806,8,4,,2,47,,96845,39,4,,2,10,,96719,39,4,,2,50,,96769,39,4,,2,10,,96868,39,4,,2,10,,96792,39,4,,2,10,,96751,39,4,,2,10,,96817,39,4,,2,10,,86837,39,4,,2,47,,96778,8,4,,2,6,,96732,39,4,,2,10,,96754,8,4,,2,3,,96802,39,4,,2,8,,96863,8,4,,2,2,,96776,39,4,,2,11,,96823,8,4,,2,2,,96862,39,4,,2,7,,96810,8,4,,2,5,,96851,39,4,,2,48,,96870,39,4,,2,6,,96781,39,4,,2,6,,96712,39,4,,2,6,,96782,39,4,,2,6,,96815,39,4,,2,6,,96749,39,4,,2,6,,96826,39,4,,2,6,,96859,39,4,,2,6,,96757,39,4,,2,46,,96763,39,4,,2,6,,96709,39,4,,2,6,,96722,39,4,,2,6,,96729,39,4,,2,6,,96723,39,4,,2,6,,96803,39,4,,2,6,,96717,39,4,,2,6,,96841,39,4,,2,6,,96750,39,4,,2,6,,96731,39,4,,2,46,,96814,39,4,,2,6,,96828,39,4,,2,6,,96780,39,4,,2,6,,96716,39,4,,2,6,,96753,39,4,,2,6,,96872,39,4,,2,6,,96741,39,4,,2,6,,96773,39,4,,2,6,,96701,39,4,,2,6,,90181,39,4,,2,46,,96835,39,4,,2,6,,96853,39,4,,2,6,,96805,39,4,,2,6,,96820,39,4,,2,6,,96865,39,4,,2,6,,96819,39,4,,2,6,,96706,39,4,,2,8,,96838,39,4,,2,6,,96795,8,4,,2,4,,96756,39,4,,2,46,,96748,39,4,,2,5,,96702,39,4,,2,6,,96799,39,4,,2,6,,96831,39,4,,2,6,,96794,39,4,,2,6,,96801,39,4,,2,6,,96800,39,4,,2,6,,96747,39,4,,2,6,,96765,39,4,,2,6,,96833,39,4,,2,6,,96842,39,4,,2,46,,96775,39,4,,2,6,,96714,39,4,,2,6,,96798,39,4,,2,6,,96759,39,4,,2,6,,96866,39,4,,2,6,,96848,39,4,,2,6,,96715,39,4,,2,6,,96734,39,4,,2,6,,96858,39,4,,2,6,,96745,39,4,,2,46,,96861,39,4,,2,6,,96840,39,4,,2,6,,96761,39,4,,2,6,,96816,39,4,,2,6,,96796,39,4,,2,6,,96812,39,4,,2,6,,96844,39,4,,2,6,,96793,39,4,,2,6,,96736,39,4,,2,6,,96824,39,4,,2,46,,96867,39,4,,2,6,,96783,39,4,,2,6,,96821,39,4,,2,6,,96772,39,4,,2,6,,96710,39,4,,2,6,,96843,39,4,,2,6,,96725,39,4,,2,6,,96767,39,4,,2,6,,96713,39,4,,2,6,,96704,39,4,,2,46,,96864,39,4,,2,6,,78931,39,4,,2,6,,96718,39,4,,2,6,,96787,39,4,,2,6,,96743,39,4,,2,6,,96744,39,4,,2,6,,96708,39,4,,2,6,,96742,39,4,,2,6,,96727,39,4,,2,6,,96726,39,4,,2,46,,96846,39,4,,2,6,,96856,39,4,,2,6,,96703,39,4,,2,6,,96834,39,4,,2,6,,96808,39,4,,2,6,,96779,39,4,,2,6,,96857,39,4,,2,6,,96860,39,4,,2,6,,96797,39,4,,2,6,,96849,39,4,,2,46,,96809,39,4,,2,6,,96789,39,4,,2,6,,96758,39,4,,2,6,,96738,39,4,,2,6,,96735,39,4,,2,6,,96764,39,4,,2,8,,96707,39,4,,2,9,,96739,39,4,,2,49,,96740,39,4,,2,8,,96854,39,4,,2,10,,96721,39,4,,2,10,,96836,39,4,,2,10,,96705,39,4,,2,10,,96832,39,4,,2,10,,96830,39,4,,2,50,,96869,39,4,,2,10,,96852,39,4,,2,10,,80943,39,4,,2,10,,96825,39,4,,2,10,,96822,39,4,,2,10,,96774,39,4,,2,50,,96827,39,4,,2,10,,96847,39,4,,2,10,,96818,39,4,,2,7,,96770,39,4,,2,7,,96839,39,4,,2,9,,96813,39,4,,2,52,,96790,39,4,,2,10,,96733,39,4,,2,10,,96807,39,4,,2,10,,96804,39,4,,2,10,,96771,39,4,,2,10,,96711,39,4,,2,50,,96788,39,4,,2,10,,75808,39,4,,2,10,,96746,39,4,,2,10,,96837,39,4,,2,10,,96784,39,4,,2,10,,96755,39,4,,2,50,,96720,39,4,,2,10,,96871,39,4,,2,9,,96737,39,4,,2,14,,96786,39,4,,2,13,,96850,39,4,,2
50501,'3',854,,96898,39,4,,2,4,,97006,8,4,,2,46,,96934,39,4,,2,7,,97007,8,4,,2,3,,96996,39,4,,2,10,,96964,39,4,,2,6,,96915,8,4,,2,6,,97009,8,4,,2,1,,96995,39,4,,2,6,,96987,8,4,,2,7,,96932,39,4,,2,50,,96947,8,4,,2,2,,96949,39,4,,2,6,,97015,39,4,,2,6,,96875,39,4,,2,6,,96979,39,4,,2,6,,96965,39,4,,2,6,,96890,39,4,,2,6,,97002,39,4,,2,6,,96978,39,4,,2,6,,96970,39,4,,2,6,,96881,39,4,,2,46,,96950,39,4,,2,6,,96935,39,4,,2,6,,97022,39,4,,2,6,,96999,39,4,,2,6,,96886,39,4,,2,6,,96906,39,4,,2,6,,96879,39,4,,2,6,,96960,39,4,,2,6,,96926,39,4,,2,6,,96939,39,4,,2,46,,96945,39,4,,2,6,,97004,39,4,,2,6,,96903,39,4,,2,6,,96993,39,4,,2,8,,96958,39,4,,2,6,,96940,39,4,,2,7,,96894,8,4,,2,1,,96994,39,4,,2,6,,97013,39,4,,2,8,,96983,39,4,,2,46,,97014,39,4,,2,6,,96971,39,4,,2,6,,96909,39,4,,2,6,,96921,39,4,,2,6,,96877,39,4,,2,6,,96937,39,4,,2,6,,82294,39,4,,2,6,,96901,39,4,,2,6,,96895,39,4,,2,6,,96923,39,4,,2,46,,96968,39,4,,2,6,,96941,39,4,,2,6,,96889,39,4,,2,6,,96927,39,4,,2,6,,96997,39,4,,2,6,,96874,39,4,,2,6,,96910,39,4,,2,6,,96878,39,4,,2,6,,96955,39,4,,2,6,,96988,39,4,,2,46,,96912,39,4,,2,6,,97020,39,4,,2,6,,90322,39,4,,2,6,,96908,39,4,,2,6,,96967,39,4,,2,6,,96953,39,4,,2,6,,96973,39,4,,2,6,,96972,39,4,,2,6,,97016,39,4,,2,6,,96933,39,4,,2,46,,97018,39,4,,2,6,,96922,39,4,,2,6,,96951,39,4,,2,6,,96931,39,4,,2,6,,96984,39,4,,2,6,,96904,39,4,,2,6,,96976,39,4,,2,6,,87765,39,4,,2,6,,96888,39,4,,2,6,,96917,39,4,,2,46,,97017,39,4,,2,6,,96946,39,4,,2,6,,96884,39,4,,2,6,,96896,39,4,,2,6,,96974,39,4,,2,6,,96980,39,4,,2,6,,96928,39,4,,2,6,,96924,39,4,,2,6,,96948,39,4,,2,6,,96899,39,4,,2,46,,96905,39,4,,2,6,,96936,39,4,,2,6,,96943,39,4,,2,6,,96892,39,4,,2,6,,97001,39,4,,2,6,,96982,39,4,,2,6,,96985,39,4,,2,6,,96938,39,4,,2,6,,96966,39,4,,2,6,,97000,39,4,,2,46,,96986,39,4,,2,6,,97021,39,4,,2,6,,96907,39,4,,2,6,,97010,39,4,,2,6,,96929,39,4,,2,6,,97005,39,4,,2,6,,96880,39,4,,2,6,,96969,39,4,,2,6,,96944,39,4,,2,6,,96992,39,4,,2,46,,96900,39,4,,2,8,,96916,39,4,,2,8,,96959,39,4,,2,10,,97019,39,4,,2,10,,96919,39,4,,2,10,,96981,39,4,,2,10,,78157,39,4,,2,50,,96952,39,4,,2,10,,96913,39,4,,2,10,,96990,39,4,,2,10,,97003,39,4,,2,10,,96998,39,4,,2,10,,96925,39,4,,2,50,,96963,39,4,,2,10,,96893,39,4,,2,10,,96885,39,4,,2,7,,96883,39,4,,2,7,,97008,39,4,,2,8,,96897,39,4,,2,8,,96942,39,4,,2,50,,96920,39,4,,2,10,,96989,39,4,,2,10,,96930,39,4,,2,10,,96961,39,4,,2,10,,96977,39,4,,2,10,,96876,39,4,,2,50,,96918,39,4,,2,10,,96887,39,4,,2,10,,96891,39,4,,2,10,,96975,39,4,,2,10,,97012,39,4,,2,10,,96873,39,4,,2,50,,96911,39,4,,2,10,,96956,39,4,,2,10,,96882,39,4,,2,20,,96957,39,4,,2
50501,'5',616,,97145,8,4,,2,20,,97134,8,4,,2,19,,97100,39,4,,2,53,,97129,8,4,,2,2,,97088,39,4,,2,15,,97104,39,4,,2,11,,97128,8,4,,2,4,,97177,39,4,,2,14,,97098,39,4,,2,50,,97099,39,4,,2,10,,97080,39,4,,2,10,,97055,39,4,,2,10,,97060,39,4,,2,10,,97112,39,4,,2,10,,97109,39,4,,2,4,,97023,8,4,,2,46,,97191,39,4,,2,7,,97139,8,4,,2,3,,97026,39,4,,2,10,,97165,39,4,,2,6,,97148,8,4,,2,6,,88002,8,4,,2,1,,97113,39,4,,2,6,,97065,8,4,,2,7,,97078,39,4,,2,50,,97127,8,4,,2,2,,97186,39,4,,2,6,,97024,39,4,,2,6,,97130,39,4,,2,6,,97044,39,4,,2,6,,97090,39,4,,2,6,,97185,39,4,,2,6,,97124,39,4,,2,6,,97155,39,4,,2,6,,97093,39,4,,2,6,,97049,39,4,,2,46,,97077,39,4,,2,6,,97025,39,4,,2,6,,97043,39,4,,2,6,,97140,39,4,,2,6,,97070,39,4,,2,6,,97144,39,4,,2,6,,97121,39,4,,2,6,,97153,39,4,,2,6,,97056,39,4,,2,6,,97172,39,4,,2,46,,97183,39,4,,2,6,,97151,39,4,,2,6,,97050,39,4,,2,6,,97076,39,4,,2,8,,97119,39,4,,2,6,,97190,39,4,,2,7,,97082,8,4,,2,1,,97084,39,4,,2,6,,97067,39,4,,2,8,,97053,39,4,,2,46,,97041,39,4,,2,6,,97035,39,4,,2,6,,97116,39,4,,2,6,,97089,39,4,,2,6,,97163,39,4,,2,6,,97175,39,4,,2,6,,97149,39,4,,2,6,,97106,39,4,,2,6,,97074,39,4,,2,6,,97095,39,4,,2,46,,97166,39,4,,2,6,,97108,39,4,,2,6,,97162,39,4,,2,6,,97073,39,4,,2,6,,97097,39,4,,2,6,,97027,39,4,,2,6,,97171,39,4,,2,6,,97068,39,4,,2,6,,97123,39,4,,2,6,,97138,39,4,,2,46,,97083,39,4,,2,6,,97034,39,4,,2,6,,97063,39,4,,2,6,,97058,39,4,,2,6,,97181,39,4,,2,6,,97042,39,4,,2,6,,97072,39,4,,2,6,,97180,39,4,,2,6,,97061,39,4,,2,6,,97131,39,4,,2,46,,97111,39,4,,2,6,,97091,39,4,,2,6,,97168,39,4,,2,6,,97115,39,4,,2,6,,97085,39,4,,2,6,,97029,39,4,,2,6,,97152,39,4,,2,6,,97179,39,4,,2,6,,77296,39,4,,2,6,,97064,39,4,,2,46,,97141,39,4,,2,6,,97059,39,4,,2,6,,97107,39,4,,2,6,,97156,39,4,,2,6,,97054,39,4,,2,6,,97146,39,4,,2,6,,97103,39,4,,2,6,,97147,39,4,,2,6,,97118,39,4,,2,6,,97195,39,4,,2,46,,97079,39,4,,2,6,,97120,39,4,,2,6,,97030,39,4,,2,6,,97126,39,4,,2,6,,97096,39,4,,2,6,,97188,39,4,,2,6,,97158,39,4,,2,6,,80371,39,4,,2,6,,97157,39,4,,2,6,,97193,39,4,,2,46,,97189,39,4,,2,6,,97136,39,4,,2,6,,97135,39,4,,2,6,,97176,39,4,,2,6,,97117,39,4,,2,6,,97028,39,4,,2,6,,97032,39,4,,2,6,,97051,39,4,,2,6,,97164,39,4,,2,6,,97137,39,4,,2,46,,97132,39,4,,2,8,,97192,39,4,,2,8,,97110,39,4,,2,10,,97069,39,4,,2,10,,97066,39,4,,2,10,,97046,39,4,,2,10,,97086,39,4,,2,50,,97075,39,4,,2,10,,97114,39,4,,2,10,,97033,39,4,,2,10,,97167,39,4,,2,10,,97142,39,4,,2,10,,97031,39,4,,2,50,,97170,39,4,,2,10,,97101,39,4,,2,10,,97182,39,4,,2,7,,97037,39,4,,2,7,,97150,39,4,,2,8,,97036,39,4,,2,8,,97102,39,4,,2,50,,97081,39,4,,2,10,,97094,39,4,,2,10,,97173,39,4,,2,10,,97194,39,4,,2,10,,97174,39,4,,2,10,,97133,39,4,,2,50,,97052,39,4,,2,10,,97159,39,4,,2,10,,97048,39,4,,2,10,,97105,39,4,,2,10,,97040,39,4,,2,10,,97161,39,4,,2,49,,97047,39,4,,2,11,,97092,39,4,,2,10,,97039,39,4,,2
50502,'1',553,,97218,1,0,5 41,2,50,,97219,1,0,5 41,2,10,,97304,1,0,5 41,2,10,,97206,1,0,5 41,2,10,,97365,1,0,5 41,2,10,,97208,1,0,5 41,2,10,,97315,1,0,5 41,2,50,,97346,1,0,5 41,2,5,,97344,1,0,5 41,2,5,,97227,1,0,5 41,2,10,,97292,1,0,5 41,2,10,,97355,1,0,5 41,2,9,,97289,1,0,5 41,2,7,,97263,1,0,5 41,2,6,,97367,1,0,5 41,2,46,,97360,1,0,5 41,2,6,,97293,1,0,5 41,2,6,,97241,1,0,5 41,2,6,,97301,1,0,5 41,2,6,,97332,1,0,5 41,2,6,,97372,1,0,5 41,2,6,,97373,1,0,5 41,2,6,,97235,1,0,5 41,2,6,,97364,1,0,5 41,2,6,,97284,1,0,5 41,2,46,,97328,1,0,5 41,2,6,,97280,1,0,5 41,2,6,,97262,1,0,5 41,2,6,,97371,1,0,5 41,2,6,,97297,1,0,5 41,2,6,,97329,1,0,5 41,2,6,,69902,1,0,5 41,2,6,,97354,1,0,5 41,2,6,,97215,1,0,5 41,2,6,,97351,1,0,5 41,2,46,,97250,1,0,5 41,2,6,,97225,1,0,5 41,2,6,,97369,1,0,5 41,2,6,,97278,1,0,5 41,2,6,,97303,1,0,5 41,2,6,,97316,1,0,5 41,2,6,,97349,1,0,5 41,2,6,,97298,1,0,5 41,2,6,,97245,1,0,5 41,2,6,,97324,1,0,5 41,2,46,,97242,1,0,5 41,2,6,,97221,1,0,5 41,2,6,,97327,1,0,5 41,2,6,,97302,1,0,5 41,2,6,,97213,1,0,5 41,2,6,,97314,1,0,5 41,2,6,,97275,1,0,5 41,2,6,,97300,1,0,5 41,2,6,,86512,1,0,5 41,2,6,,87423,1,0,5 41,2,46,,97356,1,0,5 41,2,6,,97290,1,0,5 41,2,6,,97334,1,0,5 41,2,6,,97287,1,0,5 41,2,6,,97264,1,0,5 41,2,6,,97237,1,0,5 41,2,6,,97238,1,0,5 41,2,6,,97342,1,0,5 41,2,6,,97233,1,0,5 41,2,6,,97270,1,0,5 41,2,46,,97362,1,0,5 41,2,6,,97272,1,0,5 41,2,6,,97265,1,0,5 41,2,6,,80689,1,0,5 41,2,6,,97291,1,0,5 41,2,6,,97285,1,0,5 41,2,6,,97340,1,0,5 41,2,6,,97258,1,0,5 41,2,6,,97322,1,0,5 41,2,6,,97259,1,0,5 41,2,46,,97306,1,0,5 41,2,6,,97352,1,0,5 41,2,6,,97299,1,0,5 41,2,6,,97348,1,0,5 41,2,6,,97212,1,0,5 41,2,3,,97249,1,0,5 41,2,3,,97341,1,0,5 41,2,6,,97247,1,0,5 41,2,6,,97318,1,0,5 41,2,6,,97286,1,0,5 41,2,6,,97305,1,0,5 41,2,46,,97256,1,0,5 41,2,6,,97276,1,0,5 41,2,6,,97226,1,0,5 41,2,6,,97228,1,0,5 41,2,6,,97261,1,0,5 41,2,6,,97204,1,0,5 41,2,6,,97336,1,0,5 41,2,6,,97254,1,0,5 41,2,6,,97239,1,0,5 41,2,6,,97232,1,0,5 41,2,46,,97253,1,0,5 41,2,6,,97200,1,0,5 41,2,6,,97311,1,0,5 41,2,6,,97234,1,0,5 41,2,6,,97196,1,0,5 41,2,6,,97267,1,0,5 41,2,6,,97312,1,0,5 41,2,6,,97244,1,0,5 41,2,6,,97198,1,0,5 41,2,6,,97236,1,0,5 41,2,46,,97358,1,0,5 41,2,6,,97368,1,0,5 41,2,6,,86579,1,0,5 41,2,6,,97335,1,0,5 41,2,6,,97207,1,0,5 41,2,6,,97255,1,0,5 41,2,6,,97209,1,0,5 41,2,6,,97257,1,0,5 41,2,6,,97223,1,0,5 41,2,6,,88329,1,0,5 41,2,46,,97370,1,0,5 41,2,6,,97321,1,0,5 41,2,6,,97350,1,0,5 41,2,6,,97269,1,0,5 41,2,6,,97307,1,0,5 41,2,6,,97326,1,0,5 41,2,6,,97201,1,0,5 41,2,6,,97251,1,0,5 41,2,6,,97339,1,0,5 41,2,6,,97345,1,0,5 41,2,50,,97338,1,0,5 41,2,2,,97347,1,0,34,2,5,,97202,1,0,34,2,7,,97205,1,0,5 41,2,2,,97266,1,0,34,2,6,,97331,1,0,34,2,7,,97283,1,0,5 41,2,10,,97313,1,0,5 41,2,2,,97279,1,0,34,2,8,,97294,1,0,5 41,2,3,,97216,1,0,34,2,47,,97309,1,0,5 41,2,10,,97361,1,0,5 41,2,3,,97308,1,0,34,2,7,,97343,1,0,5 41,2,10,,97281,1,0,5 41,2,10,,97366,1,0,5 41,2,10,,97325,1,0,5 41,2,50,,97288,1,0,5 41,2,10,,97319,1,0,5 41,2,10,,97222,1,0,5 41,2,10,,97310,1,0,5 41,2,10,,97246,1,0,5 41,2,12,,78595,1,0,5 41,2,52,,97260,1,0,5 41,2,10,,97353,1,0,5 41,2,10,,97333,1,0,5 41,2,10,,97210,1,0,5 41,2,10,,97295,1,0,5 41,2,10,,97359,1,0,5 41,2,50,,97229,1,0,5 41,2,10,,97197,1,0,5 41,2,10,,97240,1,0,5 41,2,10,,83888,1,0,5 41,2,10,,97282,1,0,5 41,2,10,,97217,1,0,5 41,2,50,,97220,1,0,5 41,2,10,,97363,1,0,5 41,2,10,,97337,1,0,5 41,2,10,,97268,1,0,34,2,10,,97317,1,0,5 41,2,10,,97323,1,0,34,2,56,,97320,1,0,5 41,2,20,,97273,1,0,34,2,10,,97199,1,0,5 41,2
50502,'2',602,,97532,1,0,5 41,2,10,,97493,1,0,5 41,2,10,,97415,1,0,5 41,2,10,,97475,1,0,5 41,2,10,,97405,1,0,5 41,2,10,,78938,1,0,5 41,2,50,,97494,1,0,5 41,2,10,,97533,1,0,5 41,2,10,,97482,1,0,5 41,2,10,,84115,1,0,5 41,2,10,,97396,1,0,5 41,2,10,,97543,1,0,5 41,2,50,,97464,1,0,5 41,2,6,,78693,1,0,5 41,2,6,,97490,1,0,5 41,2,6,,97455,1,0,5 41,2,6,,82639,1,0,5 41,2,6,,97430,1,0,5 41,2,6,,97461,1,0,5 41,2,6,,97438,1,0,5 41,2,6,,97385,1,0,5 41,2,6,,97451,1,0,5 41,2,46,,97522,1,0,5 41,2,6,,97449,1,0,5 41,2,6,,97466,1,0,5 41,2,6,,97503,1,0,5 41,2,6,,97380,1,0,5 41,2,6,,97401,1,0,5 41,2,6,,97441,1,0,5 41,2,6,,97397,1,0,5 41,2,6,,97390,1,0,5 41,2,6,,97420,1,0,5 41,2,46,,97391,1,0,5 41,2,6,,97408,1,0,5 41,2,6,,97462,1,0,5 41,2,6,,97518,1,0,5 41,2,6,,97410,1,0,5 41,2,6,,97398,1,0,5 41,2,6,,97428,1,0,5 41,2,6,,97423,1,0,5 41,2,6,,97540,1,0,5 41,2,6,,97477,1,0,5 41,2,46,,97387,1,0,5 41,2,6,,97539,1,0,5 41,2,6,,97523,1,0,5 41,2,6,,97471,1,0,5 41,2,6,,97514,1,0,5 41,2,6,,97528,1,0,5 41,2,6,,97447,1,0,5 41,2,6,,97427,1,0,5 41,2,6,,97504,1,0,5 41,2,6,,97488,1,0,5 41,2,48,,97536,1,0,5 41,2,6,,97400,1,0,5 41,2,6,,97470,1,0,5 41,2,6,,97424,1,0,5 41,2,6,,97432,1,0,5 41,2,6,,97409,1,0,5 41,2,6,,97445,1,0,5 41,2,6,,97442,1,0,5 41,2,6,,97496,1,0,5 41,2,6,,97519,1,0,5 41,2,46,,97529,1,0,5 41,2,6,,97497,1,0,5 41,2,6,,97402,1,0,5 41,2,6,,97478,1,0,5 41,2,6,,97512,1,0,5 41,2,6,,97421,1,0,5 41,2,6,,97457,1,0,5 41,2,6,,97429,1,0,5 41,2,6,,97377,1,0,5 41,2,6,,97376,1,0,5 41,2,46,,97433,1,0,5 41,2,6,,97386,1,0,5 41,2,6,,97535,1,0,5 41,2,6,,97506,1,0,5 41,2,6,,97515,1,0,5 41,2,6,,97467,1,0,5 41,2,6,,97459,1,0,5 41,2,6,,97537,1,0,5 41,2,6,,97481,1,0,5 41,2,6,,97450,1,0,5 41,2,46,,97426,1,0,5 41,2,6,,97406,1,0,5 41,2,6,,97407,1,0,5 41,2,6,,97534,1,0,5 41,2,6,,97434,1,0,5 41,2,6,,97469,1,0,5 41,2,6,,97419,1,0,5 41,2,6,,97393,1,0,5 41,2,6,,97379,1,0,5 41,2,6,,97526,1,0,5 41,2,46,,97463,1,0,5 41,2,6,,97486,1,0,5 41,2,6,,97508,1,0,5 41,2,6,,97509,1,0,5 41,2,6,,97439,1,0,5 41,2,6,,97422,1,0,5 41,2,6,,97448,1,0,5 41,2,6,,97403,1,0,5 41,2,6,,97443,1,0,5 41,2,6,,97516,1,0,5 41,2,46,,97495,1,0,5 41,2,6,,97375,1,0,5 41,2,6,,97499,1,0,5 41,2,6,,97474,1,0,5 41,2,6,,97394,1,0,5 41,2,6,,97412,1,0,5 41,2,6,,97404,1,0,34,2,6,,97521,1,0,5 41,2,6,,97505,1,0,5 41,2,6,,97383,1,0,5 41,2,46,,97542,1,0,34,2,6,,97458,1,0,5 41,2,6,,97417,1,0,5 41,2,6,,97524,1,0,5 41,2,6,,97392,1,0,5 41,2,8,,97444,1,0,5 41,2,4,,97389,1,0,34,2,4,,97460,1,0,5 41,2,8,,97473,1,0,5 41,2,4,,97541,1,0,34,2,44,,97382,1,0,5 41,2,10,,97501,1,0,5 41,2,5,,97399,1,0,34,2,5,,97378,1,0,5 41,2,5,,97411,1,0,34,2,5,,97492,1,0,5 41,2,10,,97384,1,0,5 41,2,10,,97381,1,0,5 41,2,50,,97388,1,0,5 41,2,5,,97484,1,0,34,2,5,,97530,1,0,5 41,2,10,,97545,1,0,5 41,2,10,,97414,1,0,5 41,2,10,,97491,1,0,5 41,2,10,,97437,1,0,5 41,2,50,,97374,1,0,5 41,2,10,,97479,1,0,5 41,2,10,,97513,1,0,5 41,2,10,,97502,1,0,5 41,2,10,,97440,1,0,5 41,2,10,,97435,1,0,5 41,2,50,,97431,1,0,5 41,2,10,,97395,1,0,5 41,2,10,,97544,1,0,5 41,2,10,,97538,1,0,5 41,2,10,,97413,1,0,5 41,2,10,,97476,1,0,5 41,2,50,,97483,1,0,5 41,2,10,,97416,1,0,5 41,2,10,,97520,1,0,5 41,2,10,,78105,1,0,5 41,2,10,,97511,1,0,5 41,2,10,,97453,1,0,5 41,2,52,,97527,1,0,5 41,2,8,,97487,1,0,5 41,2,10,,97436,1,0,5 41,2,12,,97452,1,0,5 41,2,4,,97480,1,0,34,2,11,,97456,1,0,5 41,2
50502,'3',748,,97552,1,0,5 41,2,10,,97562,1,0,5 41,2,50,,97637,1,0,5 41,2,10,,97607,1,0,5 41,2,10,,97674,1,0,5 41,2,10,,97658,1,0,5 41,2,10,,97546,1,0,5 41,2,6,,97580,1,0,5 41,2,46,,97625,1,0,5 41,2,6,,97616,1,0,5 41,2,6,,97655,1,0,5 41,2,6,,97597,1,0,5 41,2,6,,97683,1,0,5 41,2,6,,97636,1,0,5 41,2,6,,97642,1,0,5 41,2,6,,97614,1,0,5 41,2,6,,97686,1,0,5 41,2,6,,97581,1,0,5 41,2,46,,97684,1,0,5 41,2,6,,97677,1,0,5 41,2,6,,97646,1,0,5 41,2,6,,97553,1,0,5 41,2,6,,97601,1,0,5 41,2,6,,97657,1,0,5 41,2,6,,97654,1,0,5 41,2,6,,97639,1,0,5 41,2,6,,97691,1,0,5 41,2,6,,97574,1,0,5 41,2,46,,97598,1,0,5 41,2,6,,97631,1,0,5 41,2,6,,97613,1,0,5 41,2,6,,97573,1,0,5 41,2,6,,97603,1,0,5 41,2,6,,97695,1,0,5 41,2,6,,97632,1,0,5 41,2,6,,97549,1,0,5 41,2,6,,97602,1,0,5 41,2,6,,97551,1,0,5 41,2,46,,97612,1,0,5 41,2,6,,97659,1,0,5 41,2,6,,97595,1,0,5 41,2,6,,97610,1,0,5 41,2,6,,97567,1,0,5 41,2,6,,97638,1,0,5 41,2,6,,97596,1,0,5 41,2,6,,97640,1,0,5 41,2,6,,97678,1,0,5 41,2,6,,97555,1,0,5 41,2,46,,97666,1,0,5 41,2,6,,97550,1,0,5 41,2,6,,97608,1,0,5 41,2,6,,97599,1,0,5 41,2,6,,97688,1,0,5 41,2,6,,97680,1,0,5 41,2,6,,97560,1,0,5 41,2,6,,97600,1,0,5 41,2,6,,97593,1,0,5 41,2,6,,97586,1,0,5 41,2,46,,97557,1,0,5 41,2,6,,97590,1,0,5 41,2,6,,97569,1,0,5 41,2,6,,97660,1,0,5 41,2,6,,97693,1,0,5 41,2,6,,97563,1,0,5 41,2,6,,97694,1,0,5 41,2,6,,82302,1,0,5 41,2,6,,97624,1,0,5 41,2,6,,97594,1,0,5 41,2,46,,97665,1,0,5 41,2,6,,97662,1,0,5 41,2,6,,97648,1,0,5 41,2,6,,97656,1,0,5 41,2,6,,97589,1,0,5 41,2,6,,97667,1,0,5 41,2,6,,97604,1,0,5 41,2,6,,97628,1,0,5 41,2,6,,97622,1,0,5 41,2,6,,97650,1,0,5 41,2,46,,97565,1,0,5 41,2,6,,97606,1,0,5 41,2,6,,97675,1,0,5 41,2,6,,97618,1,0,5 41,2,6,,97663,1,0,5 41,2,6,,97623,1,0,5 41,2,6,,97649,1,0,5 41,2,6,,97578,1,0,5 41,2,6,,97652,1,0,5 41,2,6,,97592,1,0,5 41,2,46,,97617,1,0,5 41,2,6,,97559,1,0,5 41,2,6,,97630,1,0,5 41,2,6,,97579,1,0,5 41,2,6,,97635,1,0,5 41,2,6,,97672,1,0,5 41,2,6,,97605,1,0,5 41,2,6,,97671,1,0,5 41,2,6,,97619,1,0,5 41,2,6,,97692,1,0,5 41,2,46,,97571,1,0,5 41,2,6,,97609,1,0,5 41,2,6,,97568,1,0,5 41,2,6,,97554,1,0,5 41,2,6,,97591,1,0,5 41,2,6,,97643,1,0,5 41,2,6,,89631,1,0,5 41,2,6,,97634,1,0,5 41,2,6,,77675,1,0,5 41,2,6,,97670,1,0,5 41,2,46,,97583,1,0,5 41,2,9,,97577,1,0,5 41,2,5,,97558,1,0,34,2,5,,97556,1,0,5 41,2,5,,97572,1,0,34,2,5,,97575,1,0,5 41,2,10,,97576,1,0,5 41,2,5,,97629,1,0,34,2,5,,97564,1,0,5 41,2,5,,97621,1,0,34,2,5,,97587,1,0,5 41,2,50,,97661,1,0,5 41,2,5,,97664,1,0,34,2,5,,97570,1,0,5 41,2,10,,97633,1,0,5 41,2,10,,97644,1,0,5 41,2,10,,97615,1,0,5 41,2,10,,97653,1,0,5 41,2,50,,97690,1,0,5 41,2,10,,97676,1,0,5 41,2,10,,97689,1,0,5 41,2,10,,97585,1,0,5 41,2,13,,82800,1,0,5 41,2,52,,97679,1,0,5 41,2,10,,97626,1,0,5 41,2,10,,97673,1,0,5 41,2,10,,97682,1,0,5 41,2,5,,97685,1,0,34,2,5,,97588,1,0,5 41,2,10,,97627,1,0,5 41,2,50,,97669,1,0,5 41,2,10,,97645,1,0,5 41,2,10,,97584,1,0,5 41,2,10,,97687,1,0,5 41,2,10,,88785,1,0,5 41,2,10,,97620,1,0,5 41,2,50,,97651,1,0,5 41,2,10,,97611,1,0,5 41,2,10,,97547,1,0,5 41,2,13,,97561,1,0,5 41,2,6,,97641,1,0,34,2,6,,97548,1,0,5 41,2
50502,'5',608,,97696,1,0,5 41,2,10,,97708,1,0,5 41,2,10,,97841,1,0,5 41,2,10,,97809,1,0,5 41,2,10,,97733,1,0,5 41,2,10,,97860,1,0,5 41,2,50,,97699,1,0,5 41,2,10,,97818,1,0,5 41,2,10,,97850,1,0,5 41,2,10,,97738,1,0,5 41,2,10,,97736,1,0,5 41,2,10,,97783,1,0,5 41,2,50,,97715,1,0,5 41,2,10,,97829,1,0,5 41,2,10,,97852,1,0,5 41,2,10,,97854,1,0,5 41,2,10,,97728,1,0,5 41,2,6,,97800,1,0,5 41,2,46,,97816,1,0,5 41,2,6,,97766,1,0,5 41,2,6,,97851,1,0,5 41,2,6,,97749,1,0,5 41,2,6,,97747,1,0,5 41,2,6,,97739,1,0,5 41,2,6,,97726,1,0,5 41,2,6,,97740,1,0,5 41,2,6,,97855,1,0,5 41,2,6,,97771,1,0,5 41,2,46,,97722,1,0,5 41,2,6,,97757,1,0,5 41,2,6,,97727,1,0,5 41,2,6,,97824,1,0,5 41,2,6,,97723,1,0,5 41,2,6,,97837,1,0,5 41,2,6,,97732,1,0,5 41,2,6,,97795,1,0,5 41,2,6,,97697,1,0,5 41,2,6,,97707,1,0,5 41,2,46,,97712,1,0,5 41,2,6,,97847,1,0,5 41,2,6,,97796,1,0,5 41,2,6,,97753,1,0,5 41,2,6,,97812,1,0,5 41,2,6,,97774,1,0,5 41,2,6,,97815,1,0,5 41,2,6,,97770,1,0,5 41,2,6,,97805,1,0,5 41,2,6,,97701,1,0,5 41,2,46,,76246,1,0,5 41,2,6,,97842,1,0,5 41,2,6,,97700,1,0,5 41,2,6,,97769,1,0,5 41,2,6,,97820,1,0,5 41,2,6,,97754,1,0,5 41,2,6,,90543,1,0,5 41,2,6,,97716,1,0,5 41,2,6,,97832,1,0,5 41,2,6,,97725,1,0,5 41,2,46,,97787,1,0,5 41,2,6,,97748,1,0,5 41,2,6,,97734,1,0,5 41,2,6,,97721,1,0,5 41,2,6,,97720,1,0,5 41,2,6,,97791,1,0,5 41,2,6,,97751,1,0,5 41,2,6,,97817,1,0,5 41,2,6,,97858,1,0,5 41,2,6,,97756,1,0,5 41,2,46,,97737,1,0,5 41,2,6,,97750,1,0,5 41,2,6,,97823,1,0,5 41,2,6,,97741,1,0,5 41,2,6,,85354,1,0,5 41,2,6,,97814,1,0,5 41,2,6,,97859,1,0,5 41,2,6,,97813,1,0,5 41,2,6,,97822,1,0,5 41,2,6,,97742,1,0,5 41,2,46,,97779,1,0,5 41,2,6,,97849,1,0,5 41,2,6,,97714,1,0,5 41,2,6,,97706,1,0,5 41,2,6,,97755,1,0,5 41,2,6,,97848,1,0,5 41,2,6,,97835,1,0,5 41,2,6,,97767,1,0,5 41,2,6,,97724,1,0,5 41,2,6,,97761,1,0,5 41,2,46,,97861,1,0,5 41,2,6,,97853,1,0,5 41,2,6,,97765,1,0,5 41,2,6,,97846,1,0,5 41,2,6,,97785,1,0,5 41,2,6,,97781,1,0,5 41,2,6,,97772,1,0,5 41,2,6,,97792,1,0,5 41,2,6,,97844,1,0,5 41,2,6,,97831,1,0,5 41,2,46,,97703,1,0,5 41,2,6,,97711,1,0,5 41,2,6,,97810,1,0,5 41,2,6,,97778,1,0,5 41,2,6,,97819,1,0,5 41,2,6,,97808,1,0,5 41,2,6,,97702,1,0,5 41,2,6,,78337,1,0,5 41,2,6,,97719,1,0,5 41,2,6,,97760,1,0,5 41,2,46,,97863,1,0,5 41,2,6,,97762,1,0,5 41,2,6,,97698,1,0,5 41,2,6,,97806,1,0,5 41,2,6,,97803,1,0,5 41,2,6,,97843,1,0,5 41,2,6,,97789,1,0,5 41,2,6,,97807,1,0,5 41,2,6,,97826,1,0,5 41,2,6,,97845,1,0,5 41,2,46,,97735,1,0,5 41,2,9,,97729,1,0,5 41,2,5,,97790,1,0,34,2,5,,97857,1,0,5 41,2,5,,97793,1,0,34,2,5,,97746,1,0,5 41,2,10,,97743,1,0,5 41,2,5,,97856,1,0,34,2,5,,97709,1,0,5 41,2,5,,97821,1,0,34,2,5,,97710,1,0,5 41,2,50,,97768,1,0,5 41,2,5,,97764,1,0,34,2,5,,97731,1,0,5 41,2,10,,97788,1,0,5 41,2,10,,97840,1,0,5 41,2,10,,97834,1,0,5 41,2,10,,97704,1,0,5 41,2,50,,97763,1,0,5 41,2,10,,97786,1,0,5 41,2,10,,97773,1,0,5 41,2,10,,97730,1,0,5 41,2,13,,97782,1,0,5 41,2,52,,97811,1,0,5 41,2,10,,97744,1,0,5 41,2,10,,97777,1,0,5 41,2,10,,97794,1,0,5 41,2,5,,97718,1,0,34,2,5,,97833,1,0,5 41,2,10,,97705,1,0,5 41,2,50,,97713,1,0,5 41,2,10,,97717,1,0,5 41,2,10,,97780,1,0,5 41,2,10,,97828,1,0,5 41,2,10,,97799,1,0,5 41,2,10,,97839,1,0,5 41,2,50,,97775,1,0,5 41,2,10,,97801,1,0,5 41,2,10,,97836,1,0,5 41,2,13,,97745,1,0,5 41,2,6,,97827,1,0,34,2,6,,97830,1,0,5 41,2
