30401,'1',2648,,123810,18,,,2,3,,123818,31,0,34,2,7,,123822,18,,,2,43,,111237,31,0,34,2,7,,123813,18,,,2,3,,123804,31,0,34,2,10,,123825,31,0,34,2,10,,123819,31,0,34,2,10,,123811,31,0,34,2,10,,108615,31,0,34,2,50,,123820,31,0,34,2,10,,123808,31,0,34,2,10,,123815,31,0,34,2,10,,123814,31,0,34,2,10,,123823,31,0,34,2,10,,123821,31,0,34,2,50,,123806,31,0,34,2,10,,123807,31,0,34,2,15,,123824,31,0,34,2,10,,123816,31,,,2,10,,123817,31,,,2,10,,123805,31,,,2,50,,123809,31,,,2,5,,123812,31,,,2
30401,'2',2658,,123841,31,0,34,2,50,,120167,31,0,34,2,2,,123846,18,,,2,8,,123832,31,0,34,2,10,,123845,31,0,34,2,10,,123837,31,0,34,2,10,,123827,31,0,34,2,10,,123834,31,0,34,2,50,,123848,31,0,34,2,10,,123826,31,0,34,2,10,,123829,31,0,34,2,10,,123833,31,0,34,2,10,,123840,31,0,34,2,10,,123842,31,0,34,2,50,,123835,31,0,34,2,10,,123830,31,0,34,2,12,,123847,31,0,34,2,10,,123843,31,,,2,10,,123838,31,,,2,5,,123836,31,,,2,45,,123828,31,,,2,10,,123831,31,,,2,10,,123839,31,,,2,13,,123844,31,,,2
30401,'3',546,,123883,18,0,34,2,7,,123886,31,0,31,2,47,,123869,18,0,34,2,7,,123854,31,0,31,2,7,,123872,18,0,34,2,7,,123888,31,0,31,2,7,,123889,18,0,34,2,7,,123851,31,0,31,2,7,,123856,18,0,34,2,7,,123870,31,0,31,2,7,,123890,18,0,34,2,47,,123866,31,0,31,2,7,,123858,18,0,34,2,7,,123891,31,0,31,2,7,,123857,18,0,34,2,7,,123894,31,0,31,2,7,,123878,18,0,34,2,7,,123876,31,0,31,2,14,,123862,31,0,31,2,54,,123874,31,0,31,2,14,,123860,31,0,31,2,14,,123885,31,0,31,2,1808,,123887,31,,,2,51,,109438,31,0,34,2,2,,123863,18,,,2,8,,123882,31,0,34,2,2,,120873,18,,,2,8,,123875,31,0,34,2,2,,123880,18,,,2,8,,123849,31,0,34,2,10,,123893,31,0,34,2,10,,123873,31,0,34,2,50,,123892,31,0,34,2,10,,123850,31,0,34,2,10,,123877,31,0,34,2,10,,123881,31,0,34,2,10,,123865,31,0,34,2,10,,123864,31,0,34,2,50,,123859,31,0,34,2,10,,123868,31,0,34,2,10,,123867,31,0,34,2,9,,123855,31,,,2,10,,123861,31,,,2,10,,123871,31,,,2
30401,'5',2700,,123913,31,0,34,2,10,,123895,31,0,34,2,2,,123902,18,,,2,8,,123898,31,0,34,2,2,,123905,18,,,2,8,,123914,31,0,34,2,10,,123903,31,0,34,2,10,,123908,31,0,34,2,50,,123911,31,0,34,2,10,,123901,31,0,34,2,10,,123897,31,0,34,2,10,,123904,31,0,34,2,10,,123899,31,0,34,2,10,,123896,31,0,34,2,50,,123912,31,0,34,2,10,,123909,31,0,34,2,10,,123907,31,0,34,2,9,,123900,31,,,2,10,,123906,31,,,2,10,,123910,31,,,2
50301,'1',550,,125891,4,0,36 40,2,50,,125945,4,0,36 40,2,10,,125884,4,0,36 40,2,10,,125951,4,0,36 40,2,10,,125844,4,0,36 40,2,10,,125950,4,0,36 40,2,10,,125896,4,0,36 40,2,50,,125959,4,0,36 40,2,7,,125979,4,0,36 40,2,7,,125918,4,0,36 40,2,6,,125965,4,0,36 40,2,6,,125882,4,0,36 40,2,7,,125889,4,0,36 40,2,6,,98884,4,0,36 40,2,6,,125863,4,0,36 40,2,6,,125903,4,0,36 40,2,6,,125942,4,0,36 40,2,46,,125954,4,0,36 40,2,6,,125966,4,0,36 40,2,6,,125925,4,0,36 40,2,6,,125911,4,0,36 40,2,6,,125969,4,0,36 40,2,6,,125898,4,0,36 40,2,6,,125981,4,0,36 40,2,6,,125915,4,0,36 40,2,6,,125839,4,0,36 40,2,6,,125897,4,0,36 40,2,46,,125978,4,0,36 40,2,6,,125947,4,0,36 40,2,6,,125944,4,0,36 40,2,6,,125991,4,0,36 40,2,6,,125973,4,0,36 40,2,6,,125964,4,0,36 40,2,8,,125980,4,0,36 40,2,6,,125864,4,0,36 40,2,6,,125914,4,0,36 40,2,6,,125846,4,0,36 40,2,45,,125971,4,0,36 40,2,5,,125840,4,0,36 40,2,10,,125860,4,0,36 40,2,5,,125851,4,0,36 40,2,5,,125987,4,0,36 40,2,10,,125908,4,0,36 40,2,10,,125929,4,0,36 40,2,10,,125872,4,0,36 40,2,50,,125877,4,0,36 40,2,10,,125933,4,0,36 40,2,10,,125907,4,0,36 40,2,10,,125985,4,0,36 40,2,10,,125885,4,0,36 40,2,10,,125858,4,0,36 40,2,50,,125924,4,0,36 40,2,10,,125866,4,0,36 40,2,10,,125871,4,0,36 40,2,10,,125952,4,0,36 40,2,10,,125917,4,0,36 40,2,10,,125988,4,0,36 40,2,50,,125922,4,0,36 40,2,10,,125876,4,0,36 40,2,10,,125845,4,0,36 40,2,10,,125956,4,0,36 40,2,10,,125867,4,0,36 40,2,10,,125986,4,0,36 40,2,50,,125970,4,0,36 40,2,10,,125902,4,0,36 40,2,10,,125895,4,0,36 40,2,11,,125938,4,0,36 40,2,11,,125976,4,0,36 40,2,50,,125905,4,0,36 40,2,10,,125932,4,0,36 40,2,10,,125934,4,0,36 40,2,10,,125953,4,0,36 40,2,9,,125887,4,0,36 40,2,7,,125931,4,0,36 40,2,6,,125862,4,0,36 40,2,6,,125852,4,0,36 40,2,46,,125868,4,0,36 40,2,6,,125880,4,0,36 40,2,6,,125940,4,0,36 40,2,6,,125975,4,0,36 40,2,6,,125848,4,0,36 40,2,6,,125983,4,0,36 40,2,6,,125847,4,0,36 40,2,6,,125883,4,0,36 40,2,6,,125990,4,0,36 40,2,6,,125856,4,0,36 40,2,46,,125916,4,0,36 40,2,6,,125881,4,0,36 40,2,6,,125869,4,0,36 40,2,6,,125957,4,0,36 40,2,6,,125901,4,0,36 40,2,6,,125936,4,0,36 40,2,6,,125855,4,0,36 40,2,6,,125849,4,0,36 40,2,6,,125843,4,0,36 40,2,6,,125989,4,0,36 40,2,46,,125974,4,0,36 40,2,6,,125878,4,0,36 40,2,6,,125937,4,0,36 40,2,6,,125939,4,0,36 40,2,6,,125941,4,0,36 40,2,6,,125977,4,0,36 40,2,6,,125968,4,0,36 40,2,6,,125984,4,0,36 40,2,6,,125921,4,0,36 40,2,48,,125992,4,0,36 40,2,5,,125923,4,0,36 40,2,4,,108086,4,0,36 40,2,8,,125960,4,0,36 40,2,7,,125928,4,0,36 40,2,8,,125920,4,0,36 40,2,8,,125892,4,0,36 40,2,4,,125943,4,0,36 40,2,4,,125857,4,0,36 40,2,8,,93583,4,0,36 40,2,48,,125865,4,0,36 40,2,8,,125935,4,0,36 40,2,8,,125919,4,0,36 40,2,8,,125894,4,0,36 40,2,8,,125906,4,0,36 40,2,8,,125958,4,0,36 40,2,8,,125861,4,0,36 40,2,48,,125912,4,0,36 40,2,8,,125963,4,0,36 40,2,8,,125875,4,0,36 40,2,8,,125972,4,0,36 40,2,8,,125842,4,0,36 40,2,8,,125888,4,0,36 40,2,8,,125850,4,0,36 40,2,8,,125955,4,0,36 40,2,47,,125873,4,0,36 40,2,6,,125854,4,0,36 40,2,7,,125982,4,0,36 40,2,8,,125879,4,0,36 40,2,10,,125926,4,0,36 40,2,10,,125859,4,0,36 40,2,10,,125841,4,0,36 40,2,45,,125853,4,0,36 40,2,5,,125962,4,0,36 40,2,10,,125910,4,0,36 40,2,10,,125961,4,0,36 40,2,10,,125899,4,0,36 40,2,10,,125930,4,0,36 40,2,10,,125927,4,0,36 40,2,50,,125900,4,0,36 40,2,10,,125949,4,0,36 40,2,10,,125886,4,0,36 40,2,10,,125909,4,0,36 40,2,10,,125893,4,0,36 40,2,10,,125890,4,0,36 40,2,50,,125946,4,0,36 40,2,10,,125874,4,0,36 40,2,9,,125904,4,0,36 40,2,17,,125967,4,0,36 40,2,17,,125948,4,0,36 40,2
50301,'2',519,,126118,4,0,36 40,2,10,,126109,4,0,36 40,2,10,,126047,4,0,36 40,2,10,,126026,4,0,36 40,2,10,,126050,4,0,36 40,2,50,,126083,4,0,36 40,2,10,,126067,4,0,36 40,2,10,,126098,4,0,36 40,2,10,,126020,4,0,36 40,2,10,,126000,4,0,36 40,2,10,,126094,4,0,36 40,2,50,,126029,4,0,36 40,2,10,,126022,4,0,36 40,2,10,,125995,4,0,36 40,2,10,,126034,4,0,36 40,2,10,,126002,4,0,36 40,2,10,,126033,4,0,36 40,2,50,,126038,4,0,36 40,2,10,,126123,4,0,36 40,2,10,,126124,4,0,36 40,2,10,,126001,4,0,36 40,2,10,,113810,4,0,36 40,2,10,,126069,4,0,36 40,2,50,,115039,4,0,36 40,2,10,,126108,4,0,36 40,2,10,,126089,4,0,36 40,2,10,,126048,4,0,36 40,2,10,,126080,4,0,36 40,2,10,,126040,4,0,36 40,2,50,,126091,4,0,36 40,2,10,,126039,4,0,36 40,2,10,,126116,4,0,36 40,2,10,,126093,4,0,36 40,2,10,,126081,4,0,36 40,2,10,,126008,4,0,36 40,2,50,,126013,4,0,36 40,2,10,,126117,4,0,36 40,2,10,,126003,4,0,36 40,2,10,,126075,4,0,36 40,2,10,,126106,4,0,36 40,2,10,,126115,4,0,36 40,2,52,,119252,4,0,36 40,2,8,,126096,4,0,36 40,2,8,,126017,4,0,36 40,2,8,,126058,4,0,36 40,2,8,,126046,4,0,36 40,2,8,,126110,4,0,36 40,2,50,,126070,4,0,36 40,2,12,,126095,4,0,36 40,2,10,,126114,4,0,36 40,2,8,,126064,4,0,36 40,2,8,,126074,4,0,36 40,2,8,,126072,4,0,36 40,2,8,,126011,4,0,36 40,2,48,,126103,4,0,36 40,2,8,,126042,4,0,36 40,2,8,,126079,4,0,36 40,2,8,,126101,4,0,36 40,2,8,,126051,4,0,36 40,2,8,,126122,4,0,36 40,2,8,,125996,4,0,36 40,2,8,,126107,4,0,36 40,2,48,,126045,4,0,36 40,2,8,,126056,4,0,36 40,2,8,,126057,4,0,36 40,2,8,,126032,4,0,36 40,2,8,,126112,4,0,36 40,2,8,,126037,4,0,36 40,2,8,,126007,4,0,36 40,2,48,,126061,4,0,36 40,2,8,,126062,4,0,36 40,2,8,,126082,4,0,36 40,2,8,,111611,4,0,36 40,2,8,,126027,4,0,36 40,2,8,,126054,4,0,36 40,2,8,,126085,4,0,36 40,2,8,,126049,4,0,36 40,2,48,,126059,4,0,36 40,2,8,,126031,4,0,36 40,2,8,,126012,4,0,36 40,2,8,,126006,4,0,36 40,2,8,,126015,4,0,36 40,2,8,,126086,4,0,36 40,2,8,,126105,4,0,36 40,2,48,,126053,4,0,36 40,2,8,,126111,4,0,36 40,2,8,,126052,4,0,36 40,2,8,,126055,4,0,36 40,2,8,,126019,4,0,36 40,2,8,,126014,4,0,36 40,2,8,,126066,4,0,36 40,2,8,,126060,4,0,36 40,2,48,,126024,4,0,36 40,2,9,,126100,4,0,36 40,2,5,,112508,4,0,36 40,2,5,,115866,4,0,36 40,2,10,,126030,4,0,36 40,2,10,,126044,4,0,36 40,2,10,,126120,4,0,36 40,2,50,,126087,4,0,36 40,2,5,,126113,4,0,36 40,2,5,,125998,4,0,36 40,2,10,,126028,4,0,36 40,2,10,,126035,4,0,36 40,2,10,,126102,4,0,36 40,2,10,,126016,4,0,36 40,2,50,,126025,4,0,36 40,2,10,,125997,4,0,36 40,2,10,,119449,4,0,36 40,2,10,,126125,4,0,36 40,2,10,,126023,4,0,36 40,2,10,,126065,4,0,36 40,2,50,,125993,4,0,36 40,2,9,,115004,4,0,36 40,2,10,,125999,4,0,36 40,2,10,,126018,4,0,36 40,2,10,,126005,4,0,36 40,2,10,,126090,4,0,36 40,2,50,,126073,4,0,36 40,2,10,,126063,4,0,36 40,2,10,,126104,4,0,36 40,2,10,,126021,4,0,36 40,2,10,,126077,4,0,36 40,2,10,,126078,4,0,36 40,2,50,,126097,4,0,36 40,2,10,,126043,4,0,36 40,2,10,,126088,4,0,36 40,2,10,,126076,4,0,36 40,2,10,,126068,4,0,36 40,2,10,,126099,4,0,36 40,2,50,,126004,4,0,36 40,2,10,,126009,4,0,36 40,2,10,,126092,4,0,36 40,2,10,,126010,4,0,36 40,2,10,,126084,4,0,36 40,2,10,,126119,4,0,36 40,2,50,,126036,4,0,36 40,2,10,,126071,4,0,36 40,2,11,,126121,4,0,36 40,2,8,,126041,4,0,36 40,2,8,,125994,4,0,36 40,2
50301,'3',552,,126165,4,0,36 40,2,50,,126167,4,0,36 40,2,10,,126224,4,0,36 40,2,10,,121919,4,0,36 40,2,10,,126183,4,0,36 40,2,10,,126186,4,0,36 40,2,10,,126152,4,0,36 40,2,50,,126216,4,0,36 40,2,10,,126176,4,0,36 40,2,10,,126156,4,0,36 40,2,10,,126132,4,0,36 40,2,10,,126229,4,0,36 40,2,10,,126245,4,0,36 40,2,50,,126140,4,0,36 40,2,10,,126200,4,0,36 40,2,10,,126163,4,0,36 40,2,10,,126218,4,0,36 40,2,10,,126166,4,0,36 40,2,10,,126138,4,0,36 40,2,50,,126233,4,0,36 40,2,10,,126182,4,0,36 40,2,10,,126198,4,0,36 40,2,10,,126151,4,0,36 40,2,10,,126187,4,0,36 40,2,10,,126180,4,0,36 40,2,50,,126236,4,0,36 40,2,10,,126142,4,0,36 40,2,10,,126171,4,0,36 40,2,10,,126128,4,0,36 40,2,10,,126205,4,0,36 40,2,10,,126220,4,0,36 40,2,50,,126232,4,0,36 40,2,10,,111825,4,0,36 40,2,10,,126217,4,0,36 40,2,10,,126202,4,0,36 40,2,10,,126238,4,0,36 40,2,10,,126244,4,0,36 40,2,50,,126161,4,0,36 40,2,11,,126235,4,0,36 40,2,10,,126153,4,0,36 40,2,10,,126145,4,0,36 40,2,10,,126207,4,0,36 40,2,10,,126196,4,0,36 40,2,50,,126190,4,0,36 40,2,10,,126159,4,0,36 40,2,10,,126203,4,0,36 40,2,10,,126199,4,0,36 40,2,10,,126158,4,0,36 40,2,10,,126189,4,0,36 40,2,50,,126188,4,0,36 40,2,10,,126160,4,0,36 40,2,10,,126234,4,0,36 40,2,10,,126213,4,0,36 40,2,10,,126215,4,0,36 40,2,10,,126177,4,0,36 40,2,50,,126195,4,0,36 40,2,10,,126192,4,0,36 40,2,10,,126204,4,0,36 40,2,10,,120949,4,0,36 40,2,10,,126240,4,0,36 40,2,10,,126222,4,0,36 40,2,50,,126144,4,0,36 40,2,10,,126210,4,0,36 40,2,10,,126173,4,0,36 40,2,10,,126241,4,0,36 40,2,10,,126172,4,0,36 40,2,10,,126164,4,0,36 40,2,50,,126225,4,0,36 40,2,10,,126129,4,0,36 40,2,10,,126136,4,0,36 40,2,10,,126157,4,0,36 40,2,10,,126226,4,0,36 40,2,10,,126246,4,0,36 40,2,50,,126197,4,0,36 40,2,10,,126141,4,0,36 40,2,10,,126248,4,0,36 40,2,10,,126231,4,0,36 40,2,10,,126191,4,0,36 40,2,10,,126243,4,0,36 40,2,50,,126174,4,0,36 40,2,10,,126211,4,0,36 40,2,9,,126206,4,0,36 40,2,10,,126179,4,0,36 40,2,10,,126150,4,0,36 40,2,10,,126139,4,0,36 40,2,50,,126184,4,0,36 40,2,10,,126169,4,0,36 40,2,10,,126181,4,0,36 40,2,10,,126194,4,0,36 40,2,10,,126143,4,0,36 40,2,10,,126137,4,0,36 40,2,50,,126155,4,0,36 40,2,10,,126214,4,0,36 40,2,10,,126130,4,0,36 40,2,10,,126168,4,0,36 40,2,10,,126134,4,0,36 40,2,10,,126185,4,0,36 40,2,50,,126230,4,0,36 40,2,10,,126239,4,0,36 40,2,10,,126193,4,0,36 40,2,10,,126247,4,0,36 40,2,10,,126242,4,0,36 40,2,10,,126208,4,0,36 40,2,50,,126201,4,0,36 40,2,10,,126227,4,0,36 40,2,10,,126221,4,0,36 40,2,10,,126146,4,0,36 40,2,10,,126133,4,0,36 40,2,10,,126149,4,0,36 40,2,50,,126212,4,0,36 40,2,10,,126154,4,0,36 40,2,10,,126162,4,0,36 40,2,10,,126127,4,0,36 40,2,10,,126223,4,0,36 40,2,10,,126228,4,0,36 40,2,50,,126237,4,0,36 40,2,10,,126126,4,0,36 40,2,10,,126219,4,0,36 40,2,10,,126178,4,0,36 40,2,10,,126135,4,0,36 40,2,10,,126175,4,0,36 40,2,49,,126147,4,0,36 40,2,8,,126131,4,0,36 40,2,8,,126148,4,0,36 40,2,13,,126170,4,0,36 40,2,14,,126209,4,0,36 40,2
50301,'5',552,,126304,4,0,36 40,2,50,,126271,4,0,36 40,2,10,,126312,4,0,36 40,2,10,,126327,4,0,36 40,2,10,,126263,4,0,36 40,2,10,,126343,4,0,36 40,2,10,,126323,4,0,36 40,2,50,,126309,4,0,36 40,2,10,,126362,4,0,36 40,2,10,,126355,4,0,36 40,2,10,,126299,4,0,36 40,2,10,,126317,4,0,36 40,2,10,,126310,4,0,36 40,2,50,,126291,4,0,36 40,2,10,,126294,4,0,36 40,2,10,,126335,4,0,36 40,2,10,,126316,4,0,36 40,2,10,,126325,4,0,36 40,2,10,,126298,4,0,36 40,2,50,,126255,4,0,36 40,2,10,,126319,4,0,36 40,2,10,,126313,4,0,36 40,2,10,,126364,4,0,36 40,2,10,,126340,4,0,36 40,2,10,,126297,4,0,36 40,2,50,,126281,4,0,36 40,2,10,,126252,4,0,36 40,2,10,,126303,4,0,36 40,2,10,,122342,4,0,36 40,2,10,,126349,4,0,36 40,2,10,,126308,4,0,36 40,2,50,,126330,4,0,36 40,2,10,,126358,4,0,36 40,2,10,,126346,4,0,36 40,2,10,,126360,4,0,36 40,2,10,,126268,4,0,36 40,2,10,,126256,4,0,36 40,2,50,,126260,4,0,36 40,2,11,,126331,4,0,36 40,2,10,,126318,4,0,36 40,2,10,,126351,4,0,36 40,2,10,,126361,4,0,36 40,2,10,,126278,4,0,36 40,2,50,,126285,4,0,36 40,2,10,,126264,4,0,36 40,2,10,,126367,4,0,36 40,2,10,,126259,4,0,36 40,2,10,,126269,4,0,36 40,2,10,,126257,4,0,36 40,2,50,,126289,4,0,36 40,2,10,,126302,4,0,36 40,2,10,,126326,4,0,36 40,2,10,,126295,4,0,36 40,2,10,,126274,4,0,36 40,2,10,,126306,4,0,36 40,2,50,,126265,4,0,36 40,2,10,,126282,4,0,36 40,2,10,,126352,4,0,36 40,2,10,,126270,4,0,36 40,2,10,,126292,4,0,36 40,2,10,,126365,4,0,36 40,2,50,,126368,4,0,36 40,2,10,,126288,4,0,36 40,2,10,,126261,4,0,36 40,2,10,,116270,4,0,36 40,2,10,,126347,4,0,36 40,2,10,,126369,4,0,36 40,2,50,,126249,4,0,36 40,2,10,,126341,4,0,36 40,2,10,,126280,4,0,36 40,2,10,,126314,4,0,36 40,2,10,,126345,4,0,36 40,2,10,,126332,4,0,36 40,2,50,,126286,4,0,36 40,2,10,,126301,4,0,36 40,2,10,,126287,4,0,36 40,2,10,,126266,4,0,36 40,2,10,,126275,4,0,36 40,2,10,,117022,4,0,36 40,2,50,,126348,4,0,36 40,2,10,,126273,4,0,36 40,2,9,,126293,4,0,36 40,2,10,,126357,4,0,36 40,2,10,,126290,4,0,36 40,2,10,,121152,4,0,36 40,2,50,,126363,4,0,36 40,2,10,,126324,4,0,36 40,2,10,,126296,4,0,36 40,2,10,,126254,4,0,36 40,2,10,,126251,4,0,36 40,2,10,,126250,4,0,36 40,2,50,,126328,4,0,36 40,2,10,,126300,4,0,36 40,2,10,,126359,4,0,36 40,2,10,,126276,4,0,36 40,2,10,,126354,4,0,36 40,2,10,,126267,4,0,36 40,2,50,,126272,4,0,36 40,2,10,,126320,4,0,36 40,2,10,,126366,4,0,36 40,2,10,,126311,4,0,36 40,2,10,,126344,4,0,36 40,2,10,,126370,4,0,36 40,2,50,,126339,4,0,36 40,2,10,,126262,4,0,36 40,2,10,,126342,4,0,36 40,2,10,,126322,4,0,36 40,2,10,,126277,4,0,36 40,2,10,,126336,4,0,36 40,2,50,,126321,4,0,36 40,2,10,,126329,4,0,36 40,2,10,,126334,4,0,36 40,2,10,,126353,4,0,36 40,2,10,,126333,4,0,36 40,2,10,,126253,4,0,36 40,2,50,,126338,4,0,36 40,2,10,,126284,4,0,36 40,2,10,,126350,4,0,36 40,2,10,,126305,4,0,36 40,2,10,,126283,4,0,36 40,2,10,,126356,4,0,36 40,2,49,,126279,4,0,36 40,2,8,,126315,4,0,36 40,2,8,,126337,4,0,36 40,2,13,,126258,4,0,36 40,2,14,,126307,4,0,36 40,2
50401,'1',535,,127031,18,0,34,2,10,,126931,31,0,46 43 44 3 45,2,10,,127103,18,0,34,2,45,,126954,31,0,46 43 44 3 45,2,5,,127013,18,0,34,2,5,,126935,31,0,46 43 44 3 45,2,5,,127049,18,0,34,2,5,,126986,31,0,46 43 44 3 45,2,5,,110226,18,0,34,2,5,,127048,29,0,46 43 44 3 45,2,5,,126967,18,0,34,2,5,,127019,29,0,46 43 44 3 45,2,5,,127152,18,0,34,2,5,,127120,29,0,46 43 44 3 45,2,3,,126917,18,0,34,2,47,,127109,29,0,46 43 44 3 45,2,5,,127129,18,0,34,2,5,,127091,29,0,46 43 44 3 45,2,5,,126902,18,0,34,2,5,,127156,29,0,46 43 44 3 45,2,5,,120643,18,0,34,2,6,,127142,29,0,46 43 44 3 45,2,7,,126957,18,0,34,2,6,,126963,29,0,46 43 44 3 45,2,5,,126944,18,0,34,2,6,,127076,29,0,46 43 44 3 45,2,45,,127029,18,0,34,2,5,,127077,29,0,46 43 44 3 45,2,5,,126947,18,0,34,2,5,,127001,29,0,46 43 44 3 45,2,5,,127162,18,0,34,2,4,,127041,29,0,46 43 44 3 45,2,4,,126983,18,0,34,2,4,,127022,29,0,46 43 44 3 45,2,4,,127143,18,0,34,2,4,,110273,29,0,46 43 44 3 45,2,4,,127074,18,0,34,2,4,,127023,29,0,46 43 44 3 45,2,4,,126919,18,0,34,2,2,,127059,18,,,2,2,,127057,29,0,46 43 44 3 45,2,44,,127095,18,0,34,2,4,,126998,29,0,46 43 44 3 45,2,4,,126952,18,0,34,2,4,,126951,29,0,46 43 44 3 45,2,4,,127124,18,0,34,2,4,,126930,29,0,46 43 44 3 45,2,4,,126966,18,0,34,2,4,,127141,29,0,46 43 44 3 45,2,4,,127062,18,0,34,2,4,,126916,29,0,46 43 44 3 45,2,4,,127083,18,0,34,2,4,,127081,29,0,46 43 44 3 45,2,4,,127126,18,0,34,2,4,,127167,29,0,46 43 44 3 45,2,4,,126938,18,0,34,2,44,,126987,29,0,46 43 44 3 45,2,3,,127107,18,0,34,2,4,,126962,29,0,46 43 44 3 45,2,5,,127027,18,0,34,2,3,,127055,29,0,46 43 44 3 45,2,4,,127136,29,0,46 43 44 3 45,2,1,,126901,18,0,34,2,9,,127131,18,0,34,2,2,,127002,29,0,46 43 44 3 45,2,6,,127104,29,,,2,2,,126926,18,0,34,2,2,,127168,29,0,46 43 44 3 45,2,8,,127069,18,0,34,2,2,,126946,29,0,46 43 44 3 45,2,8,,127025,18,0,34,2,42,,127118,29,0,46 43 44 3 45,2,8,,127158,18,0,34,2,2,,126913,29,0,46 43 44 3 45,2,4,,126994,18,,,2,4,,127098,18,0,34,2,2,,127088,29,0,46 43 44 3 45,2,8,,127051,18,0,34,2,2,,126932,29,0,46 43 44 3 45,2,8,,126911,18,0,34,2,2,,127037,29,0,46 43 44 3 45,2,8,,127015,18,0,34,2,2,,127125,29,0,46 43 44 3 45,2,8,,127036,18,0,34,2,42,,126923,29,0,46 43 44 3 45,2,8,,126924,18,0,34,2,2,,127011,29,0,46 43 44 3 45,2,8,,127111,18,0,34,2,2,,126965,29,0,46 43 44 3 45,2,8,,126974,18,0,34,2,2,,127165,29,0,46 43 44 3 45,2,8,,126941,18,0,34,2,2,,127018,29,0,46 43 44 3 45,2,8,,127101,18,0,34,2,2,,111253,29,0,46 43 44 3 45,2,8,,126940,18,0,34,2,42,,127067,29,0,46 43 44 3 45,2,8,,127148,18,0,34,2,2,,127163,29,0,46 43 44 3 45,2,8,,127139,18,0,34,2,2,,127151,29,0,46 43 44 3 45,2,8,,126934,18,0,34,2,2,,127021,29,0,46 43 44 3 45,2,8,,127087,18,0,34,2,2,,127084,29,0,46 43 44 3 45,2,8,,126990,18,0,34,2,2,,126943,29,0,46 43 44 3 45,2,8,,127121,18,0,34,2,42,,127161,29,0,46 43 44 3 45,2,8,,126903,18,0,34,2,2,,126981,29,0,46 43 44 3 45,2,8,,127026,18,0,34,2,2,,127115,29,0,46 43 44 3 45,2,8,,127045,18,0,34,2,2,,127127,29,0,46 43 44 3 45,2,8,,126948,18,0,34,2,2,,127154,29,0,46 43 44 3 45,2,8,,127075,18,0,34,2,2,,126906,29,0,46 43 44 3 45,2,8,,127113,18,0,34,2,46,,126969,29,0,46 43 44 3 45,2,5,,126909,18,0,34,2,6,,126995,29,0,46 43 44 3 45,2,5,,127072,18,0,34,2,3,,126949,29,0,46 43 44 3 45,2,7,,126914,18,0,34,2,3,,127099,29,0,46 43 44 3 45,2,7,,126956,18,0,34,2,3,,127014,29,0,46 43 44 3 45,2,7,,126996,18,0,34,2,3,,127147,29,0,46 43 44 3 45,2,47,,126999,18,0,34,2,3,,126953,29,0,46 43 44 3 45,2,7,,127070,18,0,34,2,3,,126960,29,0,46 43 44 3 45,2,7,,126922,18,0,34,2,4,,127170,29,0,46 43 44 3 45,2,6,,126961,18,0,34,2,3,,127047,29,0,46 43 44 3 45,2,7,,126997,18,0,34,2,3,,127063,29,0,46 43 44 3 45,2,7,,126980,18,0,34,2,3,,127172,29,0,46 43 44 3 45,2,47,,127106,18,0,34,2,3,,127082,29,0,46 43 44 3 45,2,7,,127117,18,0,34,2,3,,126929,29,0,46 43 44 3 45,2,7,,127145,18,0,34,2,3,,126991,29,0,46 43 44 3 45,2,7,,126942,18,0,34,2,3,,126975,29,0,46 43 44 3 45,2,7,,126988,18,0,34,2,3,,127071,29,0,46 43 44 3 45,2,7,,127039,18,0,34,2,3,,127144,29,0,46 43 44 3 45,2,47,,127110,18,0,34,2,3,,127164,29,0,46 43 44 3 45,2,7,,127034,18,0,34,2,3,,126907,29,0,46 43 44 3 45,2,7,,126985,18,0,34,2,3,,126989,29,0,46 43 44 3 45,2,7,,126915,18,0,34,2,3,,127003,29,0,46 43 44 3 45,2,7,,127065,18,0,34,2,3,,127032,29,0,46 43 44 3 45,2,7,,126982,18,0,34,2,3,,126992,29,0,46 43 44 3 45,2,47,,127005,18,0,34,2,3,,127056,29,0,46 43 44 3 45,2,7,,127089,18,0,34,2,3,,126959,29,0,46 43 44 3 45,2,7,,126936,18,0,34,2,3,,127114,29,0,46 43 44 3 45,2,7,,127137,18,0,34,2,3,,127108,29,0,46 43 44 3 45,2,7,,127008,18,0,34,2,2,,126933,18,,,2,1,,121474,29,0,46 43 44 3 45,2,8,,127090,18,0,34,2,1,,127105,29,0,46 43 44 3 45,2,47,,127122,29,0,46 43 44 3 45,2,2,,126904,18,0,34,2,8,,127060,29,0,46 43 44 3 45,2,2,,126898,18,0,34,2,7,,126968,29,0,46 43 44 3 45,2,3,,127160,18,0,34,2,7,,127119,29,0,46 43 44 3 45,2,3,,127000,18,0,34,2,1,,126937,18,,,2,6,,126908,29,0,46 43 44 3 45,2,3,,126984,18,0,34,2,8,,126910,29,0,46 43 44 3 45,2,2,,127173,18,0,34,2,48,,127050,29,0,46 43 44 3 45,2,2,,126964,18,0,34,2,3,,127096,29,,,2,5,,127079,29,0,46 43 44 3 45,2,2,,127112,18,0,34,2,8,,126978,29,0,46 43 44 3 45,2,2,,127159,18,0,34,2,8,,126945,29,0,46 43 44 3 45,2,2,,127054,18,0,34,2,8,,127052,29,0,46 43 44 3 45,2,2,,126939,18,0,34,2,8,,127146,29,0,46 43 44 3 45,2,2,,127064,18,0,34,2,48,,126950,29,0,46 43 44 3 45,2,2,,126977,18,0,34,2,8,,126897,29,0,46 43 44 3 45,2,2,,126918,18,0,34,2,9,,127157,29,0,46 43 44 3 45,2,1,,127134,18,0,34,2,9,,127175,29,0,46 43 44 3 45,2,1,,126899,18,0,34,2,8,,126920,29,0,46 43 44 3 45,2,2,,127078,18,0,34,2,8,,127153,29,0,46 43 44 3 45,2,2,,122509,18,0,34,2,48,,127155,29,0,46 43 44 3 45,2,2,,104255,18,0,34,2,8,,127024,29,0,46 43 44 3 45,2,2,,127169,18,0,34,2,8,,127010,29,0,46 43 44 3 45,2,2,,127094,18,0,34,2,3,,127097,29,,,2,5,,126905,29,0,46 43 44 3 45,2,2,,127020,18,0,34,2,8,,127061,29,0,46 43 44 3 45,2,2,,126921,18,0,34,2,8,,127116,29,0,46 43 44 3 45,2,2,,127007,18,0,34,2,48,,127068,29,0,46 43 44 3 45,2,2,,127044,18,0,34,2,8,,127035,29,0,46 43 44 3 45,2,2,,127092,18,0,34,2,8,,126900,29,0,46 43 44 3 45,2,2,,127040,18,0,34,2,8,,113756,29,0,46 43 44 3 45,2,2,,127174,18,0,34,2,8,,126925,29,0,46 43 44 3 45,2,2,,127133,18,0,34,2,8,,126976,29,0,46 43 44 3 45,2,2,,126912,18,0,34,2,48,,127017,29,0,46 43 44 3 45,2,2,,127033,18,0,34,2,8,,126972,29,0,46 43 44 3 45,2,2,,127086,18,0,34,2,8,,127166,29,0,46 43 44 3 45,2,2,,127028,18,0,34,2,8,,127012,29,0,46 43 44 3 45,2,2,,127058,18,0,34,2,5,,126979,29,0,46 43 44 3 45,2,5,,127038,18,0,34,2,5,,127004,29,0,46 43 44 3 45,2,5,,127140,18,0,34,2,5,,126955,29,0,46 43 44 3 45,2,45,,127046,18,0,34,2,5,,127171,29,0,46 43 44 3 45,2,5,,126973,18,0,34,2,5,,126928,29,0,46 43 44 3 45,2,5,,127130,18,0,34,2,1,,127132,18,,,2,4,,126993,29,0,46 43 44 3 45,2,5,,127043,18,0,34,2,5,,127066,29,0,46 43 44 3 45,2,5,,127138,18,0,34,2,5,,127042,29,0,46 43 44 3 45,2
50401,'2',528,,127282,31,0,46 43 44 3 45,2,10,,127264,18,0,34,2,10,,127358,31,0,46 43 44 3 45,2,10,,127193,18,0,34,2,45,,127386,31,0,46 43 44 3 45,2,10,,127382,18,0,34,2,5,,127313,31,0,46 43 44 3 45,2,5,,127223,18,0,34,2,5,,127280,31,0,46 43 44 3 45,2,5,,127322,18,0,34,2,5,,127181,29,0,46 43 44 3 45,2,5,,127428,18,0,34,2,5,,127189,29,0,46 43 44 3 45,2,5,,127217,18,0,34,2,5,,127230,29,0,46 43 44 3 45,2,45,,127400,18,0,34,2,5,,127390,29,0,46 43 44 3 45,2,5,,127323,18,0,34,2,5,,127263,29,0,46 43 44 3 45,2,5,,127302,18,0,34,2,5,,127188,29,0,46 43 44 3 45,2,5,,127212,18,0,34,2,5,,127365,29,0,46 43 44 3 45,2,5,,127317,18,0,34,2,5,,127253,29,0,46 43 44 3 45,2,5,,127199,18,0,34,2,5,,127422,29,0,46 43 44 3 45,2,45,,127286,18,0,34,2,5,,127416,29,0,46 43 44 3 45,2,6,,127283,18,0,34,2,6,,127272,29,0,46 43 44 3 45,2,6,,127316,18,0,34,2,6,,107825,29,0,46 43 44 3 45,2,6,,127350,18,0,34,2,7,,127378,29,0,46 43 44 3 45,2,5,,111668,18,0,34,2,5,,127401,29,0,46 43 44 3 45,2,45,,127385,18,0,34,2,5,,127221,29,0,46 43 44 3 45,2,5,,127364,18,0,34,2,5,,127184,29,0,46 43 44 3 45,2,5,,127433,18,0,34,2,5,,127391,29,0,46 43 44 3 45,2,5,,127347,18,0,34,2,5,,127319,29,0,46 43 44 3 45,2,5,,127180,18,0,34,2,5,,127196,29,0,46 43 44 3 45,2,5,,127354,18,0,34,2,5,,127311,29,0,46 43 44 3 45,2,45,,127261,18,0,34,2,5,,127259,29,0,46 43 44 3 45,2,5,,127435,18,0,34,2,5,,127275,29,0,46 43 44 3 45,2,5,,127242,18,0,34,2,5,,127318,29,0,46 43 44 3 45,2,5,,127208,18,0,34,2,5,,127220,29,0,46 43 44 3 45,2,5,,127304,18,0,34,2,5,,127424,29,0,46 43 44 3 45,2,5,,127367,18,0,34,2,5,,127389,29,0,46 43 44 3 45,2,45,,127371,18,0,34,2,5,,127209,29,0,46 43 44 3 45,2,5,,127276,18,0,34,2,5,,127372,29,0,46 43 44 3 45,2,5,,127394,18,0,34,2,5,,127381,29,0,46 43 44 3 45,2,5,,127213,18,0,34,2,5,,127335,29,0,46 43 44 3 45,2,5,,127308,18,0,34,2,5,,127395,29,0,46 43 44 3 45,2,5,,127340,18,0,34,2,5,,127419,29,0,46 43 44 3 45,2,45,,127412,18,0,34,2,5,,127262,29,0,46 43 44 3 45,2,5,,127252,18,0,34,2,5,,127421,29,0,46 43 44 3 45,2,5,,127245,18,0,34,2,5,,127344,29,0,46 43 44 3 45,2,5,,120741,18,0,34,2,5,,127205,29,0,46 43 44 3 45,2,5,,127281,18,0,34,2,5,,127284,29,0,46 43 44 3 45,2,7,,127247,18,0,34,2,51,,127182,29,0,46 43 44 3 45,2,1,,127425,18,0,34,2,10,,127366,18,0,34,2,1,,127331,29,0,46 43 44 3 45,2,9,,127397,18,0,34,2,1,,127255,29,0,46 43 44 3 45,2,9,,127210,18,0,34,2,1,,127370,29,0,46 43 44 3 45,2,9,,127368,18,0,34,2,1,,127376,29,0,46 43 44 3 45,2,9,,127342,18,0,34,2,1,,127409,29,0,46 43 44 3 45,2,49,,127361,18,0,34,2,1,,127406,29,0,46 43 44 3 45,2,9,,127333,18,0,34,2,1,,127243,29,0,46 43 44 3 45,2,9,,127267,18,0,34,2,1,,127413,29,0,46 43 44 3 45,2,9,,127222,18,0,34,2,1,,127414,29,0,46 43 44 3 45,2,9,,127215,18,0,34,2,1,,127393,29,0,46 43 44 3 45,2,9,,127224,18,0,34,2,1,,127297,29,0,46 43 44 3 45,2,49,,127305,18,0,34,2,1,,127309,29,0,46 43 44 3 45,2,9,,127396,18,0,34,2,1,,127403,29,0,46 43 44 3 45,2,9,,127241,18,0,34,2,1,,127380,29,0,46 43 44 3 45,2,9,,127289,18,0,34,2,1,,127356,29,0,46 43 44 3 45,2,9,,127265,18,0,34,2,1,,127291,29,0,46 43 44 3 45,2,9,,127312,18,0,34,2,1,,127296,29,0,46 43 44 3 45,2,49,,127287,18,0,34,2,1,,127274,29,0,46 43 44 3 45,2,9,,127329,18,0,34,2,1,,127204,29,0,46 43 44 3 45,2,9,,127294,18,0,34,2,1,,127351,29,0,46 43 44 3 45,2,9,,127427,18,0,34,2,1,,127216,29,0,46 43 44 3 45,2,9,,127306,18,0,34,2,1,,127202,29,0,46 43 44 3 45,2,9,,127176,18,0,34,2,1,,127321,29,0,46 43 44 3 45,2,49,,127402,18,0,34,2,1,,127426,29,0,46 43 44 3 45,2,9,,127410,18,0,34,2,1,,127227,29,0,46 43 44 3 45,2,9,,127338,18,0,34,2,1,,127341,29,0,46 43 44 3 45,2,9,,127392,18,0,34,2,1,,127228,29,0,46 43 44 3 45,2,9,,127375,18,0,34,2,1,,127260,29,0,46 43 44 3 45,2,9,,127234,18,0,34,2,1,,127266,29,0,46 43 44 3 45,2,49,,127348,18,0,34,2,1,,127292,29,0,46 43 44 3 45,2,9,,127248,18,0,34,2,1,,127235,29,0,46 43 44 3 45,2,9,,127290,18,0,34,2,1,,127232,29,0,46 43 44 3 45,2,9,,127231,18,0,34,2,1,,127327,29,0,46 43 44 3 45,2,9,,127373,18,0,34,2,1,,127201,29,0,46 43 44 3 45,2,9,,127434,18,0,34,2,1,,127285,29,0,46 43 44 3 45,2,49,,127353,18,0,34,2,1,,127417,29,0,46 43 44 3 45,2,4,,127207,29,0,46 43 44 3 45,2,4,,127192,18,0,34,2,5,,127418,29,0,46 43 44 3 45,2,5,,127383,18,0,34,2,5,,127185,29,0,46 43 44 3 45,2,5,,127436,18,0,34,2,5,,127332,29,0,46 43 44 3 45,2,5,,127343,18,0,34,2,5,,127299,29,0,46 43 44 3 45,2,5,,127206,18,0,34,2,2,,127388,18,,,2,3,,127345,29,0,46 43 44 3 45,2,45,,127369,18,0,34,2,5,,127258,29,0,46 43 44 3 45,2,5,,127250,18,0,34,2,5,,127288,29,0,46 43 44 3 45,2,5,,127244,18,0,34,2,4,,127303,29,0,46 43 44 3 45,2,6,,127336,18,0,34,2,4,,127279,29,0,46 43 44 3 45,2,6,,127310,18,0,34,2,4,,127404,29,0,46 43 44 3 45,2,6,,127314,18,0,34,2,4,,127178,29,0,46 43 44 3 45,2,46,,127246,18,0,34,2,4,,127325,29,0,46 43 44 3 45,2,6,,127249,18,0,34,2,4,,127295,29,0,46 43 44 3 45,2,6,,101599,18,0,34,2,4,,127337,29,0,46 43 44 3 45,2,6,,127218,18,0,34,2,4,,127257,29,0,46 43 44 3 45,2,6,,127177,18,0,34,2,4,,127339,29,0,46 43 44 3 45,2,6,,118447,18,0,34,2,4,,127233,29,0,46 43 44 3 45,2,46,,127346,18,0,34,2,4,,127408,29,0,46 43 44 3 45,2,6,,127240,18,0,34,2,4,,127271,29,0,46 43 44 3 45,2,6,,127429,18,0,34,2,4,,127431,29,0,46 43 44 3 45,2,6,,127236,18,0,34,2,2,,127315,18,,,2,4,,127415,29,0,46 43 44 3 45,2,4,,127352,18,0,34,2,7,,127219,29,0,46 43 44 3 45,2,5,,127398,18,0,34,2,46,,127197,29,0,46 43 44 3 45,2,4,,127251,18,0,34,2,6,,127377,29,0,46 43 44 3 45,2,4,,108839,18,0,34,2,6,,127420,29,0,46 43 44 3 45,2,4,,127405,18,0,34,2,6,,127187,29,0,46 43 44 3 45,2,4,,127203,18,0,34,2,6,,127357,29,0,46 43 44 3 45,2,4,,127328,18,0,34,2,6,,127278,29,0,46 43 44 3 45,2,4,,127363,18,0,34,2,46,,127270,29,0,46 43 44 3 45,2,4,,127239,18,0,34,2,6,,122724,29,0,46 43 44 3 45,2,4,,127293,18,0,34,2,6,,127179,29,0,46 43 44 3 45,2,4,,117854,18,0,34,2,6,,127237,29,0,46 43 44 3 45,2,4,,127214,18,0,34,2,6,,127190,29,0,46 43 44 3 45,2,4,,127301,18,0,34,2,6,,127300,29,0,46 43 44 3 45,2,4,,127432,18,0,34,2,46,,127387,29,0,46 43 44 3 45,2,4,,127225,18,0,34,2,6,,127349,29,0,46 43 44 3 45,2,4,,127423,18,0,34,2,6,,127379,29,0,46 43 44 3 45,2,4,,127399,18,0,34,2,6,,127200,29,0,46 43 44 3 45,2,4,,127411,18,0,34,2,6,,127183,29,0,46 43 44 3 45,2,4,,127254,18,0,34,2,5,,127320,29,0,46 43 44 3 45,2,5,,127307,18,0,34,2,45,,127273,29,0,46 43 44 3 45,2,5,,127362,18,0,34,2,5,,127360,29,0,46 43 44 3 45,2,5,,127226,18,0,34,2,5,,127326,29,0,46 43 44 3 45,2,5,,127195,18,0,34,2,5,,127324,29,0,46 43 44 3 45,2,5,,127277,18,0,34,2,5,,127334,29,0,46 43 44 3 45,2,2,,127186,18,0,34,2,1,,127191,29,,,2,6,,127198,18,,,2,2,,127355,29,0,46 43 44 3 45,2,8,,127384,18,,,2
50401,'3',752,,127477,18,0,34,2,54,,127531,18,0,34,2,14,,127545,18,0,34,2,14,,127551,18,0,34,2,14,,127459,18,0,34,2,7,,127456,29,0,46 43 44 3 45,2,47,,127615,18,0,34,2,7,,127513,29,0,46 43 44 3 45,2,7,,121857,18,0,34,2,5,,127500,18,0,34,2,4,,127450,29,0,46 43 44 3 45,2,9,,127462,18,0,34,2,5,,127614,29,0,46 43 44 3 45,2,7,,127627,18,0,34,2,3,,127444,29,0,46 43 44 3 45,2,7,,127652,18,0,34,2,44,,127640,29,0,46 43 44 3 45,2,6,,127557,18,0,34,2,3,,127624,29,0,46 43 44 3 45,2,7,,127455,18,0,34,2,3,,127642,29,0,46 43 44 3 45,2,7,,127440,18,0,34,2,3,,127657,29,0,46 43 44 3 45,2,7,,127585,18,0,34,2,3,,127619,29,0,46 43 44 3 45,2,7,,127522,18,0,34,2,3,,127542,29,0,46 43 44 3 45,2,7,,127439,18,0,34,2,3,,127658,29,0,46 43 44 3 45,2,47,,127502,18,0,34,2,3,,127544,29,0,46 43 44 3 45,2,7,,127580,18,0,34,2,3,,127539,29,0,46 43 44 3 45,2,7,,127610,18,0,34,2,3,,127483,29,0,46 43 44 3 45,2,7,,127570,18,0,34,2,3,,127529,29,0,46 43 44 3 45,2,7,,127467,18,0,34,2,3,,127510,29,0,46 43 44 3 45,2,7,,127514,18,0,34,2,3,,127472,29,0,46 43 44 3 45,2,47,,127595,18,0,34,2,3,,127503,29,0,46 43 44 3 45,2,8,,127511,18,0,34,2,12,,127496,29,0,46 43 44 3 45,2,1,,127593,18,0,34,2,9,,127592,29,0,46 43 44 3 45,2,2,,127620,18,0,34,2,8,,127518,29,0,46 43 44 3 45,2,2,,127463,18,0,34,2,8,,127471,29,0,46 43 44 3 45,2,42,,127448,18,0,34,2,8,,127636,29,0,46 43 44 3 45,2,2,,127519,18,0,34,2,8,,127582,29,0,46 43 44 3 45,2,2,,116766,18,0,34,2,8,,127492,29,0,46 43 44 3 45,2,2,,127648,18,0,34,2,8,,127634,29,0,46 43 44 3 45,2,2,,127442,18,0,34,2,8,,127508,29,0,46 43 44 3 45,2,2,,127547,18,0,34,2,8,,127623,29,0,46 43 44 3 45,2,42,,127569,18,0,34,2,8,,127632,29,0,46 43 44 3 45,2,2,,127495,18,0,34,2,8,,127553,29,0,46 43 44 3 45,2,2,,127493,18,0,34,2,8,,127578,29,0,46 43 44 3 45,2,2,,127596,18,0,34,2,8,,127660,29,0,46 43 44 3 45,2,2,,127458,18,0,34,2,8,,127564,29,0,46 43 44 3 45,2,2,,127520,18,0,34,2,8,,127538,29,0,46 43 44 3 45,2,42,,127606,18,0,34,2,8,,127661,29,0,46 43 44 3 45,2,2,,127600,18,0,34,2,8,,127651,29,0,46 43 44 3 45,2,2,,127612,18,0,34,2,8,,127567,29,0,46 43 44 3 45,2,2,,127604,18,0,34,2,8,,127590,29,0,46 43 44 3 45,2,2,,127512,18,0,34,2,8,,127639,29,0,46 43 44 3 45,2,2,,127656,18,0,34,2,8,,127589,29,0,46 43 44 3 45,2,42,,127530,18,0,34,2,8,,127532,29,0,46 43 44 3 45,2,2,,127525,18,0,34,2,8,,127484,29,0,46 43 44 3 45,2,2,,127630,18,0,34,2,8,,127577,29,0,46 43 44 3 45,2,2,,127576,18,0,34,2,8,,127558,29,0,46 43 44 3 45,2,2,,127581,18,0,34,2,8,,127521,29,0,46 43 44 3 45,2,2,,127575,18,0,34,2,8,,127490,29,0,46 43 44 3 45,2,42,,127579,18,0,34,2,8,,127631,29,0,46 43 44 3 45,2,2,,127466,18,0,34,2,8,,127655,29,0,46 43 44 3 45,2,2,,127546,18,0,34,2,8,,127443,29,0,46 43 44 3 45,2,2,,127526,18,0,34,2,8,,127611,29,0,46 43 44 3 45,2,2,,127594,18,0,34,2,8,,127607,29,0,46 43 44 3 45,2,2,,127588,18,0,34,2,8,,127638,29,0,46 43 44 3 45,2,42,,127516,18,0,34,2,8,,121792,29,0,46 43 44 3 45,2,2,,127641,18,0,34,2,8,,127528,29,0,46 43 44 3 45,2,2,,127605,18,0,34,2,8,,127468,29,0,46 43 44 3 45,2,2,,127566,18,0,34,2,8,,127562,29,0,46 43 44 3 45,2,2,,127646,18,0,34,2,8,,127465,29,0,46 43 44 3 45,2,2,,127543,18,0,34,2,8,,127584,29,0,46 43 44 3 45,2,42,,127536,18,0,34,2,7,,127650,29,0,46 43 44 3 45,2,3,,127454,18,0,34,2,3,,127445,18,,,2,3,,127583,29,0,46 43 44 3 45,2,6,,127527,18,0,34,2,4,,127591,29,0,46 43 44 3 45,2,5,,127601,18,0,34,2,5,,127621,29,0,46 43 44 3 45,2,5,,127629,18,0,34,2,2,,127568,29,0,46 43 44 3 45,2,8,,127485,18,0,34,2,2,,127633,29,0,46 43 44 3 45,2,48,,127608,18,0,34,2,2,,127659,29,0,46 43 44 3 45,2,8,,127654,18,0,34,2,2,,127565,29,0,46 43 44 3 45,2,8,,127587,18,0,34,2,2,,127481,29,0,46 43 44 3 45,2,8,,127563,18,0,34,2,2,,127474,29,0,46 43 44 3 45,2,8,,127574,18,0,34,2,2,,127537,29,0,46 43 44 3 45,2,8,,127603,18,0,34,2,2,,127446,29,0,46 43 44 3 45,2,48,,127438,18,0,34,2,2,,127647,29,0,46 43 44 3 45,2,8,,127572,18,0,34,2,2,,127613,29,0,46 43 44 3 45,2,8,,127453,18,0,34,2,2,,127449,29,0,46 43 44 3 45,2,8,,127489,18,0,34,2,2,,127649,29,0,46 43 44 3 45,2,8,,127534,18,0,34,2,2,,127616,29,0,46 43 44 3 45,2,8,,127622,18,0,34,2,2,,127555,29,0,46 43 44 3 45,2,48,,127645,18,0,34,2,2,,127644,29,0,46 43 44 3 45,2,8,,127617,18,0,34,2,2,,127464,29,0,46 43 44 3 45,2,4,,127549,29,,,2,4,,127561,18,0,34,2,4,,127506,29,0,46 43 44 3 45,2,7,,127507,18,0,34,2,3,,127517,29,0,46 43 44 3 45,2,7,,127653,18,0,34,2,3,,127541,29,0,46 43 44 3 45,2,7,,127487,18,0,34,2,3,,127504,29,0,46 43 44 3 45,2,47,,127573,18,0,34,2,3,,127494,29,0,46 43 44 3 45,2,2,,127556,18,,,2,5,,127635,18,0,34,2,3,,127498,29,0,46 43 44 3 45,2,7,,127451,18,0,34,2,3,,127469,29,0,46 43 44 3 45,2,7,,127488,18,0,34,2,3,,127486,29,0,46 43 44 3 45,2,7,,127457,18,0,34,2,3,,127618,29,0,46 43 44 3 45,2,7,,127597,18,0,34,2,3,,127482,29,0,46 43 44 3 45,2,47,,127535,18,0,34,2,3,,127501,29,0,46 43 44 3 45,2,7,,127475,18,0,34,2,3,,127491,29,0,46 43 44 3 45,2,7,,127524,18,0,34,2,3,,127533,29,0,46 43 44 3 45,2,7,,127599,18,0,34,2,3,,127476,29,0,46 43 44 3 45,2,7,,127602,18,0,34,2,3,,127560,29,0,46 43 44 3 45,2,7,,127497,18,0,34,2,3,,127460,29,0,46 43 44 3 45,2,47,,127470,18,0,34,2,3,,127499,29,0,46 43 44 3 45,2,7,,127609,18,0,34,2,3,,127505,29,0,46 43 44 3 45,2,7,,127452,18,0,34,2,3,,127559,29,0,46 43 44 3 45,2,7,,127441,18,0,34,2,3,,127478,29,0,46 43 44 3 45,2,7,,127552,18,0,34,2,3,,127447,29,0,46 43 44 3 45,2,7,,127586,18,0,34,2,3,,127598,29,0,46 43 44 3 45,2,47,,127480,18,0,34,2,3,,127571,29,0,46 43 44 3 45,2,7,,127461,18,0,34,2,3,,127550,29,0,46 43 44 3 45,2,5,,127509,29,,,2,2,,127473,18,0,34,2,8,,127637,29,0,46 43 44 3 45,2,2,,127554,18,0,34,2,10,,127548,18,0,34,2,3,,127540,29,0,46 43 44 3 45,2,2,,127625,18,,,2
50401,'5',546,,127664,18,0,34,2,7,,127807,31,0,46 43 44 3 45,2,47,,127753,18,0,34,2,7,,114510,31,0,46 43 44 3 45,2,7,,127801,18,0,34,2,7,,127873,31,0,46 43 44 3 45,2,7,,127884,18,0,34,2,7,,127805,29,0,46 43 44 3 45,2,7,,127707,18,0,34,2,7,,127827,29,0,46 43 44 3 45,2,7,,127766,18,0,34,2,47,,115489,29,0,46 43 44 3 45,2,7,,127874,18,0,34,2,7,,127700,29,0,46 43 44 3 45,2,7,,127706,18,0,34,2,7,,115402,29,0,46 43 44 3 45,2,7,,127858,18,0,34,2,7,,127883,29,0,46 43 44 3 45,2,7,,127843,18,0,34,2,7,,127759,29,0,46 43 44 3 45,2,47,,127732,18,0,34,2,7,,127806,29,0,46 43 44 3 45,2,7,,127717,18,0,34,2,7,,127815,29,0,46 43 44 3 45,2,7,,127763,18,0,34,2,7,,127838,29,0,46 43 44 3 45,2,7,,127731,18,0,34,2,7,,127903,29,0,46 43 44 3 45,2,47,,127730,18,0,34,2,7,,127748,29,0,46 43 44 3 45,2,7,,127854,18,0,34,2,5,,127786,18,0,34,2,4,,127671,29,0,46 43 44 3 45,2,9,,127803,18,0,34,2,5,,127772,29,0,46 43 44 3 45,2,7,,127866,18,0,34,2,3,,127738,29,0,46 43 44 3 45,2,7,,127881,18,0,34,2,44,,127797,29,0,46 43 44 3 45,2,6,,127834,18,0,34,2,3,,127747,29,0,46 43 44 3 45,2,7,,127899,18,0,34,2,3,,127829,29,0,46 43 44 3 45,2,7,,127875,18,0,34,2,3,,127760,29,0,46 43 44 3 45,2,7,,127726,18,0,34,2,3,,111972,29,0,46 43 44 3 45,2,7,,127849,18,0,34,2,3,,127851,29,0,46 43 44 3 45,2,7,,127719,18,0,34,2,3,,127888,29,0,46 43 44 3 45,2,47,,127754,18,0,34,2,3,,127762,29,0,46 43 44 3 45,2,7,,127715,18,0,34,2,3,,127845,29,0,46 43 44 3 45,2,7,,127809,18,0,34,2,3,,127790,29,0,46 43 44 3 45,2,7,,127694,18,0,34,2,3,,127822,29,0,46 43 44 3 45,2,7,,127780,18,0,34,2,3,,127894,29,0,46 43 44 3 45,2,7,,127859,18,0,34,2,3,,127692,29,0,46 43 44 3 45,2,47,,127839,18,0,34,2,3,,127746,29,0,46 43 44 3 45,2,8,,127708,18,0,34,2,5,,127823,29,0,46 43 44 3 45,2,8,,127765,18,0,34,2,9,,127761,29,0,46 43 44 3 45,2,2,,127788,18,0,34,2,8,,127868,29,0,46 43 44 3 45,2,2,,127741,18,0,34,2,8,,127733,29,0,46 43 44 3 45,2,42,,127773,18,0,34,2,8,,127816,29,0,46 43 44 3 45,2,2,,127896,18,0,34,2,8,,127835,29,0,46 43 44 3 45,2,2,,127693,18,0,34,2,8,,127825,29,0,46 43 44 3 45,2,2,,127900,18,0,34,2,8,,127794,29,0,46 43 44 3 45,2,2,,127841,18,0,34,2,8,,127770,29,0,46 43 44 3 45,2,2,,127799,18,0,34,2,8,,127850,29,0,46 43 44 3 45,2,42,,127688,18,0,34,2,8,,127734,29,0,46 43 44 3 45,2,2,,127895,18,0,34,2,8,,127818,29,0,46 43 44 3 45,2,2,,127889,18,0,34,2,8,,127869,29,0,46 43 44 3 45,2,2,,127756,18,0,34,2,8,,127681,29,0,46 43 44 3 45,2,2,,127857,18,0,34,2,8,,127848,29,0,46 43 44 3 45,2,2,,127861,18,0,34,2,8,,127703,29,0,46 43 44 3 45,2,42,,127831,18,0,34,2,8,,127691,29,0,46 43 44 3 45,2,2,,127811,18,0,34,2,8,,127812,29,0,46 43 44 3 45,2,2,,127814,18,0,34,2,8,,127819,29,0,46 43 44 3 45,2,2,,127676,18,0,34,2,8,,127755,29,0,46 43 44 3 45,2,2,,127745,18,0,34,2,8,,127690,29,0,46 43 44 3 45,2,2,,127860,18,0,34,2,8,,127728,29,0,46 43 44 3 45,2,42,,127804,18,0,34,2,8,,127709,29,0,46 43 44 3 45,2,2,,127758,18,0,34,2,8,,127678,29,0,46 43 44 3 45,2,2,,127672,18,0,34,2,8,,127863,29,0,46 43 44 3 45,2,2,,127768,18,0,34,2,8,,127670,29,0,46 43 44 3 45,2,2,,127856,18,0,34,2,8,,127722,29,0,46 43 44 3 45,2,2,,127702,18,0,34,2,8,,127802,29,0,46 43 44 3 45,2,42,,127677,18,0,34,2,8,,127813,29,0,46 43 44 3 45,2,2,,127711,18,0,34,2,8,,127686,29,0,46 43 44 3 45,2,2,,127877,18,0,34,2,8,,127684,29,0,46 43 44 3 45,2,2,,127810,18,0,34,2,8,,127870,29,0,46 43 44 3 45,2,2,,127892,18,0,34,2,8,,127887,29,0,46 43 44 3 45,2,2,,127695,18,0,34,2,8,,127685,29,0,46 43 44 3 45,2,42,,127837,18,0,34,2,8,,110984,29,0,46 43 44 3 45,2,2,,127785,18,0,34,2,8,,127668,29,0,46 43 44 3 45,2,2,,127808,18,0,34,2,8,,127740,29,0,46 43 44 3 45,2,2,,127724,18,0,34,2,8,,127853,29,0,46 43 44 3 45,2,2,,127744,18,0,34,2,8,,127750,29,0,46 43 44 3 45,2,2,,127891,18,0,34,2,8,,127897,29,0,46 43 44 3 45,2,42,,127820,18,0,34,2,5,,127833,29,0,46 43 44 3 45,2,5,,127847,18,0,34,2,3,,127764,18,,,2,2,,127898,29,0,46 43 44 3 45,2,7,,127705,18,0,34,2,1,,127855,29,0,46 43 44 3 45,2,8,,127793,18,0,34,2,2,,127701,29,0,46 43 44 3 45,2,8,,127828,18,0,34,2,2,,127864,29,0,46 43 44 3 45,2,8,,127723,18,0,34,2,2,,127876,29,0,46 43 44 3 45,2,48,,127710,18,0,34,2,2,,127879,29,0,46 43 44 3 45,2,8,,127727,18,0,34,2,2,,127736,29,0,46 43 44 3 45,2,8,,127842,18,0,34,2,2,,127721,29,0,46 43 44 3 45,2,8,,127798,18,0,34,2,2,,127901,29,0,46 43 44 3 45,2,8,,127683,18,0,34,2,2,,127697,29,0,46 43 44 3 45,2,8,,127663,18,0,34,2,2,,127893,29,0,46 43 44 3 45,2,48,,112125,18,0,34,2,2,,127775,29,0,46 43 44 3 45,2,8,,127749,18,0,34,2,2,,127704,29,0,46 43 44 3 45,2,8,,127679,18,0,34,2,2,,127836,29,0,46 43 44 3 45,2,8,,127821,18,0,34,2,2,,127675,29,0,46 43 44 3 45,2,8,,111968,18,0,34,2,2,,127885,29,0,46 43 44 3 45,2,8,,127757,18,0,34,2,2,,127844,29,0,46 43 44 3 45,2,48,,127716,18,0,34,2,2,,127882,29,0,46 43 44 3 45,2,8,,127751,18,0,34,2,2,,127682,29,0,46 43 44 3 45,2,4,,127735,29,,,2,4,,127720,18,0,34,2,5,,127743,29,0,46 43 44 3 45,2,6,,127783,18,0,34,2,3,,127840,29,0,46 43 44 3 45,2,7,,127742,18,0,34,2,3,,127800,29,0,46 43 44 3 45,2,7,,127878,18,0,34,2,3,,127852,29,0,46 43 44 3 45,2,47,,127665,18,0,34,2,3,,127902,29,0,46 43 44 3 45,2,2,,127769,18,,,2,5,,127669,18,0,34,2,3,,127739,29,0,46 43 44 3 45,2,7,,127886,18,0,34,2,3,,127905,29,0,46 43 44 3 45,2,7,,127791,18,0,34,2,3,,127767,29,0,46 43 44 3 45,2,7,,127662,18,0,34,2,3,,127817,29,0,46 43 44 3 45,2,7,,127699,18,0,34,2,3,,127832,29,0,46 43 44 3 45,2,47,,127689,18,0,34,2,3,,119816,29,0,46 43 44 3 45,2,7,,127774,18,0,34,2,3,,127862,29,0,46 43 44 3 45,2,7,,127674,18,0,34,2,3,,127782,29,0,46 43 44 3 45,2,7,,127789,18,0,34,2,3,,127792,29,0,46 43 44 3 45,2,7,,127846,18,0,34,2,3,,117042,29,0,46 43 44 3 45,2,7,,127781,18,0,34,2,3,,127718,29,0,46 43 44 3 45,2,47,,127771,18,0,34,2,3,,127784,29,0,46 43 44 3 45,2,7,,127824,18,0,34,2,3,,127904,29,0,46 43 44 3 45,2,7,,127696,18,0,34,2,3,,127752,29,0,46 43 44 3 45,2,7,,127680,18,0,34,2,3,,127713,29,0,46 43 44 3 45,2,7,,127787,18,0,34,2,3,,127826,29,0,46 43 44 3 45,2,7,,127687,18,0,34,2,3,,106935,29,0,46 43 44 3 45,2,47,,127737,18,0,34,2,3,,127712,29,0,46 43 44 3 45,2,7,,127867,18,0,34,2,3,,127778,29,0,46 43 44 3 45,2,5,,127725,29,,,2,2,,127865,18,0,34,2,8,,127776,29,0,46 43 44 3 45,2,2,,127890,18,0,34,2,10,,127796,18,0,34,2,1,,127698,29,0,46 43 44 3 45,2,7,,127777,18,,,2,7,,127872,29,0,46 43 44 3 45,2,43,,127673,18,,,2
50801,'1',806,,133756,29,0,43 44 3 45,2,20,,133761,29,0,43 44 3 45,2,8,,133750,29,0,43 44 3 45,2,10,,133752,29,0,43 44 3 45,2,10,,133763,29,0,43 44 3 45,2,50,,133764,29,0,43 44 3 45,2,20,,133760,29,0,43 44 3 45,2,681,,133755,23,0,43 44 3 45,2,20,,133754,23,0,43 44 3 45,2,10,,133759,23,0,43 44 3 45,2,10,,133762,23,0,43 44 3 45,2,10,,133749,23,0,43 44 3 45,2,50,,133745,23,0,43 44 3 45,2,20,,133747,23,0,43 44 3 45,2
