30101,'1',2631,,123574,48,0,16 40,2,13,,123571,48,0,16 40,2,15,,123567,48,0,16 40,2,55,,123572,48,0,16 40,2,15,,123584,48,0,16 40,2,15,,123577,48,0,16 40,2,15,,108162,48,0,16 40,2,55,,123575,48,0,16 40,2,15,,123592,48,0,16 40,2,15,,123589,48,0,16 40,2,15,,123576,48,0,16 40,2,55,,123590,48,0,16 40,2,15,,123565,48,0,16 40,2
30101,'2',2645,,123603,48,0,16 40,2,9,,123593,48,0,16 40,2,55,,123606,48,0,16 40,2,15,,123611,48,0,16 40,2,15,,119354,48,0,16 40,2,15,,123594,48,0,16 40,2,55,,123613,48,0,16 40,2,15,,123605,48,0,16 40,2,15,,123609,48,0,16 40,2,15,,123599,48,0,16 40,2,55,,123602,48,0,16 40,2,15,,123617,48,0,16 40,2,15,,123598,48,0,16 40,2
30101,'3',2612,,123621,48,0,16 40,2,15,,113275,48,0,16 40,2,12,,123634,48,0,16 40,2,15,,123629,48,0,16 40,2,55,,123637,48,0,16 40,2,15,,123642,48,0,16 40,2,15,,123623,48,0,16 40,2,15,,123644,48,0,16 40,2,55,,123633,48,0,16 40,2,15,,123620,48,0,16 40,2,15,,123630,48,0,16 40,2,15,,123628,48,0,16 40,2,55,,123635,48,0,16 40,2,15,,123640,48,0,16 40,2,15,,123636,48,0,16 40,2
30101,'5',2612,,112866,48,0,16 40,2,15,,123652,48,0,16 40,2,12,,123654,48,0,16 40,2,15,,123667,48,0,16 40,2,55,,123647,48,0,16 40,2,15,,123656,48,0,16 40,2,15,,123657,48,0,16 40,2,15,,123673,48,0,16 40,2,55,,123659,48,0,16 40,2,15,,123671,48,0,16 40,2,15,,123672,48,0,16 40,2,15,,123669,48,0,16 40,2,55,,123666,48,0,16 40,2,15,,123649,48,0,16 40,2,15,,123665,48,0,16 40,2
50101,'1',446,,124850,43,0,16 40,2,10,,124873,43,0,16 40,2,50,,124806,43,0,16 40,2,10,,124829,43,0,16 40,2,10,,124892,43,0,16 40,2,10,,124788,43,0,16 40,2,8,,124854,43,0,16 40,2,11,,124825,43,0,16 40,2,50,,124773,43,0,16 40,2,1,,124876,49,0,16 40,2,15,,124833,49,0,16 40,2,7,,124889,43,0,16 40,2,8,,124883,49,0,16 40,2,15,,124800,43,0,16 40,2,0,,124811,49,0,16 40,2,55,,124858,49,0,16 40,2,10,,124894,49,0,16 40,2,10,,124808,49,0,16 40,2,10,,124874,49,0,16 40,2,10,,124902,49,0,16 40,2,10,,124827,49,0,16 40,2,54,,124776,43,0,16 40,2,6,,124882,49,0,16 40,2,10,,124890,49,0,16 40,2,10,,124871,49,0,16 40,2,10,,124843,49,0,16 40,2,10,,124864,49,0,16 40,2,50,,124855,49,0,16 40,2,10,,124863,49,0,16 40,2,10,,124794,49,0,16 40,2,10,,124838,49,0,16 40,2,10,,124896,49,0,16 40,2,10,,124898,49,0,16 40,2,50,,124842,49,0,16 40,2,13,,124804,49,0,16 40,2,5,,124801,43,0,16 40,2,5,,124834,49,0,16 40,2,10,,124844,49,0,16 40,2,10,,124778,49,0,16 40,2,10,,124870,49,0,16 40,2,50,,112240,49,0,16 40,2,10,,124835,49,0,16 40,2,10,,112292,49,0,16 40,2,10,,124900,49,0,16 40,2,10,,124893,49,0,16 40,2,10,,124785,49,0,16 40,2,50,,124878,49,0,16 40,2,10,,124786,49,0,16 40,2,10,,124774,49,0,16 40,2,10,,124818,49,0,16 40,2,10,,124813,49,0,16 40,2,10,,124798,49,0,16 40,2,50,,124772,49,0,16 40,2,10,,124886,49,0,16 40,2,10,,124803,49,0,16 40,2,10,,124807,49,0,16 40,2,10,,124891,49,0,16 40,2,10,,124790,49,0,16 40,2,50,,124851,49,0,16 40,2,10,,124792,49,0,16 40,2,10,,124796,49,0,16 40,2,10,,124793,49,0,16 40,2,10,,124847,49,0,16 40,2,10,,124828,49,0,16 40,2,50,,124824,49,0,16 40,2,10,,124822,49,0,16 40,2,10,,124899,49,0,16 40,2,10,,124895,49,0,16 40,2,10,,124821,49,0,16 40,2,10,,124802,49,0,16 40,2,51,,124879,49,0,16 40,2,12,,124791,49,0,16 40,2,10,,124820,49,0,16 40,2,10,,124867,49,0,16 40,2,10,,124888,49,0,16 40,2,50,,124880,49,0,16 40,2,10,,124831,49,0,16 40,2,10,,124819,49,0,16 40,2,10,,124830,49,0,16 40,2,10,,124856,49,0,16 40,2,10,,124901,49,0,16 40,2,50,,124845,49,0,16 40,2,10,,124809,49,0,16 40,2,9,,124795,49,0,16 40,2,10,,124814,49,0,16 40,2,10,,124816,49,0,16 40,2,10,,124799,49,0,16 40,2,50,,124872,49,0,16 40,2,10,,124815,49,0,16 40,2,10,,124832,49,0,16 40,2,10,,109745,49,0,16 40,2,10,,124862,49,0,16 40,2,10,,124869,49,0,16 40,2,50,,124897,49,0,16 40,2,10,,124848,49,0,16 40,2,8,,124837,49,0,16 40,2,9,,122657,49,0,16 40,2,8,,124875,49,0,16 40,2,7,,124887,49,0,16 40,2,10,,124777,49,0,16 40,2,50,,124861,49,0,16 40,2,10,,124836,49,0,16 40,2,10,,124903,49,0,16 40,2,10,,124853,49,0,16 40,2,10,,124779,49,0,16 40,2,10,,124817,49,0,16 40,2,50,,124885,49,0,16 40,2,10,,124823,49,0,16 40,2,10,,124866,49,0,16 40,2,10,,124860,49,0,16 40,2,10,,124877,49,0,16 40,2,8,,124805,49,0,16 40,2,7,,124775,49,0,16 40,2,47,,124840,49,0,16 40,2,8,,124839,49,0,16 40,2,10,,124787,49,0,16 40,2,10,,124849,49,0,16 40,2,10,,124884,49,0,16 40,2,10,,124780,49,0,16 40,2,50,,124789,49,0,16 40,2,10,,124859,49,0,16 40,2,10,,124812,49,0,16 40,2,10,,124781,49,0,16 40,2,10,,124797,49,0,16 40,2,10,,124852,49,0,16 40,2,50,,124841,49,0,16 40,2,10,,124881,49,0,16 40,2,10,,124810,49,0,16 40,2,10,,124826,49,0,16 40,2,10,,124865,49,0,16 40,2,10,,124868,49,0,16 40,2,50,,124784,49,0,16 40,2,10,,124846,49,0,16 40,2,10,,124783,49,0,16 40,2
50101,'2',439,,124930,43,0,16 40,2,10,,124907,43,0,16 40,2,10,,124928,43,0,16 40,2,50,,125006,43,0,16 40,2,10,,124958,43,0,16 40,2,10,,125032,43,0,16 40,2,10,,124964,43,0,16 40,2,10,,124975,43,0,16 40,2,10,,124922,49,0,16 40,2,50,,124978,49,0,16 40,2,10,,124946,49,0,16 40,2,10,,124984,49,0,16 40,2,10,,124969,49,0,16 40,2,10,,125013,49,0,16 40,2,10,,124931,49,0,16 40,2,50,,124968,49,0,16 40,2,10,,125008,49,0,16 40,2,10,,124920,49,0,16 40,2,10,,124912,49,0,16 40,2,10,,125038,49,0,16 40,2,10,,124980,49,0,16 40,2,50,,124973,49,0,16 40,2,10,,125029,49,0,16 40,2,10,,124916,49,0,16 40,2,11,,124992,49,0,16 40,2,13,,124923,49,0,16 40,2,52,,124947,49,0,16 40,2,5,,124917,43,0,16 40,2,8,,125007,49,0,16 40,2,13,,124938,49,0,16 40,2,10,,124974,49,0,16 40,2,10,,125017,49,0,16 40,2,50,,124962,49,0,16 40,2,10,,124967,49,0,16 40,2,10,,124921,49,0,16 40,2,10,,124913,49,0,16 40,2,10,,125012,49,0,16 40,2,10,,124994,49,0,16 40,2,50,,124926,49,0,16 40,2,10,,124959,49,0,16 40,2,10,,125025,49,0,16 40,2,10,,124945,49,0,16 40,2,10,,124985,49,0,16 40,2,10,,124940,49,0,16 40,2,53,,125042,49,0,16 40,2,5,,125035,43,0,16 40,2,8,,125000,49,0,16 40,2,5,,124999,43,0,16 40,2,7,,125033,49,0,16 40,2,9,,125021,49,0,16 40,2,9,,124911,49,0,16 40,2,9,,124986,49,0,16 40,2,49,,124963,49,0,16 40,2,9,,106867,49,0,16 40,2,9,,125027,49,0,16 40,2,9,,124929,49,0,16 40,2,9,,124936,49,0,16 40,2,9,,124993,49,0,16 40,2,9,,124957,49,0,16 40,2,49,,125019,49,0,16 40,2,9,,125018,49,0,16 40,2,9,,124991,49,0,16 40,2,9,,125011,49,0,16 40,2,9,,124908,49,0,16 40,2,9,,124961,49,0,16 40,2,49,,124914,49,0,16 40,2,9,,124935,49,0,16 40,2,9,,124996,49,0,16 40,2,9,,124905,49,0,16 40,2,9,,124944,49,0,16 40,2,9,,125004,49,0,16 40,2,9,,125010,49,0,16 40,2,49,,124950,49,0,16 40,2,9,,124910,49,0,16 40,2,9,,124976,49,0,16 40,2,9,,124952,49,0,16 40,2,9,,124971,49,0,16 40,2,9,,125005,49,0,16 40,2,9,,124937,49,0,16 40,2,49,,124943,49,0,16 40,2,9,,124906,49,0,16 40,2,9,,124989,49,0,16 40,2,9,,124955,49,0,16 40,2,9,,124951,49,0,16 40,2,9,,124954,49,0,16 40,2,49,,124960,49,0,16 40,2,9,,124965,49,0,16 40,2,9,,125001,49,0,16 40,2,9,,124919,49,0,16 40,2,9,,124998,49,0,16 40,2,9,,124941,49,0,16 40,2,9,,125037,49,0,16 40,2,49,,124924,49,0,16 40,2,9,,124983,49,0,16 40,2,9,,124977,49,0,16 40,2,9,,117930,49,0,16 40,2,9,,124904,49,0,16 40,2,9,,125041,49,0,16 40,2,9,,124981,49,0,16 40,2,49,,124979,49,0,16 40,2,9,,125002,49,0,16 40,2,9,,125030,49,0,16 40,2,9,,124949,49,0,16 40,2,10,,124925,49,0,16 40,2,10,,124939,49,0,16 40,2,50,,125024,49,0,16 40,2,10,,124995,49,0,16 40,2,10,,125016,49,0,16 40,2,10,,125023,49,0,16 40,2,10,,125031,49,0,16 40,2,10,,125028,49,0,16 40,2,50,,125009,49,0,16 40,2,10,,124970,49,0,16 40,2,10,,124990,49,0,16 40,2,10,,124942,49,0,16 40,2,10,,124997,49,0,16 40,2,10,,124966,49,0,16 40,2,46,,107110,49,0,16 40,2,7,,125026,49,0,16 40,2,6,,124987,49,0,16 40,2,7,,125022,49,0,16 40,2,6,,125003,49,0,16 40,2,10,,125040,49,0,16 40,2,10,,124918,49,0,16 40,2,10,,124909,49,0,16 40,2,50,,124956,49,0,16 40,2,10,,124948,49,0,16 40,2,10,,125014,49,0,16 40,2,10,,125039,49,0,16 40,2,10,,125034,49,0,16 40,2,10,,124988,49,0,16 40,2,50,,124933,49,0,16 40,2,10,,120063,49,0,16 40,2,10,,124972,49,0,16 40,2,10,,124982,49,0,16 40,2,10,,124953,49,0,16 40,2,10,,125036,49,0,16 40,2,50,,125020,49,0,16 40,2,10,,124915,49,0,16 40,2,10,,124934,49,0,16 40,2
50101,'3',446,,125129,43,0,16 40,2,8,,118802,43,0,16 40,2,48,,125134,43,0,16 40,2,8,,125140,43,0,16 40,2,8,,125126,43,0,16 40,2,16,,125164,43,0,16 40,2,10,,125071,43,0,16 40,2,13,,125120,49,0,16 40,2,50,,125121,49,0,16 40,2,10,,125153,49,0,16 40,2,10,,125148,49,0,16 40,2,10,,125066,49,0,16 40,2,10,,125043,49,0,16 40,2,10,,125058,49,0,16 40,2,50,,125046,49,0,16 40,2,10,,125133,49,0,16 40,2,10,,125089,49,0,16 40,2,10,,125110,49,0,16 40,2,10,,125138,49,0,16 40,2,10,,125092,49,0,16 40,2,50,,111923,49,0,16 40,2,10,,125100,49,0,16 40,2,10,,125163,49,0,16 40,2,4,,125107,43,0,16 40,2,8,,125104,49,0,16 40,2,13,,125136,49,0,16 40,2,53,,125088,49,0,16 40,2,12,,125152,49,0,16 40,2,7,,125098,43,0,16 40,2,5,,125078,49,0,16 40,2,10,,125095,49,0,16 40,2,10,,125086,49,0,16 40,2,10,,125130,49,0,16 40,2,50,,125139,49,0,16 40,2,10,,125096,49,0,16 40,2,10,,125077,49,0,16 40,2,10,,125052,49,0,16 40,2,10,,125161,49,0,16 40,2,10,,125073,49,0,16 40,2,50,,125065,49,0,16 40,2,10,,125049,49,0,16 40,2,10,,125165,49,0,16 40,2,10,,125113,49,0,16 40,2,10,,125070,49,0,16 40,2,52,,125053,49,0,16 40,2,13,,125082,49,0,16 40,2,6,,125172,43,0,16 40,2,6,,125074,49,0,16 40,2,10,,125132,49,0,16 40,2,10,,125135,49,0,16 40,2,10,,125131,49,0,16 40,2,50,,125090,49,0,16 40,2,10,,125102,49,0,16 40,2,10,,125146,49,0,16 40,2,10,,125099,49,0,16 40,2,10,,125061,49,0,16 40,2,10,,107999,49,0,16 40,2,50,,125054,49,0,16 40,2,10,,125170,49,0,16 40,2,10,,125149,49,0,16 40,2,10,,125105,49,0,16 40,2,10,,125067,49,0,16 40,2,10,,125069,49,0,16 40,2,50,,125059,49,0,16 40,2,10,,125114,49,0,16 40,2,10,,125101,49,0,16 40,2,10,,125160,49,0,16 40,2,10,,125097,49,0,16 40,2,10,,125080,49,0,16 40,2,50,,125141,49,0,16 40,2,10,,125156,49,0,16 40,2,10,,125171,49,0,16 40,2,10,,125091,49,0,16 40,2,10,,125048,49,0,16 40,2,10,,125064,49,0,16 40,2,50,,125079,49,0,16 40,2,10,,125047,49,0,16 40,2,10,,125169,49,0,16 40,2,10,,125060,49,0,16 40,2,10,,125119,49,0,16 40,2,10,,125063,49,0,16 40,2,50,,125158,49,0,16 40,2,10,,125137,49,0,16 40,2,10,,125108,49,0,16 40,2,10,,125106,49,0,16 40,2,10,,125083,49,0,16 40,2,10,,122994,49,0,16 40,2,50,,125125,49,0,16 40,2,10,,125112,49,0,16 40,2,10,,125111,49,0,16 40,2,7,,125055,49,0,16 40,2,10,,125068,49,0,16 40,2,8,,125144,49,0,16 40,2,49,,125076,49,0,16 40,2,10,,125154,49,0,16 40,2,10,,125167,49,0,16 40,2,10,,125093,49,0,16 40,2,10,,125051,49,0,16 40,2,10,,125143,49,0,16 40,2,50,,125094,49,0,16 40,2,10,,125117,49,0,16 40,2,10,,125081,49,0,16 40,2,10,,125155,49,0,16 40,2,10,,125157,49,0,16 40,2,10,,125103,49,0,16 40,2,50,,125116,49,0,16 40,2,10,,125084,49,0,16 40,2,10,,125173,49,0,16 40,2,10,,125115,49,0,16 40,2,10,,125145,49,0,16 40,2,10,,125056,49,0,16 40,2,7,,125124,49,0,16 40,2,47,,125072,49,0,16 40,2,7,,125075,49,0,16 40,2,10,,125159,49,0,16 40,2,10,,125062,49,0,16 40,2,10,,125087,49,0,16 40,2,10,,125118,49,0,16 40,2,50,,125127,49,0,16 40,2,10,,125050,49,0,16 40,2,10,,125128,49,0,16 40,2,10,,125109,49,0,16 40,2,10,,125151,49,0,16 40,2,10,,125166,49,0,16 40,2,50,,125162,49,0,16 40,2,10,,125142,49,0,16 40,2,10,,125044,49,0,16 40,2,10,,125123,49,0,16 40,2,10,,125147,49,0,16 40,2,10,,125085,49,0,16 40,2,52,,125045,49,0,16 40,2,12,,125150,49,0,16 40,2
50101,'5',446,,125190,43,0,16 40,2,8,,125200,43,0,16 40,2,48,,125197,43,0,16 40,2,8,,125204,43,0,16 40,2,8,,125258,43,0,16 40,2,16,,125285,43,0,16 40,2,10,,125274,43,0,16 40,2,13,,125294,49,0,16 40,2,50,,125238,49,0,16 40,2,10,,125272,49,0,16 40,2,10,,125292,49,0,16 40,2,10,,125187,49,0,16 40,2,10,,125264,49,0,16 40,2,10,,125208,49,0,16 40,2,50,,125237,49,0,16 40,2,10,,125265,49,0,16 40,2,10,,125211,49,0,16 40,2,10,,125207,49,0,16 40,2,10,,125270,49,0,16 40,2,10,,125214,49,0,16 40,2,50,,125212,49,0,16 40,2,10,,125283,49,0,16 40,2,10,,125282,49,0,16 40,2,4,,125201,43,0,16 40,2,8,,125244,49,0,16 40,2,13,,125276,49,0,16 40,2,53,,125220,49,0,16 40,2,12,,125262,49,0,16 40,2,7,,125233,43,0,16 40,2,5,,125291,49,0,16 40,2,10,,125227,49,0,16 40,2,10,,125206,49,0,16 40,2,10,,125278,49,0,16 40,2,50,,125174,49,0,16 40,2,10,,125306,49,0,16 40,2,10,,125178,49,0,16 40,2,10,,125259,49,0,16 40,2,10,,125231,49,0,16 40,2,10,,125255,49,0,16 40,2,50,,125263,49,0,16 40,2,10,,125203,49,0,16 40,2,10,,125234,49,0,16 40,2,10,,125226,49,0,16 40,2,10,,125290,49,0,16 40,2,52,,125254,49,0,16 40,2,13,,125241,49,0,16 40,2,6,,125196,43,0,16 40,2,6,,125268,49,0,16 40,2,10,,125288,49,0,16 40,2,10,,125217,49,0,16 40,2,10,,125304,49,0,16 40,2,50,,125247,49,0,16 40,2,10,,125193,49,0,16 40,2,10,,125198,49,0,16 40,2,10,,125256,49,0,16 40,2,10,,125248,49,0,16 40,2,10,,125286,49,0,16 40,2,50,,125301,49,0,16 40,2,10,,125295,49,0,16 40,2,10,,125298,49,0,16 40,2,10,,125307,49,0,16 40,2,10,,125293,49,0,16 40,2,10,,125297,49,0,16 40,2,50,,125243,49,0,16 40,2,10,,125191,49,0,16 40,2,10,,125266,49,0,16 40,2,10,,125224,49,0,16 40,2,10,,125232,49,0,16 40,2,10,,125189,49,0,16 40,2,50,,125225,49,0,16 40,2,10,,125245,49,0,16 40,2,10,,125261,49,0,16 40,2,10,,125303,49,0,16 40,2,10,,125175,49,0,16 40,2,10,,125194,49,0,16 40,2,50,,125209,49,0,16 40,2,10,,125250,49,0,16 40,2,10,,125277,49,0,16 40,2,10,,125228,49,0,16 40,2,10,,125185,49,0,16 40,2,10,,125236,49,0,16 40,2,50,,125219,49,0,16 40,2,10,,125299,49,0,16 40,2,10,,125271,49,0,16 40,2,10,,125252,49,0,16 40,2,10,,125188,49,0,16 40,2,10,,125181,49,0,16 40,2,50,,116142,49,0,16 40,2,10,,125184,49,0,16 40,2,10,,125205,49,0,16 40,2,7,,125275,49,0,16 40,2,10,,125305,49,0,16 40,2,8,,125260,49,0,16 40,2,49,,125177,49,0,16 40,2,10,,125213,49,0,16 40,2,10,,125269,49,0,16 40,2,10,,125273,49,0,16 40,2,10,,125281,49,0,16 40,2,10,,125195,49,0,16 40,2,50,,125240,49,0,16 40,2,10,,125284,49,0,16 40,2,10,,125267,49,0,16 40,2,10,,125176,49,0,16 40,2,10,,125251,49,0,16 40,2,10,,125192,49,0,16 40,2,50,,125221,49,0,16 40,2,10,,125202,49,0,16 40,2,10,,125289,49,0,16 40,2,10,,125287,49,0,16 40,2,10,,125257,49,0,16 40,2,10,,125253,49,0,16 40,2,7,,125215,49,0,16 40,2,47,,125280,49,0,16 40,2,7,,125183,49,0,16 40,2,10,,125246,49,0,16 40,2,10,,125279,49,0,16 40,2,10,,125216,49,0,16 40,2,10,,125249,49,0,16 40,2,50,,125296,49,0,16 40,2,10,,125239,49,0,16 40,2,10,,125223,49,0,16 40,2,10,,125222,49,0,16 40,2,10,,125218,49,0,16 40,2,10,,125210,49,0,16 40,2,50,,125230,49,0,16 40,2,10,,125300,49,0,16 40,2,10,,125199,49,0,16 40,2,10,,125186,49,0,16 40,2,10,,125235,49,0,16 40,2,10,,125242,49,0,16 40,2,52,,125179,49,0,16 40,2,12,,125229,49,0,16 40,2
50301,'1',607,,125891,23,0,36 40,2,10,,125945,23,0,36 40,2,10,,125884,23,0,36 40,2,10,,125951,23,0,36 40,2,10,,125844,23,0,36 40,2,10,,125950,23,0,36 40,2,50,,125896,23,0,36 40,2,10,,125959,23,0,36 40,2,7,,125979,23,0,36 40,2,7,,125918,23,0,36 40,2,6,,125965,23,0,36 40,2,6,,125882,23,0,36 40,2,8,,125889,23,0,36 40,2,7,,98884,23,0,36 40,2,46,,125863,23,0,36 40,2,6,,125903,23,0,36 40,2,6,,125942,23,0,36 40,2,6,,125954,23,0,36 40,2,6,,125966,23,0,36 40,2,6,,125925,23,0,36 40,2,6,,125911,23,0,36 40,2,6,,125969,23,0,36 40,2,6,,125898,23,0,36 40,2,6,,125981,23,0,36 40,2,46,,125915,23,0,36 40,2,6,,125839,23,0,36 40,2,6,,125897,23,0,36 40,2,6,,125978,23,0,36 40,2,6,,125947,23,0,36 40,2,6,,125944,23,0,36 40,2,6,,125991,23,0,36 40,2,6,,125973,23,0,36 40,2,6,,125964,23,0,36 40,2,50,,125980,23,0,36 40,2,6,,125864,23,0,36 40,2,6,,125914,23,0,36 40,2,6,,125846,23,0,36 40,2,5,,125971,23,0,36 40,2,5,,125840,23,0,36 40,2,10,,125860,23,0,36 40,2,5,,125851,23,0,36 40,2,5,,125987,23,0,36 40,2,50,,125908,23,0,36 40,2,10,,125929,23,0,36 40,2,10,,125872,23,0,36 40,2,10,,125877,23,0,36 40,2,10,,125933,23,0,36 40,2,10,,125907,23,0,36 40,2,50,,125985,23,0,36 40,2,10,,125885,23,0,36 40,2,10,,125858,23,0,36 40,2,10,,125924,23,0,36 40,2,10,,125866,23,0,36 40,2,10,,125871,23,0,36 40,2,50,,125952,23,0,36 40,2,10,,125917,23,0,36 40,2,10,,125988,23,0,36 40,2,10,,125922,23,0,36 40,2,10,,125876,23,0,36 40,2,10,,125845,23,0,36 40,2,50,,125956,23,0,36 40,2,10,,125867,23,0,36 40,2,10,,125986,23,0,36 40,2,10,,125970,23,0,36 40,2,10,,125902,23,0,36 40,2,10,,125895,23,0,36 40,2,53,,125938,23,0,36 40,2,11,,125976,23,0,36 40,2,10,,125905,23,0,36 40,2,10,,125932,23,0,36 40,2,10,,125934,23,0,36 40,2,10,,125953,23,0,36 40,2,49,,125887,23,0,36 40,2,7,,125931,23,0,36 40,2,6,,125862,23,0,36 40,2,6,,125852,23,0,36 40,2,6,,125868,23,0,36 40,2,6,,125880,23,0,36 40,2,6,,125940,23,0,36 40,2,6,,125975,23,0,36 40,2,6,,125848,23,0,36 40,2,6,,125983,23,0,36 40,2,46,,125847,23,0,36 40,2,6,,125883,23,0,36 40,2,6,,125990,23,0,36 40,2,6,,125856,23,0,36 40,2,6,,125916,23,0,36 40,2,6,,125881,23,0,36 40,2,6,,125869,23,0,36 40,2,6,,125957,23,0,36 40,2,6,,125901,23,0,36 40,2,6,,125936,23,0,36 40,2,46,,125855,23,0,36 40,2,6,,125849,23,0,36 40,2,6,,125843,23,0,36 40,2,6,,125989,23,0,36 40,2,6,,125974,23,0,36 40,2,6,,125878,23,0,36 40,2,6,,125937,23,0,36 40,2,6,,125939,23,0,36 40,2,6,,125941,23,0,36 40,2,6,,125977,23,0,36 40,2,46,,125968,23,0,36 40,2,6,,125984,23,0,36 40,2,6,,125921,23,0,36 40,2,8,,125992,23,0,36 40,2,5,,125923,23,0,36 40,2,4,,108086,23,0,36 40,2,9,,125960,23,0,36 40,2,7,,125928,23,0,36 40,2,8,,125920,23,0,36 40,2,48,,125892,23,0,36 40,2,4,,125943,23,0,36 40,2,4,,125857,23,0,36 40,2,8,,93583,23,0,36 40,2,8,,125865,23,0,36 40,2,8,,125935,23,0,36 40,2,8,,125919,23,0,36 40,2,8,,125894,23,0,36 40,2,48,,125906,23,0,36 40,2,8,,125958,23,0,36 40,2,8,,125861,23,0,36 40,2,8,,125912,23,0,36 40,2,8,,125963,23,0,36 40,2,8,,125875,23,0,36 40,2,8,,125972,23,0,36 40,2,8,,125842,23,0,36 40,2,48,,125888,23,0,36 40,2,8,,125850,23,0,36 40,2,8,,125955,23,0,36 40,2,7,,125873,23,0,36 40,2,4,,125854,23,0,36 40,2,7,,125982,23,0,36 40,2,7,,125879,23,0,36 40,2,10,,125926,23,0,36 40,2,50,,125859,23,0,36 40,2,10,,125841,23,0,36 40,2,5,,125853,23,0,36 40,2,5,,125962,23,0,36 40,2,10,,125910,23,0,36 40,2,10,,125961,23,0,36 40,2,10,,125899,23,0,36 40,2,50,,125930,23,0,36 40,2,10,,125927,23,0,36 40,2,10,,125900,23,0,36 40,2,10,,125949,23,0,36 40,2,10,,125886,23,0,36 40,2,10,,125909,23,0,36 40,2,50,,125893,23,0,36 40,2,10,,125890,23,0,36 40,2,10,,125946,23,0,36 40,2,10,,125874,23,0,36 40,2,9,,125904,23,0,36 40,2,57,,125967,23,0,36 40,2,17,,125948,23,0,36 40,2
50301,'2',535,,126118,23,0,36 40,2,10,,126109,23,0,36 40,2,10,,126047,23,0,36 40,2,50,,126026,23,0,36 40,2,10,,126050,23,0,36 40,2,10,,126083,23,0,36 40,2,10,,126067,23,0,36 40,2,10,,126098,23,0,36 40,2,10,,126020,23,0,36 40,2,50,,126000,23,0,36 40,2,10,,126094,23,0,36 40,2,10,,126029,23,0,36 40,2,10,,126022,23,0,36 40,2,10,,125995,23,0,36 40,2,10,,126034,23,0,36 40,2,50,,126002,23,0,36 40,2,10,,126033,23,0,36 40,2,13,,126038,23,0,36 40,2,10,,126123,23,0,36 40,2,10,,126124,23,0,36 40,2,10,,126001,23,0,36 40,2,50,,113810,23,0,36 40,2,10,,126069,23,0,36 40,2,10,,115039,23,0,36 40,2,10,,126108,23,0,36 40,2,10,,126089,23,0,36 40,2,10,,126048,23,0,36 40,2,50,,126080,23,0,36 40,2,10,,126040,23,0,36 40,2,10,,126091,23,0,36 40,2,10,,126039,23,0,36 40,2,10,,126116,23,0,36 40,2,10,,126093,23,0,36 40,2,50,,126081,23,0,36 40,2,10,,126008,23,0,36 40,2,10,,126013,23,0,36 40,2,10,,126117,23,0,36 40,2,10,,126003,23,0,36 40,2,10,,126075,23,0,36 40,2,50,,126106,23,0,36 40,2,10,,126115,23,0,36 40,2,12,,119252,23,0,36 40,2,8,,126096,23,0,36 40,2,10,,126017,23,0,36 40,2,10,,126058,23,0,36 40,2,48,,126046,23,0,36 40,2,10,,126110,23,0,36 40,2,10,,126070,23,0,36 40,2,12,,126095,23,0,36 40,2,10,,126114,23,0,36 40,2,8,,126064,23,0,36 40,2,48,,126074,23,0,36 40,2,8,,126072,23,0,36 40,2,8,,126011,23,0,36 40,2,8,,126103,23,0,36 40,2,8,,126042,23,0,36 40,2,8,,126079,23,0,36 40,2,8,,126101,23,0,36 40,2,48,,126051,23,0,36 40,2,8,,126122,23,0,36 40,2,8,,125996,23,0,36 40,2,8,,126107,23,0,36 40,2,8,,126045,23,0,36 40,2,8,,126056,23,0,36 40,2,8,,126057,23,0,36 40,2,8,,126032,23,0,36 40,2,48,,126112,23,0,36 40,2,8,,126037,23,0,36 40,2,8,,126007,23,0,36 40,2,8,,126061,23,0,36 40,2,8,,126062,23,0,36 40,2,8,,126082,23,0,36 40,2,8,,111611,23,0,36 40,2,48,,126027,23,0,36 40,2,8,,126054,23,0,36 40,2,8,,126085,23,0,36 40,2,8,,126049,23,0,36 40,2,8,,126059,23,0,36 40,2,8,,126031,23,0,36 40,2,8,,126012,23,0,36 40,2,8,,126006,23,0,36 40,2,48,,126015,23,0,36 40,2,8,,126086,23,0,36 40,2,8,,126105,23,0,36 40,2,8,,126053,23,0,36 40,2,8,,126111,23,0,36 40,2,8,,126052,23,0,36 40,2,8,,126055,23,0,36 40,2,48,,126019,23,0,36 40,2,8,,126014,23,0,36 40,2,8,,126066,23,0,36 40,2,8,,126060,23,0,36 40,2,7,,126024,23,0,36 40,2,10,,126100,23,0,36 40,2,5,,112508,23,0,36 40,2,5,,115866,23,0,36 40,2,50,,126030,23,0,36 40,2,10,,126044,23,0,36 40,2,10,,126120,23,0,36 40,2,10,,126087,23,0,36 40,2,5,,126113,23,0,36 40,2,5,,125998,23,0,36 40,2,10,,126028,23,0,36 40,2,50,,126035,23,0,36 40,2,10,,126102,23,0,36 40,2,10,,126016,23,0,36 40,2,10,,126025,23,0,36 40,2,10,,125997,23,0,36 40,2,10,,119449,23,0,36 40,2,50,,126125,23,0,36 40,2,10,,126023,23,0,36 40,2,10,,126065,23,0,36 40,2,10,,125993,23,0,36 40,2,7,,115004,23,0,36 40,2,8,,125999,23,0,36 40,2,8,,126018,23,0,36 40,2,50,,126005,23,0,36 40,2,10,,126090,23,0,36 40,2,10,,126073,23,0,36 40,2,10,,126063,23,0,36 40,2,10,,126104,23,0,36 40,2,10,,126021,23,0,36 40,2,50,,126077,23,0,36 40,2,10,,126078,23,0,36 40,2,10,,126097,23,0,36 40,2,10,,126043,23,0,36 40,2,10,,126088,23,0,36 40,2,10,,126076,23,0,36 40,2,50,,126068,23,0,36 40,2,10,,126099,23,0,36 40,2,10,,126004,23,0,36 40,2,10,,126009,23,0,36 40,2,10,,126092,23,0,36 40,2,10,,126010,23,0,36 40,2,50,,126084,23,0,36 40,2,10,,126119,23,0,36 40,2,10,,126036,23,0,36 40,2,10,,126071,23,0,36 40,2,11,,126121,23,0,36 40,2,8,,126041,23,0,36 40,2,48,,125994,23,0,36 40,2
50301,'3',610,,126165,23,0,36 40,2,10,,126167,23,0,36 40,2,10,,126224,23,0,36 40,2,10,,121919,23,0,36 40,2,10,,126183,23,0,36 40,2,50,,126186,23,0,36 40,2,10,,126152,23,0,36 40,2,10,,126216,23,0,36 40,2,10,,126176,23,0,36 40,2,10,,126156,23,0,36 40,2,10,,126132,23,0,36 40,2,50,,126229,23,0,36 40,2,10,,126245,23,0,36 40,2,11,,126140,23,0,36 40,2,12,,126200,23,0,36 40,2,10,,126163,23,0,36 40,2,10,,126218,23,0,36 40,2,50,,126166,23,0,36 40,2,10,,126138,23,0,36 40,2,10,,126233,23,0,36 40,2,10,,126182,23,0,36 40,2,10,,126198,23,0,36 40,2,10,,126151,23,0,36 40,2,50,,126187,23,0,36 40,2,10,,126180,23,0,36 40,2,10,,126236,23,0,36 40,2,10,,126142,23,0,36 40,2,10,,126171,23,0,36 40,2,10,,126128,23,0,36 40,2,50,,126205,23,0,36 40,2,10,,126220,23,0,36 40,2,10,,126232,23,0,36 40,2,10,,111825,23,0,36 40,2,10,,126217,23,0,36 40,2,10,,126202,23,0,36 40,2,50,,126238,23,0,36 40,2,10,,126244,23,0,36 40,2,12,,126161,23,0,36 40,2,12,,126235,23,0,36 40,2,10,,126153,23,0,36 40,2,10,,126145,23,0,36 40,2,50,,126207,23,0,36 40,2,10,,126196,23,0,36 40,2,10,,126190,23,0,36 40,2,10,,126159,23,0,36 40,2,10,,126203,23,0,36 40,2,10,,126199,23,0,36 40,2,50,,126158,23,0,36 40,2,10,,126189,23,0,36 40,2,10,,126188,23,0,36 40,2,10,,126160,23,0,36 40,2,10,,126234,23,0,36 40,2,10,,126213,23,0,36 40,2,50,,126215,23,0,36 40,2,10,,126177,23,0,36 40,2,10,,126195,23,0,36 40,2,10,,126192,23,0,36 40,2,10,,126204,23,0,36 40,2,10,,120949,23,0,36 40,2,50,,126240,23,0,36 40,2,10,,126222,23,0,36 40,2,10,,126144,23,0,36 40,2,10,,126210,23,0,36 40,2,10,,126173,23,0,36 40,2,10,,126241,23,0,36 40,2,50,,126172,23,0,36 40,2,10,,126164,23,0,36 40,2,10,,126225,23,0,36 40,2,10,,126129,23,0,36 40,2,10,,126136,23,0,36 40,2,10,,126157,23,0,36 40,2,50,,126226,23,0,36 40,2,10,,126246,23,0,36 40,2,10,,126197,23,0,36 40,2,10,,126141,23,0,36 40,2,10,,126248,23,0,36 40,2,10,,126231,23,0,36 40,2,50,,126191,23,0,36 40,2,10,,126243,23,0,36 40,2,8,,126174,23,0,36 40,2,9,,126211,23,0,36 40,2,9,,126206,23,0,36 40,2,10,,126179,23,0,36 40,2,50,,126150,23,0,36 40,2,10,,126139,23,0,36 40,2,10,,126184,23,0,36 40,2,10,,126169,23,0,36 40,2,10,,126181,23,0,36 40,2,10,,126194,23,0,36 40,2,50,,126143,23,0,36 40,2,10,,126137,23,0,36 40,2,10,,126155,23,0,36 40,2,10,,126214,23,0,36 40,2,10,,126130,23,0,36 40,2,10,,126168,23,0,36 40,2,50,,126134,23,0,36 40,2,10,,126185,23,0,36 40,2,10,,126230,23,0,36 40,2,9,,126239,23,0,36 40,2,8,,126193,23,0,36 40,2,10,,126247,23,0,36 40,2,50,,126242,23,0,36 40,2,10,,126208,23,0,36 40,2,10,,126201,23,0,36 40,2,10,,126227,23,0,36 40,2,10,,126221,23,0,36 40,2,10,,126146,23,0,36 40,2,50,,126133,23,0,36 40,2,10,,126149,23,0,36 40,2,10,,126212,23,0,36 40,2,10,,126154,23,0,36 40,2,10,,126162,23,0,36 40,2,10,,126127,23,0,36 40,2,50,,126223,23,0,36 40,2,10,,126228,23,0,36 40,2,10,,126237,23,0,36 40,2,10,,126126,23,0,36 40,2,10,,126219,23,0,36 40,2,10,,126178,23,0,36 40,2,50,,126135,23,0,36 40,2,10,,126175,23,0,36 40,2,9,,126147,23,0,36 40,2,8,,126131,23,0,36 40,2,8,,126148,23,0,36 40,2,13,,126170,23,0,36 40,2,54,,126209,23,0,36 40,2
50301,'5',610,,126304,23,0,36 40,2,10,,126271,23,0,36 40,2,10,,126312,23,0,36 40,2,10,,126327,23,0,36 40,2,10,,126263,23,0,36 40,2,50,,126343,23,0,36 40,2,10,,126323,23,0,36 40,2,10,,126309,23,0,36 40,2,10,,126362,23,0,36 40,2,10,,126355,23,0,36 40,2,10,,126299,23,0,36 40,2,50,,126317,23,0,36 40,2,10,,126310,23,0,36 40,2,11,,126291,23,0,36 40,2,12,,126294,23,0,36 40,2,10,,126335,23,0,36 40,2,10,,126316,23,0,36 40,2,50,,126325,23,0,36 40,2,10,,126298,23,0,36 40,2,10,,126255,23,0,36 40,2,10,,126319,23,0,36 40,2,10,,126313,23,0,36 40,2,10,,126364,23,0,36 40,2,50,,126340,23,0,36 40,2,10,,126297,23,0,36 40,2,10,,126281,23,0,36 40,2,10,,126252,23,0,36 40,2,10,,126303,23,0,36 40,2,10,,122342,23,0,36 40,2,50,,126349,23,0,36 40,2,10,,126308,23,0,36 40,2,10,,126330,23,0,36 40,2,10,,126358,23,0,36 40,2,10,,126346,23,0,36 40,2,10,,126360,23,0,36 40,2,50,,126268,23,0,36 40,2,10,,126256,23,0,36 40,2,12,,126260,23,0,36 40,2,12,,126331,23,0,36 40,2,10,,126318,23,0,36 40,2,10,,126351,23,0,36 40,2,50,,126361,23,0,36 40,2,10,,126278,23,0,36 40,2,10,,126285,23,0,36 40,2,10,,126264,23,0,36 40,2,10,,126367,23,0,36 40,2,10,,126259,23,0,36 40,2,50,,126269,23,0,36 40,2,10,,126257,23,0,36 40,2,10,,126289,23,0,36 40,2,10,,126302,23,0,36 40,2,10,,126326,23,0,36 40,2,10,,126295,23,0,36 40,2,50,,126274,23,0,36 40,2,10,,126306,23,0,36 40,2,10,,126265,23,0,36 40,2,10,,126282,23,0,36 40,2,10,,126352,23,0,36 40,2,10,,126270,23,0,36 40,2,50,,126292,23,0,36 40,2,10,,126365,23,0,36 40,2,10,,126368,23,0,36 40,2,10,,126288,23,0,36 40,2,10,,126261,23,0,36 40,2,10,,116270,23,0,36 40,2,50,,126347,23,0,36 40,2,10,,126369,23,0,36 40,2,10,,126249,23,0,36 40,2,10,,126341,23,0,36 40,2,10,,126280,23,0,36 40,2,10,,126314,23,0,36 40,2,50,,126345,23,0,36 40,2,10,,126332,23,0,36 40,2,10,,126286,23,0,36 40,2,10,,126301,23,0,36 40,2,10,,126287,23,0,36 40,2,10,,126266,23,0,36 40,2,50,,126275,23,0,36 40,2,10,,117022,23,0,36 40,2,8,,126348,23,0,36 40,2,9,,126273,23,0,36 40,2,9,,126293,23,0,36 40,2,10,,126357,23,0,36 40,2,50,,126290,23,0,36 40,2,10,,121152,23,0,36 40,2,10,,126363,23,0,36 40,2,10,,126324,23,0,36 40,2,10,,126296,23,0,36 40,2,10,,126254,23,0,36 40,2,50,,126251,23,0,36 40,2,10,,126250,23,0,36 40,2,10,,126328,23,0,36 40,2,10,,126300,23,0,36 40,2,10,,126359,23,0,36 40,2,10,,126276,23,0,36 40,2,50,,126354,23,0,36 40,2,10,,126267,23,0,36 40,2,10,,126272,23,0,36 40,2,9,,126320,23,0,36 40,2,8,,126366,23,0,36 40,2,10,,126311,23,0,36 40,2,50,,126344,23,0,36 40,2,10,,126370,23,0,36 40,2,10,,126339,23,0,36 40,2,10,,126262,23,0,36 40,2,10,,126342,23,0,36 40,2,10,,126322,23,0,36 40,2,50,,126277,23,0,36 40,2,10,,126336,23,0,36 40,2,10,,126321,23,0,36 40,2,10,,126329,23,0,36 40,2,10,,126334,23,0,36 40,2,10,,126353,23,0,36 40,2,50,,126333,23,0,36 40,2,10,,126253,23,0,36 40,2,10,,126338,23,0,36 40,2,10,,126284,23,0,36 40,2,10,,126350,23,0,36 40,2,10,,126305,23,0,36 40,2,50,,126283,23,0,36 40,2,10,,126356,23,0,36 40,2,9,,126279,23,0,36 40,2,8,,126315,23,0,36 40,2,8,,126337,23,0,36 40,2,13,,126258,23,0,36 40,2,54,,126307,23,0,36 40,2
