30501,'1',2534,,91693,29,0,34,2,20,,91695,29,0,34,2,55,,91692,29,0,34,2,15,,91694,29,0,34,2,15,,91698,29,0,34,2,10,,91703,29,0,34,2,10,,91699,29,0,34,2,60,,78677,29,0,34,2,10,,91696,29,0,34,2,10,,91700,29,0,34,2,20,,91701,29,0,34,2,60,,91705,29,0,34,2,20,,91697,29,0,34,2,70,,91704,29,0,34,2,30,,91702,29,0,34,2
30501,'2',2546,,91708,29,0,34,2,6,,91720,29,0,34,2,2,,91710,29,0,34,2,55,,91717,29,0,34,2,10,,91714,29,0,34,2,10,,91713,29,0,34,2,20,,91707,29,0,34,2,60,,91715,29,0,34,2,20,,91706,29,0,34,2,20,,91719,29,0,34,2,60,,91718,29,0,34,2,20,,90868,29,0,34,2,30,,91716,29,0,34,2,48,,91709,29,0,34,2,22,,91711,29,0,34,2,30,,91712,29,0,34,2
30501,'3',551,,91743,29,0,34,2,55,,91745,29,0,34,2,15,,91735,29,0,34,2,14,,91748,29,0,34,2,16,,91726,29,0,34,2,55,,91752,29,0,34,2,15,,91755,29,0,34,2,15,,91729,29,0,34,2,15,,91742,29,0,34,2,50,,91738,29,0,34,2,10,,91736,29,0,34,2,10,,91732,29,0,34,2,10,,91739,29,0,34,2,1710,,91733,29,0,34,2,10,,91747,29,0,34,2,50,,91737,29,0,34,2,10,,91750,29,0,34,2,12,,91754,29,0,34,2,20,,91749,29,0,34,2,7,,91728,29,0,34,2,53,,91731,29,0,34,2,20,,91741,29,0,34,2,10,,91721,29,0,34,2,70,,91753,29,0,34,2,30,,91740,29,0,34,2,8,,91725,29,0,34,2,62,,91756,29,0,34,2,20,,91730,29,0,34,2
30501,'5',2541,,91761,29,0,34,2,11,,91769,29,0,34,2,49,,91766,29,0,34,2,10,,91757,29,0,34,2,12,,91759,29,0,34,2,17,,80568,29,0,34,2,6,,91762,29,0,34,2,57,,91764,29,0,34,2,20,,91758,29,0,34,2,20,,91767,29,0,34,2,60,,91765,29,0,34,2,27,,91763,29,0,34,2,11,,91770,29,0,34,2,62,,91768,29,0,34,2,30,,91760,29,0,34,2
30601,'1',2551,,91857,32,0,11 12 7,2,50,,91852,32,,,2,10,,91860,32,0,11 12 7,2,10,,91855,32,0,11 12 7,2,10,,91853,32,,,2,10,,91856,32,0,11 12 7,2,10,,91861,32,,,2,5,,91864,32,,,2,45,,91866,32,0,11 12 7,2,20,,91859,32,0,11 12 7,2,20,,91870,32,0,11 12 7,2,65,,91869,32,0,11 12 7,2,15,,91858,32,0,11 12 7,2,20,,91867,32,0,11 12 7,2,60,,91862,32,0,11 12 7,2,20,,91851,32,0,11 12 7,2,20,,91868,32,,,2,18,,91863,32,,,2
30601,'2',2539,,91886,32,,,2,5,,91880,32,0,11 12 7,2,10,,91873,32,,,2,50,,82204,32,0,11 12 7,2,10,,91884,32,,,2,10,,91891,32,0,11 12 7,2,20,,91881,32,0,11 12 7,2,6,,91890,32,,,2,7,,91883,32,,,2,47,,91894,32,0,11 12 7,2,20,,91887,32,0,11 12 7,2,20,,91871,32,0,11 12 7,2,60,,91892,32,0,11 12 7,2,20,,91874,32,0,11 12 7,2,20,,91876,32,0,11 12 7,2,60,,91877,32,0,11 12 7,2,20,,91893,32,0,11 12 7,2,10,,91875,32,,,2,20,,91878,32,,,2,58,,91879,32,,,2
30601,'3',602,,91901,32,0,11 12 7,2,10,,91936,32,0,11 12 7,2,10,,91903,32,0,11 12 7,2,10,,91914,32,0,11 12 7,2,10,,91912,32,0,11 12 7,2,10,,91907,32,0,11 12 7,2,50,,91944,32,0,11 12 7,2,10,,91929,32,0,11 12 7,2,10,,91899,32,0,11 12 7,2,1826,,91923,32,,,2,52,,91949,32,0,11 12 7,2,10,,91904,32,,,2,10,,91948,32,0,11 12 7,2,9,,91938,32,,,2,9,,91917,32,,,2,2,,91896,32,0,11 12 7,2,9,,91919,32,,,2,51,,91916,32,0,11 12 7,2,20,,91945,32,0,11 12 7,2,20,,91931,32,0,11 12 7,2,60,,91935,32,0,11 12 7,2,20,,91943,32,0,11 12 7,2,20,,91922,32,0,11 12 7,2,60,,91940,32,0,11 12 7,2,20,,91934,32,0,11 12 7,2,15,,91924,32,0,11 12 7,2
30601,'5',2548,,91968,32,,,2,52,,91953,32,0,11 12 7,2,10,,91951,32,,,2,10,,91955,32,0,11 12 7,2,10,,91973,32,,,2,5,,91959,32,,,2,5,,91972,32,0,11 12 7,2,10,,91969,32,,,2,50,,91966,32,0,11 12 7,2,20,,91965,32,0,11 12 7,2,20,,91963,32,0,11 12 7,2,60,,91950,32,0,11 12 7,2,20,,91956,32,0,11 12 7,2,20,,91957,32,0,11 12 7,2,60,,91971,32,0,11 12 7,2,20,,91954,32,0,11 12 7,2,15,,91958,32,0,11 12 7,2
50501,'1',555,,96542,28,0,34,2,52,,96605,28,0,34,2,10,,96609,28,0,34,2,9,,96616,27,0,34,2,10,,96525,27,0,34,2,10,,96578,27,0,34,2,10,,96613,27,0,34,2,50,,96676,27,0,34,2,10,,96544,27,0,34,2,10,,96659,27,0,34,2,10,,96699,27,0,34,2,10,,96586,27,0,34,2,10,,96581,27,0,34,2,51,,96671,27,0,34,2,8,,96604,27,0,34,2,6,,96550,27,0,34,2,6,,96696,27,0,34,2,6,,96601,27,0,34,2,6,,96570,27,0,34,2,6,,96551,27,0,34,2,6,,96665,27,0,34,2,6,,96642,27,0,34,2,46,,96608,27,0,34,2,6,,96614,27,0,34,2,6,,96654,27,0,34,2,6,,96584,27,0,34,2,6,,96653,27,0,34,2,6,,96670,27,0,34,2,6,,96517,27,0,34,2,6,,96591,27,0,34,2,6,,96557,27,0,34,2,6,,96623,27,0,34,2,46,,96596,27,0,34,2,6,,96686,27,0,34,2,11,,96673,27,0,34,2,6,,96538,27,0,34,2,6,,96533,27,0,34,2,6,,96594,27,0,34,2,6,,96606,27,0,34,2,6,,96690,27,0,34,2,6,,96658,27,0,34,2,46,,75386,27,0,34,2,6,,96693,27,0,34,2,6,,96657,27,0,34,2,6,,85595,27,0,34,2,6,,96650,27,0,34,2,6,,96612,27,0,34,2,6,,96627,27,0,34,2,6,,96566,27,0,34,2,6,,96577,27,0,34,2,6,,96535,27,0,34,2,46,,96655,27,0,34,2,6,,96526,27,0,34,2,6,,96540,27,0,34,2,6,,96633,27,0,34,2,6,,96518,27,0,34,2,6,,96618,27,0,34,2,6,,96603,27,0,34,2,6,,96559,27,0,34,2,6,,96532,27,0,34,2,6,,96685,27,0,34,2,46,,96646,27,0,34,2,6,,96527,27,0,34,2,6,,96523,27,0,34,2,6,,96675,27,0,34,2,6,,96547,27,0,34,2,6,,96681,27,0,34,2,6,,96588,27,0,34,2,6,,96695,27,0,34,2,6,,96619,27,0,34,2,6,,96569,27,0,34,2,46,,96600,27,0,34,2,6,,96530,27,0,34,2,6,,96680,27,0,34,2,6,,96625,27,0,34,2,6,,96543,27,0,34,2,6,,96565,27,0,34,2,6,,96576,27,0,34,2,6,,96666,27,0,34,2,6,,81348,27,0,34,2,7,,96692,27,0,34,2,48,,96656,27,0,34,2,6,,96555,27,0,34,2,6,,96697,27,0,34,2,6,,96541,27,0,34,2,6,,96516,27,0,34,2,6,,96677,27,0,34,2,6,,96694,27,0,34,2,6,,96593,27,0,34,2,6,,96583,27,0,34,2,6,,96610,27,0,34,2,46,,96682,27,0,34,2,6,,96539,27,0,34,2,6,,96520,27,0,34,2,6,,96558,27,0,34,2,6,,96582,27,0,34,2,6,,96564,27,0,34,2,6,,96534,27,0,34,2,6,,96669,27,0,34,2,6,,96563,27,0,34,2,6,,96630,27,0,34,2,46,,96674,27,0,34,2,6,,96549,27,0,34,2,6,,96595,27,0,34,2,6,,96651,27,0,34,2,6,,96660,27,0,34,2,6,,96607,27,0,34,2,6,,96572,27,0,34,2,6,,96592,27,0,34,2,6,,96688,27,0,34,2,6,,96652,27,0,34,2,46,,96611,27,0,34,2,6,,96548,27,0,34,2,6,,96634,27,0,34,2,6,,96679,27,0,34,2,6,,96529,27,0,34,2,6,,96691,27,0,34,2,6,,96575,27,0,34,2,6,,96672,27,0,34,2,6,,96536,27,0,34,2,6,,96537,27,0,34,2,46,,96643,27,0,34,2,6,,96664,27,0,34,2,6,,96615,27,0,34,2,6,,96579,27,0,34,2,6,,85614,27,0,34,2,6,,96621,27,0,34,2,6,,96573,27,0,34,2,8,,96647,27,0,34,2,3,,96640,27,0,34,2,6,,96668,27,0,34,2,45,,96568,27,0,34,2,3,,96684,27,0,34,2,3,,96599,27,0,34,2,5,,96663,27,0,34,2,10,,96667,27,0,34,2,5,,96632,27,0,34,2,5,,96561,27,0,34,2,5,,96628,27,0,34,2,5,,96519,27,0,34,2,10,,96531,27,0,34,2,50,,96631,27,0,34,2,10,,96524,27,0,34,2,10,,96522,27,0,34,2,10,,96617,27,0,34,2,10,,96649,27,0,34,2,10,,96638,27,0,34,2,50,,96629,27,0,34,2,7,,96598,27,0,34,2,7,,96580,27,0,34,2,11,,96554,27,0,34,2,10,,96546,27,0,34,2,10,,78548,27,0,34,2,10,,96639,27,0,34,2,50,,96602,27,0,34,2,10,,96678,27,0,34,2,10,,96624,27,0,34,2,10,,96562,27,0,34,2,10,,96626,27,0,34,2,10,,96687,27,0,34,2,50,,96661,27,0,34,2,10,,96528,27,0,34,2,10,,96556,27,0,34,2,10,,96589,27,0,34,2,10,,96637,27,0,34,2,10,,96585,27,0,34,2,50,,96689,27,0,34,2,10,,96620,27,0,34,2,10,,96567,27,0,34,2,15,,96683,27,0,34,2
50501,'2',548,,96811,28,0,34,2,55,,96768,28,0,34,2,10,,96791,28,0,34,2,10,,96724,28,0,34,2,10,,96845,27,0,34,2,10,,96719,27,0,34,2,10,,96769,27,0,34,2,50,,96868,27,0,34,2,10,,96792,27,0,34,2,10,,96751,27,0,34,2,10,,96817,27,0,34,2,10,,86837,27,0,34,2,13,,96732,27,0,34,2,52,,96802,27,0,34,2,10,,96776,27,0,34,2,12,,96862,27,0,34,2,11,,96851,27,0,34,2,8,,96870,27,0,34,2,6,,96781,27,0,34,2,46,,96712,27,0,34,2,6,,96782,27,0,34,2,6,,96815,27,0,34,2,6,,96749,27,0,34,2,6,,96826,27,0,34,2,6,,96859,27,0,34,2,6,,96757,27,0,34,2,6,,96763,27,0,34,2,6,,96709,27,0,34,2,6,,96722,27,0,34,2,46,,96729,27,0,34,2,6,,96723,27,0,34,2,6,,96803,27,0,34,2,6,,96717,27,0,34,2,6,,96841,27,0,34,2,6,,96750,27,0,34,2,6,,96731,27,0,34,2,6,,96814,27,0,34,2,6,,96828,27,0,34,2,6,,96780,27,0,34,2,46,,96716,27,0,34,2,6,,96753,27,0,34,2,6,,96872,27,0,34,2,6,,96741,27,0,34,2,6,,96773,27,0,34,2,6,,96701,27,0,34,2,6,,90181,27,0,34,2,6,,96835,27,0,34,2,6,,96853,27,0,34,2,6,,96805,27,0,34,2,46,,96820,27,0,34,2,6,,96865,27,0,34,2,6,,96819,27,0,34,2,6,,96706,27,0,34,2,8,,96838,27,0,34,2,9,,96756,27,0,34,2,7,,96748,27,0,34,2,5,,96702,27,0,34,2,6,,96799,27,0,34,2,46,,96831,27,0,34,2,6,,96794,27,0,34,2,6,,96801,27,0,34,2,6,,96800,27,0,34,2,6,,96747,27,0,34,2,6,,96765,27,0,34,2,6,,96833,27,0,34,2,6,,96842,27,0,34,2,6,,96775,27,0,34,2,6,,96714,27,0,34,2,46,,96798,27,0,34,2,6,,96759,27,0,34,2,6,,96866,27,0,34,2,6,,96848,27,0,34,2,6,,96715,27,0,34,2,6,,96734,27,0,34,2,6,,96858,27,0,34,2,6,,96745,27,0,34,2,6,,96861,27,0,34,2,6,,96840,27,0,34,2,46,,96761,27,0,34,2,6,,96816,27,0,34,2,6,,96796,27,0,34,2,6,,96812,27,0,34,2,6,,96844,27,0,34,2,6,,96793,27,0,34,2,6,,96736,27,0,34,2,6,,96824,27,0,34,2,6,,96867,27,0,34,2,6,,96783,27,0,34,2,46,,96821,27,0,34,2,6,,96772,27,0,34,2,6,,96710,27,0,34,2,6,,96843,27,0,34,2,6,,96725,27,0,34,2,6,,96767,27,0,34,2,6,,96713,27,0,34,2,6,,96704,27,0,34,2,6,,96864,27,0,34,2,6,,78931,27,0,34,2,46,,96718,27,0,34,2,6,,96787,27,0,34,2,6,,96743,27,0,34,2,6,,96744,27,0,34,2,6,,96708,27,0,34,2,6,,96742,27,0,34,2,6,,96727,27,0,34,2,6,,96726,27,0,34,2,6,,96846,27,0,34,2,6,,96856,27,0,34,2,46,,96703,27,0,34,2,6,,96834,27,0,34,2,6,,96808,27,0,34,2,6,,96779,27,0,34,2,6,,96857,27,0,34,2,6,,96860,27,0,34,2,6,,96797,27,0,34,2,6,,96849,27,0,34,2,6,,96809,27,0,34,2,6,,96789,27,0,34,2,46,,96758,27,0,34,2,6,,96738,27,0,34,2,6,,96735,27,0,34,2,6,,96764,27,0,34,2,8,,96707,27,0,34,2,9,,96739,27,0,34,2,9,,96740,27,0,34,2,8,,96854,27,0,34,2,50,,96721,27,0,34,2,10,,96836,27,0,34,2,5,,96785,27,0,34,2,5,,96705,27,0,34,2,10,,96832,27,0,34,2,10,,96830,27,0,34,2,5,,90232,27,0,34,2,5,,96869,27,0,34,2,50,,96852,27,0,34,2,10,,80943,27,0,34,2,10,,96825,27,0,34,2,10,,96822,27,0,34,2,10,,96774,27,0,34,2,10,,96827,27,0,34,2,50,,96847,27,0,34,2,10,,96818,27,0,34,2,8,,96770,27,0,34,2,8,,96839,27,0,34,2,9,,96813,27,0,34,2,12,,96790,27,0,34,2,10,,96733,27,0,34,2,50,,96807,27,0,34,2,10,,96804,27,0,34,2,5,,96730,27,0,34,2,5,,96771,27,0,34,2,10,,96711,27,0,34,2,10,,96788,27,0,34,2,10,,75808,27,0,34,2,50,,96746,27,0,34,2,10,,96837,27,0,34,2,10,,96784,27,0,34,2,10,,96755,27,0,34,2,10,,96720,27,0,34,2,10,,96871,27,0,34,2,49,,96737,27,0,34,2,7,,96762,27,0,34,2,7,,96786,27,0,34,2,13,,96850,27,0,34,2
50501,'3',841,,96898,27,0,34,2,10,,96934,27,0,34,2,50,,96996,27,0,34,2,10,,96964,27,0,34,2,11,,96995,27,0,34,2,13,,96932,27,0,34,2,10,,96949,27,0,34,2,6,,97015,27,0,34,2,6,,96875,27,0,34,2,46,,96979,27,0,34,2,6,,96965,27,0,34,2,6,,96890,27,0,34,2,6,,97002,27,0,34,2,6,,96978,27,0,34,2,6,,96970,27,0,34,2,6,,96881,27,0,34,2,6,,96950,27,0,34,2,6,,96935,27,0,34,2,6,,97022,27,0,34,2,46,,96999,27,0,34,2,6,,96886,27,0,34,2,6,,96906,27,0,34,2,6,,96879,27,0,34,2,6,,96960,27,0,34,2,6,,96926,27,0,34,2,6,,96939,27,0,34,2,6,,96945,27,0,34,2,6,,97004,27,0,34,2,6,,96903,27,0,34,2,46,,96993,27,0,34,2,8,,96958,27,0,34,2,6,,96940,27,0,34,2,8,,96994,27,0,34,2,6,,97013,27,0,34,2,10,,96983,27,0,34,2,6,,97014,27,0,34,2,6,,96971,27,0,34,2,6,,96909,27,0,34,2,46,,96921,27,0,34,2,6,,96877,27,0,34,2,6,,96937,27,0,34,2,6,,82294,27,0,34,2,6,,96901,27,0,34,2,6,,96895,27,0,34,2,6,,96923,27,0,34,2,6,,96968,27,0,34,2,6,,96941,27,0,34,2,6,,96889,27,0,34,2,46,,96927,27,0,34,2,6,,96997,27,0,34,2,6,,96874,27,0,34,2,6,,96910,27,0,34,2,6,,96878,27,0,34,2,6,,96955,27,0,34,2,6,,96988,27,0,34,2,6,,96912,27,0,34,2,6,,97020,27,0,34,2,6,,90322,27,0,34,2,46,,96908,27,0,34,2,6,,96967,27,0,34,2,6,,96953,27,0,34,2,6,,96973,27,0,34,2,6,,96972,27,0,34,2,6,,97016,27,0,34,2,6,,96933,27,0,34,2,6,,97018,27,0,34,2,6,,96922,27,0,34,2,6,,96951,27,0,34,2,46,,96931,27,0,34,2,6,,96984,27,0,34,2,6,,96904,27,0,34,2,6,,96976,27,0,34,2,6,,87765,27,0,34,2,6,,96888,27,0,34,2,6,,96917,27,0,34,2,6,,97017,27,0,34,2,6,,96946,27,0,34,2,6,,96884,27,0,34,2,46,,96896,27,0,34,2,6,,96974,27,0,34,2,6,,96980,27,0,34,2,6,,96928,27,0,34,2,6,,96924,27,0,34,2,6,,96948,27,0,34,2,6,,96899,27,0,34,2,6,,96905,27,0,34,2,6,,96936,27,0,34,2,6,,96943,27,0,34,2,46,,96892,27,0,34,2,6,,97001,27,0,34,2,6,,96982,27,0,34,2,6,,96985,27,0,34,2,6,,96938,27,0,34,2,6,,96966,27,0,34,2,6,,97000,27,0,34,2,6,,96986,27,0,34,2,6,,97021,27,0,34,2,6,,96907,27,0,34,2,46,,97010,27,0,34,2,6,,96929,27,0,34,2,6,,97005,27,0,34,2,6,,96880,27,0,34,2,6,,96969,27,0,34,2,6,,96944,27,0,34,2,6,,96992,27,0,34,2,4,,96900,27,0,34,2,8,,96916,27,0,34,2,4,,96962,27,0,34,2,44,,96959,27,0,34,2,5,,97011,27,0,34,2,5,,97019,27,0,34,2,10,,96919,27,0,34,2,5,,96991,27,0,34,2,5,,96981,27,0,34,2,5,,96954,27,0,34,2,5,,78157,27,0,34,2,5,,96914,27,0,34,2,5,,96952,27,0,34,2,50,,96913,27,0,34,2,10,,96990,27,0,34,2,10,,97003,27,0,34,2,10,,96998,27,0,34,2,10,,96925,27,0,34,2,10,,96963,27,0,34,2,50,,96893,27,0,34,2,10,,96885,27,0,34,2,7,,96883,27,0,34,2,8,,97008,27,0,34,2,8,,96897,27,0,34,2,9,,96942,27,0,34,2,10,,96920,27,0,34,2,50,,96989,27,0,34,2,10,,96930,27,0,34,2,10,,96961,27,0,34,2,10,,96977,27,0,34,2,10,,96876,27,0,34,2,10,,96918,27,0,34,2,50,,96887,27,0,34,2,10,,96891,27,0,34,2,10,,96975,27,0,34,2,10,,97012,27,0,34,2,10,,96873,27,0,34,2,10,,96911,27,0,34,2,50,,96956,27,0,34,2,10,,96882,27,0,34,2,10,,96902,27,0,34,2,10,,96957,27,0,34,2
50501,'5',551,,97187,28,0,34,2,61,,97122,28,0,34,2,15,,97143,28,0,34,2,15,,97100,27,0,34,2,15,,97088,27,0,34,2,55,,97104,27,0,34,2,15,,97177,27,0,34,2,14,,97098,27,0,34,2,10,,97099,27,0,34,2,50,,97080,27,0,34,2,10,,97055,27,0,34,2,10,,97060,27,0,34,2,10,,97112,27,0,34,2,10,,97109,27,0,34,2,10,,97191,27,0,34,2,50,,97026,27,0,34,2,10,,97165,27,0,34,2,11,,97113,27,0,34,2,13,,97078,27,0,34,2,10,,97186,27,0,34,2,6,,97024,27,0,34,2,6,,97130,27,0,34,2,46,,97044,27,0,34,2,6,,97090,27,0,34,2,6,,97185,27,0,34,2,6,,97124,27,0,34,2,6,,97155,27,0,34,2,6,,97093,27,0,34,2,6,,97049,27,0,34,2,6,,97077,27,0,34,2,6,,97025,27,0,34,2,6,,97043,27,0,34,2,46,,97140,27,0,34,2,6,,97070,27,0,34,2,6,,97144,27,0,34,2,6,,97121,27,0,34,2,6,,97153,27,0,34,2,6,,97056,27,0,34,2,6,,97172,27,0,34,2,6,,97183,27,0,34,2,6,,97151,27,0,34,2,6,,97050,27,0,34,2,46,,97076,27,0,34,2,8,,97119,27,0,34,2,6,,97190,27,0,34,2,8,,97084,27,0,34,2,6,,97067,27,0,34,2,10,,97053,27,0,34,2,6,,97041,27,0,34,2,6,,97035,27,0,34,2,6,,97116,27,0,34,2,46,,97089,27,0,34,2,6,,97163,27,0,34,2,6,,97175,27,0,34,2,6,,97149,27,0,34,2,6,,97106,27,0,34,2,6,,97074,27,0,34,2,6,,97095,27,0,34,2,6,,97166,27,0,34,2,6,,97108,27,0,34,2,6,,97162,27,0,34,2,46,,97073,27,0,34,2,6,,97097,27,0,34,2,6,,97027,27,0,34,2,6,,97171,27,0,34,2,6,,97068,27,0,34,2,6,,97123,27,0,34,2,6,,97138,27,0,34,2,6,,97083,27,0,34,2,6,,97034,27,0,34,2,6,,97063,27,0,34,2,46,,97058,27,0,34,2,6,,97181,27,0,34,2,6,,97042,27,0,34,2,6,,97072,27,0,34,2,6,,97180,27,0,34,2,6,,97061,27,0,34,2,6,,97131,27,0,34,2,6,,97111,27,0,34,2,6,,97091,27,0,34,2,6,,97168,27,0,34,2,46,,97115,27,0,34,2,6,,97085,27,0,34,2,6,,97029,27,0,34,2,6,,97152,27,0,34,2,6,,97179,27,0,34,2,6,,77296,27,0,34,2,6,,97064,27,0,34,2,6,,97141,27,0,34,2,6,,97059,27,0,34,2,6,,97107,27,0,34,2,46,,97156,27,0,34,2,6,,97054,27,0,34,2,6,,97146,27,0,34,2,6,,97103,27,0,34,2,6,,97147,27,0,34,2,6,,97118,27,0,34,2,6,,97195,27,0,34,2,6,,97079,27,0,34,2,6,,97120,27,0,34,2,6,,97030,27,0,34,2,46,,97126,27,0,34,2,6,,97096,27,0,34,2,6,,97188,27,0,34,2,6,,97158,27,0,34,2,6,,80371,27,0,34,2,6,,97157,27,0,34,2,6,,97193,27,0,34,2,6,,97189,27,0,34,2,6,,97136,27,0,34,2,6,,97135,27,0,34,2,46,,97176,27,0,34,2,6,,97117,27,0,34,2,6,,97028,27,0,34,2,6,,97032,27,0,34,2,6,,97051,27,0,34,2,6,,97164,27,0,34,2,6,,97137,27,0,34,2,4,,97132,27,0,34,2,8,,97192,27,0,34,2,47,,97160,27,0,34,2,1,,97110,27,0,34,2,8,,97071,27,0,34,2,2,,97069,27,0,34,2,10,,97066,27,0,34,2,8,,97125,27,0,34,2,2,,97046,27,0,34,2,8,,97184,27,0,34,2,2,,97086,27,0,34,2,8,,97087,27,0,34,2,2,,97075,27,0,34,2,50,,97114,27,0,34,2,10,,97033,27,0,34,2,10,,97167,27,0,34,2,10,,97142,27,0,34,2,10,,97031,27,0,34,2,10,,97170,27,0,34,2,50,,97101,27,0,34,2,10,,97182,27,0,34,2,7,,97037,27,0,34,2,8,,97150,27,0,34,2,8,,97036,27,0,34,2,9,,97102,27,0,34,2,10,,97081,27,0,34,2,50,,97094,27,0,34,2,10,,97173,27,0,34,2,10,,97194,27,0,34,2,10,,97174,27,0,34,2,10,,97133,27,0,34,2,10,,97052,27,0,34,2,50,,97159,27,0,34,2,10,,97048,27,0,34,2,10,,97105,27,0,34,2,10,,97040,27,0,34,2,10,,97161,27,0,34,2,9,,97047,27,0,34,2,51,,97092,27,0,34,2,10,,97039,27,0,34,2,10,,97169,27,0,34,2,10,,97045,27,0,34,2
50601,'1',547,,97889,32,0,11 12 7,2,12,,97898,32,0,11 12 7,2,50,,97984,32,0,11 12 7,2,10,,97880,32,0,11 12 7,2,10,,98013,32,0,11 12 7,2,10,,97881,32,0,11 12 7,2,10,,98001,32,0,11 12 7,2,10,,98012,32,0,11 12 7,2,51,,97918,32,0,11 12 7,2,12,,78487,32,0,11 12 7,2,12,,98049,32,0,11 12 7,2,11,,98003,32,0,11 12 7,2,10,,97913,32,0,11 12 7,2,50,,98061,32,0,11 12 7,2,10,,97929,32,0,11 12 7,2,10,,97895,32,0,11 12 7,2,10,,97961,32,0,11 12 7,2,10,,97931,32,0,11 12 7,2,10,,98069,32,0,11 12 7,2,50,,97959,32,0,11 12 7,2,10,,98032,32,0,11 12 7,2,10,,98014,32,0,11 12 7,2,10,,97922,32,0,11 12 7,2,10,,97996,32,0,11 12 7,2,10,,77328,32,0,11 12 7,2,50,,97932,32,0,11 12 7,2,11,,98093,32,0,11 12 7,2,14,,97992,32,0,11 12 7,2,13,,97999,32,0,11 12 7,2,11,,97911,32,0,11 12 7,2,50,,97972,32,0,11 12 7,2,10,,98028,32,0,11 12 7,2,10,,97949,32,0,11 12 7,2,10,,97877,32,0,11 12 7,2,10,,98033,32,0,11 12 7,2,10,,98007,32,0,11 12 7,2,50,,98059,32,0,11 12 7,2,10,,97989,32,0,11 12 7,2,10,,97950,32,0,11 12 7,2,10,,98019,32,0,11 12 7,2,10,,98024,32,0,11 12 7,2,10,,78526,32,0,11 12 7,2,50,,98094,32,0,11 12 7,2,10,,97939,32,0,11 12 7,2,10,,97997,32,0,11 12 7,2,10,,97869,32,0,11 12 7,2,10,,98072,32,0,11 12 7,2,10,,97962,32,0,11 12 7,2,50,,97873,32,0,11 12 7,2,10,,97921,32,0,11 12 7,2,10,,89982,32,0,11 12 7,2,10,,97960,32,0,11 12 7,2,10,,97955,32,0,11 12 7,2,10,,97900,32,0,11 12 7,2,50,,98021,32,0,11 12 7,2,10,,97968,32,0,11 12 7,2,12,,97901,32,0,11 12 7,2,11,,97991,32,0,11 12 7,2,11,,98106,32,0,11 12 7,2,10,,98056,32,0,11 12 7,2,50,,98090,32,0,11 12 7,2,10,,97933,32,0,11 12 7,2,10,,98076,32,0,11 12 7,2,10,,97910,32,0,11 12 7,2,10,,97930,32,0,11 12 7,2,10,,97934,32,0,11 12 7,2,50,,97882,32,0,11 12 7,2,10,,98030,32,0,11 12 7,2,10,,98009,32,0,11 12 7,2,10,,97948,32,0,11 12 7,2,10,,98058,32,0,11 12 7,2,10,,97982,32,0,11 12 7,2,50,,98102,32,0,11 12 7,2,10,,97966,32,0,11 12 7,2,10,,97904,32,0,11 12 7,2,10,,77435,32,0,11 12 7,2,10,,98112,32,0,11 12 7,2,10,,98053,32,0,11 12 7,2,50,,97945,32,0,11 12 7,2,10,,98023,32,0,11 12 7,2,10,,82994,32,0,11 12 7,2,10,,97887,32,0,11 12 7,2,10,,97979,32,0,11 12 7,2,10,,97927,32,0,11 12 7,2,48,,97944,32,0,11 12 7,2,8,,97897,32,0,11 12 7,2,6,,97919,32,0,11 12 7,2,9,,97903,32,0,11 12 7,2,10,,98010,32,0,11 12 7,2,10,,98110,32,0,11 12 7,2,10,,97941,32,0,11 12 7,2,50,,98004,32,0,11 12 7,2,10,,98048,32,0,11 12 7,2,10,,97953,32,0,11 12 7,2,10,,98068,32,0,11 12 7,2,2,,97891,32,,,2,5,,98088,32,,,2,3,,76363,32,0,11 12 7,2,10,,97923,32,0,11 12 7,2,50,,97974,32,0,11 12 7,2,10,,98065,32,0,11 12 7,2,10,,98095,32,0,11 12 7,2,7,,98104,32,0,11 12 7,2,7,,97973,32,0,11 12 7,2,9,,98026,32,0,11 12 7,2,50,,97985,32,0,11 12 7,2,10,,98044,32,0,11 12 7,2,10,,86634,32,0,11 12 7,2,10,,98050,32,0,11 12 7,2,10,,98000,32,0,11 12 7,2,10,,97971,32,0,11 12 7,2,50,,97958,32,0,11 12 7,2,10,,97977,32,0,11 12 7,2,10,,98005,32,0,11 12 7,2,10,,97975,32,0,11 12 7,2,10,,97964,32,0,11 12 7,2,10,,98086,32,0,11 12 7,2,50,,98100,32,0,11 12 7,2,10,,76278,32,0,11 12 7,2,10,,97988,32,0,11 12 7,2,10,,97936,32,0,11 12 7,2,10,,98039,32,0,11 12 7,2,5,,97981,32,0,11 12 7,2
50601,'2',628,,98318,32,0,11 12 7,2,10,,98192,32,0,11 12 7,2,10,,98334,32,0,11 12 7,2,10,,98194,32,0,11 12 7,2,50,,98165,32,0,11 12 7,2,10,,98354,32,0,11 12 7,2,10,,98156,32,0,11 12 7,2,10,,98342,32,0,11 12 7,2,12,,98289,32,0,11 12 7,2,53,,98184,32,0,11 12 7,2,11,,98315,32,0,11 12 7,2,10,,98241,32,0,11 12 7,2,12,,98211,32,0,11 12 7,2,10,,98365,32,0,11 12 7,2,10,,98294,32,0,11 12 7,2,50,,98243,32,0,11 12 7,2,10,,98347,32,0,11 12 7,2,10,,98355,32,0,11 12 7,2,10,,98260,32,0,11 12 7,2,10,,98187,32,0,11 12 7,2,10,,98256,32,0,11 12 7,2,50,,98231,32,0,11 12 7,2,10,,98265,32,0,11 12 7,2,10,,98338,32,0,11 12 7,2,10,,98183,32,0,11 12 7,2,10,,98359,32,0,11 12 7,2,10,,98140,32,0,11 12 7,2,50,,98160,32,0,11 12 7,2,10,,98378,32,0,11 12 7,2,10,,98197,32,0,11 12 7,2,10,,98250,32,0,11 12 7,2,10,,98208,32,0,11 12 7,2,11,,98344,32,0,11 12 7,2,52,,98133,32,0,11 12 7,2,12,,98154,32,0,11 12 7,2,13,,98308,32,0,11 12 7,2,10,,98162,32,0,11 12 7,2,10,,98333,32,0,11 12 7,2,50,,84825,32,0,11 12 7,2,10,,98370,32,0,11 12 7,2,10,,98350,32,0,11 12 7,2,10,,98373,32,0,11 12 7,2,10,,98236,32,0,11 12 7,2,10,,98337,32,0,11 12 7,2,50,,98200,32,0,11 12 7,2,10,,98283,32,0,11 12 7,2,10,,98311,32,0,11 12 7,2,10,,98358,32,0,11 12 7,2,10,,98301,32,0,11 12 7,2,10,,98205,32,0,11 12 7,2,50,,98328,32,0,11 12 7,2,10,,98125,32,0,11 12 7,2,10,,98121,32,0,11 12 7,2,10,,98267,32,0,11 12 7,2,10,,98224,32,0,11 12 7,2,10,,98176,32,0,11 12 7,2,50,,98270,32,0,11 12 7,2,10,,98259,32,0,11 12 7,2,10,,98296,32,0,11 12 7,2,10,,98360,32,0,11 12 7,2,10,,98144,32,0,11 12 7,2,10,,98237,32,0,11 12 7,2,50,,98317,32,0,11 12 7,2,10,,98177,32,0,11 12 7,2,10,,98235,32,0,11 12 7,2,10,,98376,32,0,11 12 7,2,10,,98155,32,0,11 12 7,2,10,,98357,32,0,11 12 7,2,50,,98167,32,0,11 12 7,2,10,,98213,32,0,11 12 7,2,10,,98229,32,0,11 12 7,2,10,,98280,32,0,11 12 7,2,10,,98331,32,0,11 12 7,2,10,,98206,32,0,11 12 7,2,50,,75886,32,0,11 12 7,2,10,,98228,32,0,11 12 7,2,10,,98171,32,0,11 12 7,2,9,,98371,32,0,11 12 7,2,10,,98142,32,0,11 12 7,2,10,,98180,32,0,11 12 7,2,50,,98297,32,0,11 12 7,2,10,,98199,32,0,11 12 7,2,10,,98310,32,0,11 12 7,2,10,,98264,32,0,11 12 7,2,10,,98175,32,0,11 12 7,2,10,,98159,32,0,11 12 7,2,50,,98379,32,0,11 12 7,2,10,,98374,32,0,11 12 7,2,5,,78091,32,,,2,5,,98232,32,0,11 12 7,2,7,,98277,32,0,11 12 7,2,8,,98368,32,0,11 12 7,2,9,,98273,32,0,11 12 7,2,10,,98295,32,0,11 12 7,2,50,,98377,32,0,11 12 7,2,10,,98186,32,0,11 12 7,2,10,,98223,32,0,11 12 7,2,10,,98219,32,0,11 12 7,2,10,,98341,32,0,11 12 7,2,10,,98178,32,0,11 12 7,2,50,,98189,32,0,11 12 7,2,10,,98287,32,0,11 12 7,2,10,,78768,32,0,11 12 7,2,10,,98364,32,0,11 12 7,2,10,,98238,32,0,11 12 7,2,10,,98369,32,0,11 12 7,2,50,,98303,32,0,11 12 7,2,10,,98348,32,0,11 12 7,2,10,,98145,32,0,11 12 7,2,10,,76429,32,0,11 12 7,2,10,,98129,32,0,11 12 7,2,10,,98215,32,0,11 12 7,2,50,,98271,32,0,11 12 7,2,10,,79896,32,0,11 12 7,2,10,,98284,32,0,11 12 7,2,11,,98363,32,0,11 12 7,2,4,,98153,32,0,11 12 7,2
50601,'3',733,,98514,32,0,11 12 7,2,10,,98547,32,0,11 12 7,2,10,,98439,32,0,11 12 7,2,50,,98417,32,0,11 12 7,2,10,,98541,32,0,11 12 7,2,13,,98382,32,0,11 12 7,2,11,,98482,32,0,11 12 7,2,10,,98485,32,0,11 12 7,2,10,,98448,32,0,11 12 7,2,50,,98498,32,0,11 12 7,2,10,,98458,32,0,11 12 7,2,10,,98478,32,0,11 12 7,2,10,,98551,32,0,11 12 7,2,10,,98437,32,0,11 12 7,2,10,,98454,32,0,11 12 7,2,50,,98474,32,0,11 12 7,2,10,,98470,32,0,11 12 7,2,10,,98389,32,0,11 12 7,2,10,,98568,32,0,11 12 7,2,10,,98497,32,0,11 12 7,2,10,,98430,32,0,11 12 7,2,50,,98475,32,0,11 12 7,2,10,,98427,32,0,11 12 7,2,10,,98491,32,0,11 12 7,2,10,,98526,32,0,11 12 7,2,10,,98445,32,0,11 12 7,2,10,,98516,32,0,11 12 7,2,50,,98540,32,0,11 12 7,2,10,,98499,32,0,11 12 7,2,11,,98476,32,0,11 12 7,2,13,,98524,32,0,11 12 7,2,13,,98402,32,0,11 12 7,2,50,,98393,32,0,11 12 7,2,10,,98559,32,0,11 12 7,2,10,,98456,32,0,11 12 7,2,10,,98515,32,0,11 12 7,2,10,,98479,32,0,11 12 7,2,10,,98452,32,0,11 12 7,2,50,,98564,32,0,11 12 7,2,10,,98385,32,0,11 12 7,2,10,,98455,32,0,11 12 7,2,10,,98517,32,0,11 12 7,2,10,,98566,32,0,11 12 7,2,10,,98467,32,0,11 12 7,2,50,,98403,32,0,11 12 7,2,10,,98534,32,0,11 12 7,2,10,,98520,32,0,11 12 7,2,10,,98398,32,0,11 12 7,2,10,,98409,32,0,11 12 7,2,10,,98472,32,0,11 12 7,2,50,,98413,32,0,11 12 7,2,10,,98397,32,0,11 12 7,2,10,,98553,32,0,11 12 7,2,10,,98536,32,0,11 12 7,2,10,,98463,32,0,11 12 7,2,10,,98386,32,0,11 12 7,2,50,,98525,32,0,11 12 7,2,10,,98521,32,0,11 12 7,2,10,,98421,32,0,11 12 7,2,10,,98449,32,0,11 12 7,2,10,,98565,32,0,11 12 7,2,10,,98464,32,0,11 12 7,2,50,,98457,32,0,11 12 7,2,10,,98571,32,0,11 12 7,2,10,,98537,32,0,11 12 7,2,10,,98589,32,0,11 12 7,2,10,,98483,32,0,11 12 7,2,10,,98542,32,0,11 12 7,2,50,,98489,32,0,11 12 7,2,10,,98429,32,0,11 12 7,2,10,,98574,32,0,11 12 7,2,9,,98546,32,0,11 12 7,2,8,,98581,32,0,11 12 7,2,10,,98550,32,0,11 12 7,2,50,,98440,32,0,11 12 7,2,10,,98518,32,0,11 12 7,2,10,,98527,32,0,11 12 7,2,10,,98500,32,0,11 12 7,2,10,,98460,32,0,11 12 7,2,5,,98415,32,,,2,5,,98508,32,0,11 12 7,2,50,,98511,32,0,11 12 7,2,10,,98533,32,0,11 12 7,2,10,,98576,32,0,11 12 7,2,9,,98585,32,0,11 12 7,2,8,,98595,32,0,11 12 7,2,7,,98422,32,0,11 12 7,2,10,,98505,32,0,11 12 7,2,50,,98519,32,0,11 12 7,2,10,,98426,32,0,11 12 7,2,10,,98594,32,0,11 12 7,2,10,,98586,32,0,11 12 7,2,10,,98408,32,0,11 12 7,2,6,,98425,32,,,2,4,,98544,32,0,11 12 7,2,50,,98588,32,0,11 12 7,2,10,,98567,32,0,11 12 7,2,10,,98503,32,0,11 12 7,2,10,,98493,32,0,11 12 7,2,10,,98530,32,0,11 12 7,2,10,,98596,32,0,11 12 7,2,50,,98523,32,0,11 12 7,2,10,,98570,32,0,11 12 7,2,10,,98471,32,0,11 12 7,2,10,,98598,32,0,11 12 7,2,10,,98591,32,0,11 12 7,2,10,,98390,32,0,11 12 7,2,50,,98593,32,0,11 12 7,2,10,,98522,32,0,11 12 7,2,10,,98587,32,0,11 12 7,2,10,,98416,32,0,11 12 7,2,12,,98599,32,0,11 12 7,2
50601,'5',602,,98696,32,0,11 12 7,2,10,,98650,32,0,11 12 7,2,10,,98785,32,0,11 12 7,2,10,,98822,32,0,11 12 7,2,10,,98649,32,0,11 12 7,2,10,,98748,32,0,11 12 7,2,50,,98643,32,0,11 12 7,2,10,,98638,32,0,11 12 7,2,10,,98729,32,0,11 12 7,2,11,,98825,32,0,11 12 7,2,10,,98612,32,0,11 12 7,2,10,,83721,32,0,11 12 7,2,50,,98629,32,0,11 12 7,2,10,,98707,32,0,11 12 7,2,13,,98833,32,0,11 12 7,2,11,,98703,32,0,11 12 7,2,10,,98678,32,0,11 12 7,2,10,,98782,32,0,11 12 7,2,50,,98819,32,0,11 12 7,2,10,,98763,32,0,11 12 7,2,10,,98657,32,0,11 12 7,2,10,,98635,32,0,11 12 7,2,10,,98659,32,0,11 12 7,2,10,,98708,32,0,11 12 7,2,50,,98671,32,0,11 12 7,2,10,,98810,32,0,11 12 7,2,10,,98689,32,0,11 12 7,2,10,,98602,32,0,11 12 7,2,10,,98725,32,0,11 12 7,2,10,,79302,32,0,11 12 7,2,50,,98775,32,0,11 12 7,2,10,,98606,32,0,11 12 7,2,10,,98823,32,0,11 12 7,2,10,,98838,32,0,11 12 7,2,10,,98751,32,0,11 12 7,2,10,,98624,32,0,11 12 7,2,50,,98783,32,0,11 12 7,2,10,,98815,32,0,11 12 7,2,11,,98715,32,0,11 12 7,2,13,,98747,32,0,11 12 7,2,13,,98807,32,0,11 12 7,2,50,,98719,32,0,11 12 7,2,10,,98760,32,0,11 12 7,2,10,,98842,32,0,11 12 7,2,10,,98809,32,0,11 12 7,2,10,,98608,32,0,11 12 7,2,10,,98743,32,0,11 12 7,2,50,,98632,32,0,11 12 7,2,10,,98695,32,0,11 12 7,2,10,,98677,32,0,11 12 7,2,10,,81199,32,0,11 12 7,2,10,,98791,32,0,11 12 7,2,10,,98700,32,0,11 12 7,2,50,,98755,32,0,11 12 7,2,10,,98668,32,0,11 12 7,2,10,,98683,32,0,11 12 7,2,10,,98757,32,0,11 12 7,2,10,,98679,32,0,11 12 7,2,10,,98664,32,0,11 12 7,2,50,,98661,32,0,11 12 7,2,10,,98644,32,0,11 12 7,2,10,,98756,32,0,11 12 7,2,10,,98844,32,0,11 12 7,2,10,,98690,32,0,11 12 7,2,10,,98795,32,0,11 12 7,2,50,,98623,32,0,11 12 7,2,10,,98739,32,0,11 12 7,2,10,,98622,32,0,11 12 7,2,10,,98662,32,0,11 12 7,2,10,,98837,32,0,11 12 7,2,10,,98735,32,0,11 12 7,2,50,,98772,32,0,11 12 7,2,10,,98651,32,0,11 12 7,2,10,,98685,32,0,11 12 7,2,10,,98749,32,0,11 12 7,2,10,,98779,32,0,11 12 7,2,10,,98680,32,0,11 12 7,2,50,,98663,32,0,11 12 7,2,10,,98665,32,0,11 12 7,2,10,,98816,32,0,11 12 7,2,9,,98701,32,0,11 12 7,2,8,,98712,32,0,11 12 7,2,10,,98839,32,0,11 12 7,2,50,,98686,32,0,11 12 7,2,10,,98787,32,0,11 12 7,2,10,,98636,32,0,11 12 7,2,10,,98698,32,0,11 12 7,2,10,,98811,32,0,11 12 7,2,5,,98814,32,,,2,5,,98845,32,0,11 12 7,2,50,,98601,32,0,11 12 7,2,10,,98648,32,0,11 12 7,2,10,,98830,32,0,11 12 7,2,9,,98832,32,0,11 12 7,2,8,,98827,32,0,11 12 7,2,7,,98670,32,0,11 12 7,2,10,,98762,32,0,11 12 7,2,50,,98616,32,0,11 12 7,2,10,,98669,32,0,11 12 7,2,10,,98654,32,0,11 12 7,2,10,,98723,32,0,11 12 7,2,10,,88068,32,0,11 12 7,2,4,,81232,32,,,2,6,,98803,32,0,11 12 7,2,50,,98754,32,0,11 12 7,2,10,,98846,32,0,11 12 7,2,10,,98742,32,0,11 12 7,2,10,,98710,32,0,11 12 7,2,10,,98841,32,0,11 12 7,2,10,,98768,32,0,11 12 7,2,50,,98625,32,0,11 12 7,2,10,,98718,32,0,11 12 7,2,10,,98702,32,0,11 12 7,2,10,,98693,32,0,11 12 7,2,10,,98848,32,0,11 12 7,2,10,,98740,32,0,11 12 7,2,50,,98831,32,0,11 12 7,2,10,,98744,32,0,11 12 7,2,10,,98611,32,0,11 12 7,2,10,,98750,32,0,11 12 7,2,12,,98778,32,0,11 12 7,2
