30101,'1',2623,,123574,39,0,16 40,2,13,,123571,39,0,16 40,2,15,,123567,39,0,16 40,2,55,,123572,39,0,16 40,2,15,,123584,39,0,16 40,2,15,,123577,39,0,16 40,2,15,,108162,39,0,16 40,2,55,,123575,39,0,16 40,2,15,,123592,39,0,16 40,2,15,,123589,39,0,16 40,2,15,,123576,39,0,16 40,2,55,,123590,39,0,16 40,2,15,,123565,39,0,16 40,2
30101,'2',2637,,123603,39,0,16 40,2,9,,123593,39,0,16 40,2,55,,123606,39,0,16 40,2,15,,123611,39,0,16 40,2,15,,119354,39,0,16 40,2,15,,123594,39,0,16 40,2,55,,123613,39,0,16 40,2,15,,123605,39,0,16 40,2,15,,123609,39,0,16 40,2,15,,123599,39,0,16 40,2,55,,123602,39,0,16 40,2,15,,123617,39,0,16 40,2,15,,123598,39,0,16 40,2
30101,'3',2604,,123621,39,0,16 40,2,15,,113275,39,0,16 40,2,12,,123634,39,0,16 40,2,15,,123629,39,0,16 40,2,55,,123637,39,0,16 40,2,15,,123642,39,0,16 40,2,15,,123623,39,0,16 40,2,15,,123644,39,0,16 40,2,55,,123633,39,0,16 40,2,15,,123620,39,0,16 40,2,15,,123630,39,0,16 40,2,15,,123628,39,0,16 40,2,55,,123635,39,0,16 40,2,15,,123640,39,0,16 40,2,15,,123636,39,0,16 40,2
30101,'5',2604,,112866,39,0,16 40,2,15,,123652,39,0,16 40,2,12,,123654,39,0,16 40,2,15,,123667,39,0,16 40,2,55,,123647,39,0,16 40,2,15,,123656,39,0,16 40,2,15,,123657,39,0,16 40,2,15,,123673,39,0,16 40,2,55,,123659,39,0,16 40,2,15,,123671,39,0,16 40,2,15,,123672,39,0,16 40,2,15,,123669,39,0,16 40,2,55,,123666,39,0,16 40,2,15,,123649,39,0,16 40,2,15,,123665,39,0,16 40,2
30401,'1',2700,,123810,28,4,,2,1,,123818,41,0,34,2,9,,123822,28,4,,2,1,,111237,41,0,34,2,9,,123813,28,4,,2,1,,123804,41,0,34,2,10,,123825,41,0,34,2,10,,123819,41,0,34,2,10,,123811,41,0,34,2,50,,108615,41,0,34,2,10,,123820,41,0,34,2,10,,123808,41,0,34,2,10,,123815,41,0,34,2,10,,123814,41,0,34,2,10,,123823,41,0,34,2,50,,123821,41,0,34,2,10,,123806,41,0,34,2,10,,123807,41,0,34,2,15,,123824,41,0,34,2,10,,123816,41,4,,2,10,,123817,41,4,,2,50,,123805,41,4,,2,10,,123809,41,4,,2,5,,123812,41,4,,2
30401,'2',2708,,123841,41,0,34,2,10,,120167,41,0,34,2,9,,123846,28,4,,2,1,,123832,41,0,34,2,10,,123845,41,0,34,2,10,,123837,41,0,34,2,10,,123827,41,0,34,2,50,,123834,41,0,34,2,10,,123848,41,0,34,2,10,,123826,41,0,34,2,10,,123829,41,0,34,2,10,,123833,41,0,34,2,10,,123840,41,0,34,2,50,,123842,41,0,34,2,10,,123835,41,0,34,2,10,,123830,41,0,34,2,12,,123847,41,0,34,2,10,,123843,41,4,,2,50,,123838,41,4,,2,5,,123836,41,4,,2,5,,123828,41,4,,2,10,,123831,41,4,,2,10,,123839,41,4,,2,13,,123844,41,4,,2
30401,'3',557,,123883,28,0,34,2,54,,123869,28,0,34,2,14,,123872,28,0,34,2,14,,123889,28,0,34,2,14,,123856,28,0,34,2,54,,123890,28,0,34,2,14,,123858,28,0,34,2,14,,123857,28,0,34,2,14,,123878,28,0,34,2,1909,,123887,41,4,,2,52,,109438,41,0,34,2,8,,123863,28,4,,2,2,,123882,41,0,34,2,8,,120873,28,4,,2,2,,123875,41,0,34,2,8,,123880,28,4,,2,2,,123849,41,0,34,2,10,,123893,41,0,34,2,50,,123873,41,0,34,2,10,,123892,41,0,34,2,10,,123850,41,0,34,2,10,,123877,41,0,34,2,10,,123881,41,0,34,2,10,,123865,41,0,34,2,50,,123864,41,0,34,2,10,,123859,41,0,34,2,10,,123868,41,0,34,2,10,,123867,41,0,34,2,8,,123855,41,4,,2,10,,123861,41,4,,2,10,,123871,41,4,,2
30401,'5',2710,,123913,41,0,34,2,10,,123895,41,0,34,2,8,,123902,28,4,,2,2,,123898,41,0,34,2,8,,123905,28,4,,2,2,,123914,41,0,34,2,10,,123903,41,0,34,2,50,,123908,41,0,34,2,10,,123911,41,0,34,2,10,,123901,41,0,34,2,10,,123897,41,0,34,2,10,,123904,41,0,34,2,10,,123899,41,0,34,2,50,,123896,41,0,34,2,10,,123912,41,0,34,2,10,,123909,41,0,34,2,10,,123907,41,0,34,2,8,,123900,41,4,,2,10,,123906,41,4,,2,10,,123910,41,4,,2
50101,'1',437,,124850,34,0,16 40,2,10,,124873,34,0,16 40,2,10,,124806,34,0,16 40,2,50,,124829,34,0,16 40,2,10,,124892,34,0,16 40,2,10,,124788,34,0,16 40,2,8,,124854,34,0,16 40,2,11,,124825,34,0,16 40,2,9,,124773,34,0,16 40,2,2,,124876,40,0,16 40,2,55,,124833,40,0,16 40,2,6,,124889,34,0,16 40,2,9,,124883,40,0,16 40,2,14,,124800,34,0,16 40,2,1,,124811,40,0,16 40,2,15,,124858,40,0,16 40,2,50,,124894,40,0,16 40,2,10,,124808,40,0,16 40,2,10,,124874,40,0,16 40,2,10,,124902,40,0,16 40,2,10,,124827,40,0,16 40,2,53,,124776,34,0,16 40,2,6,,124882,40,0,16 40,2,10,,124890,40,0,16 40,2,10,,124871,40,0,16 40,2,10,,124843,40,0,16 40,2,10,,124864,40,0,16 40,2,10,,124855,40,0,16 40,2,50,,124863,40,0,16 40,2,10,,124794,40,0,16 40,2,10,,124838,40,0,16 40,2,10,,124896,40,0,16 40,2,10,,124898,40,0,16 40,2,10,,124842,40,0,16 40,2,53,,124804,40,0,16 40,2,5,,124801,34,0,16 40,2,5,,124834,40,0,16 40,2,10,,124844,40,0,16 40,2,10,,124778,40,0,16 40,2,10,,124870,40,0,16 40,2,10,,112240,40,0,16 40,2,50,,124835,40,0,16 40,2,10,,112292,40,0,16 40,2,10,,124900,40,0,16 40,2,10,,124893,40,0,16 40,2,10,,124785,40,0,16 40,2,10,,124878,40,0,16 40,2,50,,124786,40,0,16 40,2,10,,124774,40,0,16 40,2,10,,124818,40,0,16 40,2,10,,124813,40,0,16 40,2,10,,124798,40,0,16 40,2,10,,124772,40,0,16 40,2,50,,124886,40,0,16 40,2,10,,124803,40,0,16 40,2,10,,124807,40,0,16 40,2,10,,124891,40,0,16 40,2,10,,124790,40,0,16 40,2,10,,124851,40,0,16 40,2,50,,124792,40,0,16 40,2,10,,124796,40,0,16 40,2,10,,124793,40,0,16 40,2,10,,124847,40,0,16 40,2,10,,124828,40,0,16 40,2,10,,124824,40,0,16 40,2,50,,124822,40,0,16 40,2,10,,124899,40,0,16 40,2,10,,124895,40,0,16 40,2,10,,124821,40,0,16 40,2,10,,124802,40,0,16 40,2,51,,124879,40,0,16 40,2,11,,124791,40,0,16 40,2,10,,124820,40,0,16 40,2,10,,124867,40,0,16 40,2,10,,124888,40,0,16 40,2,10,,124880,40,0,16 40,2,50,,124831,40,0,16 40,2,10,,124819,40,0,16 40,2,10,,124830,40,0,16 40,2,10,,124856,40,0,16 40,2,10,,124901,40,0,16 40,2,10,,124845,40,0,16 40,2,50,,124809,40,0,16 40,2,9,,124795,40,0,16 40,2,10,,124814,40,0,16 40,2,10,,124816,40,0,16 40,2,10,,124799,40,0,16 40,2,10,,124872,40,0,16 40,2,50,,124815,40,0,16 40,2,10,,124832,40,0,16 40,2,10,,109745,40,0,16 40,2,10,,124862,40,0,16 40,2,10,,124869,40,0,16 40,2,10,,124897,40,0,16 40,2,50,,124848,40,0,16 40,2,8,,124837,40,0,16 40,2,10,,122657,40,0,16 40,2,8,,124875,40,0,16 40,2,7,,124887,40,0,16 40,2,10,,124777,40,0,16 40,2,10,,124861,40,0,16 40,2,50,,124836,40,0,16 40,2,10,,124903,40,0,16 40,2,10,,124853,40,0,16 40,2,10,,124779,40,0,16 40,2,10,,124817,40,0,16 40,2,10,,124885,40,0,16 40,2,50,,124823,40,0,16 40,2,10,,124866,40,0,16 40,2,10,,124860,40,0,16 40,2,10,,124877,40,0,16 40,2,9,,124805,40,0,16 40,2,7,,124775,40,0,16 40,2,7,,124840,40,0,16 40,2,49,,124839,40,0,16 40,2,10,,124787,40,0,16 40,2,10,,124849,40,0,16 40,2,10,,124884,40,0,16 40,2,10,,124780,40,0,16 40,2,10,,124789,40,0,16 40,2,50,,124859,40,0,16 40,2,10,,124812,40,0,16 40,2,10,,124781,40,0,16 40,2,10,,124797,40,0,16 40,2,10,,124852,40,0,16 40,2,10,,124841,40,0,16 40,2,50,,124881,40,0,16 40,2,10,,124810,40,0,16 40,2,10,,124826,40,0,16 40,2,10,,124865,40,0,16 40,2,10,,124868,40,0,16 40,2,10,,124784,40,0,16 40,2,50,,124846,40,0,16 40,2,10,,124783,40,0,16 40,2
50101,'2',431,,124930,34,0,16 40,2,10,,124907,34,0,16 40,2,10,,124928,34,0,16 40,2,50,,125006,34,0,16 40,2,10,,124958,34,0,16 40,2,10,,125032,34,0,16 40,2,10,,124964,34,0,16 40,2,10,,124975,34,0,16 40,2,10,,124922,40,0,16 40,2,50,,124978,40,0,16 40,2,10,,124946,40,0,16 40,2,10,,124984,40,0,16 40,2,10,,124969,40,0,16 40,2,10,,125013,40,0,16 40,2,10,,124931,40,0,16 40,2,50,,124968,40,0,16 40,2,10,,125008,40,0,16 40,2,10,,124920,40,0,16 40,2,10,,124912,40,0,16 40,2,10,,125038,40,0,16 40,2,10,,124980,40,0,16 40,2,50,,124973,40,0,16 40,2,10,,125029,40,0,16 40,2,10,,124916,40,0,16 40,2,10,,124992,40,0,16 40,2,12,,124923,40,0,16 40,2,12,,124947,40,0,16 40,2,45,,124917,34,0,16 40,2,8,,125007,40,0,16 40,2,13,,124938,40,0,16 40,2,10,,124974,40,0,16 40,2,10,,125017,40,0,16 40,2,10,,124962,40,0,16 40,2,50,,124967,40,0,16 40,2,10,,124921,40,0,16 40,2,10,,124913,40,0,16 40,2,10,,125012,40,0,16 40,2,10,,124994,40,0,16 40,2,10,,124926,40,0,16 40,2,50,,124959,40,0,16 40,2,10,,125025,40,0,16 40,2,10,,124945,40,0,16 40,2,10,,124985,40,0,16 40,2,10,,124940,40,0,16 40,2,12,,125042,40,0,16 40,2,5,,125035,34,0,16 40,2,48,,125000,40,0,16 40,2,5,,124999,34,0,16 40,2,7,,125033,40,0,16 40,2,9,,125021,40,0,16 40,2,9,,124911,40,0,16 40,2,9,,124986,40,0,16 40,2,9,,124963,40,0,16 40,2,49,,106867,40,0,16 40,2,9,,125027,40,0,16 40,2,9,,124929,40,0,16 40,2,9,,124936,40,0,16 40,2,9,,124993,40,0,16 40,2,9,,124957,40,0,16 40,2,9,,125019,40,0,16 40,2,49,,125018,40,0,16 40,2,9,,124991,40,0,16 40,2,9,,125011,40,0,16 40,2,9,,124908,40,0,16 40,2,9,,124961,40,0,16 40,2,9,,124914,40,0,16 40,2,49,,124935,40,0,16 40,2,9,,124996,40,0,16 40,2,9,,124905,40,0,16 40,2,9,,124944,40,0,16 40,2,9,,125004,40,0,16 40,2,9,,125010,40,0,16 40,2,9,,124950,40,0,16 40,2,49,,124910,40,0,16 40,2,9,,124976,40,0,16 40,2,9,,124952,40,0,16 40,2,9,,124971,40,0,16 40,2,9,,125005,40,0,16 40,2,9,,124937,40,0,16 40,2,9,,124943,40,0,16 40,2,49,,124906,40,0,16 40,2,9,,124989,40,0,16 40,2,9,,124955,40,0,16 40,2,9,,124951,40,0,16 40,2,9,,124954,40,0,16 40,2,9,,124960,40,0,16 40,2,49,,124965,40,0,16 40,2,9,,125001,40,0,16 40,2,9,,124919,40,0,16 40,2,9,,124998,40,0,16 40,2,9,,124941,40,0,16 40,2,9,,125037,40,0,16 40,2,9,,124924,40,0,16 40,2,49,,124983,40,0,16 40,2,9,,124977,40,0,16 40,2,9,,117930,40,0,16 40,2,9,,124904,40,0,16 40,2,9,,125041,40,0,16 40,2,9,,124981,40,0,16 40,2,9,,124979,40,0,16 40,2,49,,125002,40,0,16 40,2,9,,125030,40,0,16 40,2,9,,124949,40,0,16 40,2,10,,124925,40,0,16 40,2,10,,124939,40,0,16 40,2,10,,125024,40,0,16 40,2,50,,124995,40,0,16 40,2,10,,125016,40,0,16 40,2,10,,125023,40,0,16 40,2,10,,125031,40,0,16 40,2,10,,125028,40,0,16 40,2,10,,125009,40,0,16 40,2,50,,124970,40,0,16 40,2,10,,124990,40,0,16 40,2,10,,124942,40,0,16 40,2,10,,124997,40,0,16 40,2,10,,124966,40,0,16 40,2,6,,107110,40,0,16 40,2,8,,125026,40,0,16 40,2,46,,124987,40,0,16 40,2,8,,125022,40,0,16 40,2,7,,125003,40,0,16 40,2,10,,125040,40,0,16 40,2,10,,124918,40,0,16 40,2,10,,124909,40,0,16 40,2,10,,124956,40,0,16 40,2,50,,124948,40,0,16 40,2,10,,125014,40,0,16 40,2,10,,125039,40,0,16 40,2,10,,125034,40,0,16 40,2,10,,124988,40,0,16 40,2,10,,124933,40,0,16 40,2,50,,120063,40,0,16 40,2,10,,124972,40,0,16 40,2,10,,124982,40,0,16 40,2,10,,124953,40,0,16 40,2,10,,125036,40,0,16 40,2,10,,125020,40,0,16 40,2,50,,124915,40,0,16 40,2,10,,124934,40,0,16 40,2
50101,'3',439,,125129,34,0,16 40,2,8,,118802,34,0,16 40,2,8,,125134,34,0,16 40,2,48,,125140,34,0,16 40,2,8,,125126,34,0,16 40,2,16,,125164,34,0,16 40,2,10,,125071,34,0,16 40,2,12,,125120,40,0,16 40,2,10,,125121,40,0,16 40,2,50,,125153,40,0,16 40,2,10,,125148,40,0,16 40,2,10,,125066,40,0,16 40,2,10,,125043,40,0,16 40,2,10,,125058,40,0,16 40,2,10,,125046,40,0,16 40,2,50,,125133,40,0,16 40,2,10,,125089,40,0,16 40,2,10,,125110,40,0,16 40,2,10,,125138,40,0,16 40,2,10,,125092,40,0,16 40,2,10,,111923,40,0,16 40,2,50,,125100,40,0,16 40,2,10,,125163,40,0,16 40,2,5,,125107,34,0,16 40,2,7,,125104,40,0,16 40,2,12,,125136,40,0,16 40,2,13,,125088,40,0,16 40,2,52,,125152,40,0,16 40,2,7,,125098,34,0,16 40,2,5,,125078,40,0,16 40,2,10,,125095,40,0,16 40,2,10,,125086,40,0,16 40,2,10,,125130,40,0,16 40,2,50,,125139,40,0,16 40,2,10,,125096,40,0,16 40,2,10,,125077,40,0,16 40,2,10,,125052,40,0,16 40,2,10,,125161,40,0,16 40,2,10,,125073,40,0,16 40,2,50,,125065,40,0,16 40,2,10,,125049,40,0,16 40,2,10,,125165,40,0,16 40,2,10,,125113,40,0,16 40,2,10,,125070,40,0,16 40,2,10,,125053,40,0,16 40,2,54,,125082,40,0,16 40,2,6,,125172,34,0,16 40,2,6,,125074,40,0,16 40,2,10,,125132,40,0,16 40,2,10,,125135,40,0,16 40,2,10,,125131,40,0,16 40,2,10,,125090,40,0,16 40,2,50,,125102,40,0,16 40,2,10,,125146,40,0,16 40,2,10,,125099,40,0,16 40,2,10,,125061,40,0,16 40,2,10,,107999,40,0,16 40,2,10,,125054,40,0,16 40,2,50,,125170,40,0,16 40,2,10,,125149,40,0,16 40,2,10,,125105,40,0,16 40,2,10,,125067,40,0,16 40,2,10,,125069,40,0,16 40,2,10,,125059,40,0,16 40,2,50,,125114,40,0,16 40,2,10,,125101,40,0,16 40,2,10,,125160,40,0,16 40,2,10,,125097,40,0,16 40,2,10,,125080,40,0,16 40,2,10,,125141,40,0,16 40,2,50,,125156,40,0,16 40,2,10,,125171,40,0,16 40,2,10,,125091,40,0,16 40,2,10,,125048,40,0,16 40,2,10,,125064,40,0,16 40,2,10,,125079,40,0,16 40,2,50,,125047,40,0,16 40,2,10,,125169,40,0,16 40,2,10,,125060,40,0,16 40,2,10,,125119,40,0,16 40,2,10,,125063,40,0,16 40,2,10,,125158,40,0,16 40,2,50,,125137,40,0,16 40,2,10,,125108,40,0,16 40,2,10,,125106,40,0,16 40,2,10,,125083,40,0,16 40,2,10,,122994,40,0,16 40,2,10,,125125,40,0,16 40,2,50,,125112,40,0,16 40,2,10,,125111,40,0,16 40,2,8,,125055,40,0,16 40,2,10,,125068,40,0,16 40,2,8,,125144,40,0,16 40,2,9,,125076,40,0,16 40,2,50,,125154,40,0,16 40,2,10,,125167,40,0,16 40,2,10,,125093,40,0,16 40,2,10,,125051,40,0,16 40,2,10,,125143,40,0,16 40,2,10,,125094,40,0,16 40,2,50,,125117,40,0,16 40,2,10,,125081,40,0,16 40,2,10,,125155,40,0,16 40,2,10,,125157,40,0,16 40,2,10,,125103,40,0,16 40,2,10,,125116,40,0,16 40,2,50,,125084,40,0,16 40,2,10,,125173,40,0,16 40,2,10,,125115,40,0,16 40,2,10,,125145,40,0,16 40,2,10,,125056,40,0,16 40,2,7,,125124,40,0,16 40,2,7,,125072,40,0,16 40,2,48,,125075,40,0,16 40,2,10,,125159,40,0,16 40,2,10,,125062,40,0,16 40,2,10,,125087,40,0,16 40,2,10,,125118,40,0,16 40,2,10,,125127,40,0,16 40,2,50,,125050,40,0,16 40,2,10,,125128,40,0,16 40,2,10,,125109,40,0,16 40,2,10,,125151,40,0,16 40,2,10,,125166,40,0,16 40,2,10,,125162,40,0,16 40,2,50,,125142,40,0,16 40,2,10,,125044,40,0,16 40,2,10,,125123,40,0,16 40,2,10,,125147,40,0,16 40,2,10,,125085,40,0,16 40,2,12,,125045,40,0,16 40,2,52,,125150,40,0,16 40,2
50101,'5',439,,125190,34,0,16 40,2,8,,125200,34,0,16 40,2,8,,125197,34,0,16 40,2,48,,125204,34,0,16 40,2,8,,125258,34,0,16 40,2,16,,125285,34,0,16 40,2,10,,125274,34,0,16 40,2,12,,125294,40,0,16 40,2,10,,125238,40,0,16 40,2,50,,125272,40,0,16 40,2,10,,125292,40,0,16 40,2,10,,125187,40,0,16 40,2,10,,125264,40,0,16 40,2,10,,125208,40,0,16 40,2,10,,125237,40,0,16 40,2,50,,125265,40,0,16 40,2,10,,125211,40,0,16 40,2,10,,125207,40,0,16 40,2,10,,125270,40,0,16 40,2,10,,125214,40,0,16 40,2,10,,125212,40,0,16 40,2,50,,125283,40,0,16 40,2,10,,125282,40,0,16 40,2,5,,125201,34,0,16 40,2,7,,125244,40,0,16 40,2,12,,125276,40,0,16 40,2,13,,125220,40,0,16 40,2,52,,125262,40,0,16 40,2,7,,125233,34,0,16 40,2,5,,125291,40,0,16 40,2,10,,125227,40,0,16 40,2,10,,125206,40,0,16 40,2,10,,125278,40,0,16 40,2,50,,125174,40,0,16 40,2,10,,125306,40,0,16 40,2,10,,125178,40,0,16 40,2,10,,125259,40,0,16 40,2,10,,125231,40,0,16 40,2,10,,125255,40,0,16 40,2,50,,125263,40,0,16 40,2,10,,125203,40,0,16 40,2,10,,125234,40,0,16 40,2,10,,125226,40,0,16 40,2,10,,125290,40,0,16 40,2,10,,125254,40,0,16 40,2,54,,125241,40,0,16 40,2,6,,125196,34,0,16 40,2,6,,125268,40,0,16 40,2,10,,125288,40,0,16 40,2,10,,125217,40,0,16 40,2,10,,125304,40,0,16 40,2,10,,125247,40,0,16 40,2,50,,125193,40,0,16 40,2,10,,125198,40,0,16 40,2,10,,125256,40,0,16 40,2,10,,125248,40,0,16 40,2,10,,125286,40,0,16 40,2,10,,125301,40,0,16 40,2,50,,125295,40,0,16 40,2,10,,125298,40,0,16 40,2,10,,125307,40,0,16 40,2,10,,125293,40,0,16 40,2,10,,125297,40,0,16 40,2,10,,125243,40,0,16 40,2,50,,125191,40,0,16 40,2,10,,125266,40,0,16 40,2,10,,125224,40,0,16 40,2,10,,125232,40,0,16 40,2,10,,125189,40,0,16 40,2,10,,125225,40,0,16 40,2,50,,125245,40,0,16 40,2,10,,125261,40,0,16 40,2,10,,125303,40,0,16 40,2,10,,125175,40,0,16 40,2,10,,125194,40,0,16 40,2,10,,125209,40,0,16 40,2,50,,125250,40,0,16 40,2,10,,125277,40,0,16 40,2,10,,125228,40,0,16 40,2,10,,125185,40,0,16 40,2,10,,125236,40,0,16 40,2,10,,125219,40,0,16 40,2,50,,125299,40,0,16 40,2,10,,125271,40,0,16 40,2,10,,125252,40,0,16 40,2,10,,125188,40,0,16 40,2,10,,125181,40,0,16 40,2,10,,116142,40,0,16 40,2,50,,125184,40,0,16 40,2,10,,125205,40,0,16 40,2,8,,125275,40,0,16 40,2,10,,125305,40,0,16 40,2,8,,125260,40,0,16 40,2,9,,125177,40,0,16 40,2,50,,125213,40,0,16 40,2,10,,125269,40,0,16 40,2,10,,125273,40,0,16 40,2,10,,125281,40,0,16 40,2,10,,125195,40,0,16 40,2,10,,125240,40,0,16 40,2,50,,125284,40,0,16 40,2,10,,125267,40,0,16 40,2,10,,125176,40,0,16 40,2,10,,125251,40,0,16 40,2,10,,125192,40,0,16 40,2,10,,125221,40,0,16 40,2,50,,125202,40,0,16 40,2,10,,125289,40,0,16 40,2,10,,125287,40,0,16 40,2,10,,125257,40,0,16 40,2,10,,125253,40,0,16 40,2,7,,125215,40,0,16 40,2,7,,125280,40,0,16 40,2,48,,125183,40,0,16 40,2,10,,125246,40,0,16 40,2,10,,125279,40,0,16 40,2,10,,125216,40,0,16 40,2,10,,125249,40,0,16 40,2,10,,125296,40,0,16 40,2,50,,125239,40,0,16 40,2,10,,125223,40,0,16 40,2,10,,125222,40,0,16 40,2,10,,125218,40,0,16 40,2,10,,125210,40,0,16 40,2,10,,125230,40,0,16 40,2,50,,125300,40,0,16 40,2,10,,125199,40,0,16 40,2,10,,125186,40,0,16 40,2,10,,125235,40,0,16 40,2,10,,125242,40,0,16 40,2,12,,125179,40,0,16 40,2,52,,125229,40,0,16 40,2
50301,'1',559,,125891,14,0,36 40,2,50,,125945,14,0,36 40,2,10,,125884,14,0,36 40,2,10,,125951,14,0,36 40,2,10,,125844,14,0,36 40,2,10,,125950,14,0,36 40,2,10,,125896,14,0,36 40,2,50,,125959,14,0,36 40,2,7,,125979,14,0,36 40,2,7,,125918,14,0,36 40,2,6,,125965,14,0,36 40,2,6,,125882,14,0,36 40,2,8,,125889,14,0,36 40,2,7,,98884,14,0,36 40,2,6,,125863,14,0,36 40,2,46,,125903,14,0,36 40,2,6,,125942,14,0,36 40,2,6,,125954,14,0,36 40,2,6,,125966,14,0,36 40,2,6,,125925,14,0,36 40,2,6,,125911,14,0,36 40,2,6,,125969,14,0,36 40,2,6,,125898,14,0,36 40,2,6,,125981,14,0,36 40,2,6,,125915,14,0,36 40,2,46,,125839,14,0,36 40,2,6,,125897,14,0,36 40,2,6,,125978,14,0,36 40,2,6,,125947,14,0,36 40,2,6,,125944,14,0,36 40,2,6,,125991,14,0,36 40,2,6,,125973,14,0,36 40,2,6,,125964,14,0,36 40,2,9,,125980,14,0,36 40,2,6,,125864,14,0,36 40,2,46,,125914,14,0,36 40,2,6,,125846,14,0,36 40,2,5,,125971,14,0,36 40,2,5,,125840,14,0,36 40,2,10,,125860,14,0,36 40,2,5,,125851,14,0,36 40,2,5,,125987,14,0,36 40,2,10,,125908,14,0,36 40,2,50,,125929,14,0,36 40,2,10,,125872,14,0,36 40,2,10,,125877,14,0,36 40,2,10,,125933,14,0,36 40,2,10,,125907,14,0,36 40,2,10,,125985,14,0,36 40,2,50,,125885,14,0,36 40,2,10,,125858,14,0,36 40,2,10,,125924,14,0,36 40,2,10,,125866,14,0,36 40,2,10,,125871,14,0,36 40,2,10,,125952,14,0,36 40,2,50,,125917,14,0,36 40,2,10,,125988,14,0,36 40,2,10,,125922,14,0,36 40,2,10,,125876,14,0,36 40,2,10,,125845,14,0,36 40,2,10,,125956,14,0,36 40,2,50,,125867,14,0,36 40,2,10,,125986,14,0,36 40,2,10,,125970,14,0,36 40,2,10,,125902,14,0,36 40,2,10,,125895,14,0,36 40,2,11,,125938,14,0,36 40,2,51,,125976,14,0,36 40,2,10,,125905,14,0,36 40,2,10,,125932,14,0,36 40,2,10,,125934,14,0,36 40,2,10,,125953,14,0,36 40,2,9,,125887,14,0,36 40,2,7,,125931,14,0,36 40,2,46,,125862,14,0,36 40,2,6,,125852,14,0,36 40,2,6,,125868,14,0,36 40,2,6,,125880,14,0,36 40,2,6,,125940,14,0,36 40,2,6,,125975,14,0,36 40,2,6,,125848,14,0,36 40,2,6,,125983,14,0,36 40,2,6,,125847,14,0,36 40,2,6,,125883,14,0,36 40,2,46,,125990,14,0,36 40,2,6,,125856,14,0,36 40,2,6,,125916,14,0,36 40,2,6,,125881,14,0,36 40,2,6,,125869,14,0,36 40,2,6,,125957,14,0,36 40,2,6,,125901,14,0,36 40,2,6,,125936,14,0,36 40,2,6,,125855,14,0,36 40,2,6,,125849,14,0,36 40,2,46,,125843,14,0,36 40,2,6,,125989,14,0,36 40,2,6,,125974,14,0,36 40,2,6,,125878,14,0,36 40,2,6,,125937,14,0,36 40,2,6,,125939,14,0,36 40,2,6,,125941,14,0,36 40,2,6,,125977,14,0,36 40,2,6,,125968,14,0,36 40,2,6,,125984,14,0,36 40,2,46,,125921,14,0,36 40,2,8,,125992,14,0,36 40,2,5,,125923,14,0,36 40,2,5,,108086,14,0,36 40,2,9,,125960,14,0,36 40,2,7,,125928,14,0,36 40,2,8,,125920,14,0,36 40,2,8,,125892,14,0,36 40,2,4,,125943,14,0,36 40,2,44,,125857,14,0,36 40,2,8,,93583,14,0,36 40,2,8,,125865,14,0,36 40,2,8,,125935,14,0,36 40,2,8,,125919,14,0,36 40,2,8,,125894,14,0,36 40,2,8,,125906,14,0,36 40,2,8,,125958,14,0,36 40,2,48,,125861,14,0,36 40,2,8,,125912,14,0,36 40,2,8,,125963,14,0,36 40,2,8,,125875,14,0,36 40,2,8,,125972,14,0,36 40,2,8,,125842,14,0,36 40,2,8,,125888,14,0,36 40,2,48,,125850,14,0,36 40,2,8,,125955,14,0,36 40,2,7,,125873,14,0,36 40,2,5,,125854,14,0,36 40,2,7,,125982,14,0,36 40,2,8,,125879,14,0,36 40,2,10,,125926,14,0,36 40,2,10,,125859,14,0,36 40,2,50,,125841,14,0,36 40,2,5,,125853,14,0,36 40,2,5,,125962,14,0,36 40,2,10,,125910,14,0,36 40,2,10,,125961,14,0,36 40,2,10,,125899,14,0,36 40,2,10,,125930,14,0,36 40,2,50,,125927,14,0,36 40,2,10,,125900,14,0,36 40,2,10,,125949,14,0,36 40,2,10,,125886,14,0,36 40,2,10,,125909,14,0,36 40,2,10,,125893,14,0,36 40,2,50,,125890,14,0,36 40,2,10,,125946,14,0,36 40,2,10,,125874,14,0,36 40,2,9,,125904,14,0,36 40,2,17,,125967,14,0,36 40,2,57,,125948,14,0,36 40,2
50301,'2',527,,126118,14,0,36 40,2,10,,126109,14,0,36 40,2,10,,126047,14,0,36 40,2,10,,126026,14,0,36 40,2,50,,126050,14,0,36 40,2,10,,126083,14,0,36 40,2,10,,126067,14,0,36 40,2,10,,126098,14,0,36 40,2,10,,126020,14,0,36 40,2,10,,126000,14,0,36 40,2,50,,126094,14,0,36 40,2,10,,126029,14,0,36 40,2,10,,126022,14,0,36 40,2,10,,125995,14,0,36 40,2,10,,126034,14,0,36 40,2,10,,126002,14,0,36 40,2,50,,126033,14,0,36 40,2,13,,126038,14,0,36 40,2,10,,126123,14,0,36 40,2,10,,126124,14,0,36 40,2,10,,126001,14,0,36 40,2,50,,113810,14,0,36 40,2,10,,126069,14,0,36 40,2,10,,115039,14,0,36 40,2,10,,126108,14,0,36 40,2,10,,126089,14,0,36 40,2,10,,126048,14,0,36 40,2,50,,126080,14,0,36 40,2,10,,126040,14,0,36 40,2,10,,126091,14,0,36 40,2,10,,126039,14,0,36 40,2,10,,126116,14,0,36 40,2,10,,126093,14,0,36 40,2,50,,126081,14,0,36 40,2,10,,126008,14,0,36 40,2,10,,126013,14,0,36 40,2,10,,126117,14,0,36 40,2,10,,126003,14,0,36 40,2,10,,126075,14,0,36 40,2,50,,126106,14,0,36 40,2,10,,126115,14,0,36 40,2,12,,119252,14,0,36 40,2,8,,126096,14,0,36 40,2,9,,126017,14,0,36 40,2,10,,126058,14,0,36 40,2,8,,126046,14,0,36 40,2,49,,126110,14,0,36 40,2,10,,126070,14,0,36 40,2,12,,126095,14,0,36 40,2,10,,126114,14,0,36 40,2,8,,126064,14,0,36 40,2,8,,126074,14,0,36 40,2,48,,126072,14,0,36 40,2,8,,126011,14,0,36 40,2,8,,126103,14,0,36 40,2,8,,126042,14,0,36 40,2,8,,126079,14,0,36 40,2,8,,126101,14,0,36 40,2,8,,126051,14,0,36 40,2,8,,126122,14,0,36 40,2,48,,125996,14,0,36 40,2,8,,126107,14,0,36 40,2,8,,126045,14,0,36 40,2,8,,126056,14,0,36 40,2,8,,126057,14,0,36 40,2,8,,126032,14,0,36 40,2,8,,126112,14,0,36 40,2,48,,126037,14,0,36 40,2,8,,126007,14,0,36 40,2,8,,126061,14,0,36 40,2,8,,126062,14,0,36 40,2,8,,126082,14,0,36 40,2,8,,111611,14,0,36 40,2,8,,126027,14,0,36 40,2,8,,126054,14,0,36 40,2,48,,126085,14,0,36 40,2,8,,126049,14,0,36 40,2,8,,126059,14,0,36 40,2,8,,126031,14,0,36 40,2,8,,126012,14,0,36 40,2,8,,126006,14,0,36 40,2,8,,126015,14,0,36 40,2,48,,126086,14,0,36 40,2,8,,126105,14,0,36 40,2,8,,126053,14,0,36 40,2,8,,126111,14,0,36 40,2,8,,126052,14,0,36 40,2,8,,126055,14,0,36 40,2,8,,126019,14,0,36 40,2,8,,126014,14,0,36 40,2,48,,126066,14,0,36 40,2,8,,126060,14,0,36 40,2,8,,126024,14,0,36 40,2,10,,126100,14,0,36 40,2,5,,112508,14,0,36 40,2,5,,115866,14,0,36 40,2,10,,126030,14,0,36 40,2,50,,126044,14,0,36 40,2,10,,126120,14,0,36 40,2,10,,126087,14,0,36 40,2,5,,126113,14,0,36 40,2,5,,125998,14,0,36 40,2,10,,126028,14,0,36 40,2,10,,126035,14,0,36 40,2,50,,126102,14,0,36 40,2,10,,126016,14,0,36 40,2,10,,126025,14,0,36 40,2,10,,125997,14,0,36 40,2,10,,119449,14,0,36 40,2,10,,126125,14,0,36 40,2,50,,126023,14,0,36 40,2,10,,126065,14,0,36 40,2,10,,125993,14,0,36 40,2,8,,115004,14,0,36 40,2,8,,125999,14,0,36 40,2,8,,126018,14,0,36 40,2,10,,126005,14,0,36 40,2,50,,126090,14,0,36 40,2,10,,126073,14,0,36 40,2,10,,126063,14,0,36 40,2,10,,126104,14,0,36 40,2,10,,126021,14,0,36 40,2,10,,126077,14,0,36 40,2,50,,126078,14,0,36 40,2,10,,126097,14,0,36 40,2,10,,126043,14,0,36 40,2,10,,126088,14,0,36 40,2,10,,126076,14,0,36 40,2,10,,126068,14,0,36 40,2,50,,126099,14,0,36 40,2,10,,126004,14,0,36 40,2,10,,126009,14,0,36 40,2,10,,126092,14,0,36 40,2,10,,126010,14,0,36 40,2,10,,126084,14,0,36 40,2,50,,126119,14,0,36 40,2,10,,126036,14,0,36 40,2,10,,126071,14,0,36 40,2,11,,126121,14,0,36 40,2,8,,126041,14,0,36 40,2,8,,125994,14,0,36 40,2
50301,'3',604,,126165,14,0,36 40,2,10,,126167,14,0,36 40,2,10,,126224,14,0,36 40,2,10,,121919,14,0,36 40,2,10,,126183,14,0,36 40,2,10,,126186,14,0,36 40,2,50,,126152,14,0,36 40,2,10,,126216,14,0,36 40,2,10,,126176,14,0,36 40,2,10,,126156,14,0,36 40,2,10,,126132,14,0,36 40,2,10,,126229,14,0,36 40,2,50,,126245,14,0,36 40,2,10,,126140,14,0,36 40,2,11,,126200,14,0,36 40,2,10,,126163,14,0,36 40,2,10,,126218,14,0,36 40,2,10,,126166,14,0,36 40,2,50,,126138,14,0,36 40,2,10,,126233,14,0,36 40,2,10,,126182,14,0,36 40,2,10,,126198,14,0,36 40,2,10,,126151,14,0,36 40,2,10,,126187,14,0,36 40,2,50,,126180,14,0,36 40,2,10,,126236,14,0,36 40,2,10,,126142,14,0,36 40,2,10,,126171,14,0,36 40,2,10,,126128,14,0,36 40,2,10,,126205,14,0,36 40,2,50,,126220,14,0,36 40,2,10,,126232,14,0,36 40,2,10,,111825,14,0,36 40,2,10,,126217,14,0,36 40,2,10,,126202,14,0,36 40,2,10,,126238,14,0,36 40,2,50,,126244,14,0,36 40,2,11,,126161,14,0,36 40,2,11,,126235,14,0,36 40,2,10,,126153,14,0,36 40,2,10,,126145,14,0,36 40,2,10,,126207,14,0,36 40,2,50,,126196,14,0,36 40,2,10,,126190,14,0,36 40,2,10,,126159,14,0,36 40,2,10,,126203,14,0,36 40,2,10,,126199,14,0,36 40,2,10,,126158,14,0,36 40,2,50,,126189,14,0,36 40,2,10,,126188,14,0,36 40,2,10,,126160,14,0,36 40,2,10,,126234,14,0,36 40,2,10,,126213,14,0,36 40,2,10,,126215,14,0,36 40,2,50,,126177,14,0,36 40,2,10,,126195,14,0,36 40,2,10,,126192,14,0,36 40,2,10,,126204,14,0,36 40,2,10,,120949,14,0,36 40,2,10,,126240,14,0,36 40,2,50,,126222,14,0,36 40,2,10,,126144,14,0,36 40,2,10,,126210,14,0,36 40,2,10,,126173,14,0,36 40,2,10,,126241,14,0,36 40,2,10,,126172,14,0,36 40,2,50,,126164,14,0,36 40,2,10,,126225,14,0,36 40,2,10,,126129,14,0,36 40,2,10,,126136,14,0,36 40,2,10,,126157,14,0,36 40,2,10,,126226,14,0,36 40,2,50,,126246,14,0,36 40,2,10,,126197,14,0,36 40,2,10,,126141,14,0,36 40,2,10,,126248,14,0,36 40,2,10,,126231,14,0,36 40,2,10,,126191,14,0,36 40,2,50,,126243,14,0,36 40,2,9,,126174,14,0,36 40,2,10,,126211,14,0,36 40,2,9,,126206,14,0,36 40,2,10,,126179,14,0,36 40,2,10,,126150,14,0,36 40,2,50,,126139,14,0,36 40,2,10,,126184,14,0,36 40,2,10,,126169,14,0,36 40,2,10,,126181,14,0,36 40,2,10,,126194,14,0,36 40,2,10,,126143,14,0,36 40,2,50,,126137,14,0,36 40,2,10,,126155,14,0,36 40,2,10,,126214,14,0,36 40,2,10,,126130,14,0,36 40,2,10,,126168,14,0,36 40,2,10,,126134,14,0,36 40,2,50,,126185,14,0,36 40,2,10,,126230,14,0,36 40,2,10,,126239,14,0,36 40,2,9,,126193,14,0,36 40,2,10,,126247,14,0,36 40,2,10,,126242,14,0,36 40,2,50,,126208,14,0,36 40,2,10,,126201,14,0,36 40,2,10,,126227,14,0,36 40,2,10,,126221,14,0,36 40,2,10,,126146,14,0,36 40,2,10,,126133,14,0,36 40,2,50,,126149,14,0,36 40,2,10,,126212,14,0,36 40,2,10,,126154,14,0,36 40,2,10,,126162,14,0,36 40,2,10,,126127,14,0,36 40,2,10,,126223,14,0,36 40,2,50,,126228,14,0,36 40,2,10,,126237,14,0,36 40,2,10,,126126,14,0,36 40,2,10,,126219,14,0,36 40,2,10,,126178,14,0,36 40,2,10,,126135,14,0,36 40,2,50,,126175,14,0,36 40,2,9,,126147,14,0,36 40,2,8,,126131,14,0,36 40,2,8,,126148,14,0,36 40,2,13,,126170,14,0,36 40,2,14,,126209,14,0,36 40,2
50301,'5',604,,126304,14,0,36 40,2,10,,126271,14,0,36 40,2,10,,126312,14,0,36 40,2,10,,126327,14,0,36 40,2,10,,126263,14,0,36 40,2,10,,126343,14,0,36 40,2,50,,126323,14,0,36 40,2,10,,126309,14,0,36 40,2,10,,126362,14,0,36 40,2,10,,126355,14,0,36 40,2,10,,126299,14,0,36 40,2,10,,126317,14,0,36 40,2,50,,126310,14,0,36 40,2,10,,126291,14,0,36 40,2,11,,126294,14,0,36 40,2,10,,126335,14,0,36 40,2,10,,126316,14,0,36 40,2,10,,126325,14,0,36 40,2,50,,126298,14,0,36 40,2,10,,126255,14,0,36 40,2,10,,126319,14,0,36 40,2,10,,126313,14,0,36 40,2,10,,126364,14,0,36 40,2,10,,126340,14,0,36 40,2,50,,126297,14,0,36 40,2,10,,126281,14,0,36 40,2,10,,126252,14,0,36 40,2,10,,126303,14,0,36 40,2,10,,122342,14,0,36 40,2,10,,126349,14,0,36 40,2,50,,126308,14,0,36 40,2,10,,126330,14,0,36 40,2,10,,126358,14,0,36 40,2,10,,126346,14,0,36 40,2,10,,126360,14,0,36 40,2,10,,126268,14,0,36 40,2,50,,126256,14,0,36 40,2,11,,126260,14,0,36 40,2,11,,126331,14,0,36 40,2,10,,126318,14,0,36 40,2,10,,126351,14,0,36 40,2,10,,126361,14,0,36 40,2,50,,126278,14,0,36 40,2,10,,126285,14,0,36 40,2,10,,126264,14,0,36 40,2,10,,126367,14,0,36 40,2,10,,126259,14,0,36 40,2,10,,126269,14,0,36 40,2,50,,126257,14,0,36 40,2,10,,126289,14,0,36 40,2,10,,126302,14,0,36 40,2,10,,126326,14,0,36 40,2,10,,126295,14,0,36 40,2,10,,126274,14,0,36 40,2,50,,126306,14,0,36 40,2,10,,126265,14,0,36 40,2,10,,126282,14,0,36 40,2,10,,126352,14,0,36 40,2,10,,126270,14,0,36 40,2,10,,126292,14,0,36 40,2,50,,126365,14,0,36 40,2,10,,126368,14,0,36 40,2,10,,126288,14,0,36 40,2,10,,126261,14,0,36 40,2,10,,116270,14,0,36 40,2,10,,126347,14,0,36 40,2,50,,126369,14,0,36 40,2,10,,126249,14,0,36 40,2,10,,126341,14,0,36 40,2,10,,126280,14,0,36 40,2,10,,126314,14,0,36 40,2,10,,126345,14,0,36 40,2,50,,126332,14,0,36 40,2,10,,126286,14,0,36 40,2,10,,126301,14,0,36 40,2,10,,126287,14,0,36 40,2,10,,126266,14,0,36 40,2,10,,126275,14,0,36 40,2,50,,117022,14,0,36 40,2,9,,126348,14,0,36 40,2,10,,126273,14,0,36 40,2,9,,126293,14,0,36 40,2,10,,126357,14,0,36 40,2,10,,126290,14,0,36 40,2,50,,121152,14,0,36 40,2,10,,126363,14,0,36 40,2,10,,126324,14,0,36 40,2,10,,126296,14,0,36 40,2,10,,126254,14,0,36 40,2,10,,126251,14,0,36 40,2,50,,126250,14,0,36 40,2,10,,126328,14,0,36 40,2,10,,126300,14,0,36 40,2,10,,126359,14,0,36 40,2,10,,126276,14,0,36 40,2,10,,126354,14,0,36 40,2,50,,126267,14,0,36 40,2,10,,126272,14,0,36 40,2,10,,126320,14,0,36 40,2,9,,126366,14,0,36 40,2,10,,126311,14,0,36 40,2,10,,126344,14,0,36 40,2,50,,126370,14,0,36 40,2,10,,126339,14,0,36 40,2,10,,126262,14,0,36 40,2,10,,126342,14,0,36 40,2,10,,126322,14,0,36 40,2,10,,126277,14,0,36 40,2,50,,126336,14,0,36 40,2,10,,126321,14,0,36 40,2,10,,126329,14,0,36 40,2,10,,126334,14,0,36 40,2,10,,126353,14,0,36 40,2,10,,126333,14,0,36 40,2,50,,126253,14,0,36 40,2,10,,126338,14,0,36 40,2,10,,126284,14,0,36 40,2,10,,126350,14,0,36 40,2,10,,126305,14,0,36 40,2,10,,126283,14,0,36 40,2,50,,126356,14,0,36 40,2,9,,126279,14,0,36 40,2,8,,126315,14,0,36 40,2,8,,126337,14,0,36 40,2,13,,126258,14,0,36 40,2,14,,126307,14,0,36 40,2
50401,'1',546,,127031,28,0,34,2,60,,127103,28,0,34,2,10,,127013,28,0,34,2,10,,127049,28,0,34,2,10,,110226,28,0,34,2,10,,126967,28,0,34,2,10,,127152,28,0,34,2,48,,126917,28,0,34,2,13,,127129,28,0,34,2,11,,126902,28,0,34,2,11,,120643,28,0,34,2,13,,126957,28,0,34,2,51,,126944,28,0,34,2,12,,127029,28,0,34,2,10,,126947,28,0,34,2,10,,127162,28,0,34,2,8,,126983,28,0,34,2,8,,127143,28,0,34,2,8,,127074,28,0,34,2,48,,126919,28,0,34,2,1,,127059,28,4,,2,7,,127095,28,0,34,2,8,,126952,28,0,34,2,8,,127124,28,0,34,2,8,,126966,28,0,34,2,8,,127062,28,0,34,2,8,,127083,28,0,34,2,48,,126971,4,4,,2,8,,126938,28,0,34,2,6,,127107,28,0,34,2,9,,127027,28,0,34,2,5,,127006,4,4,,2,3,,126901,28,0,34,2,9,,127131,28,0,34,2,8,,127104,39,4,,2,2,,126926,28,0,34,2,50,,127069,28,0,34,2,10,,127025,28,0,34,2,10,,127158,28,0,34,2,6,,126994,28,4,,2,4,,127098,28,0,34,2,10,,127051,28,0,34,2,10,,126911,28,0,34,2,50,,127015,28,0,34,2,10,,127036,28,0,34,2,10,,126924,28,0,34,2,10,,127111,28,0,34,2,10,,126974,28,0,34,2,10,,126941,28,0,34,2,50,,127101,28,0,34,2,10,,126940,28,0,34,2,10,,127148,28,0,34,2,10,,127139,28,0,34,2,10,,126934,28,0,34,2,10,,127087,28,0,34,2,50,,126990,28,0,34,2,10,,127121,28,0,34,2,10,,126903,28,0,34,2,10,,127026,28,0,34,2,10,,127045,28,0,34,2,10,,126948,28,0,34,2,50,,127075,28,0,34,2,11,,127113,28,0,34,2,12,,126909,28,0,34,2,11,,127072,28,0,34,2,10,,126914,28,0,34,2,10,,126956,28,0,34,2,50,,126996,28,0,34,2,10,,126999,28,0,34,2,10,,127070,28,0,34,2,10,,126922,28,0,34,2,10,,126961,28,0,34,2,10,,126997,28,0,34,2,50,,126980,28,0,34,2,10,,127106,28,0,34,2,10,,127117,28,0,34,2,10,,127145,28,0,34,2,10,,126942,28,0,34,2,10,,126988,28,0,34,2,50,,127039,28,0,34,2,10,,127110,28,0,34,2,10,,127034,28,0,34,2,10,,126985,28,0,34,2,10,,126915,28,0,34,2,10,,127065,28,0,34,2,50,,126982,28,0,34,2,10,,127005,28,0,34,2,10,,127089,28,0,34,2,9,,126936,28,0,34,2,8,,127137,28,0,34,2,10,,127008,28,0,34,2,2,,126933,28,4,,2,48,,127090,28,0,34,2,5,,126958,4,4,,2,4,,126904,28,0,34,2,10,,126898,28,0,34,2,10,,127160,28,0,34,2,10,,127000,28,0,34,2,1,,126937,28,4,,2,9,,126984,28,0,34,2,50,,127173,28,0,34,2,10,,126964,28,0,34,2,3,,127096,39,4,,2,7,,127112,28,0,34,2,10,,127159,28,0,34,2,10,,127054,28,0,34,2,10,,126939,28,0,34,2,50,,127064,28,0,34,2,10,,126977,28,0,34,2,10,,126918,28,0,34,2,9,,127134,28,0,34,2,10,,126899,28,0,34,2,10,,127078,28,0,34,2,50,,122509,28,0,34,2,10,,104255,28,0,34,2,10,,127169,28,0,34,2,10,,127094,28,0,34,2,3,,127097,39,4,,2,7,,127020,28,0,34,2,10,,126921,28,0,34,2,50,,127007,28,0,34,2,10,,127044,28,0,34,2,10,,127092,28,0,34,2,10,,127040,28,0,34,2,10,,127174,28,0,34,2,10,,127133,28,0,34,2,50,,126912,28,0,34,2,10,,127033,28,0,34,2,10,,127086,28,0,34,2,10,,127028,28,0,34,2,10,,127058,28,0,34,2,8,,126970,4,4,,2,2,,127038,28,0,34,2,50,,127140,28,0,34,2,8,,127150,4,4,,2,2,,127046,28,0,34,2,8,,127009,4,4,,2,2,,126973,28,0,34,2,8,,127080,4,4,,2,2,,127130,28,0,34,2,1,,127132,28,4,,2,7,,127123,4,4,,2,2,,127043,28,0,34,2,8,,127030,4,4,,2,2,,127138,28,0,34,2,48,,127128,4,4,,2
50401,'2',548,,127264,28,0,34,2,60,,127193,28,0,34,2,15,,127382,28,0,34,2,10,,127223,28,0,34,2,10,,127322,28,0,34,2,10,,127428,28,0,34,2,50,,127217,28,0,34,2,10,,127400,28,0,34,2,10,,127323,28,0,34,2,10,,127302,28,0,34,2,10,,127212,28,0,34,2,10,,127317,28,0,34,2,50,,127199,28,0,34,2,10,,127286,28,0,34,2,11,,127283,28,0,34,2,13,,127316,28,0,34,2,14,,127350,28,0,34,2,52,,111668,28,0,34,2,10,,127385,28,0,34,2,10,,127364,28,0,34,2,10,,127433,28,0,34,2,10,,127347,28,0,34,2,10,,127180,28,0,34,2,50,,127354,28,0,34,2,10,,127261,28,0,34,2,10,,127435,28,0,34,2,10,,127242,28,0,34,2,10,,127208,28,0,34,2,10,,127304,28,0,34,2,50,,127367,28,0,34,2,10,,127371,28,0,34,2,10,,127276,28,0,34,2,10,,127394,28,0,34,2,10,,127213,28,0,34,2,10,,127308,28,0,34,2,50,,127340,28,0,34,2,10,,127412,28,0,34,2,10,,127252,28,0,34,2,10,,127245,28,0,34,2,10,,120741,28,0,34,2,10,,127281,28,0,34,2,53,,127247,28,0,34,2,13,,127425,28,0,34,2,10,,127366,28,0,34,2,10,,127397,28,0,34,2,10,,127210,28,0,34,2,10,,127368,28,0,34,2,50,,127342,28,0,34,2,10,,127361,28,0,34,2,10,,127333,28,0,34,2,10,,127267,28,0,34,2,10,,127222,28,0,34,2,10,,127215,28,0,34,2,50,,127224,28,0,34,2,10,,127305,28,0,34,2,10,,127396,28,0,34,2,10,,127241,28,0,34,2,10,,127289,28,0,34,2,10,,127265,28,0,34,2,50,,127312,28,0,34,2,10,,127287,28,0,34,2,10,,127329,28,0,34,2,10,,127294,28,0,34,2,10,,127427,28,0,34,2,10,,127306,28,0,34,2,50,,127176,28,0,34,2,10,,127402,28,0,34,2,10,,127410,28,0,34,2,10,,127338,28,0,34,2,10,,127392,28,0,34,2,10,,127375,28,0,34,2,50,,127234,28,0,34,2,10,,127348,28,0,34,2,10,,127248,28,0,34,2,10,,127290,28,0,34,2,10,,127231,28,0,34,2,10,,127373,28,0,34,2,50,,127434,28,0,34,2,8,,127353,28,0,34,2,7,,127229,4,4,,2,2,,127192,28,0,34,2,9,,127383,28,0,34,2,10,,127436,28,0,34,2,10,,127343,28,0,34,2,50,,127206,28,0,34,2,2,,127388,28,4,,2,8,,127369,28,0,34,2,10,,127250,28,0,34,2,10,,127244,28,0,34,2,10,,127336,28,0,34,2,10,,127310,28,0,34,2,50,,127314,28,0,34,2,10,,127246,28,0,34,2,10,,127249,28,0,34,2,10,,101599,28,0,34,2,10,,127218,28,0,34,2,10,,127177,28,0,34,2,50,,118447,28,0,34,2,10,,127346,28,0,34,2,10,,127240,28,0,34,2,10,,127429,28,0,34,2,11,,127236,28,0,34,2,2,,127315,28,4,,2,8,,127352,28,0,34,2,52,,127398,28,0,34,2,10,,127251,28,0,34,2,10,,108839,28,0,34,2,10,,127405,28,0,34,2,10,,127203,28,0,34,2,10,,127328,28,0,34,2,50,,127363,28,0,34,2,10,,127239,28,0,34,2,10,,127293,28,0,34,2,10,,117854,28,0,34,2,10,,127214,28,0,34,2,10,,127301,28,0,34,2,50,,127432,28,0,34,2,10,,127225,28,0,34,2,10,,127423,28,0,34,2,10,,127399,28,0,34,2,10,,127411,28,0,34,2,10,,127254,28,0,34,2,50,,127307,28,0,34,2,6,,127269,4,4,,2,4,,127362,28,0,34,2,6,,127238,4,4,,2,4,,127226,28,0,34,2,6,,127298,4,4,,2,4,,127195,28,0,34,2,6,,127407,4,4,,2,4,,127277,28,0,34,2,6,,127211,4,4,,2,1,,127186,28,0,34,2,1,,127191,39,4,,2,46,,127198,28,4,,2,5,,127430,4,4,,2,5,,127384,28,4,,2
50401,'3',803,,127477,28,0,34,2,14,,127531,28,0,34,2,14,,127545,28,0,34,2,14,,127551,28,0,34,2,14,,127459,28,0,34,2,54,,127615,28,0,34,2,14,,121857,28,0,34,2,5,,127500,28,0,34,2,15,,127462,28,0,34,2,12,,127627,28,0,34,2,50,,127652,28,0,34,2,10,,127557,28,0,34,2,10,,127455,28,0,34,2,10,,127440,28,0,34,2,10,,127585,28,0,34,2,10,,127522,28,0,34,2,50,,127439,28,0,34,2,10,,127502,28,0,34,2,10,,127580,28,0,34,2,10,,127610,28,0,34,2,10,,127570,28,0,34,2,10,,127467,28,0,34,2,50,,127514,28,0,34,2,10,,127595,28,0,34,2,12,,127511,28,0,34,2,13,,127593,28,0,34,2,11,,127620,28,0,34,2,50,,127463,28,0,34,2,10,,127448,28,0,34,2,10,,127519,28,0,34,2,10,,116766,28,0,34,2,10,,127648,28,0,34,2,10,,127442,28,0,34,2,50,,127547,28,0,34,2,10,,127569,28,0,34,2,10,,127495,28,0,34,2,10,,127493,28,0,34,2,10,,127596,28,0,34,2,10,,127458,28,0,34,2,50,,127520,28,0,34,2,10,,127606,28,0,34,2,10,,127600,28,0,34,2,10,,127612,28,0,34,2,10,,127604,28,0,34,2,10,,127512,28,0,34,2,50,,127656,28,0,34,2,10,,127530,28,0,34,2,10,,127525,28,0,34,2,10,,127630,28,0,34,2,10,,127576,28,0,34,2,10,,127581,28,0,34,2,50,,127575,28,0,34,2,10,,127579,28,0,34,2,10,,127466,28,0,34,2,10,,127546,28,0,34,2,10,,127526,28,0,34,2,10,,127594,28,0,34,2,50,,127588,28,0,34,2,10,,127516,28,0,34,2,10,,127641,28,0,34,2,10,,127605,28,0,34,2,10,,127566,28,0,34,2,10,,127646,28,0,34,2,50,,127543,28,0,34,2,10,,127536,28,0,34,2,7,,127643,4,4,,2,3,,127454,28,0,34,2,1,,127445,28,4,,2,9,,127527,28,0,34,2,9,,127601,28,0,34,2,10,,127629,28,0,34,2,50,,127485,28,0,34,2,10,,127608,28,0,34,2,10,,127654,28,0,34,2,10,,127587,28,0,34,2,10,,127563,28,0,34,2,10,,127574,28,0,34,2,50,,127603,28,0,34,2,10,,127438,28,0,34,2,10,,127572,28,0,34,2,10,,127453,28,0,34,2,10,,127489,28,0,34,2,10,,127534,28,0,34,2,50,,127622,28,0,34,2,10,,127645,28,0,34,2,10,,127617,28,0,34,2,6,,127549,39,4,,2,4,,127561,28,0,34,2,10,,127507,28,0,34,2,10,,127653,28,0,34,2,50,,127487,28,0,34,2,10,,127573,28,0,34,2,5,,127556,28,4,,2,5,,127635,28,0,34,2,10,,127451,28,0,34,2,10,,127488,28,0,34,2,10,,127457,28,0,34,2,50,,127597,28,0,34,2,10,,127535,28,0,34,2,10,,127475,28,0,34,2,10,,127524,28,0,34,2,10,,127599,28,0,34,2,10,,127602,28,0,34,2,50,,127497,28,0,34,2,10,,127470,28,0,34,2,10,,127609,28,0,34,2,10,,127452,28,0,34,2,10,,127441,28,0,34,2,10,,127552,28,0,34,2,50,,127586,28,0,34,2,10,,127480,28,0,34,2,10,,127461,28,0,34,2,7,,127626,4,4,,2,1,,127509,39,4,,2,2,,127473,28,0,34,2,10,,127554,28,0,34,2,9,,127628,4,4,,2,1,,127548,28,0,34,2,5,,127625,28,4,,2,44,,127479,4,4,,2
50401,'5',557,,127664,28,0,34,2,54,,127753,28,0,34,2,14,,127801,28,0,34,2,14,,127884,28,0,34,2,14,,127707,28,0,34,2,54,,127766,28,0,34,2,14,,127874,28,0,34,2,14,,127706,28,0,34,2,14,,127858,28,0,34,2,54,,127843,28,0,34,2,14,,127732,28,0,34,2,14,,127717,28,0,34,2,14,,127763,28,0,34,2,14,,127731,28,0,34,2,54,,127730,28,0,34,2,14,,127854,28,0,34,2,5,,127786,28,0,34,2,15,,127803,28,0,34,2,12,,127866,28,0,34,2,50,,127881,28,0,34,2,10,,127834,28,0,34,2,10,,127899,28,0,34,2,10,,127875,28,0,34,2,10,,127726,28,0,34,2,10,,127849,28,0,34,2,50,,127719,28,0,34,2,10,,127754,28,0,34,2,10,,127715,28,0,34,2,10,,127809,28,0,34,2,10,,127694,28,0,34,2,10,,127780,28,0,34,2,50,,127859,28,0,34,2,10,,127839,28,0,34,2,12,,127708,28,0,34,2,13,,127765,28,0,34,2,11,,127788,28,0,34,2,50,,127741,28,0,34,2,10,,127773,28,0,34,2,10,,127896,28,0,34,2,10,,127693,28,0,34,2,10,,127900,28,0,34,2,10,,127841,28,0,34,2,50,,127799,28,0,34,2,10,,127688,28,0,34,2,10,,127895,28,0,34,2,10,,127889,28,0,34,2,10,,127756,28,0,34,2,10,,127857,28,0,34,2,50,,127861,28,0,34,2,10,,127831,28,0,34,2,10,,127811,28,0,34,2,10,,127814,28,0,34,2,10,,127676,28,0,34,2,10,,127745,28,0,34,2,50,,127860,28,0,34,2,10,,127804,28,0,34,2,10,,127758,28,0,34,2,10,,127672,28,0,34,2,10,,127768,28,0,34,2,10,,127856,28,0,34,2,50,,127702,28,0,34,2,10,,127677,28,0,34,2,10,,127711,28,0,34,2,10,,127877,28,0,34,2,10,,127810,28,0,34,2,10,,127892,28,0,34,2,50,,127695,28,0,34,2,10,,127837,28,0,34,2,10,,127785,28,0,34,2,10,,127808,28,0,34,2,10,,127724,28,0,34,2,10,,127744,28,0,34,2,50,,127891,28,0,34,2,10,,127820,28,0,34,2,7,,107040,4,4,,2,3,,127847,28,0,34,2,1,,127764,28,4,,2,9,,127705,28,0,34,2,9,,127793,28,0,34,2,10,,127828,28,0,34,2,50,,127723,28,0,34,2,10,,127710,28,0,34,2,10,,127727,28,0,34,2,10,,127842,28,0,34,2,10,,127798,28,0,34,2,10,,127683,28,0,34,2,50,,127663,28,0,34,2,10,,112125,28,0,34,2,10,,127749,28,0,34,2,10,,127679,28,0,34,2,10,,127821,28,0,34,2,10,,111968,28,0,34,2,50,,127757,28,0,34,2,10,,127716,28,0,34,2,10,,127751,28,0,34,2,6,,127735,39,4,,2,4,,127720,28,0,34,2,10,,127783,28,0,34,2,10,,127742,28,0,34,2,50,,127878,28,0,34,2,10,,127665,28,0,34,2,5,,127769,28,4,,2,5,,127669,28,0,34,2,10,,127886,28,0,34,2,10,,127791,28,0,34,2,10,,127662,28,0,34,2,50,,127699,28,0,34,2,10,,127689,28,0,34,2,10,,127774,28,0,34,2,10,,127674,28,0,34,2,10,,127789,28,0,34,2,10,,127846,28,0,34,2,50,,127781,28,0,34,2,10,,127771,28,0,34,2,10,,127824,28,0,34,2,10,,127696,28,0,34,2,10,,127680,28,0,34,2,10,,127787,28,0,34,2,50,,127687,28,0,34,2,10,,127737,28,0,34,2,10,,127867,28,0,34,2,7,,127795,4,4,,2,1,,127725,39,4,,2,2,,127865,28,0,34,2,10,,127890,28,0,34,2,9,,127714,4,4,,2,1,,127796,28,0,34,2,47,,127830,4,4,,2,1,,127777,28,4,,2,9,,127667,4,4,,2,1,,127673,28,4,,2
