30501,'3',518,,124066,1,0,34,2,15,,124070,1,0,34,2,15,,124082,1,0,34,2,54,,124072,1,0,34,2,16,,124090,1,0,34,2,15,,124093,1,0,34,2,15,,124068,1,0,34,2,55,,124083,1,0,34,2,15,,124071,1,0,34,2,10,,124097,1,0,34,2,10,,124069,1,0,34,2,10,,124087,1,0,34,2,10,,124078,1,0,34,2
30502,'3',514,,124160,33,4,,2,15,,124162,33,4,,2,11,,124170,42,4,,2,17,,124169,42,4,,2,57,,124159,42,4,,2,15,,124145,42,4,,2,15,,124152,42,4,,2,15,,124171,42,4,,2,50,,124147,42,4,,2,10,,124154,42,4,,2,10,,124175,42,4,,2,10,,124157,42,4,,2,10,,124164,42,4,,2,10,,124151,42,4,,2,50,,124176,42,4,,2,10,,124155,42,4,,2,10,,124143,42,4,,2
50501,'1',516,,128952,1,0,34,2,12,,129060,1,0,34,2,10,,128980,1,0,34,2,10,,129001,1,0,34,2,10,,129025,1,0,34,2,50,,129049,1,0,34,2,10,,129046,1,0,34,2,10,,128988,1,0,34,2,10,,128955,1,0,34,2,10,,129067,1,0,34,2,10,,128981,1,0,34,2,50,,129092,1,0,34,2,10,,128931,1,0,34,2,10,,128937,1,0,34,2,6,,128968,1,0,34,2,6,,128918,1,0,34,2,6,,129042,1,0,34,2,6,,129022,1,0,34,2,6,,129101,1,0,34,2,46,,128960,1,0,34,2,6,,128983,1,0,34,2,6,,129044,1,0,34,2,6,,129018,1,0,34,2,6,,129014,1,0,34,2,6,,129003,1,0,34,2,6,,129000,1,0,34,2,6,,129013,1,0,34,2,6,,129036,1,0,34,2,6,,128986,1,0,34,2,46,,128985,1,0,34,2,6,,129037,1,0,34,2,6,,128975,1,0,34,2,6,,129002,1,0,34,2,6,,129016,1,0,34,2,6,,129034,1,0,34,2,6,,129053,1,0,34,2,6,,129019,1,0,34,2,6,,129058,1,0,34,2,6,,129007,1,0,34,2,46,,129038,1,0,34,2,6,,129026,1,0,34,2,6,,128928,1,0,34,2,6,,129009,1,0,34,2,6,,129082,1,0,34,2,6,,129069,1,0,34,2,6,,128965,1,0,34,2,6,,128950,1,0,34,2,6,,129074,1,0,34,2,6,,119891,1,0,34,2,46,,129090,1,0,34,2,6,,129088,1,0,34,2,6,,112361,1,0,34,2,6,,129073,1,0,34,2,6,,129047,1,0,34,2,6,,128991,1,0,34,2,6,,128923,1,0,34,2,6,,129078,1,0,34,2,6,,129030,1,0,34,2,6,,129045,1,0,34,2,46,,129062,1,0,34,2,6,,129095,1,0,34,2,6,,128961,1,0,34,2,6,,128939,1,0,34,2,6,,129008,1,0,34,2,6,,129094,1,0,34,2,6,,129080,1,0,34,2,6,,128979,1,0,34,2,6,,128951,1,0,34,2,6,,129029,1,0,34,2,46,,128974,1,0,34,2,6,,128997,1,0,34,2,6,,128944,1,0,34,2,6,,128982,1,0,34,2,6,,129050,1,0,34,2,6,,128933,1,0,34,2,6,,128930,1,0,34,2,6,,128978,1,0,34,2,6,,128970,1,0,34,2,6,,111265,1,0,34,2,46,,128956,1,0,34,2,6,,128927,1,0,34,2,6,,128946,1,0,34,2,6,,128932,1,0,34,2,6,,129041,1,0,34,2,6,,128943,1,0,34,2,6,,129043,1,0,34,2,6,,128993,1,0,34,2,6,,128957,1,0,34,2,6,,128990,1,0,34,2,46,,128925,1,0,34,2,6,,128935,1,0,34,2,6,,129096,1,0,34,2,6,,128962,1,0,34,2,6,,128938,1,0,34,2,6,,128948,1,0,34,2,6,,128971,1,0,34,2,6,,129089,1,0,34,2,6,,129015,1,0,34,2,6,,128984,1,0,34,2,46,,129087,1,0,34,2,6,,129063,1,0,34,2,6,,128949,1,0,34,2,6,,129033,1,0,34,2,6,,128936,1,0,34,2,6,,129068,1,0,34,2,6,,129064,1,0,34,2,6,,129021,1,0,34,2,6,,129056,1,0,34,2,6,,129079,1,0,34,2,46,,128999,1,0,34,2,6,,128994,1,0,34,2,6,,128969,1,0,34,2,6,,128924,1,0,34,2,6,,129057,1,0,34,2,6,,129012,1,0,34,2,6,,128941,1,0,34,2,6,,128992,1,0,34,2,6,,129039,1,0,34,2,6,,118389,1,0,34,2,46,,128926,1,0,34,2,6,,129100,1,0,34,2,6,,129023,1,0,34,2,6,,129071,1,0,34,2,6,,129098,1,0,34,2,6,,129085,1,0,34,2,6,,129010,1,0,34,2,6,,128921,1,0,34,2,6,,128947,1,0,34,2,48,,129054,1,0,34,2,5,,128987,1,0,34,2,6,,128963,1,0,34,2,7,,128976,1,0,34,2,3,,129086,1,0,34,2,3,,128940,1,0,34,2,7,,129059,1,0,34,2,10,,128964,1,0,34,2,5,,129081,1,0,34,2,5,,128972,1,0,34,2,5,,128966,1,0,34,2,45,,129031,1,0,34,2,10,,129028,1,0,34,2,10,,129091,1,0,34,2,10,,129076,1,0,34,2,10,,128934,1,0,34,2,10,,128945,1,0,34,2,50,,129011,1,0,34,2,10,,129075,1,0,34,2,10,,129020,1,0,34,2,7,,128989,1,0,34,2,8,,119905,1,0,34,2,13,,128953,1,0,34,2,52,,129072,1,0,34,2,10,,129083,1,0,34,2,10,,128929,1,0,34,2,10,,129048,1,0,34,2,10,,128977,1,0,34,2,10,,128973,1,0,34,2,50,,129061,1,0,34,2,10,,129066,1,0,34,2,10,,129004,1,0,34,2,10,,128959,1,0,34,2,10,,129052,1,0,34,2,10,,128998,1,0,34,2,50,,129024,1,0,34,2,10,,129055,1,0,34,2,10,,110189,1,0,34,2,10,,128922,1,0,34,2,10,,129035,1,0,34,2,10,,129005,1,0,34,2,55,,128954,1,0,34,2
50501,'2',600,,129250,1,0,34,2,10,,129196,1,0,34,2,10,,129256,1,0,34,2,10,,129270,1,0,34,2,10,,129247,1,0,34,2,10,,129212,1,0,34,2,50,,129135,1,0,34,2,10,,129267,1,0,34,2,10,,129264,1,0,34,2,10,,129183,1,0,34,2,10,,129124,1,0,34,2,10,,129178,1,0,34,2,50,,129198,1,0,34,2,8,,129133,1,0,34,2,6,,129136,1,0,34,2,6,,129193,1,0,34,2,6,,129253,1,0,34,2,6,,129237,1,0,34,2,6,,129146,1,0,34,2,6,,129137,1,0,34,2,6,,129201,1,0,34,2,6,,129243,1,0,34,2,46,,129123,1,0,34,2,6,,129204,1,0,34,2,6,,129259,1,0,34,2,6,,129140,1,0,34,2,6,,129180,1,0,34,2,6,,129110,1,0,34,2,6,,108184,1,0,34,2,6,,129228,1,0,34,2,6,,129227,1,0,34,2,6,,129235,1,0,34,2,46,,129143,1,0,34,2,6,,129167,1,0,34,2,6,,129159,1,0,34,2,6,,129177,1,0,34,2,6,,129251,1,0,34,2,6,,120168,1,0,34,2,6,,129171,1,0,34,2,6,,129254,1,0,34,2,6,,114916,1,0,34,2,6,,129224,1,0,34,2,46,,129113,1,0,34,2,6,,129262,1,0,34,2,6,,129156,1,0,34,2,6,,108835,1,0,34,2,6,,129118,1,0,34,2,6,,129127,1,0,34,2,6,,129242,1,0,34,2,6,,129239,1,0,34,2,8,,129165,1,0,34,2,3,,129104,1,0,34,2,45,,129184,1,0,34,2,6,,129232,1,0,34,2,6,,129172,1,0,34,2,6,,129169,1,0,34,2,6,,129214,1,0,34,2,6,,114047,1,0,34,2,6,,129222,1,0,34,2,6,,129203,1,0,34,2,6,,129122,1,0,34,2,6,,129107,1,0,34,2,46,,129188,1,0,34,2,6,,129162,1,0,34,2,6,,129170,1,0,34,2,6,,129210,1,0,34,2,6,,129111,1,0,34,2,6,,129268,1,0,34,2,6,,129238,1,0,34,2,6,,129240,1,0,34,2,6,,129205,1,0,34,2,6,,129109,1,0,34,2,46,,129213,1,0,34,2,6,,129192,1,0,34,2,6,,129187,1,0,34,2,6,,129265,1,0,34,2,6,,129202,1,0,34,2,6,,129215,1,0,34,2,6,,129164,1,0,34,2,6,,129141,1,0,34,2,6,,129185,1,0,34,2,6,,129244,1,0,34,2,46,,114970,1,0,34,2,6,,129160,1,0,34,2,6,,117354,1,0,34,2,6,,129269,1,0,34,2,6,,129174,1,0,34,2,6,,129257,1,0,34,2,6,,129176,1,0,34,2,6,,129175,1,0,34,2,6,,129149,1,0,34,2,6,,129260,1,0,34,2,46,,129246,1,0,34,2,6,,129219,1,0,34,2,6,,129252,1,0,34,2,6,,129150,1,0,34,2,6,,129145,1,0,34,2,6,,129218,1,0,34,2,6,,129163,1,0,34,2,6,,129226,1,0,34,2,6,,129103,1,0,34,2,6,,129245,1,0,34,2,46,,129225,1,0,34,2,6,,129108,1,0,34,2,6,,129166,1,0,34,2,6,,129190,1,0,34,2,6,,129216,1,0,34,2,6,,129157,1,0,34,2,6,,129120,1,0,34,2,6,,129248,1,0,34,2,6,,129255,1,0,34,2,6,,129236,1,0,34,2,46,,129217,1,0,34,2,6,,129207,1,0,34,2,6,,129209,1,0,34,2,6,,129154,1,0,34,2,6,,129102,1,0,34,2,6,,129195,1,0,34,2,8,,129263,1,0,34,2,8,,129220,1,0,34,2,8,,129142,1,0,34,2,48,,129191,1,0,34,2,10,,129194,1,0,34,2,10,,129121,1,0,34,2,5,,129155,1,0,34,2,5,,129161,1,0,34,2,10,,129231,1,0,34,2,10,,129134,1,0,34,2,5,,129241,1,0,34,2,45,,129189,1,0,34,2,10,,129229,1,0,34,2,10,,129125,1,0,34,2,10,,129115,1,0,34,2,10,,129182,1,0,34,2,10,,129206,1,0,34,2,50,,129131,1,0,34,2,10,,129179,1,0,34,2,10,,129129,1,0,34,2,10,,129199,1,0,34,2,10,,129112,1,0,34,2,12,,129126,1,0,34,2,52,,129211,1,0,34,2,10,,129147,1,0,34,2,10,,129130,1,0,34,2,10,,129153,1,0,34,2,5,,129117,1,0,34,2,5,,129148,1,0,34,2,10,,129261,1,0,34,2,50,,129105,1,0,34,2,10,,129186,1,0,34,2,10,,129114,1,0,34,2,10,,129200,1,0,34,2,10,,129234,1,0,34,2,10,,129230,1,0,34,2,50,,129173,1,0,34,2,10,,129119,1,0,34,2,9,,129128,1,0,34,2,7,,129208,1,0,34,2,7,,110619,1,0,34,2,13,,129139,1,0,34,2
50501,'3',808,,129289,1,0,34,2,10,,129341,1,0,34,2,10,,129306,1,0,34,2,10,,114126,1,0,34,2,10,,129398,1,0,34,2,10,,129314,1,0,34,2,49,,129276,1,0,34,2,6,,129284,1,0,34,2,6,,129288,1,0,34,2,6,,129406,1,0,34,2,6,,129275,1,0,34,2,6,,129295,1,0,34,2,6,,129371,1,0,34,2,6,,129383,1,0,34,2,6,,129300,1,0,34,2,46,,129282,1,0,34,2,6,,129361,1,0,34,2,6,,120973,1,0,34,2,6,,129287,1,0,34,2,6,,129402,1,0,34,2,6,,123125,1,0,34,2,6,,117516,1,0,34,2,6,,129286,1,0,34,2,6,,129293,1,0,34,2,6,,129375,1,0,34,2,46,,129297,1,0,34,2,6,,129310,1,0,34,2,6,,129397,1,0,34,2,6,,129273,1,0,34,2,6,,129351,1,0,34,2,6,,129365,1,0,34,2,6,,129388,1,0,34,2,6,,129340,1,0,34,2,6,,129339,1,0,34,2,6,,129345,1,0,34,2,46,,129360,1,0,34,2,6,,129396,1,0,34,2,6,,129290,1,0,34,2,6,,129317,1,0,34,2,6,,129389,1,0,34,2,6,,129296,1,0,34,2,6,,129358,1,0,34,2,6,,129324,1,0,34,2,6,,129329,1,0,34,2,6,,129363,1,0,34,2,46,,129405,1,0,34,2,6,,129281,1,0,34,2,6,,129373,1,0,34,2,6,,129391,1,0,34,2,6,,129321,1,0,34,2,6,,129349,1,0,34,2,6,,129379,1,0,34,2,6,,129395,1,0,34,2,6,,129356,1,0,34,2,6,,116727,1,0,34,2,46,,129362,1,0,34,2,6,,129331,1,0,34,2,6,,129343,1,0,34,2,6,,129378,1,0,34,2,6,,117956,1,0,34,2,6,,129392,1,0,34,2,6,,129410,1,0,34,2,6,,129299,1,0,34,2,6,,129308,1,0,34,2,6,,129320,1,0,34,2,46,,129407,1,0,34,2,6,,129277,1,0,34,2,6,,129376,1,0,34,2,6,,129336,1,0,34,2,6,,129347,1,0,34,2,6,,129386,1,0,34,2,6,,129382,1,0,34,2,6,,129412,1,0,34,2,6,,129279,1,0,34,2,6,,129305,1,0,34,2,46,,129301,1,0,34,2,6,,129377,1,0,34,2,6,,129384,1,0,34,2,6,,129325,1,0,34,2,6,,129348,1,0,34,2,6,,129323,1,0,34,2,6,,129374,1,0,34,2,6,,129338,1,0,34,2,6,,129387,1,0,34,2,6,,129414,1,0,34,2,46,,129272,1,0,34,2,6,,129364,1,0,34,2,6,,129372,1,0,34,2,6,,129319,1,0,34,2,6,,129353,1,0,34,2,6,,129367,1,0,34,2,6,,129327,1,0,34,2,6,,129354,1,0,34,2,6,,129291,1,0,34,2,6,,129335,1,0,34,2,46,,129274,1,0,34,2,6,,129385,1,0,34,2,6,,129399,1,0,34,2,6,,129333,1,0,34,2,6,,129334,1,0,34,2,6,,129357,1,0,34,2,6,,129394,1,0,34,2,6,,129366,1,0,34,2,6,,129344,1,0,34,2,6,,129294,1,0,34,2,47,,129298,1,0,34,2,8,,129280,1,0,34,2,4,,129342,1,0,34,2,4,,129304,1,0,34,2,5,,129370,1,0,34,2,5,,129332,1,0,34,2,10,,129311,1,0,34,2,5,,129328,1,0,34,2,5,,129330,1,0,34,2,5,,129312,1,0,34,2,5,,129352,1,0,34,2,45,,129346,1,0,34,2,5,,129393,1,0,34,2,10,,129355,1,0,34,2,10,,129318,1,0,34,2,10,,129322,1,0,34,2,10,,111805,1,0,34,2,10,,129315,1,0,34,2,50,,129403,1,0,34,2,10,,129283,1,0,34,2,10,,129350,1,0,34,2,10,,129271,1,0,34,2,10,,129326,1,0,34,2,10,,129337,1,0,34,2,50,,129369,1,0,34,2,10,,129413,1,0,34,2,10,,129359,1,0,34,2,10,,129368,1,0,34,2,10,,129411,1,0,34,2,10,,116858,1,0,34,2,50,,110727,1,0,34,2,10,,129408,1,0,34,2,10,,129313,1,0,34,2,10,,129390,1,0,34,2,10,,129404,1,0,34,2,10,,129303,1,0,34,2,50,,129307,1,0,34,2,10,,129316,1,0,34,2,10,,129292,1,0,34,2,10,,123160,1,0,34,2,10,,129381,1,0,34,2,10,,129401,1,0,34,2
50501,'5',609,,129581,1,0,34,2,15,,129423,1,0,34,2,15,,129430,1,0,34,2,15,,129543,1,0,34,2,54,,129519,1,0,34,2,10,,129442,1,0,34,2,10,,129459,1,0,34,2,10,,129559,1,0,34,2,10,,129415,1,0,34,2,10,,129576,1,0,34,2,50,,129567,1,0,34,2,10,,129531,1,0,34,2,10,,129539,1,0,34,2,10,,129456,1,0,34,2,10,,129491,1,0,34,2,10,,129479,1,0,34,2,49,,129450,1,0,34,2,6,,129481,1,0,34,2,6,,129435,1,0,34,2,6,,129422,1,0,34,2,6,,129555,1,0,34,2,6,,114431,1,0,34,2,6,,129472,1,0,34,2,6,,129474,1,0,34,2,6,,129477,1,0,34,2,46,,129483,1,0,34,2,6,,129577,1,0,34,2,6,,129498,1,0,34,2,6,,129570,1,0,34,2,6,,129439,1,0,34,2,6,,129542,1,0,34,2,6,,129537,1,0,34,2,6,,129508,1,0,34,2,6,,129499,1,0,34,2,6,,129518,1,0,34,2,46,,129473,1,0,34,2,6,,110997,1,0,34,2,6,,129541,1,0,34,2,6,,129503,1,0,34,2,6,,129569,1,0,34,2,6,,129515,1,0,34,2,6,,129478,1,0,34,2,6,,129533,1,0,34,2,6,,129429,1,0,34,2,6,,129580,1,0,34,2,46,,129421,1,0,34,2,6,,129448,1,0,34,2,6,,129560,1,0,34,2,6,,129522,1,0,34,2,6,,129446,1,0,34,2,6,,129470,1,0,34,2,6,,129556,1,0,34,2,6,,129436,1,0,34,2,6,,129495,1,0,34,2,6,,129502,1,0,34,2,46,,129497,1,0,34,2,6,,129488,1,0,34,2,6,,129487,1,0,34,2,6,,129468,1,0,34,2,6,,129428,1,0,34,2,6,,129505,1,0,34,2,6,,129566,1,0,34,2,6,,111131,1,0,34,2,6,,129420,1,0,34,2,6,,129501,1,0,34,2,46,,129463,1,0,34,2,6,,129554,1,0,34,2,6,,129557,1,0,34,2,6,,129523,1,0,34,2,6,,129460,1,0,34,2,6,,129513,1,0,34,2,6,,129416,1,0,34,2,6,,129449,1,0,34,2,6,,129568,1,0,34,2,6,,108462,1,0,34,2,46,,129453,1,0,34,2,6,,129582,1,0,34,2,6,,129418,1,0,34,2,6,,129471,1,0,34,2,6,,129536,1,0,34,2,6,,129548,1,0,34,2,6,,129564,1,0,34,2,6,,129558,1,0,34,2,6,,129525,1,0,34,2,6,,129445,1,0,34,2,46,,129532,1,0,34,2,6,,120395,1,0,34,2,6,,129550,1,0,34,2,6,,129514,1,0,34,2,6,,129562,1,0,34,2,6,,129511,1,0,34,2,6,,129551,1,0,34,2,6,,129466,1,0,34,2,6,,129517,1,0,34,2,6,,129565,1,0,34,2,46,,114460,1,0,34,2,6,,129544,1,0,34,2,6,,129454,1,0,34,2,6,,129458,1,0,34,2,6,,129545,1,0,34,2,6,,129424,1,0,34,2,6,,129464,1,0,34,2,6,,129433,1,0,34,2,6,,129494,1,0,34,2,6,,129476,1,0,34,2,46,,129425,1,0,34,2,6,,129507,1,0,34,2,6,,129500,1,0,34,2,6,,129493,1,0,34,2,6,,129524,1,0,34,2,6,,129455,1,0,34,2,6,,129553,1,0,34,2,6,,129443,1,0,34,2,6,,129547,1,0,34,2,6,,129563,1,0,34,2,47,,129520,1,0,34,2,8,,129506,1,0,34,2,4,,129427,1,0,34,2,4,,129490,1,0,34,2,5,,129469,1,0,34,2,5,,129540,1,0,34,2,10,,129572,1,0,34,2,5,,129447,1,0,34,2,5,,129512,1,0,34,2,5,,129496,1,0,34,2,5,,129516,1,0,34,2,45,,129457,1,0,34,2,5,,129451,1,0,34,2,10,,129530,1,0,34,2,10,,129482,1,0,34,2,10,,129485,1,0,34,2,10,,129452,1,0,34,2,10,,129438,1,0,34,2,50,,129440,1,0,34,2,10,,122226,1,0,34,2,10,,129434,1,0,34,2,10,,129441,1,0,34,2,10,,129437,1,0,34,2,10,,129546,1,0,34,2,50,,129480,1,0,34,2,10,,129461,1,0,34,2,10,,129578,1,0,34,2,10,,129467,1,0,34,2,10,,129417,1,0,34,2,10,,129574,1,0,34,2,50,,129534,1,0,34,2,10,,129549,1,0,34,2,10,,129529,1,0,34,2,10,,129489,1,0,34,2,10,,129552,1,0,34,2,10,,129575,1,0,34,2,50,,129579,1,0,34,2,9,,129528,1,0,34,2,11,,129535,1,0,34,2,10,,129527,1,0,34,2,10,,129462,1,0,34,2,10,,129431,1,0,34,2
50502,'1',648,,129596,42,4,,2,10,,129600,42,4,,2,50,,129704,42,4,,2,10,,129679,42,4,,2,10,,129584,42,4,,2,5,,129636,34,4,,2,5,,129737,42,4,,2,5,,129656,34,4,,2,5,,129751,42,4,,2,10,,129601,42,4,,2,45,,129606,42,4,,2,5,,129700,42,4,,2,8,,129701,34,4,,2,2,,129713,42,4,,2,9,,117117,34,4,,2,4,,129693,42,4,,2,12,,129730,42,4,,2,5,,129629,34,4,,2,2,,129758,42,4,,2,6,,129639,42,4,,2,46,,129661,42,4,,2,6,,129694,42,4,,2,6,,129663,42,4,,2,6,,129723,42,4,,2,6,,129697,42,4,,2,6,,129725,42,4,,2,6,,129750,42,4,,2,6,,114727,42,4,,2,6,,129707,42,4,,2,6,,129659,42,4,,2,46,,129633,42,4,,2,6,,129734,42,4,,2,6,,129593,42,4,,2,6,,129726,42,4,,2,8,,129678,42,4,,2,8,,129603,42,4,,2,6,,129602,42,4,,2,6,,129583,42,4,,2,6,,129706,42,4,,2,46,,129669,42,4,,2,6,,129609,42,4,,2,6,,129644,42,4,,2,6,,129712,42,4,,2,6,,129614,42,4,,2,6,,129632,42,4,,2,6,,129618,42,4,,2,6,,129720,42,4,,2,6,,129670,42,4,,2,6,,129607,42,4,,2,46,,129621,42,4,,2,6,,129623,42,4,,2,6,,129759,42,4,,2,6,,129736,42,4,,2,6,,129764,42,4,,2,6,,129676,42,4,,2,6,,129671,42,4,,2,6,,129649,42,4,,2,6,,129718,42,4,,2,6,,129613,42,4,,2,46,,129745,42,4,,2,6,,129654,42,4,,2,6,,129643,42,4,,2,6,,129611,42,4,,2,6,,129683,42,4,,2,6,,129666,42,4,,2,6,,129637,42,4,,2,6,,129685,42,4,,2,6,,129761,42,4,,2,6,,129631,42,4,,2,46,,129673,42,4,,2,6,,129615,42,4,,2,6,,129638,42,4,,2,6,,129739,42,4,,2,6,,129605,42,4,,2,6,,129754,42,4,,2,6,,129604,42,4,,2,6,,129658,42,4,,2,6,,129724,42,4,,2,6,,129686,42,4,,2,46,,129755,42,4,,2,6,,129757,42,4,,2,6,,129682,42,4,,2,6,,129608,42,4,,2,6,,129660,42,4,,2,9,,129668,42,4,,2,3,,129617,42,4,,2,6,,129587,42,4,,2,6,,129748,42,4,,2,6,,129588,42,4,,2,46,,129599,42,4,,2,6,,129652,42,4,,2,6,,129616,42,4,,2,6,,129728,42,4,,2,6,,129592,42,4,,2,6,,129651,42,4,,2,6,,129696,42,4,,2,6,,129692,42,4,,2,6,,129702,42,4,,2,6,,129674,42,4,,2,46,,129722,42,4,,2,6,,129715,42,4,,2,6,,129698,42,4,,2,6,,129586,42,4,,2,6,,129612,42,4,,2,6,,129641,42,4,,2,6,,129740,42,4,,2,6,,129597,42,4,,2,6,,129626,42,4,,2,6,,112922,42,4,,2,46,,129738,42,4,,2,6,,129746,42,4,,2,6,,129589,42,4,,2,6,,129657,42,4,,2,6,,129727,42,4,,2,6,,129630,42,4,,2,6,,129585,42,4,,2,6,,129610,42,4,,2,6,,129598,42,4,,2,6,,129653,42,4,,2,46,,129647,42,4,,2,6,,129677,42,4,,2,6,,129689,42,4,,2,6,,129760,42,4,,2,6,,129762,42,4,,2,6,,129765,42,4,,2,6,,129717,42,4,,2,6,,129747,42,4,,2,6,,129710,42,4,,2,6,,129594,42,4,,2,46,,129735,42,4,,2,6,,129733,42,4,,2,10,,129688,42,4,,2,11,,129763,42,4,,2,9,,129695,42,4,,2,10,,129711,42,4,,2,10,,129648,42,4,,2,50,,129684,42,4,,2,10,,129691,42,4,,2,10,,129719,42,4,,2,10,,129690,42,4,,2,10,,129591,42,4,,2,10,,129655,42,4,,2,50,,129650,42,4,,2,10,,129721,42,4,,2,10,,129752,42,4,,2,10,,129634,42,4,,2,10,,129645,42,4,,2,9,,129708,42,4,,2,49,,129731,42,4,,2,10,,129595,42,4,,2,10,,129665,42,4,,2,10,,129628,42,4,,2,10,,129635,42,4,,2,10,,129642,42,4,,2,50,,129729,42,4,,2,10,,129749,42,4,,2,10,,129744,42,4,,2,10,,129703,42,4,,2,10,,129662,42,4,,2,10,,129627,42,4,,2,50,,129753,42,4,,2,10,,129680,42,4,,2,10,,129624,42,4,,2,20,,129625,42,4,,2,66,,129619,42,4,,2,30,,129699,42,4,,2
50502,'2',652,,129842,42,4,,2,50,,129879,42,4,,2,10,,129817,42,4,,2,10,,129819,42,4,,2,10,,129891,42,4,,2,10,,129777,42,4,,2,10,,114928,42,4,,2,50,,129892,42,4,,2,5,,129768,34,4,,2,5,,129832,42,4,,2,5,,129846,34,4,,2,5,,129796,42,4,,2,5,,129859,34,4,,2,7,,129890,42,4,,2,5,,129888,34,4,,2,7,,117382,42,4,,2,6,,129795,34,4,,2,7,,129933,42,4,,2,46,,129862,42,4,,2,6,,129869,42,4,,2,6,,129774,42,4,,2,6,,129848,42,4,,2,6,,129843,42,4,,2,6,,129845,42,4,,2,6,,129902,42,4,,2,6,,129896,42,4,,2,6,,129781,42,4,,2,6,,129916,42,4,,2,46,,113846,42,4,,2,6,,129823,42,4,,2,6,,129793,42,4,,2,6,,129789,42,4,,2,6,,129907,42,4,,2,6,,129836,42,4,,2,6,,129806,42,4,,2,6,,129857,42,4,,2,6,,129828,42,4,,2,6,,129841,42,4,,2,46,,129871,42,4,,2,6,,129847,42,4,,2,6,,129880,42,4,,2,6,,129766,42,4,,2,6,,129834,42,4,,2,6,,129802,42,4,,2,6,,129856,42,4,,2,6,,129792,42,4,,2,6,,129930,42,4,,2,6,,129870,42,4,,2,46,,129922,42,4,,2,6,,129912,42,4,,2,6,,129787,42,4,,2,8,,129844,42,4,,2,6,,129827,42,4,,2,7,,129905,34,4,,2,3,,129772,42,4,,2,6,,129919,42,4,,2,8,,129800,42,4,,2,46,,129797,42,4,,2,8,,129904,42,4,,2,6,,129932,42,4,,2,6,,129923,42,4,,2,6,,129915,42,4,,2,6,,129786,42,4,,2,6,,109306,42,4,,2,6,,129816,42,4,,2,6,,129918,42,4,,2,6,,129875,42,4,,2,46,,129920,42,4,,2,6,,129900,42,4,,2,6,,129860,42,4,,2,6,,129812,42,4,,2,6,,129790,42,4,,2,6,,129821,42,4,,2,6,,129782,42,4,,2,6,,129850,42,4,,2,6,,129906,42,4,,2,6,,129881,42,4,,2,46,,129886,42,4,,2,6,,129878,42,4,,2,6,,129822,42,4,,2,6,,129898,42,4,,2,6,,129826,42,4,,2,6,,129804,42,4,,2,6,,129901,42,4,,2,6,,129877,42,4,,2,6,,129830,42,4,,2,6,,129783,42,4,,2,46,,129889,42,4,,2,6,,129776,42,4,,2,6,,129775,42,4,,2,6,,129899,42,4,,2,6,,129799,42,4,,2,6,,129773,42,4,,2,6,,129853,42,4,,2,6,,129917,42,4,,2,6,,129771,42,4,,2,6,,129863,42,4,,2,46,,129865,42,4,,2,6,,129855,42,4,,2,6,,129767,42,4,,2,6,,129833,42,4,,2,6,,129835,42,4,,2,6,,129897,42,4,,2,6,,129927,42,4,,2,6,,129838,42,4,,2,6,,129929,42,4,,2,6,,129858,42,4,,2,46,,129820,42,4,,2,6,,129839,42,4,,2,6,,129921,42,4,,2,6,,115037,42,4,,2,6,,121626,42,4,,2,6,,129829,42,4,,2,6,,129925,42,4,,2,12,,129866,42,4,,2,6,,129885,42,4,,2,46,,129867,42,4,,2,12,,129910,42,4,,2,6,,129928,42,4,,2,6,,129778,42,4,,2,6,,129807,42,4,,2,8,,129903,42,4,,2,8,,129811,42,4,,2,10,,129924,42,4,,2,48,,129851,42,4,,2,10,,129784,42,4,,2,10,,129895,42,4,,2,10,,129837,42,4,,2,10,,112421,42,4,,2,10,,129883,42,4,,2,50,,129779,42,4,,2,10,,129770,42,4,,2,10,,129873,42,4,,2,10,,129803,42,4,,2,10,,129876,42,4,,2,10,,129801,42,4,,2,50,,129909,42,4,,2,10,,129868,42,4,,2,10,,129769,42,4,,2,7,,129874,42,4,,2,10,,129864,42,4,,2,7,,129788,42,4,,2,7,,129831,42,4,,2,50,,129884,42,4,,2,10,,129810,42,4,,2,10,,112461,42,4,,2,10,,129791,42,4,,2,10,,129894,42,4,,2,10,,129825,42,4,,2,50,,129818,42,4,,2,10,,129908,42,4,,2,10,,129852,42,4,,2,10,,129808,42,4,,2,10,,129914,42,4,,2,52,,129882,42,4,,2,8,,129809,42,4,,2,10,,129840,42,4,,2,12,,129854,42,4,,2,15,,129887,42,4,,2
50502,'3',839,,130064,42,4,,2,10,,130020,42,4,,2,10,,130032,42,4,,2,45,,129935,34,4,,2,5,,130046,42,4,,2,10,,129941,42,4,,2,10,,129952,42,4,,2,5,,129996,34,4,,2,5,,130006,42,4,,2,7,,130009,34,4,,2,2,,129984,42,4,,2,9,,130065,42,4,,2,46,,130063,42,4,,2,6,,130078,42,4,,2,6,,130025,42,4,,2,6,,129994,42,4,,2,6,,130069,42,4,,2,6,,130054,42,4,,2,6,,114179,42,4,,2,6,,130035,42,4,,2,6,,123008,42,4,,2,6,,129937,42,4,,2,46,,129977,42,4,,2,6,,130024,42,4,,2,6,,129960,42,4,,2,6,,129980,42,4,,2,6,,129988,42,4,,2,6,,129947,42,4,,2,6,,130007,42,4,,2,6,,129971,42,4,,2,6,,130074,42,4,,2,6,,130030,42,4,,2,46,,130072,42,4,,2,6,,130043,42,4,,2,6,,130071,42,4,,2,6,,130039,42,4,,2,6,,130066,42,4,,2,8,,110733,34,4,,2,1,,129963,42,4,,2,6,,130060,42,4,,2,8,,129981,42,4,,2,6,,130056,34,4,,2,3,,130037,42,4,,2,46,,129953,42,4,,2,6,,130000,42,4,,2,6,,130047,42,4,,2,6,,110780,42,4,,2,6,,130008,42,4,,2,6,,109417,42,4,,2,6,,130004,42,4,,2,6,,129961,42,4,,2,6,,130028,42,4,,2,6,,130012,42,4,,2,46,,130052,42,4,,2,6,,130038,42,4,,2,6,,129974,42,4,,2,6,,129989,42,4,,2,6,,130023,42,4,,2,6,,120940,42,4,,2,6,,130068,42,4,,2,6,,129979,42,4,,2,6,,130073,42,4,,2,6,,130036,42,4,,2,46,,130033,42,4,,2,6,,129958,42,4,,2,6,,130044,42,4,,2,6,,129968,42,4,,2,6,,130045,42,4,,2,6,,130010,42,4,,2,6,,130042,42,4,,2,6,,129967,42,4,,2,6,,130058,42,4,,2,6,,129969,42,4,,2,46,,130022,42,4,,2,6,,129940,42,4,,2,6,,129983,42,4,,2,6,,130016,42,4,,2,6,,130067,42,4,,2,6,,130021,42,4,,2,6,,129942,42,4,,2,6,,129985,42,4,,2,6,,130017,42,4,,2,6,,130031,42,4,,2,46,,130005,42,4,,2,6,,129950,42,4,,2,6,,130048,42,4,,2,6,,111768,42,4,,2,6,,129955,42,4,,2,6,,129945,42,4,,2,6,,129946,42,4,,2,6,,129965,42,4,,2,6,,129956,42,4,,2,6,,102243,42,4,,2,46,,130050,42,4,,2,6,,129966,42,4,,2,6,,130040,42,4,,2,6,,129997,42,4,,2,6,,130014,42,4,,2,6,,129962,42,4,,2,6,,129995,42,4,,2,6,,129949,42,4,,2,6,,130059,42,4,,2,6,,129951,42,4,,2,46,,130041,42,4,,2,6,,129998,42,4,,2,6,,129973,42,4,,2,6,,129975,42,4,,2,6,,130051,42,4,,2,6,,130026,42,4,,2,6,,129990,42,4,,2,6,,129964,42,4,,2,6,,129936,42,4,,2,1,,129999,42,4,,2,46,,129948,42,4,,2,9,,130062,42,4,,2,10,,130077,42,4,,2,10,,129957,42,4,,2,10,,129987,42,4,,2,10,,130011,42,4,,2,10,,117958,42,4,,2,50,,130070,42,4,,2,10,,130061,42,4,,2,10,,129959,42,4,,2,10,,130013,42,4,,2,10,,130053,42,4,,2,10,,130034,42,4,,2,50,,130076,42,4,,2,10,,130029,42,4,,2,10,,129934,42,4,,2,10,,130055,42,4,,2,10,,129972,42,4,,2,10,,112604,42,4,,2,50,,129976,42,4,,2,10,,129939,42,4,,2,10,,130019,42,4,,2,10,,130049,42,4,,2,10,,129978,42,4,,2,10,,130018,42,4,,2,50,,130027,42,4,,2,10,,130003,42,4,,2,10,,129992,42,4,,2,10,,130057,42,4,,2,10,,130015,42,4,,2,10,,130002,42,4,,2,50,,130075,42,4,,2,10,,129943,42,4,,2,13,,129970,42,4,,2,12,,129986,42,4,,2
50502,'5',515,,130237,34,4,,2,36,,130117,34,4,,2,108,,130200,42,4,,2,50,,130189,42,4,,2,10,,130104,42,4,,2,10,,130238,42,4,,2,10,,130185,42,4,,2,10,,130210,42,4,,2,10,,130160,42,4,,2,50,,130183,42,4,,2,10,,130096,42,4,,2,10,,130190,42,4,,2,10,,130121,42,4,,2,10,,130211,42,4,,2,10,,130128,42,4,,2,45,,130136,34,4,,2,5,,130242,42,4,,2,10,,130243,42,4,,2,10,,130226,42,4,,2,5,,130135,34,4,,2,5,,130102,42,4,,2,7,,130084,34,4,,2,2,,130246,42,4,,2,9,,130161,42,4,,2,46,,130204,42,4,,2,6,,130178,42,4,,2,6,,130145,42,4,,2,6,,130146,42,4,,2,6,,130198,42,4,,2,6,,130172,42,4,,2,6,,130125,42,4,,2,6,,130092,42,4,,2,6,,130195,42,4,,2,6,,130191,42,4,,2,46,,121161,42,4,,2,6,,130126,42,4,,2,6,,130133,42,4,,2,6,,130085,42,4,,2,6,,130141,42,4,,2,6,,130234,42,4,,2,6,,130188,42,4,,2,6,,130101,42,4,,2,6,,130155,42,4,,2,6,,130166,42,4,,2,46,,130086,42,4,,2,6,,130184,42,4,,2,6,,130232,42,4,,2,6,,130093,42,4,,2,6,,130223,42,4,,2,8,,130174,34,4,,2,1,,130127,42,4,,2,6,,130090,42,4,,2,8,,130218,42,4,,2,6,,130171,34,4,,2,3,,130091,42,4,,2,46,,130216,42,4,,2,6,,130148,42,4,,2,6,,130138,42,4,,2,6,,130158,42,4,,2,6,,130192,42,4,,2,6,,130221,42,4,,2,6,,130108,42,4,,2,6,,130224,42,4,,2,6,,130230,42,4,,2,6,,118847,42,4,,2,46,,130154,42,4,,2,6,,130082,42,4,,2,6,,130202,42,4,,2,6,,130167,42,4,,2,6,,130197,42,4,,2,6,,130157,42,4,,2,6,,130231,42,4,,2,6,,130163,42,4,,2,6,,130088,42,4,,2,6,,130186,42,4,,2,46,,130219,42,4,,2,6,,130151,42,4,,2,6,,130193,42,4,,2,6,,130169,42,4,,2,6,,130170,42,4,,2,6,,130194,42,4,,2,6,,130116,42,4,,2,6,,130152,42,4,,2,6,,130156,42,4,,2,6,,130124,42,4,,2,46,,130119,42,4,,2,6,,130105,42,4,,2,6,,130236,42,4,,2,6,,130220,42,4,,2,6,,130207,42,4,,2,6,,130107,42,4,,2,6,,130208,42,4,,2,6,,130087,42,4,,2,6,,130114,42,4,,2,6,,130137,42,4,,2,46,,130239,42,4,,2,6,,130094,42,4,,2,6,,130139,42,4,,2,6,,114326,42,4,,2,6,,130213,42,4,,2,6,,130143,42,4,,2,6,,130222,42,4,,2,6,,130215,42,4,,2,6,,130110,42,4,,2,6,,130153,42,4,,2,46,,130229,42,4,,2,6,,130175,42,4,,2,6,,130233,42,4,,2,6,,130244,42,4,,2,6,,130115,42,4,,2,6,,130097,42,4,,2,6,,130209,42,4,,2,6,,130182,42,4,,2,6,,130111,42,4,,2,6,,130235,42,4,,2,46,,130162,42,4,,2,6,,130083,42,4,,2,6,,130203,42,4,,2,6,,130140,42,4,,2,6,,130149,42,4,,2,6,,130176,42,4,,2,6,,130118,42,4,,2,6,,130196,42,4,,2,6,,130173,42,4,,2,1,,130134,42,4,,2,46,,130159,42,4,,2,9,,130165,42,4,,2,10,,130199,42,4,,2,10,,130164,42,4,,2,10,,130130,42,4,,2,10,,130227,42,4,,2,10,,130206,42,4,,2,50,,130123,42,4,,2,10,,130201,42,4,,2,10,,130100,42,4,,2,10,,130225,42,4,,2,10,,123510,42,4,,2,10,,130240,42,4,,2,50,,130106,42,4,,2,10,,130142,42,4,,2,10,,130081,42,4,,2,10,,130168,42,4,,2,10,,130214,42,4,,2,10,,130099,42,4,,2,50,,130217,42,4,,2,10,,130245,42,4,,2,10,,130103,42,4,,2,10,,130144,42,4,,2,10,,130180,42,4,,2,10,,130109,42,4,,2,50,,130177,42,4,,2,10,,130080,42,4,,2,10,,130112,42,4,,2,10,,130120,42,4,,2,10,,130147,42,4,,2,10,,130113,42,4,,2,50,,130150,42,4,,2,10,,130095,42,4,,2,13,,130129,42,4,,2,12,,130181,42,4,,2
