30101,'1',2631,,91275,49,0,16 40,2,24,,91255,49,0,16 40,2,54,,91271,49,0,16 40,2,20,,91253,49,0,16 40,2,20,,91259,49,0,16 40,2,60,,91251,49,0,16 40,2,20,,91267,49,0,16 40,2,20,,91262,49,0,16 40,2,60,,91274,49,0,16 40,2,20,,91254,49,0,16 40,2
30101,'2',2645,,91277,49,0,16 40,2,14,,91298,49,0,16 40,2,60,,91297,49,0,16 40,2,20,,91287,49,0,16 40,2,20,,91286,49,0,16 40,2,60,,91280,49,0,16 40,2,20,,91290,49,0,16 40,2,20,,91288,49,0,16 40,2,60,,91279,49,0,16 40,2,20,,91285,49,0,16 40,2
30101,'3',2633,,91312,49,0,16 40,2,21,,91300,49,0,16 40,2,60,,91308,49,0,16 40,2,20,,91305,49,0,16 40,2,20,,91309,49,0,16 40,2,60,,91303,49,0,16 40,2,20,,91316,49,0,16 40,2,20,,91307,49,0,16 40,2,60,,91314,49,0,16 40,2,20,,91304,49,0,16 40,2
30101,'5',2633,,91340,49,0,16 40,2,21,,91333,49,0,16 40,2,60,,91335,49,0,16 40,2,20,,91349,49,0,16 40,2,20,,91346,49,0,16 40,2,60,,91332,49,0,16 40,2,20,,91344,49,0,16 40,2,20,,91339,49,0,16 40,2,60,,91329,49,0,16 40,2,20,,91347,49,0,16 40,2
50101,'1',447,,92449,44,0,16 40,2,10,,92485,44,0,16 40,2,50,,92425,44,0,16 40,2,10,,92478,44,0,16 40,2,10,,92447,44,0,16 40,2,10,,92442,44,0,16 40,2,8,,92543,44,0,16 40,2,11,,92432,44,0,16 40,2,50,,92529,44,0,16 40,2,1,,92527,50,0,16 40,2,15,,92416,50,0,16 40,2,7,,92456,44,0,16 40,2,8,,92415,50,0,16 40,2,15,,92510,44,0,16 40,2,0,,92495,50,0,16 40,2,55,,77945,50,0,16 40,2,10,,92490,50,0,16 40,2,10,,92424,50,0,16 40,2,10,,92445,50,0,16 40,2,10,,92534,50,0,16 40,2,10,,92461,50,0,16 40,2,54,,92429,44,0,16 40,2,6,,92468,50,0,16 40,2,10,,92507,50,0,16 40,2,10,,92508,50,0,16 40,2,10,,92494,50,0,16 40,2,10,,92435,50,0,16 40,2,50,,92501,50,0,16 40,2,10,,92541,50,0,16 40,2,10,,92539,50,0,16 40,2,10,,92473,50,0,16 40,2,10,,92542,50,0,16 40,2,10,,92469,50,0,16 40,2,50,,92423,50,0,16 40,2,13,,92535,50,0,16 40,2,5,,92430,44,0,16 40,2,5,,92491,50,0,16 40,2,10,,92479,50,0,16 40,2,10,,92518,50,0,16 40,2,50,,92438,50,0,16 40,2,10,,92521,50,0,16 40,2,10,,92525,50,0,16 40,2,10,,92434,50,0,16 40,2,10,,92443,50,0,16 40,2,10,,92426,50,0,16 40,2,50,,92446,50,0,16 40,2,10,,92504,50,0,16 40,2,10,,92452,50,0,16 40,2,10,,92457,50,0,16 40,2,10,,92533,50,0,16 40,2,10,,92470,50,0,16 40,2,50,,92532,50,0,16 40,2,10,,92467,50,0,16 40,2,10,,92514,50,0,16 40,2,10,,92413,50,0,16 40,2,10,,92414,50,0,16 40,2,10,,92466,50,0,16 40,2,50,,92487,50,0,16 40,2,10,,92477,50,0,16 40,2,10,,92454,50,0,16 40,2,10,,92455,50,0,16 40,2,10,,92503,50,0,16 40,2,10,,92448,50,0,16 40,2,50,,92462,50,0,16 40,2,10,,92484,50,0,16 40,2,10,,92509,50,0,16 40,2,10,,92493,50,0,16 40,2,10,,92520,50,0,16 40,2,10,,92505,50,0,16 40,2,50,,92453,50,0,16 40,2,11,,92420,50,0,16 40,2,12,,92480,50,0,16 40,2,10,,92496,50,0,16 40,2,10,,92436,50,0,16 40,2,10,,92451,50,0,16 40,2,50,,92537,50,0,16 40,2,10,,92444,50,0,16 40,2,10,,92544,50,0,16 40,2,10,,92463,50,0,16 40,2,10,,92498,50,0,16 40,2,10,,92517,50,0,16 40,2,50,,92522,50,0,16 40,2,10,,92437,50,0,16 40,2,9,,92476,50,0,16 40,2,10,,92502,50,0,16 40,2,10,,92523,50,0,16 40,2,10,,92506,50,0,16 40,2,50,,92524,50,0,16 40,2,10,,92500,50,0,16 40,2,10,,92418,50,0,16 40,2,10,,92464,50,0,16 40,2,10,,92417,50,0,16 40,2,10,,92482,50,0,16 40,2,50,,92536,50,0,16 40,2,10,,92460,50,0,16 40,2,8,,82491,50,0,16 40,2,9,,92526,50,0,16 40,2,8,,92516,50,0,16 40,2,7,,92511,50,0,16 40,2,10,,92483,50,0,16 40,2,50,,92474,50,0,16 40,2,10,,92441,50,0,16 40,2,10,,92519,50,0,16 40,2,10,,92513,50,0,16 40,2,10,,89051,50,0,16 40,2,10,,92431,50,0,16 40,2,50,,92440,50,0,16 40,2,10,,92450,50,0,16 40,2,10,,92439,50,0,16 40,2,10,,92421,50,0,16 40,2,10,,92489,50,0,16 40,2,8,,92459,50,0,16 40,2,7,,92531,50,0,16 40,2,47,,92512,50,0,16 40,2,8,,92481,50,0,16 40,2,10,,92488,50,0,16 40,2,10,,92486,50,0,16 40,2,10,,92515,50,0,16 40,2,10,,92538,50,0,16 40,2,50,,92530,50,0,16 40,2,10,,78653,50,0,16 40,2,10,,92433,50,0,16 40,2,10,,92492,50,0,16 40,2,10,,92422,50,0,16 40,2,10,,92458,50,0,16 40,2,50,,92465,50,0,16 40,2,10,,92419,50,0,16 40,2,10,,92471,50,0,16 40,2,10,,92540,50,0,16 40,2,10,,92499,50,0,16 40,2,10,,92528,50,0,16 40,2,50,,92497,50,0,16 40,2,10,,92475,50,0,16 40,2,10,,92427,50,0,16 40,2
50101,'2',440,,92622,44,0,16 40,2,10,,92575,44,0,16 40,2,50,,92634,44,0,16 40,2,10,,92672,44,0,16 40,2,10,,92646,44,0,16 40,2,10,,92663,44,0,16 40,2,10,,92645,44,0,16 40,2,10,,92652,44,0,16 40,2,50,,92671,50,0,16 40,2,10,,92653,50,0,16 40,2,10,,92595,50,0,16 40,2,10,,92561,50,0,16 40,2,10,,92611,50,0,16 40,2,10,,92662,50,0,16 40,2,50,,92607,50,0,16 40,2,10,,92644,50,0,16 40,2,10,,92661,50,0,16 40,2,10,,92592,50,0,16 40,2,10,,92642,50,0,16 40,2,10,,92658,50,0,16 40,2,50,,92584,50,0,16 40,2,10,,92664,50,0,16 40,2,10,,92578,50,0,16 40,2,10,,92617,50,0,16 40,2,11,,92651,50,0,16 40,2,13,,92562,50,0,16 40,2,52,,92637,50,0,16 40,2,5,,92606,44,0,16 40,2,8,,92668,50,0,16 40,2,13,,92548,50,0,16 40,2,10,,92654,50,0,16 40,2,10,,92656,50,0,16 40,2,50,,92545,50,0,16 40,2,10,,92633,50,0,16 40,2,10,,92621,50,0,16 40,2,10,,92596,50,0,16 40,2,10,,92640,50,0,16 40,2,10,,92570,50,0,16 40,2,50,,92670,50,0,16 40,2,10,,92557,50,0,16 40,2,10,,92650,50,0,16 40,2,10,,92675,50,0,16 40,2,10,,92665,50,0,16 40,2,10,,92581,50,0,16 40,2,53,,92631,50,0,16 40,2,5,,92603,44,0,16 40,2,8,,92682,50,0,16 40,2,5,,92681,44,0,16 40,2,7,,92683,50,0,16 40,2,9,,92615,50,0,16 40,2,9,,92572,50,0,16 40,2,9,,92569,50,0,16 40,2,49,,92626,50,0,16 40,2,9,,92593,50,0,16 40,2,9,,92619,50,0,16 40,2,9,,92641,50,0,16 40,2,9,,92639,50,0,16 40,2,9,,92625,50,0,16 40,2,49,,92608,50,0,16 40,2,9,,92667,50,0,16 40,2,9,,92549,50,0,16 40,2,9,,92618,50,0,16 40,2,9,,92666,50,0,16 40,2,9,,92636,50,0,16 40,2,9,,92585,50,0,16 40,2,49,,92612,50,0,16 40,2,9,,92620,50,0,16 40,2,9,,92546,50,0,16 40,2,9,,92598,50,0,16 40,2,9,,92628,50,0,16 40,2,9,,92586,50,0,16 40,2,9,,92566,50,0,16 40,2,49,,92605,50,0,16 40,2,9,,92643,50,0,16 40,2,9,,92613,50,0,16 40,2,9,,92567,50,0,16 40,2,9,,92571,50,0,16 40,2,9,,92600,50,0,16 40,2,49,,92588,50,0,16 40,2,9,,92660,50,0,16 40,2,9,,92599,50,0,16 40,2,9,,92609,50,0,16 40,2,9,,92553,50,0,16 40,2,9,,92559,50,0,16 40,2,9,,92573,50,0,16 40,2,49,,92563,50,0,16 40,2,9,,92560,50,0,16 40,2,9,,92590,50,0,16 40,2,9,,92649,50,0,16 40,2,9,,92630,50,0,16 40,2,9,,92616,50,0,16 40,2,9,,92564,50,0,16 40,2,49,,92591,50,0,16 40,2,9,,92679,50,0,16 40,2,9,,92587,50,0,16 40,2,9,,92677,50,0,16 40,2,9,,92647,50,0,16 40,2,9,,92624,50,0,16 40,2,49,,92610,50,0,16 40,2,9,,92678,50,0,16 40,2,9,,92577,50,0,16 40,2,9,,92632,50,0,16 40,2,9,,92655,50,0,16 40,2,10,,92547,50,0,16 40,2,10,,92669,50,0,16 40,2,50,,92676,50,0,16 40,2,10,,92558,50,0,16 40,2,10,,92554,50,0,16 40,2,10,,92582,50,0,16 40,2,10,,92602,50,0,16 40,2,10,,92657,50,0,16 40,2,50,,92623,50,0,16 40,2,10,,92583,50,0,16 40,2,10,,92580,50,0,16 40,2,10,,82678,50,0,16 40,2,10,,92674,50,0,16 40,2,10,,92635,50,0,16 40,2,46,,92552,50,0,16 40,2,7,,92601,50,0,16 40,2,6,,92648,50,0,16 40,2,7,,92594,50,0,16 40,2,6,,92574,50,0,16 40,2,10,,92614,50,0,16 40,2,10,,92589,50,0,16 40,2,10,,92550,50,0,16 40,2,50,,92568,50,0,16 40,2,10,,92579,50,0,16 40,2,10,,92680,50,0,16 40,2,10,,92659,50,0,16 40,2,10,,78098,50,0,16 40,2,10,,92551,50,0,16 40,2,50,,92604,50,0,16 40,2,10,,92576,50,0,16 40,2,10,,92627,50,0,16 40,2,10,,85854,50,0,16 40,2,10,,92555,50,0,16 40,2,10,,92673,50,0,16 40,2,50,,76954,50,0,16 40,2,10,,92629,50,0,16 40,2,10,,92556,50,0,16 40,2
50101,'3',447,,92756,44,0,16 40,2,8,,92742,44,0,16 40,2,48,,92701,44,0,16 40,2,8,,92717,44,0,16 40,2,8,,92808,44,0,16 40,2,16,,92689,44,0,16 40,2,10,,92781,44,0,16 40,2,13,,92763,50,0,16 40,2,50,,92686,50,0,16 40,2,10,,92708,50,0,16 40,2,10,,92746,50,0,16 40,2,10,,92707,50,0,16 40,2,10,,92779,50,0,16 40,2,10,,92734,50,0,16 40,2,50,,92706,50,0,16 40,2,10,,92688,50,0,16 40,2,10,,92750,50,0,16 40,2,10,,92755,50,0,16 40,2,10,,92739,50,0,16 40,2,10,,92789,50,0,16 40,2,50,,92814,50,0,16 40,2,10,,92782,50,0,16 40,2,10,,92811,50,0,16 40,2,4,,92815,44,0,16 40,2,8,,92729,50,0,16 40,2,13,,92685,50,0,16 40,2,53,,92716,50,0,16 40,2,12,,92733,50,0,16 40,2,7,,92801,44,0,16 40,2,5,,92786,50,0,16 40,2,10,,92775,50,0,16 40,2,10,,92809,50,0,16 40,2,50,,92816,50,0,16 40,2,10,,92712,50,0,16 40,2,10,,92769,50,0,16 40,2,10,,92710,50,0,16 40,2,10,,92773,50,0,16 40,2,10,,92793,50,0,16 40,2,50,,92776,50,0,16 40,2,10,,92802,50,0,16 40,2,10,,92732,50,0,16 40,2,10,,88698,50,0,16 40,2,10,,92749,50,0,16 40,2,10,,92727,50,0,16 40,2,52,,92740,50,0,16 40,2,13,,92737,50,0,16 40,2,6,,92709,44,0,16 40,2,6,,92752,50,0,16 40,2,10,,92761,50,0,16 40,2,10,,92777,50,0,16 40,2,10,,92794,50,0,16 40,2,50,,92780,50,0,16 40,2,10,,92731,50,0,16 40,2,10,,92702,50,0,16 40,2,10,,92783,50,0,16 40,2,10,,92757,50,0,16 40,2,10,,92790,50,0,16 40,2,50,,92807,50,0,16 40,2,10,,92705,50,0,16 40,2,10,,92721,50,0,16 40,2,10,,92694,50,0,16 40,2,10,,92797,50,0,16 40,2,10,,92788,50,0,16 40,2,50,,92762,50,0,16 40,2,10,,92768,50,0,16 40,2,10,,92805,50,0,16 40,2,10,,92725,50,0,16 40,2,10,,92771,50,0,16 40,2,10,,92751,50,0,16 40,2,50,,92792,50,0,16 40,2,10,,92693,50,0,16 40,2,10,,92703,50,0,16 40,2,10,,92700,50,0,16 40,2,10,,92758,50,0,16 40,2,10,,92738,50,0,16 40,2,50,,92774,50,0,16 40,2,10,,92745,50,0,16 40,2,10,,92711,50,0,16 40,2,10,,92778,50,0,16 40,2,10,,92767,50,0,16 40,2,10,,92754,50,0,16 40,2,50,,92697,50,0,16 40,2,10,,92722,50,0,16 40,2,10,,92696,50,0,16 40,2,10,,92695,50,0,16 40,2,10,,92796,50,0,16 40,2,10,,92726,50,0,16 40,2,50,,92690,50,0,16 40,2,10,,92704,50,0,16 40,2,10,,92753,50,0,16 40,2,7,,92810,50,0,16 40,2,10,,92699,50,0,16 40,2,8,,92766,50,0,16 40,2,49,,92748,50,0,16 40,2,10,,92803,50,0,16 40,2,10,,92692,50,0,16 40,2,10,,92713,50,0,16 40,2,10,,92813,50,0,16 40,2,10,,92714,50,0,16 40,2,50,,92728,50,0,16 40,2,10,,92730,50,0,16 40,2,10,,92736,50,0,16 40,2,10,,92735,50,0,16 40,2,10,,92785,50,0,16 40,2,10,,92723,50,0,16 40,2,50,,92800,50,0,16 40,2,10,,92724,50,0,16 40,2,10,,92718,50,0,16 40,2,10,,92770,50,0,16 40,2,10,,92691,50,0,16 40,2,10,,92743,50,0,16 40,2,7,,92772,50,0,16 40,2,47,,92764,50,0,16 40,2,7,,92684,50,0,16 40,2,10,,92687,50,0,16 40,2,10,,92795,50,0,16 40,2,10,,92799,50,0,16 40,2,10,,92798,50,0,16 40,2,50,,92812,50,0,16 40,2,10,,92719,50,0,16 40,2,10,,92759,50,0,16 40,2,10,,92720,50,0,16 40,2,10,,92760,50,0,16 40,2,10,,92784,50,0,16 40,2,50,,92804,50,0,16 40,2,10,,92787,50,0,16 40,2,10,,92791,50,0,16 40,2,10,,92715,50,0,16 40,2,10,,92806,50,0,16 40,2,10,,92747,50,0,16 40,2,52,,92741,50,0,16 40,2,12,,92744,50,0,16 40,2
50101,'5',447,,92912,44,0,16 40,2,8,,92856,44,0,16 40,2,48,,92889,44,0,16 40,2,8,,92944,44,0,16 40,2,8,,92819,44,0,16 40,2,16,,92906,44,0,16 40,2,10,,92927,44,0,16 40,2,13,,92888,50,0,16 40,2,50,,92946,50,0,16 40,2,10,,92818,50,0,16 40,2,10,,92933,50,0,16 40,2,10,,92838,50,0,16 40,2,10,,92859,50,0,16 40,2,10,,92837,50,0,16 40,2,50,,92900,50,0,16 40,2,10,,92845,50,0,16 40,2,10,,92939,50,0,16 40,2,10,,92876,50,0,16 40,2,10,,92943,50,0,16 40,2,10,,92835,50,0,16 40,2,50,,92930,50,0,16 40,2,10,,92905,50,0,16 40,2,10,,92907,50,0,16 40,2,4,,92908,44,0,16 40,2,8,,92870,50,0,16 40,2,13,,86294,50,0,16 40,2,53,,92882,50,0,16 40,2,12,,92932,50,0,16 40,2,7,,81179,44,0,16 40,2,5,,92836,50,0,16 40,2,10,,92840,50,0,16 40,2,10,,92867,50,0,16 40,2,50,,92892,50,0,16 40,2,10,,92914,50,0,16 40,2,10,,92863,50,0,16 40,2,10,,92940,50,0,16 40,2,10,,92924,50,0,16 40,2,10,,92894,50,0,16 40,2,50,,92918,50,0,16 40,2,10,,92925,50,0,16 40,2,10,,92822,50,0,16 40,2,10,,92926,50,0,16 40,2,10,,92861,50,0,16 40,2,10,,92866,50,0,16 40,2,52,,92938,50,0,16 40,2,13,,92936,50,0,16 40,2,6,,92878,44,0,16 40,2,6,,92852,50,0,16 40,2,10,,92928,50,0,16 40,2,10,,92862,50,0,16 40,2,10,,92895,50,0,16 40,2,50,,92833,50,0,16 40,2,10,,92916,50,0,16 40,2,10,,92829,50,0,16 40,2,10,,92872,50,0,16 40,2,10,,92885,50,0,16 40,2,10,,92896,50,0,16 40,2,50,,92904,50,0,16 40,2,10,,92827,50,0,16 40,2,10,,92890,50,0,16 40,2,10,,92817,50,0,16 40,2,10,,92917,50,0,16 40,2,10,,92857,50,0,16 40,2,50,,92891,50,0,16 40,2,10,,92915,50,0,16 40,2,10,,92854,50,0,16 40,2,10,,92937,50,0,16 40,2,10,,92851,50,0,16 40,2,10,,92875,50,0,16 40,2,50,,92847,50,0,16 40,2,10,,79276,50,0,16 40,2,10,,92830,50,0,16 40,2,10,,92922,50,0,16 40,2,10,,92825,50,0,16 40,2,10,,92858,50,0,16 40,2,50,,92849,50,0,16 40,2,10,,92934,50,0,16 40,2,10,,92853,50,0,16 40,2,10,,92947,50,0,16 40,2,10,,92902,50,0,16 40,2,10,,92898,50,0,16 40,2,50,,92942,50,0,16 40,2,10,,92843,50,0,16 40,2,10,,92945,50,0,16 40,2,10,,92842,50,0,16 40,2,10,,92931,50,0,16 40,2,10,,92913,50,0,16 40,2,50,,92909,50,0,16 40,2,10,,92893,50,0,16 40,2,10,,92821,50,0,16 40,2,7,,92921,50,0,16 40,2,10,,92841,50,0,16 40,2,8,,92899,50,0,16 40,2,49,,92846,50,0,16 40,2,10,,92844,50,0,16 40,2,10,,92828,50,0,16 40,2,10,,92874,50,0,16 40,2,10,,92883,50,0,16 40,2,10,,92903,50,0,16 40,2,50,,92941,50,0,16 40,2,10,,92884,50,0,16 40,2,10,,92832,50,0,16 40,2,10,,92824,50,0,16 40,2,10,,92877,50,0,16 40,2,10,,92855,50,0,16 40,2,50,,92865,50,0,16 40,2,10,,92820,50,0,16 40,2,10,,92923,50,0,16 40,2,10,,92826,50,0,16 40,2,10,,92881,50,0,16 40,2,10,,92860,50,0,16 40,2,7,,92871,50,0,16 40,2,47,,92879,50,0,16 40,2,7,,92823,50,0,16 40,2,10,,92869,50,0,16 40,2,10,,92880,50,0,16 40,2,10,,92850,50,0,16 40,2,10,,92887,50,0,16 40,2,50,,92864,50,0,16 40,2,10,,92910,50,0,16 40,2,10,,92831,50,0,16 40,2,10,,92868,50,0,16 40,2,10,,92848,50,0,16 40,2,10,,92920,50,0,16 40,2,50,,92873,50,0,16 40,2,10,,92919,50,0,16 40,2,10,,92897,50,0,16 40,2,10,,92901,50,0,16 40,2,10,,92935,50,0,16 40,2,10,,92886,50,0,16 40,2,52,,92929,50,0,16 40,2,12,,92839,50,0,16 40,2
50301,'1',608,,93496,25,0,36 40,2,10,,93525,25,0,36 40,2,10,,93572,25,0,36 40,2,10,,93608,25,0,36 40,2,5,,93580,25,0,36 40,2,5,,93481,25,0,36 40,2,5,,93499,25,0,36 40,2,5,,93486,25,0,36 40,2,50,,93551,25,0,36 40,2,10,,93588,25,0,36 40,2,7,,93548,25,0,36 40,2,7,,93520,25,0,36 40,2,6,,93550,25,0,36 40,2,6,,93538,25,0,36 40,2,5,,93598,25,0,36 40,2,3,,93535,25,0,36 40,2,7,,93615,25,0,36 40,2,46,,93478,25,0,36 40,2,6,,93592,25,0,36 40,2,6,,93547,25,0,36 40,2,6,,93515,25,0,36 40,2,6,,93506,25,0,36 40,2,6,,93602,25,0,36 40,2,6,,93521,25,0,36 40,2,6,,93505,25,0,36 40,2,6,,93575,25,0,36 40,2,6,,93476,25,0,36 40,2,46,,93555,25,0,36 40,2,6,,93543,25,0,36 40,2,6,,93516,25,0,36 40,2,6,,93484,25,0,36 40,2,6,,93576,25,0,36 40,2,6,,93597,25,0,36 40,2,6,,93614,25,0,36 40,2,6,,93578,25,0,36 40,2,6,,93605,25,0,36 40,2,50,,93514,25,0,36 40,2,6,,93587,25,0,36 40,2,6,,93586,25,0,36 40,2,6,,93490,25,0,36 40,2,5,,93512,25,0,36 40,2,5,,93613,25,0,36 40,2,10,,93577,25,0,36 40,2,5,,93485,25,0,36 40,2,5,,93475,25,0,36 40,2,50,,93566,25,0,36 40,2,10,,93473,25,0,36 40,2,10,,93545,25,0,36 40,2,10,,93513,25,0,36 40,2,10,,90682,25,0,36 40,2,10,,93553,25,0,36 40,2,50,,93594,25,0,36 40,2,10,,93574,25,0,36 40,2,10,,93606,25,0,36 40,2,10,,93472,25,0,36 40,2,10,,93532,25,0,36 40,2,10,,93483,25,0,36 40,2,50,,93479,25,0,36 40,2,10,,93591,25,0,36 40,2,10,,93500,25,0,36 40,2,10,,93471,25,0,36 40,2,10,,93540,25,0,36 40,2,10,,93612,25,0,36 40,2,50,,93469,25,0,36 40,2,10,,93517,25,0,36 40,2,10,,93510,25,0,36 40,2,10,,93527,25,0,36 40,2,10,,93509,25,0,36 40,2,10,,93611,25,0,36 40,2,53,,86518,25,0,36 40,2,7,,93583,25,0,36 40,2,6,,93507,25,0,36 40,2,6,,93603,25,0,36 40,2,6,,93482,25,0,36 40,2,8,,93552,25,0,36 40,2,9,,93503,25,0,36 40,2,9,,93585,25,0,36 40,2,49,,93528,25,0,36 40,2,7,,93524,25,0,36 40,2,6,,93529,25,0,36 40,2,6,,93599,25,0,36 40,2,6,,93470,25,0,36 40,2,6,,93569,25,0,36 40,2,6,,93504,25,0,36 40,2,6,,93560,25,0,36 40,2,6,,93554,25,0,36 40,2,6,,93607,25,0,36 40,2,46,,93582,25,0,36 40,2,6,,93539,25,0,36 40,2,6,,93536,25,0,36 40,2,6,,93519,25,0,36 40,2,6,,93604,25,0,36 40,2,6,,93541,25,0,36 40,2,6,,93502,25,0,36 40,2,6,,93498,25,0,36 40,2,6,,93477,25,0,36 40,2,6,,93579,25,0,36 40,2,46,,93474,25,0,36 40,2,6,,93595,25,0,36 40,2,12,,93610,25,0,36 40,2,6,,93533,25,0,36 40,2,6,,93542,25,0,36 40,2,6,,93487,25,0,36 40,2,6,,93530,25,0,36 40,2,6,,93556,25,0,36 40,2,6,,93567,25,0,36 40,2,46,,78578,25,0,36 40,2,6,,93523,25,0,36 40,2,6,,93565,25,0,36 40,2,9,,93596,25,0,36 40,2,8,,93537,25,0,36 40,2,9,,93558,25,0,36 40,2,7,,93546,25,0,36 40,2,8,,79738,25,0,36 40,2,48,,93526,25,0,36 40,2,8,,93534,25,0,36 40,2,8,,93544,25,0,36 40,2,8,,93511,25,0,36 40,2,8,,93531,25,0,36 40,2,8,,93601,25,0,36 40,2,8,,93563,25,0,36 40,2,48,,93491,25,0,36 40,2,8,,93508,25,0,36 40,2,8,,93600,25,0,36 40,2,8,,93497,25,0,36 40,2,8,,93522,25,0,36 40,2,8,,93584,25,0,36 40,2,8,,93590,25,0,36 40,2,8,,93480,25,0,36 40,2,48,,93493,25,0,36 40,2,8,,93494,25,0,36 40,2,8,,93549,25,0,36 40,2,6,,93570,25,0,36 40,2,10,,93589,25,0,36 40,2,9,,93518,25,0,36 40,2,10,,93489,25,0,36 40,2,50,,93557,25,0,36 40,2,10,,77427,25,0,36 40,2,10,,86633,25,0,36 40,2,10,,93568,25,0,36 40,2,10,,93593,25,0,36 40,2,10,,93492,25,0,36 40,2,50,,93609,25,0,36 40,2,10,,93559,25,0,36 40,2,10,,93488,25,0,36 40,2,10,,93571,25,0,36 40,2,15,,93562,25,0,36 40,2,55,,93501,25,0,36 40,2,15,,93581,25,0,36 40,2,15,,93573,25,0,36 40,2,9,,93495,25,0,36 40,2
50301,'2',535,,87733,25,0,36 40,2,10,,87610,25,0,36 40,2,10,,93718,25,0,36 40,2,50,,93667,25,0,36 40,2,10,,93720,25,0,36 40,2,10,,93671,25,0,36 40,2,10,,93742,25,0,36 40,2,10,,93646,25,0,36 40,2,10,,93673,25,0,36 40,2,50,,93634,25,0,36 40,2,10,,93709,25,0,36 40,2,10,,93651,25,0,36 40,2,10,,93724,25,0,36 40,2,10,,87565,25,0,36 40,2,10,,93641,25,0,36 40,2,50,,93626,25,0,36 40,2,10,,93744,25,0,36 40,2,14,,93616,25,0,36 40,2,10,,93738,25,0,36 40,2,10,,93717,25,0,36 40,2,10,,93653,25,0,36 40,2,50,,93698,25,0,36 40,2,10,,93649,25,0,36 40,2,10,,93710,25,0,36 40,2,10,,93622,25,0,36 40,2,10,,93645,25,0,36 40,2,10,,93723,25,0,36 40,2,50,,93627,25,0,36 40,2,10,,93736,25,0,36 40,2,10,,93739,25,0,36 40,2,10,,93733,25,0,36 40,2,10,,93625,25,0,36 40,2,10,,93623,25,0,36 40,2,50,,93746,25,0,36 40,2,10,,93661,25,0,36 40,2,10,,93703,25,0,36 40,2,10,,93743,25,0,36 40,2,10,,93631,25,0,36 40,2,10,,93708,25,0,36 40,2,50,,93697,25,0,36 40,2,10,,93664,25,0,36 40,2,12,,93648,25,0,36 40,2,8,,93705,25,0,36 40,2,10,,93669,25,0,36 40,2,10,,93629,25,0,36 40,2,48,,93707,25,0,36 40,2,10,,93654,25,0,36 40,2,8,,93628,25,0,36 40,2,8,,93666,25,0,36 40,2,8,,93721,25,0,36 40,2,8,,93713,25,0,36 40,2,8,,93700,25,0,36 40,2,48,,93693,25,0,36 40,2,8,,93675,25,0,36 40,2,8,,93735,25,0,36 40,2,8,,93643,25,0,36 40,2,8,,93689,25,0,36 40,2,8,,93737,25,0,36 40,2,8,,93621,25,0,36 40,2,48,,93639,25,0,36 40,2,8,,93680,25,0,36 40,2,8,,93683,25,0,36 40,2,8,,93722,25,0,36 40,2,8,,93647,25,0,36 40,2,8,,93663,25,0,36 40,2,8,,93727,25,0,36 40,2,8,,93640,25,0,36 40,2,48,,93633,25,0,36 40,2,8,,93657,25,0,36 40,2,8,,93715,25,0,36 40,2,8,,93638,25,0,36 40,2,8,,93656,25,0,36 40,2,8,,93728,25,0,36 40,2,8,,93659,25,0,36 40,2,48,,93618,25,0,36 40,2,8,,93650,25,0,36 40,2,8,,93624,25,0,36 40,2,8,,93706,25,0,36 40,2,8,,93702,25,0,36 40,2,8,,93677,25,0,36 40,2,8,,93714,25,0,36 40,2,8,,93732,25,0,36 40,2,48,,93692,25,0,36 40,2,8,,93725,25,0,36 40,2,8,,93679,25,0,36 40,2,8,,93747,25,0,36 40,2,8,,93745,25,0,36 40,2,8,,93694,25,0,36 40,2,8,,93620,25,0,36 40,2,48,,93716,25,0,36 40,2,8,,93688,25,0,36 40,2,16,,93660,25,0,36 40,2,7,,93678,25,0,36 40,2,10,,93712,25,0,36 40,2,10,,93682,25,0,36 40,2,50,,93741,25,0,36 40,2,10,,93676,25,0,36 40,2,10,,93690,25,0,36 40,2,10,,93729,25,0,36 40,2,10,,93731,25,0,36 40,2,10,,93719,25,0,36 40,2,50,,93701,25,0,36 40,2,10,,93685,25,0,36 40,2,10,,93665,25,0,36 40,2,10,,93681,25,0,36 40,2,10,,93704,25,0,36 40,2,10,,93617,25,0,36 40,2,50,,93726,25,0,36 40,2,10,,93658,25,0,36 40,2,10,,93668,25,0,36 40,2,10,,93730,25,0,36 40,2,7,,93695,25,0,36 40,2,8,,93687,25,0,36 40,2,7,,93686,25,0,36 40,2,50,,93674,25,0,36 40,2,10,,93644,25,0,36 40,2,10,,93734,25,0,36 40,2,10,,93672,25,0,36 40,2,10,,93619,25,0,36 40,2,10,,93684,25,0,36 40,2,50,,93632,25,0,36 40,2,10,,93670,25,0,36 40,2,10,,93642,25,0,36 40,2,10,,93636,25,0,36 40,2,10,,93696,25,0,36 40,2,10,,93740,25,0,36 40,2,50,,93662,25,0,36 40,2,10,,93630,25,0,36 40,2,10,,93711,25,0,36 40,2,10,,93635,25,0,36 40,2,15,,93637,25,0,36 40,2,55,,93691,25,0,36 40,2,15,,93699,25,0,36 40,2,15,,93655,25,0,36 40,2,11,,93652,25,0,36 40,2
50301,'3',611,,93787,25,0,36 40,2,10,,93798,25,0,36 40,2,10,,93824,25,0,36 40,2,10,,93842,25,0,36 40,2,10,,93845,25,0,36 40,2,50,,93856,25,0,36 40,2,10,,93857,25,0,36 40,2,10,,93784,25,0,36 40,2,10,,93805,25,0,36 40,2,10,,93812,25,0,36 40,2,10,,93846,25,0,36 40,2,50,,93800,25,0,36 40,2,10,,93797,25,0,36 40,2,11,,93777,25,0,36 40,2,11,,93819,25,0,36 40,2,11,,93790,25,0,36 40,2,10,,93760,25,0,36 40,2,50,,93808,25,0,36 40,2,10,,93813,25,0,36 40,2,10,,93753,25,0,36 40,2,10,,93849,25,0,36 40,2,10,,85971,25,0,36 40,2,10,,93782,25,0,36 40,2,50,,93827,25,0,36 40,2,10,,93830,25,0,36 40,2,10,,93780,25,0,36 40,2,10,,93761,25,0,36 40,2,10,,93858,25,0,36 40,2,10,,93757,25,0,36 40,2,50,,93833,25,0,36 40,2,10,,93865,25,0,36 40,2,10,,93752,25,0,36 40,2,10,,93779,25,0,36 40,2,10,,93762,25,0,36 40,2,10,,93822,25,0,36 40,2,50,,93748,25,0,36 40,2,10,,93754,25,0,36 40,2,12,,93821,25,0,36 40,2,12,,93844,25,0,36 40,2,10,,93786,25,0,36 40,2,10,,93771,25,0,36 40,2,50,,93860,25,0,36 40,2,10,,93847,25,0,36 40,2,10,,93766,25,0,36 40,2,10,,93835,25,0,36 40,2,10,,93810,25,0,36 40,2,10,,93778,25,0,36 40,2,50,,93785,25,0,36 40,2,10,,93834,25,0,36 40,2,10,,93806,25,0,36 40,2,10,,93843,25,0,36 40,2,10,,93823,25,0,36 40,2,10,,93836,25,0,36 40,2,50,,93829,25,0,36 40,2,10,,93850,25,0,36 40,2,10,,93828,25,0,36 40,2,10,,93853,25,0,36 40,2,10,,93803,25,0,36 40,2,10,,93862,25,0,36 40,2,50,,93809,25,0,36 40,2,10,,93764,25,0,36 40,2,10,,93781,25,0,36 40,2,10,,93807,25,0,36 40,2,10,,93793,25,0,36 40,2,10,,93841,25,0,36 40,2,50,,93775,25,0,36 40,2,10,,93749,25,0,36 40,2,10,,93848,25,0,36 40,2,10,,93801,25,0,36 40,2,10,,93773,25,0,36 40,2,10,,93763,25,0,36 40,2,50,,93758,25,0,36 40,2,10,,93861,25,0,36 40,2,10,,93851,25,0,36 40,2,10,,93818,25,0,36 40,2,10,,93855,25,0,36 40,2,10,,93794,25,0,36 40,2,60,,93838,25,0,36 40,2,8,,93799,25,0,36 40,2,9,,93796,25,0,36 40,2,9,,93756,25,0,36 40,2,10,,93815,25,0,36 40,2,50,,93772,25,0,36 40,2,10,,93769,25,0,36 40,2,10,,93831,25,0,36 40,2,10,,93840,25,0,36 40,2,10,,93826,25,0,36 40,2,10,,93811,25,0,36 40,2,50,,93755,25,0,36 40,2,10,,93825,25,0,36 40,2,10,,93820,25,0,36 40,2,10,,93788,25,0,36 40,2,10,,93789,25,0,36 40,2,10,,93774,25,0,36 40,2,50,,93751,25,0,36 40,2,10,,93770,25,0,36 40,2,10,,93817,25,0,36 40,2,9,,93859,25,0,36 40,2,8,,93867,25,0,36 40,2,10,,93767,25,0,36 40,2,50,,93863,25,0,36 40,2,10,,93791,25,0,36 40,2,10,,93795,25,0,36 40,2,10,,93783,25,0,36 40,2,10,,93814,25,0,36 40,2,10,,93759,25,0,36 40,2,50,,93750,25,0,36 40,2,10,,93832,25,0,36 40,2,10,,93839,25,0,36 40,2,10,,93768,25,0,36 40,2,10,,93804,25,0,36 40,2,10,,93864,25,0,36 40,2,50,,93852,25,0,36 40,2,10,,93802,25,0,36 40,2,10,,93776,25,0,36 40,2,10,,93792,25,0,36 40,2,10,,93816,25,0,36 40,2,10,,93854,25,0,36 40,2,50,,93765,25,0,36 40,2,15,,93837,25,0,36 40,2,20,,93866,25,0,36 40,2
50301,'5',611,,93893,25,0,36 40,2,10,,93934,25,0,36 40,2,10,,93947,25,0,36 40,2,10,,93974,25,0,36 40,2,10,,93959,25,0,36 40,2,50,,90547,25,0,36 40,2,10,,93971,25,0,36 40,2,10,,93883,25,0,36 40,2,10,,93961,25,0,36 40,2,10,,93879,25,0,36 40,2,10,,93897,25,0,36 40,2,50,,93937,25,0,36 40,2,10,,93890,25,0,36 40,2,11,,93968,25,0,36 40,2,11,,93957,25,0,36 40,2,11,,93903,25,0,36 40,2,10,,93979,25,0,36 40,2,50,,93887,25,0,36 40,2,10,,93984,25,0,36 40,2,10,,93928,25,0,36 40,2,10,,93872,25,0,36 40,2,10,,93891,25,0,36 40,2,10,,93931,25,0,36 40,2,50,,93944,25,0,36 40,2,10,,93882,25,0,36 40,2,10,,93958,25,0,36 40,2,10,,93917,25,0,36 40,2,10,,93946,25,0,36 40,2,10,,93964,25,0,36 40,2,50,,93942,25,0,36 40,2,10,,93895,25,0,36 40,2,10,,93884,25,0,36 40,2,10,,93924,25,0,36 40,2,10,,93889,25,0,36 40,2,10,,93930,25,0,36 40,2,50,,93907,25,0,36 40,2,10,,93963,25,0,36 40,2,12,,93943,25,0,36 40,2,12,,93948,25,0,36 40,2,10,,93922,25,0,36 40,2,10,,93911,25,0,36 40,2,50,,93967,25,0,36 40,2,10,,93941,25,0,36 40,2,10,,93916,25,0,36 40,2,10,,93949,25,0,36 40,2,10,,93906,25,0,36 40,2,10,,93975,25,0,36 40,2,50,,93939,25,0,36 40,2,10,,93918,25,0,36 40,2,10,,93894,25,0,36 40,2,10,,93920,25,0,36 40,2,10,,93954,25,0,36 40,2,10,,93965,25,0,36 40,2,50,,93935,25,0,36 40,2,10,,93902,25,0,36 40,2,10,,93881,25,0,36 40,2,10,,93950,25,0,36 40,2,10,,93915,25,0,36 40,2,10,,93933,25,0,36 40,2,50,,93951,25,0,36 40,2,10,,93955,25,0,36 40,2,10,,93927,25,0,36 40,2,10,,93877,25,0,36 40,2,10,,93932,25,0,36 40,2,10,,93980,25,0,36 40,2,50,,93905,25,0,36 40,2,10,,93900,25,0,36 40,2,10,,93985,25,0,36 40,2,10,,93926,25,0,36 40,2,10,,93981,25,0,36 40,2,10,,93969,25,0,36 40,2,50,,93886,25,0,36 40,2,10,,93953,25,0,36 40,2,10,,93983,25,0,36 40,2,10,,93869,25,0,36 40,2,10,,93919,25,0,36 40,2,10,,93868,25,0,36 40,2,50,,93873,25,0,36 40,2,10,,93962,25,0,36 40,2,8,,93909,25,0,36 40,2,9,,93929,25,0,36 40,2,9,,93898,25,0,36 40,2,10,,93972,25,0,36 40,2,50,,93899,25,0,36 40,2,10,,93914,25,0,36 40,2,10,,93966,25,0,36 40,2,10,,93870,25,0,36 40,2,10,,93878,25,0,36 40,2,10,,93978,25,0,36 40,2,50,,76790,25,0,36 40,2,10,,93910,25,0,36 40,2,10,,93875,25,0,36 40,2,10,,93912,25,0,36 40,2,10,,93892,25,0,36 40,2,10,,93876,25,0,36 40,2,50,,93913,25,0,36 40,2,10,,93938,25,0,36 40,2,10,,93936,25,0,36 40,2,9,,91220,25,0,36 40,2,8,,93880,25,0,36 40,2,10,,93923,25,0,36 40,2,50,,93940,25,0,36 40,2,10,,93960,25,0,36 40,2,10,,93885,25,0,36 40,2,10,,93896,25,0,36 40,2,10,,93952,25,0,36 40,2,10,,93908,25,0,36 40,2,50,,93973,25,0,36 40,2,10,,93904,25,0,36 40,2,10,,93925,25,0,36 40,2,10,,93888,25,0,36 40,2,10,,93976,25,0,36 40,2,10,,93921,25,0,36 40,2,50,,79393,25,0,36 40,2,10,,93977,25,0,36 40,2,10,,93901,25,0,36 40,2,10,,93956,25,0,36 40,2,10,,93874,25,0,36 40,2,10,,93871,25,0,36 40,2,50,,93982,25,0,36 40,2,15,,93945,25,0,36 40,2,20,,93970,25,0,36 40,2
