31003,'1',2551,,124454,18,4,,2,50,,124464,18,4,,2,17,,124455,18,4,,2,20,,124458,18,4,,2,20,,124457,18,4,,2,60,,124459,18,4,,2,20,,124462,18,4,,2,20,,124467,18,4,,2,60,,124463,18,4,,2,20,,124461,18,4,,2,20,,124468,18,4,,2,60,,124460,18,4,,2,20,,124465,18,4,,2
31003,'2',2557,,124477,18,4,,2,63,,124480,18,4,,2,15,,124478,18,4,,2,20,,124476,18,4,,2,60,,124470,18,4,,2,20,,124479,18,4,,2,20,,124475,18,4,,2,60,,124481,18,4,,2,20,,124473,18,4,,2,20,,124469,18,4,,2,60,,124474,18,4,,2,20,,124472,18,4,,2
31003,'3',458,,124494,12,4,,2,56,,124504,12,4,,2,15,,124505,12,4,,2,15,,124500,12,4,,2,10,,124489,18,4,,2,56,,124485,18,4,,2,15,,124484,18,4,,2,15,,124498,18,4,,2,15,,124490,18,4,,2,55,,124507,18,4,,2,15,,124502,18,4,,2,15,,124487,18,4,,2,15,,124492,18,4,,2,1800,,118030,18,4,,2,60,,124495,18,4,,2,20,,124503,18,4,,2,20,,124501,18,4,,2,60,,124493,18,4,,2,20,,124496,18,4,,2,20,,124499,18,4,,2,60,,124482,18,4,,2,20,,124483,18,4,,2,20,,124491,18,4,,2,60,,124497,18,4,,2,20,,124488,18,4,,2
31003,'5',2555,,124516,18,4,,2,60,,124512,18,4,,2,20,,124517,18,4,,2,20,,124511,18,4,,2,60,,124515,18,4,,2,20,,124508,18,4,,2,20,,124514,18,4,,2,60,,124513,18,4,,2,20,,124521,18,4,,2,20,,124509,18,4,,2,60,,124520,18,4,,2,20,,124519,18,4,,2
31004,'1',2528,,124525,1,0,25 7,2,7,,124533,1,0,19,2,13,,124534,1,0,25 7,2,5,,124523,1,0,19,2,5,,124527,1,0,19,2,50,,124537,1,0,25 7,2,20,,124536,1,0,25 7,2,20,,124522,1,0,25 7,2,60,,124530,1,0,25 7,2,20,,124535,1,0,25 7,2,20,,124529,1,0,25 7,2,60,,124532,1,0,25 7,2,20,,124526,1,0,25 7,2,20,,124528,1,0,25 7,2,60,,124538,1,0,25 7,2,15,,124531,1,0,19,2,15,,124524,1,0,19,2
31004,'2',2530,,124549,1,0,25 7,2,10,,124543,1,0,19,2,5,,124548,1,0,25 7,2,55,,124550,1,0,19,2,5,,124546,1,0,25 7,2,20,,124542,1,0,25 7,2,20,,124547,1,0,25 7,2,60,,124552,1,0,25 7,2,20,,124545,1,0,25 7,2,20,,124551,1,0,25 7,2,60,,124540,1,0,25 7,2,20,,124539,1,0,25 7,2,20,,108264,1,0,25 7,2,10,,124541,1,0,19,2,60,,109799,1,0,19,2,20,,124544,1,0,19,2
31004,'3',458,,124572,1,0,25 7,2,56,,124553,1,0,25 7,2,15,,124575,1,0,25 7,2,15,,124570,1,0,25 7,2,10,,124557,1,0,25 7,2,60,,124577,1,0,25 7,2,15,,124564,1,0,25 7,2,15,,124574,1,0,25 7,2,15,,124571,1,0,25 7,2,55,,124568,1,0,25 7,2,15,,124569,1,0,25 7,2,1796,,124566,1,0,25 7,2,10,,124561,1,0,19,2,10,,124555,1,0,25 7,2,60,,124563,1,0,25 7,2,20,,124576,1,0,25 7,2,20,,124554,1,0,25 7,2,60,,124578,1,0,25 7,2,20,,124560,1,0,25 7,2,20,,124558,1,0,25 7,2,60,,124573,1,0,25 7,2,20,,124567,1,0,25 7,2,20,,124565,1,0,25 7,2,10,,124556,1,0,19,2,60,,124559,1,0,19,2,20,,124562,1,0,19,2
31004,'5',2525,,124590,1,0,25 7,2,10,,124587,1,0,19,2,10,,124581,1,0,25 7,2,60,,124579,1,0,25 7,2,20,,124582,1,0,25 7,2,20,,124588,1,0,25 7,2,60,,124586,1,0,25 7,2,20,,123400,1,0,25 7,2,20,,124585,1,0,25 7,2,60,,124589,1,0,25 7,2,20,,124592,1,0,25 7,2,20,,124591,1,0,25 7,2,55,,124584,1,0,19,2,15,,124580,1,0,19,2,20,,124583,1,0,19,2
51003,'1',523,,135070,12,4,,2,9,,134943,12,4,,2,9,,134987,12,4,,2,10,,134958,18,4,,2,51,,134963,18,4,,2,5,,134936,18,4,,2,9,,134949,18,4,,2,9,,134973,18,4,,2,9,,135078,18,4,,2,9,,113697,18,4,,2,9,,135008,18,4,,2,49,,135066,18,4,,2,9,,135022,18,4,,2,9,,135044,18,4,,2,5,,134991,12,4,,2,4,,134988,18,4,,2,5,,135020,12,4,,2,6,,135055,18,4,,2,6,,134986,12,4,,2,5,,134997,18,4,,2,9,,134989,18,4,,2,44,,134966,12,4,,2,5,,134950,18,4,,2,8,,134982,18,4,,2,4,,134980,14,4,,2,5,,134983,18,4,,2,5,,135069,14,4,,2,7,,134948,18,4,,2,6,,116380,14,4,,2,6,,134908,18,4,,2,6,,135063,14,4,,2,46,,135047,18,4,,2,6,,134985,14,4,,2,7,,135021,18,4,,2,6,,135000,14,4,,2,6,,135042,18,4,,2,6,,134984,14,4,,2,6,,135023,18,4,,2,6,,111406,14,4,,2,6,,134970,18,4,,2,6,,134960,14,4,,2,46,,134921,18,4,,2,5,,135028,14,4,,2,6,,135017,18,4,,2,6,,135087,14,4,,2,6,,134907,18,4,,2,6,,135029,14,4,,2,6,,135036,18,4,,2,6,,135081,14,4,,2,6,,134965,18,4,,2,6,,135084,14,4,,2,46,,134919,18,4,,2,6,,135032,14,4,,2,6,,134979,18,4,,2,6,,134929,14,4,,2,6,,134947,18,4,,2,6,,134910,14,4,,2,6,,134931,18,4,,2,6,,135040,14,4,,2,6,,135027,18,4,,2,6,,134992,14,4,,2,46,,135058,18,4,,2,6,,135053,14,4,,2,6,,135019,18,4,,2,6,,135026,14,4,,2,6,,119884,18,4,,2,6,,134978,14,4,,2,6,,134916,18,4,,2,6,,134923,14,4,,2,6,,134994,18,4,,2,6,,135079,14,4,,2,46,,134975,18,4,,2,6,,135041,14,4,,2,6,,135068,18,4,,2,6,,135056,14,4,,2,6,,134967,18,4,,2,6,,135039,14,4,,2,6,,135085,18,4,,2,6,,135003,14,4,,2,6,,135060,18,4,,2,6,,134937,14,4,,2,46,,135082,18,4,,2,6,,135035,14,4,,2,6,,134964,18,4,,2,6,,135064,14,4,,2,6,,134959,18,4,,2,6,,134971,14,4,,2,6,,134928,18,4,,2,6,,134917,14,4,,2,6,,134932,18,4,,2,6,,134961,14,4,,2,46,,134934,18,4,,2,8,,135067,14,4,,2,7,,135037,18,4,,2,7,,135062,14,4,,2,7,,135013,18,4,,2,6,,134998,14,4,,2,6,,134941,18,4,,2,6,,135043,14,4,,2,6,,134976,18,4,,2,46,,135088,14,4,,2,2,,135015,12,4,,2,5,,135007,18,4,,2,6,,134911,14,4,,2,6,,134912,18,4,,2,6,,135031,14,4,,2,6,,134914,18,4,,2,6,,135072,14,4,,2,6,,134996,18,4,,2,6,,134955,14,4,,2,6,,134974,18,4,,2,46,,135002,14,4,,2,6,,135001,18,4,,2,6,,134935,14,4,,2,6,,134972,18,4,,2,6,,135074,14,4,,2,6,,134920,18,4,,2,6,,134999,14,4,,2,6,,135010,18,4,,2,6,,134952,14,4,,2,6,,119131,18,4,,2,46,,135012,14,4,,2,6,,134957,18,4,,2,6,,135061,14,4,,2,6,,135034,18,4,,2,6,,134915,14,4,,2,6,,134969,18,4,,2,6,,135086,14,4,,2,6,,134939,18,4,,2,6,,135045,14,4,,2,6,,134990,18,4,,2,46,,134945,14,4,,2,6,,134953,18,4,,2,6,,134968,14,4,,2,6,,135011,18,4,,2,6,,135049,14,4,,2,6,,135018,18,4,,2,6,,135005,14,4,,2,6,,135075,18,4,,2,6,,135033,14,4,,2,6,,135051,18,4,,2,46,,135024,14,4,,2,5,,135014,18,4,,2,6,,134906,14,4,,2,6,,135073,18,4,,2,6,,134962,14,4,,2,3,,135083,18,4,,2,7,,134925,14,4,,2,4,,135071,18,4,,2,6,,135065,14,4,,2,6,,134930,18,4,,2,6,,134946,14,4,,2,46,,134944,18,4,,2,6,,134995,14,4,,2,6,,135016,18,4,,2,6,,135052,14,4,,2,6,,134951,18,4,,2,6,,135025,14,4,,2,6,,135006,18,4,,2,6,,135009,14,4,,2,6,,134918,18,4,,2,6,,135046,14,4,,2,46,,134926,18,4,,2,6,,134942,14,4,,2,6,,134981,18,4,,2,6,,135080,14,4,,2,6,,134940,18,4,,2,6,,135030,14,4,,2,6,,135050,18,4,,2,8,,134924,18,4,,2,12,,134954,18,4,,2,50,,134977,18,4,,2,10,,134993,18,4,,2,10,,135059,18,4,,2,6,,134933,18,4,,2,10,,135057,18,4,,2,9,,134913,18,4,,2,50,,108139,18,4,,2,9,,134927,18,4,,2,10,,135048,18,4,,2,9,,135077,18,4,,2,10,,134956,18,4,,2,9,,135004,18,4,,2,50,,134922,18,4,,2,9,,134938,18,4,,2,10,,135076,18,4,,2,9,,134909,18,4,,2,10,,135054,18,4,,2,9,,135038,18,4,,2
51003,'2',525,,135179,12,4,,2,10,,135185,12,4,,2,10,,135288,12,4,,2,6,,135187,12,4,,2,6,,135270,18,4,,2,50,,135308,18,4,,2,9,,135165,18,4,,2,10,,135190,18,4,,2,9,,135258,18,4,,2,10,,135245,18,4,,2,9,,135216,18,4,,2,50,,135297,18,4,,2,9,,135112,18,4,,2,10,,135250,18,4,,2,9,,135094,18,4,,2,10,,135226,18,4,,2,9,,135157,18,4,,2,50,,135149,18,4,,2,9,,135095,18,4,,2,10,,135316,18,4,,2,9,,135104,18,4,,2,5,,135113,12,4,,2,5,,135225,18,4,,2,5,,135168,12,4,,2,4,,135307,18,4,,2,5,,135221,12,4,,2,5,,135203,18,4,,2,44,,135296,12,4,,2,5,,135107,18,4,,2,5,,135319,12,4,,2,5,,135209,18,4,,2,5,,135155,12,4,,2,7,,135224,18,4,,2,1,,135159,14,4,,2,4,,135151,12,4,,2,5,,135093,14,4,,2,1,,135118,18,4,,2,7,,135105,14,4,,2,5,,135139,18,4,,2,4,,135243,14,4,,2,44,,116677,18,4,,2,4,,135217,14,4,,2,5,,135163,18,4,,2,4,,135242,14,4,,2,4,,135211,18,4,,2,4,,135300,14,4,,2,5,,135287,18,4,,2,4,,135137,14,4,,2,4,,135269,18,4,,2,4,,135229,14,4,,2,5,,135117,18,4,,2,4,,135298,14,4,,2,4,,135305,18,4,,2,4,,135188,14,4,,2,45,,135195,18,4,,2,4,,135212,14,4,,2,4,,135322,18,4,,2,6,,135114,14,4,,2,2,,135148,12,4,,2,3,,135304,18,4,,2,4,,135178,14,4,,2,4,,135249,18,4,,2,4,,135177,14,4,,2,5,,135099,18,4,,2,4,,135286,14,4,,2,4,,135127,18,4,,2,4,,135278,14,4,,2,5,,135135,18,4,,2,4,,135231,14,4,,2,44,,135120,18,4,,2,5,,135146,14,4,,2,2,,135315,12,4,,2,2,,135302,18,4,,2,5,,135170,14,4,,2,2,,135183,12,4,,2,2,,135281,18,4,,2,4,,135259,14,4,,2,4,,135154,18,4,,2,4,,135310,14,4,,2,4,,135290,18,4,,2,4,,135140,14,4,,2,4,,135103,18,4,,2,3,,135280,14,4,,2,4,,135279,18,4,,2,4,,135161,14,4,,2,4,,135100,18,4,,2,44,,135128,14,4,,2,4,,135265,18,4,,2,4,,135247,14,4,,2,4,,135264,18,4,,2,3,,135119,14,4,,2,4,,135174,18,4,,2,4,,135272,14,4,,2,4,,135282,18,4,,2,4,,135284,14,4,,2,4,,135200,18,4,,2,4,,135202,14,4,,2,4,,135090,18,4,,2,3,,135164,14,4,,2,4,,135208,18,4,,2,4,,135253,14,4,,2,44,,135255,18,4,,2,4,,135166,14,4,,2,4,,135232,18,4,,2,4,,135262,14,4,,2,4,,135125,18,4,,2,3,,135299,14,4,,2,4,,135198,18,4,,2,4,,135156,14,4,,2,4,,135313,18,4,,2,4,,135129,14,4,,2,4,,135235,18,4,,2,4,,135143,14,4,,2,4,,135205,18,4,,2,3,,135194,14,4,,2,4,,135184,18,4,,2,4,,135098,14,4,,2,44,,135234,18,4,,2,4,,135317,14,4,,2,4,,135197,18,4,,2,4,,135191,14,4,,2,4,,107815,18,4,,2,3,,135306,14,4,,2,4,,135276,18,4,,2,4,,135193,14,4,,2,4,,111525,18,4,,2,4,,135251,14,4,,2,4,,135239,18,4,,2,4,,135097,14,4,,2,4,,135291,18,4,,2,3,,135227,14,4,,2,4,,135261,18,4,,2,44,,135130,14,4,,2,4,,135312,18,4,,2,4,,135283,14,4,,2,4,,135124,18,4,,2,4,,135207,14,4,,2,4,,135134,18,4,,2,3,,135236,14,4,,2,4,,135303,18,4,,2,4,,135147,14,4,,2,4,,135293,18,4,,2,4,,135295,14,4,,2,4,,135150,18,4,,2,4,,135289,14,4,,2,4,,135116,18,4,,2,3,,135175,14,4,,2,4,,135248,18,4,,2,44,,135181,14,4,,2,4,,135192,18,4,,2,4,,135196,14,4,,2,4,,135141,18,4,,2,4,,135158,14,4,,2,4,,135160,18,4,,2,3,,135214,14,4,,2,4,,117252,18,4,,2,4,,135210,14,4,,2,4,,135321,18,4,,2,4,,135223,14,4,,2,4,,135171,18,4,,2,4,,135237,14,4,,2,4,,113960,18,4,,2,3,,135294,14,4,,2,44,,135176,18,4,,2,4,,135138,14,4,,2,4,,135122,18,4,,2,4,,122836,14,4,,2,4,,135274,18,4,,2,4,,135252,14,4,,2,4,,135145,18,4,,2,3,,115720,14,4,,2,4,,135222,18,4,,2,4,,135092,14,4,,2,4,,135266,18,4,,2,4,,135268,14,4,,2,4,,135238,18,4,,2,4,,135142,14,4,,2,4,,135267,18,4,,2,3,,135121,14,4,,2,44,,135173,18,4,,2,4,,135256,14,4,,2,4,,135240,18,4,,2,4,,135230,14,4,,2,1,,135133,18,4,,2,7,,135241,18,4,,2,6,,135320,18,4,,2,2,,135089,18,4,,2,7,,135131,18,4,,2,6,,135109,18,4,,2,5,,135108,18,4,,2,5,,135220,18,4,,2,5,,135201,18,4,,2,46,,135285,18,4,,2,5,,135309,18,4,,2,5,,135219,18,4,,2,5,,135257,18,4,,2,6,,135153,18,4,,2,5,,135318,18,4,,2,5,,135204,18,4,,2,5,,135144,18,4,,2,6,,135199,18,4,,2,5,,135102,18,4,,2,5,,135180,18,4,,2,45,,135167,18,4,,2,6,,135186,18,4,,2,5,,135091,18,4,,2,5,,135311,18,4,,2,5,,135254,18,4,,2,6,,135273,18,4,,2,5,,135110,18,4,,2,5,,135314,18,4,,2,3,,135233,18,4,,2,6,,114853,18,4,,2,5,,135126,18,4,,2,5,,135189,18,4,,2,45,,135182,18,4,,2,6,,135218,18,4,,2,5,,135162,18,4,,2,5,,135263,18,4,,2,5,,135213,18,4,,2,6,,109918,18,4,,2,5,,135228,18,4,,2,5,,135111,18,4,,2,3,,135152,18,4,,2,11,,135292,18,4,,2,49,,135123,18,4,,2,9,,135246,18,4,,2,10,,135260,18,4,,2,9,,135169,18,4,,2,10,,135301,18,4,,2,9,,135106,18,4,,2,10,,135275,18,4,,2,49,,135115,18,4,,2,10,,135136,18,4,,2,9,,135277,18,4,,2,10,,135101,18,4,,2,9,,115755,18,4,,2,10,,135244,18,4,,2,49,,135271,18,4,,2,10,,135215,18,4,,2,9,,135172,18,4,,2,10,,135206,18,4,,2,9,,135132,18,4,,2,12,,135096,18,4,,2
51003,'3',813,,135407,18,4,,2,14,,135343,18,4,,2,13,,135470,18,4,,2,10,,135389,12,4,,2,5,,135455,18,4,,2,53,,135386,12,4,,2,2,,135442,18,4,,2,3,,112658,12,4,,2,6,,135430,12,4,,2,6,,135382,18,4,,2,4,,135436,12,4,,2,5,,135437,12,4,,2,5,,135502,18,4,,2,2,,135506,12,4,,2,5,,135431,12,4,,2,9,,135424,18,4,,2,46,,135446,12,4,,2,2,,135411,18,4,,2,3,,135385,14,4,,2,5,,135395,18,4,,2,4,,135473,14,4,,2,5,,135408,18,4,,2,5,,135501,14,4,,2,5,,135434,18,4,,2,5,,135483,14,4,,2,5,,135330,18,4,,2,5,,135340,14,4,,2,5,,135503,18,4,,2,4,,135351,14,4,,2,5,,135376,18,4,,2,45,,135368,14,4,,2,5,,135363,18,4,,2,5,,135401,14,4,,2,5,,135443,18,4,,2,5,,135398,14,4,,2,7,,135416,18,4,,2,5,,135452,14,4,,2,3,,135358,12,4,,2,2,,135488,18,4,,2,3,,135426,12,4,,2,2,,135377,14,4,,2,5,,135383,18,4,,2,5,,135378,14,4,,2,45,,135448,18,4,,2,6,,135410,14,4,,2,4,,135357,18,4,,2,5,,135435,14,4,,2,4,,135467,18,4,,2,5,,120221,14,4,,2,4,,135328,18,4,,2,5,,135475,14,4,,2,4,,135327,18,4,,2,5,,135487,14,4,,2,4,,135405,18,4,,2,5,,135406,14,4,,2,4,,135374,18,4,,2,45,,135367,14,4,,2,4,,135463,18,4,,2,5,,135460,14,4,,2,4,,135402,18,4,,2,5,,135388,14,4,,2,4,,135465,18,4,,2,5,,135359,14,4,,2,4,,135490,18,4,,2,5,,135425,14,4,,2,4,,135457,18,4,,2,5,,135454,14,4,,2,4,,135458,18,4,,2,5,,135491,14,4,,2,4,,135482,18,4,,2,45,,135335,14,4,,2,4,,135403,18,4,,2,5,,135336,14,4,,2,4,,135500,18,4,,2,5,,135419,14,4,,2,4,,135400,18,4,,2,5,,135364,14,4,,2,4,,135366,18,4,,2,5,,135371,14,4,,2,4,,135494,18,4,,2,5,,112578,14,4,,2,4,,135440,18,4,,2,5,,135404,14,4,,2,44,,116779,18,4,,2,5,,108386,14,4,,2,4,,135449,18,4,,2,5,,135353,14,4,,2,4,,135331,18,4,,2,5,,135339,14,4,,2,4,,135492,18,4,,2,5,,135348,14,4,,2,4,,135493,18,4,,2,5,,135392,14,4,,2,4,,135453,18,4,,2,5,,135480,14,4,,2,4,,135415,18,4,,2,45,,135447,14,4,,2,4,,135412,18,4,,2,5,,135390,14,4,,2,4,,135375,18,4,,2,5,,135418,14,4,,2,4,,123113,18,4,,2,5,,135504,14,4,,2,4,,135352,18,4,,2,5,,135350,14,4,,2,4,,135381,18,4,,2,5,,135471,14,4,,2,4,,135397,18,4,,2,5,,135413,14,4,,2,4,,135369,18,4,,2,45,,135498,14,4,,2,4,,135479,18,4,,2,5,,135396,14,4,,2,4,,135365,18,4,,2,5,,135469,14,4,,2,4,,135355,18,4,,2,5,,135474,14,4,,2,4,,135466,18,4,,2,5,,135485,14,4,,2,4,,135372,18,4,,2,5,,135324,14,4,,2,4,,135341,18,4,,2,5,,135428,14,4,,2,44,,135438,18,4,,2,5,,135345,14,4,,2,4,,135456,18,4,,2,5,,135495,14,4,,2,4,,135326,18,4,,2,5,,122978,14,4,,2,4,,135499,18,4,,2,5,,135445,14,4,,2,4,,135362,18,4,,2,5,,135433,14,4,,2,4,,135333,18,4,,2,5,,135427,14,4,,2,4,,135462,18,4,,2,45,,135346,14,4,,2,4,,135323,18,4,,2,5,,120212,14,4,,2,4,,135421,18,4,,2,5,,135422,14,4,,2,4,,135417,18,4,,2,5,,135325,14,4,,2,4,,107652,18,4,,2,5,,135373,14,4,,2,3,,135441,18,4,,2,9,,135486,18,4,,2,5,,135334,18,4,,2,46,,135354,18,4,,2,6,,135349,18,4,,2,6,,135394,18,4,,2,7,,135481,18,4,,2,6,,135393,18,4,,2,6,,135342,18,4,,2,6,,135329,18,4,,2,7,,135332,18,4,,2,6,,135450,18,4,,2,6,,135337,18,4,,2,46,,135384,18,4,,2,7,,135344,18,4,,2,6,,135338,18,4,,2,6,,135472,18,4,,2,6,,135379,18,4,,2,7,,135497,18,4,,2,6,,135477,18,4,,2,6,,111771,18,4,,2,6,,117962,18,4,,2,7,,135387,18,4,,2,46,,135459,18,4,,2,6,,135356,18,4,,2,6,,135380,18,4,,2,7,,135391,18,4,,2,6,,135414,18,4,,2,3,,135484,18,4,,2,6,,135464,18,4,,2,7,,135420,18,4,,2,6,,135429,18,4,,2,6,,135451,18,4,,2,46,,135496,18,4,,2,5,,135423,18,4,,2,9,,135399,18,4,,2,9,,135461,18,4,,2,10,,135432,18,4,,2,9,,135409,18,4,,2,10,,135360,18,4,,2,49,,135439,18,4,,2,10,,135347,18,4,,2,9,,135468,18,4,,2,10,,135476,18,4,,2,9,,135505,18,4,,2,10,,135370,18,4,,2,49,,135478,18,4,,2,10,,119630,18,4,,2,10,,135489,18,4,,2,10,,135361,18,4,,2,11,,135444,18,4,,2
51003,'5',458,,135536,12,4,,2,56,,135696,12,4,,2,15,,135641,12,4,,2,15,,135709,12,4,,2,10,,135633,18,4,,2,56,,135659,18,4,,2,15,,135544,18,4,,2,15,,135647,18,4,,2,15,,135619,18,4,,2,55,,135652,18,4,,2,15,,135593,18,4,,2,15,,135635,18,4,,2,15,,135623,18,4,,2,55,,135524,18,4,,2,15,,135587,18,4,,2,15,,135554,18,4,,2,10,,135664,12,4,,2,5,,135606,18,4,,2,53,,135680,12,4,,2,2,,135578,18,4,,2,3,,135662,12,4,,2,6,,135672,12,4,,2,6,,135529,18,4,,2,4,,135702,12,4,,2,5,,135612,12,4,,2,5,,135558,18,4,,2,3,,135521,12,4,,2,5,,135667,12,4,,2,8,,135699,18,4,,2,4,,135698,12,4,,2,44,,135540,18,4,,2,3,,135588,14,4,,2,5,,135624,18,4,,2,4,,135514,14,4,,2,5,,135665,18,4,,2,5,,135585,14,4,,2,5,,135692,18,4,,2,5,,135547,14,4,,2,5,,135584,18,4,,2,5,,135634,14,4,,2,5,,135657,18,4,,2,4,,135676,14,4,,2,5,,135597,18,4,,2,45,,135575,14,4,,2,5,,135592,18,4,,2,5,,135518,14,4,,2,5,,135602,18,4,,2,5,,135538,14,4,,2,7,,135697,18,4,,2,5,,135649,14,4,,2,2,,135532,12,4,,2,3,,135530,18,4,,2,2,,135630,12,4,,2,3,,135674,14,4,,2,5,,135687,18,4,,2,5,,135507,14,4,,2,45,,135651,18,4,,2,6,,135681,14,4,,2,4,,135557,18,4,,2,5,,135711,14,4,,2,4,,135573,18,4,,2,5,,135517,14,4,,2,4,,135586,18,4,,2,5,,135701,14,4,,2,4,,135663,18,4,,2,5,,135648,14,4,,2,4,,135637,18,4,,2,5,,135603,14,4,,2,4,,135519,18,4,,2,45,,135620,14,4,,2,4,,135609,18,4,,2,5,,135574,14,4,,2,4,,135520,18,4,,2,5,,135539,14,4,,2,4,,135543,18,4,,2,5,,135693,14,4,,2,4,,135688,18,4,,2,5,,135555,14,4,,2,4,,135595,18,4,,2,5,,135553,14,4,,2,4,,135594,18,4,,2,5,,135632,14,4,,2,4,,135546,18,4,,2,45,,113398,14,4,,2,4,,135576,18,4,,2,5,,135679,14,4,,2,4,,135690,18,4,,2,5,,135565,14,4,,2,4,,135628,18,4,,2,5,,135700,14,4,,2,4,,135673,18,4,,2,5,,135686,14,4,,2,4,,135567,18,4,,2,5,,135531,14,4,,2,4,,135713,18,4,,2,5,,135642,14,4,,2,44,,135509,18,4,,2,5,,135646,14,4,,2,4,,135671,18,4,,2,5,,135613,14,4,,2,4,,135625,18,4,,2,5,,135707,14,4,,2,4,,135512,18,4,,2,5,,135537,14,4,,2,4,,135627,18,4,,2,5,,135645,14,4,,2,4,,135675,18,4,,2,5,,135643,14,4,,2,4,,135678,18,4,,2,45,,135685,14,4,,2,4,,135568,18,4,,2,5,,135654,14,4,,2,4,,135712,18,4,,2,5,,135523,14,4,,2,4,,135705,18,4,,2,5,,135559,14,4,,2,4,,135528,18,4,,2,5,,135581,14,4,,2,4,,135596,18,4,,2,5,,135561,14,4,,2,4,,135522,18,4,,2,5,,135650,14,4,,2,4,,135541,18,4,,2,45,,135638,14,4,,2,4,,135535,18,4,,2,5,,135618,14,4,,2,4,,135589,18,4,,2,5,,135525,14,4,,2,4,,135542,18,4,,2,5,,135631,14,4,,2,4,,135610,18,4,,2,5,,135548,14,4,,2,4,,135669,18,4,,2,5,,135582,14,4,,2,4,,135615,18,4,,2,5,,135661,14,4,,2,44,,135660,18,4,,2,5,,135640,14,4,,2,4,,135706,18,4,,2,5,,135511,14,4,,2,4,,135668,18,4,,2,5,,135601,14,4,,2,4,,135689,18,4,,2,5,,135583,14,4,,2,4,,135670,18,4,,2,5,,135563,14,4,,2,4,,135658,18,4,,2,5,,135591,14,4,,2,4,,135691,18,4,,2,45,,113414,14,4,,2,4,,135677,18,4,,2,5,,135534,14,4,,2,4,,135598,18,4,,2,5,,135556,14,4,,2,4,,135510,18,4,,2,5,,135621,14,4,,2,4,,135516,18,4,,2,5,,135666,14,4,,2,3,,135577,18,4,,2,9,,135629,18,4,,2,5,,135513,18,4,,2,46,,135571,18,4,,2,6,,135564,18,4,,2,6,,135526,18,4,,2,7,,135626,18,4,,2,6,,135515,18,4,,2,6,,135562,18,4,,2,6,,135704,18,4,,2,7,,135656,18,4,,2,6,,135605,18,4,,2,6,,135569,18,4,,2,46,,135607,18,4,,2,7,,135550,18,4,,2,6,,135566,18,4,,2,6,,135614,18,4,,2,6,,135527,18,4,,2,7,,135708,18,4,,2,6,,135552,18,4,,2,6,,135695,18,4,,2,6,,135639,18,4,,2,7,,135533,18,4,,2,46,,135644,18,4,,2,6,,135617,18,4,,2,6,,135684,18,4,,2,7,,135683,18,4,,2,6,,135560,18,4,,2,3,,135600,18,4,,2,6,,135579,18,4,,2,7,,135710,18,4,,2,6,,135545,18,4,,2,6,,135694,18,4,,2,46,,135599,18,4,,2,5,,135636,18,4,,2,9,,135604,18,4,,2,9,,135549,18,4,,2,10,,135611,18,4,,2,9,,135572,18,4,,2,10,,135508,18,4,,2,49,,135622,18,4,,2,10,,135616,18,4,,2,9,,135682,18,4,,2,10,,135590,18,4,,2,9,,135608,18,4,,2,10,,135580,18,4,,2,49,,135551,18,4,,2,10,,135653,18,4,,2,10,,135570,18,4,,2,10,,135655,18,4,,2,11,,135703,18,4,,2
51004,'1',527,,135858,1,0,26 25 7,2,9,,135806,1,0,26 25 7,2,9,,135766,1,0,26 25 7,2,9,,135799,1,0,26 25 7,2,49,,135797,1,0,26 25 7,2,9,,135776,1,0,26 25 7,2,9,,135767,1,0,26 25 7,2,9,,135777,1,0,26 25 7,2,9,,135807,1,0,26 25 7,2,9,,135802,1,0,26 25 7,2,9,,135881,1,0,26 25 7,2,49,,135753,1,0,26 25 7,2,8,,135826,1,0,26 25 7,2,7,,135775,1,0,26 25 7,2,6,,135810,1,0,27 28 29,2,6,,135885,1,0,26 25 7,2,6,,135874,1,0,27 28 29,2,6,,135812,1,0,26 25 7,2,6,,135837,1,0,27 28 29,2,6,,135745,1,0,26 25 7,2,46,,135821,1,0,27 28 29,2,6,,135774,1,0,26 25 7,2,6,,135727,1,0,27 28 29,2,6,,135868,1,0,26 25 7,2,6,,135833,1,0,27 28 29,2,6,,135719,1,0,26 25 7,2,6,,135880,1,0,27 28 29,2,6,,135857,1,0,26 25 7,2,6,,135813,1,0,27 28 29,2,6,,135877,1,0,26 25 7,2,46,,135882,1,0,27 28 29,2,6,,135867,1,0,26 25 7,2,6,,135784,1,0,27 28 29,2,6,,135758,1,0,26 25 7,2,6,,135875,1,0,27 28 29,2,6,,135831,1,0,26 25 7,2,6,,135820,1,0,27 28 29,2,6,,135894,1,0,26 25 7,2,6,,135726,1,0,27 28 29,2,6,,135865,1,0,26 25 7,2,46,,135720,1,0,27 28 29,2,6,,135722,1,0,26 25 7,2,6,,135743,1,0,27 28 29,2,6,,135872,1,0,26 25 7,2,6,,135751,1,0,27 28 29,2,6,,135840,1,0,26 25 7,2,6,,135884,1,0,27 28 29,2,6,,135836,1,0,26 25 7,2,6,,135742,1,0,27 28 29,2,6,,135769,1,0,26 25 7,2,46,,135730,1,0,27 28 29,2,6,,135785,1,0,26 25 7,2,6,,135794,1,0,27 28 29,2,6,,135816,1,0,26 25 7,2,6,,135851,1,0,27 28 29,2,6,,135740,1,0,26 25 7,2,6,,135778,1,0,27 28 29,2,6,,135754,1,0,26 25 7,2,6,,135798,1,0,27 28 29,2,6,,135862,1,0,26 25 7,2,46,,135815,1,0,27 28 29,2,6,,135828,1,0,26 25 7,2,6,,135825,1,0,27 28 29,2,6,,135789,1,0,26 25 7,2,6,,135779,1,0,27 28 29,2,6,,135737,1,0,26 25 7,2,6,,135809,1,0,27 28 29,2,6,,135772,1,0,26 25 7,2,6,,135879,1,0,27 28 29,2,6,,135893,1,0,26 25 7,2,46,,135788,1,0,27 28 29,2,6,,135725,1,0,26 25 7,2,6,,135761,1,0,27 28 29,2,6,,135731,1,0,26 25 7,2,6,,135732,1,0,27 28 29,2,6,,135718,1,0,26 25 7,2,6,,135841,1,0,27 28 29,2,6,,113702,1,0,26 25 7,2,6,,135746,1,0,27 28 29,2,6,,135853,1,0,26 25 7,2,46,,135771,1,0,27 28 29,2,6,,135773,1,0,26 25 7,2,6,,135811,1,0,27 28 29,2,6,,135741,1,0,26 25 7,2,6,,135739,1,0,27 28 29,2,6,,135817,1,0,26 25 7,2,6,,135891,1,0,27 28 29,2,6,,135838,1,0,26 25 7,2,6,,135845,1,0,27 28 29,2,6,,135896,1,0,26 25 7,2,46,,135747,1,0,27 28 29,2,6,,135755,1,0,26 25 7,2,6,,135827,1,0,27 28 29,2,6,,135864,1,0,26 25 7,2,6,,135861,1,0,27 28 29,2,6,,135786,1,0,26 25 7,2,6,,135866,1,0,27 28 29,2,6,,135723,1,0,26 25 7,2,6,,135714,1,0,27 28 29,2,6,,135762,1,0,26 25 7,2,46,,135748,1,0,27 28 29,2,6,,135804,1,0,26 25 7,2,6,,135863,1,0,27 28 29,2,6,,135854,1,0,26 25 7,2,6,,135883,1,0,27 28 29,2,6,,135855,1,0,26 25 7,2,6,,135752,1,0,27 28 29,2,6,,135829,1,0,26 25 7,2,6,,135724,1,0,27 28 29,2,6,,135876,1,0,26 25 7,2,46,,135898,1,0,27 28 29,2,6,,135848,1,0,26 25 7,2,6,,135783,1,0,27 28 29,2,6,,135890,1,0,26 25 7,2,6,,135750,1,0,27 28 29,2,6,,135729,1,0,26 25 7,2,6,,135782,1,0,27 28 29,2,6,,135733,1,0,26 25 7,2,6,,135846,1,0,27 28 29,2,6,,135889,1,0,26 25 7,2,46,,135764,1,0,27 28 29,2,6,,135869,1,0,26 25 7,2,6,,135834,1,0,27 28 29,2,6,,135780,1,0,26 25 7,2,6,,135888,1,0,27 28 29,2,6,,135830,1,0,26 25 7,2,6,,135781,1,0,27 28 29,2,6,,135756,1,0,26 25 7,2,6,,122567,1,0,27 28 29,2,6,,135791,1,0,26 25 7,2,46,,135870,1,0,27 28 29,2,6,,135763,1,0,26 25 7,2,6,,135749,1,0,27 28 29,2,6,,135803,1,0,26 25 7,2,6,,135871,1,0,27 28 29,2,6,,135847,1,0,26 25 7,2,6,,135892,1,0,27 28 29,2,6,,135770,1,0,26 25 7,2,6,,135801,1,0,27 28 29,2,6,,107732,1,0,26 25 7,2,46,,135842,1,0,27 28 29,2,6,,135790,1,0,26 25 7,2,6,,135721,1,0,27 28 29,2,6,,135852,1,0,26 25 7,2,6,,135856,1,0,27 28 29,2,6,,135822,1,0,26 25 7,2,3,,135843,1,,,2,3,,135800,1,0,27 28 29,2,6,,135738,1,0,26 25 7,2,6,,135795,1,0,27 28 29,2,6,,135759,1,0,26 25 7,2,46,,135796,1,0,27 28 29,2,6,,135765,1,0,26 25 7,2,6,,135716,1,0,27 28 29,2,6,,135805,1,0,26 25 7,2,6,,135728,1,0,27 28 29,2,6,,135717,1,0,26 25 7,2,6,,135744,1,0,27 28 29,2,6,,135860,1,0,26 25 7,2,6,,135760,1,,,2,6,,135735,1,0,26 25 7,2,46,,135835,1,,,2,6,,135895,1,0,26 25 7,2,5,,135849,1,,,2,5,,135757,1,0,26 25 7,2,10,,135768,1,0,26 25 7,2,3,,135824,1,,,2,3,,135823,1,0,26 25 7,2,10,,135819,1,0,26 25 7,2,9,,135715,1,0,26 25 7,2,50,,135792,1,0,26 25 7,2,9,,135844,1,0,26 25 7,2,10,,135818,1,0,26 25 7,2,9,,135878,1,0,26 25 7,2,10,,135814,1,0,26 25 7,2,9,,135734,1,0,26 25 7,2,50,,135787,1,0,26 25 7,2,9,,135832,1,0,26 25 7,2,10,,107072,1,0,26 25 7,2,9,,135808,1,0,26 25 7,2,10,,135850,1,0,26 25 7,2,9,,135839,1,0,26 25 7,2,11,,135736,1,0,26 25 7,2,50,,135887,1,0,26 25 7,2,9,,135886,1,0,26 25 7,2
51004,'2',528,,136007,1,0,26 25 7,2,9,,136025,1,0,26 25 7,2,10,,136109,1,0,26 25 7,2,9,,136061,1,0,26 25 7,2,50,,109797,1,0,26 25 7,2,9,,136041,1,0,26 25 7,2,10,,135974,1,0,26 25 7,2,9,,136091,1,0,26 25 7,2,10,,135971,1,0,26 25 7,2,9,,136133,1,0,26 25 7,2,50,,136054,1,0,26 25 7,2,9,,136027,1,0,26 25 7,2,10,,136092,1,0,26 25 7,2,9,,136051,1,0,26 25 7,2,10,,135926,1,0,26 25 7,2,9,,136088,1,0,26 25 7,2,50,,136079,1,0,26 25 7,2,9,,136058,1,0,26 25 7,2,10,,136056,1,0,26 25 7,2,9,,135992,1,0,26 25 7,2,10,,136103,1,0,26 25 7,2,4,,135989,1,0,27 28 29,2,5,,136015,1,0,26 25 7,2,4,,135965,1,0,27 28 29,2,4,,135954,1,0,26 25 7,2,4,,136118,1,0,27 28 29,2,45,,136063,1,0,26 25 7,2,4,,135985,1,0,27 28 29,2,4,,135942,1,0,26 25 7,2,4,,136072,1,0,27 28 29,2,5,,136020,1,0,26 25 7,2,4,,136135,1,0,27 28 29,2,4,,136102,1,0,26 25 7,2,4,,136114,1,0,27 28 29,2,5,,136075,1,0,26 25 7,2,4,,135927,1,0,27 28 29,2,4,,135980,1,0,26 25 7,2,4,,135982,1,0,27 28 29,2,5,,135953,1,0,26 25 7,2,4,,136001,1,0,27 28 29,2,44,,135986,1,0,26 25 7,2,4,,136005,1,0,27 28 29,2,5,,136065,1,0,26 25 7,2,4,,135993,1,0,27 28 29,2,4,,135944,1,0,26 25 7,2,4,,136045,1,0,27 28 29,2,5,,135931,1,0,26 25 7,2,4,,135924,1,0,27 28 29,2,4,,135913,1,0,26 25 7,2,4,,120120,1,0,27 28 29,2,5,,136100,1,0,26 25 7,2,4,,135996,1,0,27 28 29,2,4,,135970,1,0,26 25 7,2,4,,136046,1,0,27 28 29,2,44,,135916,1,0,26 25 7,2,4,,135977,1,0,27 28 29,2,5,,135990,1,0,26 25 7,2,4,,136011,1,0,27 28 29,2,4,,136134,1,0,26 25 7,2,4,,136024,1,0,27 28 29,2,4,,136028,1,0,26 25 7,2,4,,135943,1,0,27 28 29,2,4,,136117,1,0,26 25 7,2,3,,136093,1,0,27 28 29,2,4,,136038,1,0,26 25 7,2,4,,135907,1,0,27 28 29,2,4,,135956,1,0,26 25 7,2,4,,136010,1,0,27 28 29,2,4,,135903,1,0,26 25 7,2,44,,136130,1,0,27 28 29,2,4,,136019,1,0,26 25 7,2,3,,135920,1,0,27 28 29,2,4,,135912,1,0,26 25 7,2,4,,136034,1,0,27 28 29,2,4,,135983,1,0,26 25 7,2,4,,135934,1,0,27 28 29,2,4,,136120,1,0,26 25 7,2,4,,135978,1,0,27 28 29,2,4,,135939,1,0,26 25 7,2,3,,135998,1,0,27 28 29,2,4,,136068,1,0,26 25 7,2,4,,136049,1,0,27 28 29,2,4,,136048,1,0,26 25 7,2,4,,136097,1,0,27 28 29,2,44,,136030,1,0,26 25 7,2,4,,135949,1,0,27 28 29,2,4,,136042,1,0,26 25 7,2,3,,135994,1,0,27 28 29,2,4,,135946,1,0,26 25 7,2,4,,136053,1,0,27 28 29,2,4,,135914,1,0,26 25 7,2,4,,136115,1,0,27 28 29,2,4,,135962,1,0,26 25 7,2,4,,135997,1,0,27 28 29,2,4,,135961,1,0,26 25 7,2,3,,135950,1,0,27 28 29,2,4,,136124,1,0,26 25 7,2,4,,136095,1,0,27 28 29,2,4,,135948,1,0,26 25 7,2,4,,136031,1,0,27 28 29,2,44,,136060,1,0,26 25 7,2,4,,136116,1,0,27 28 29,2,4,,135976,1,0,26 25 7,2,3,,135936,1,0,27 28 29,2,4,,135905,1,0,26 25 7,2,4,,135960,1,0,27 28 29,2,4,,136136,1,0,26 25 7,2,4,,136023,1,0,27 28 29,2,4,,136101,1,0,26 25 7,2,4,,135933,1,0,27 28 29,2,4,,110616,1,0,26 25 7,2,3,,136043,1,0,27 28 29,2,4,,136076,1,0,26 25 7,2,4,,136029,1,0,27 28 29,2,4,,136073,1,0,26 25 7,2,44,,136084,1,0,27 28 29,2,4,,136017,1,0,26 25 7,2,4,,135963,1,0,27 28 29,2,4,,136121,1,0,26 25 7,2,3,,136059,1,0,27 28 29,2,4,,136074,1,0,26 25 7,2,4,,136009,1,0,27 28 29,2,4,,135915,1,0,26 25 7,2,4,,135932,1,0,27 28 29,2,4,,136119,1,0,26 25 7,2,4,,136112,1,0,27 28 29,2,4,,135941,1,0,26 25 7,2,3,,135902,1,0,27 28 29,2,4,,136003,1,0,26 25 7,2,4,,136113,1,0,27 28 29,2,4,,135919,1,0,26 25 7,2,44,,136021,1,0,27 28 29,2,4,,135900,1,0,26 25 7,2,4,,136018,1,0,27 28 29,2,4,,136104,1,0,26 25 7,2,3,,136057,1,0,27 28 29,2,4,,135995,1,0,26 25 7,2,4,,135968,1,0,27 28 29,2,4,,135910,1,0,26 25 7,2,4,,136016,1,0,27 28 29,2,4,,136047,1,0,26 25 7,2,4,,135987,1,0,27 28 29,2,4,,136008,1,0,26 25 7,2,3,,135928,1,0,27 28 29,2,4,,136086,1,0,26 25 7,2,4,,136110,1,0,27 28 29,2,44,,135975,1,0,26 25 7,2,4,,136071,1,0,27 28 29,2,4,,135937,1,0,26 25 7,2,4,,135901,1,0,27 28 29,2,4,,135969,1,0,26 25 7,2,3,,136087,1,0,27 28 29,2,4,,135955,1,0,26 25 7,2,4,,136131,1,0,27 28 29,2,4,,136089,1,0,26 25 7,2,4,,136128,1,0,27 28 29,2,4,,136111,1,0,26 25 7,2,4,,136126,1,0,27 28 29,2,4,,135906,1,0,26 25 7,2,3,,136123,1,0,27 28 29,2,4,,135973,1,0,26 25 7,2,4,,135966,1,0,27 28 29,2,44,,136062,1,0,26 25 7,2,4,,135951,1,0,27 28 29,2,4,,135940,1,0,26 25 7,2,4,,136067,1,0,27 28 29,2,3,,136022,1,0,26 25 7,2,3,,135918,1,0,27 28 29,2,4,,136012,1,0,26 25 7,2,2,,136125,1,0,26 25 7,2,3,,136026,1,,,2,4,,136081,1,0,26 25 7,2,6,,135899,1,0,26 25 7,2,5,,136014,1,0,26 25 7,2,3,,136083,1,,,2,2,,136080,1,0,26 25 7,2,5,,135952,1,0,26 25 7,2,3,,135935,1,,,2,43,,136098,1,0,26 25 7,2,5,,136108,1,0,26 25 7,2,2,,135972,1,,,2,3,,136004,1,0,26 25 7,2,5,,136122,1,0,26 25 7,2,6,,135957,1,0,26 25 7,2,5,,135904,1,0,26 25 7,2,5,,136070,1,0,26 25 7,2,5,,135984,1,0,26 25 7,2,6,,136052,1,0,26 25 7,2,5,,136006,1,0,26 25 7,2,5,,135947,1,0,26 25 7,2,5,,136132,1,0,26 25 7,2,46,,135909,1,0,26 25 7,2,5,,136094,1,0,26 25 7,2,5,,136137,1,0,26 25 7,2,5,,136078,1,0,26 25 7,2,6,,136066,1,0,26 25 7,2,5,,135981,1,0,26 25 7,2,5,,136064,1,0,26 25 7,2,5,,135925,1,0,26 25 7,2,6,,135911,1,0,26 25 7,2,5,,135917,1,0,26 25 7,2,5,,136013,1,0,26 25 7,2,45,,136039,1,0,26 25 7,2,6,,135959,1,0,26 25 7,2,5,,135930,1,0,26 25 7,2,5,,136040,1,0,26 25 7,2,5,,136105,1,0,26 25 7,2,6,,136106,1,0,26 25 7,2,5,,136096,1,0,26 25 7,2,5,,135923,1,0,26 25 7,2,3,,136085,1,,,2,2,,135964,1,0,26 25 7,2,6,,136129,1,,,2,5,,136036,1,0,26 25 7,2,49,,136035,1,0,26 25 7,2,4,,136069,1,,,2,5,,136037,1,0,26 25 7,2,5,,136127,1,,,2,5,,136077,1,0,26 25 7,2,4,,135921,1,,,2,5,,136050,1,0,26 25 7,2,5,,120762,1,,,2,5,,135945,1,0,26 25 7,2,9,,135958,1,0,26 25 7,2,10,,136107,1,0,26 25 7,2,49,,136090,1,0,26 25 7,2,10,,135967,1,0,26 25 7,2,9,,135988,1,0,26 25 7,2,10,,135979,1,0,26 25 7,2,9,,135922,1,0,26 25 7,2,10,,135991,1,0,26 25 7,2,49,,136000,1,0,26 25 7,2,10,,136082,1,0,26 25 7,2,9,,135938,1,0,26 25 7,2,10,,136032,1,0,26 25 7,2,9,,135929,1,0,26 25 7,2,12,,136002,1,0,26 25 7,2,50,,135908,1,0,26 25 7,2,10,,136099,1,0,26 25 7,2,10,,136055,1,,,2
51004,'3',744,,136190,1,0,26 25 7,2,15,,136243,1,0,26 25 7,2,54,,136155,1,0,26 25 7,2,14,,136288,1,0,26 25 7,2,13,,136236,1,0,26 25 7,2,11,,136204,1,0,26 25 7,2,8,,136154,1,0,26 25 7,2,49,,136143,1,0,26 25 7,2,5,,136173,1,0,27 28 29,2,4,,136172,1,0,26 25 7,2,5,,136307,1,0,27 28 29,2,5,,136252,1,0,26 25 7,2,5,,136266,1,0,27 28 29,2,5,,136248,1,0,26 25 7,2,5,,136297,1,0,27 28 29,2,5,,136295,1,0,26 25 7,2,5,,136277,1,0,27 28 29,2,4,,136147,1,0,26 25 7,2,45,,136160,1,0,27 28 29,2,5,,136198,1,0,26 25 7,2,5,,136188,1,0,27 28 29,2,5,,136232,1,0,26 25 7,2,5,,120314,1,0,27 28 29,2,5,,136320,1,0,26 25 7,2,5,,136146,1,0,27 28 29,2,4,,136293,1,0,26 25 7,2,5,,136264,1,0,27 28 29,2,5,,136257,1,0,26 25 7,2,5,,136229,1,0,27 28 29,2,5,,136274,1,0,26 25 7,2,45,,136217,1,0,27 28 29,2,5,,136171,1,0,26 25 7,2,4,,136212,1,0,27 28 29,2,4,,136246,1,0,26 25 7,2,5,,136318,1,0,27 28 29,2,4,,136208,1,0,26 25 7,2,5,,136321,1,0,27 28 29,2,4,,136304,1,0,26 25 7,2,5,,136298,1,0,27 28 29,2,4,,136289,1,0,26 25 7,2,5,,136279,1,0,27 28 29,2,4,,136308,1,0,26 25 7,2,5,,136177,1,0,27 28 29,2,4,,136191,1,0,26 25 7,2,45,,136327,1,0,27 28 29,2,4,,136166,1,0,26 25 7,2,5,,136176,1,0,27 28 29,2,4,,136226,1,0,26 25 7,2,5,,136216,1,0,27 28 29,2,4,,136138,1,0,26 25 7,2,5,,136210,1,0,27 28 29,2,4,,136149,1,0,26 25 7,2,5,,136328,1,0,27 28 29,2,4,,136326,1,0,26 25 7,2,5,,136165,1,0,27 28 29,2,4,,136163,1,0,26 25 7,2,5,,136185,1,0,27 28 29,2,44,,136283,1,0,26 25 7,2,5,,136299,1,0,27 28 29,2,4,,136142,1,0,26 25 7,2,5,,136244,1,0,27 28 29,2,4,,136317,1,0,26 25 7,2,5,,136197,1,0,27 28 29,2,4,,136157,1,0,26 25 7,2,5,,136170,1,0,27 28 29,2,4,,136180,1,0,26 25 7,2,5,,136184,1,0,27 28 29,2,4,,136228,1,0,26 25 7,2,5,,136234,1,0,27 28 29,2,4,,136209,1,0,26 25 7,2,45,,136296,1,0,27 28 29,2,4,,136203,1,0,26 25 7,2,5,,136189,1,0,27 28 29,2,4,,136322,1,0,26 25 7,2,5,,136241,1,0,27 28 29,2,4,,136231,1,0,26 25 7,2,5,,136291,1,0,27 28 29,2,4,,136158,1,0,26 25 7,2,5,,136247,1,0,27 28 29,2,4,,136196,1,0,26 25 7,2,5,,136251,1,0,27 28 29,2,4,,136145,1,0,26 25 7,2,5,,136178,1,0,27 28 29,2,4,,136260,1,0,26 25 7,2,45,,136303,1,0,27 28 29,2,4,,136139,1,0,26 25 7,2,5,,136221,1,0,27 28 29,2,4,,136268,1,0,26 25 7,2,5,,136262,1,0,27 28 29,2,4,,136253,1,0,26 25 7,2,5,,136187,1,0,27 28 29,2,4,,136271,1,0,26 25 7,2,5,,136285,1,0,27 28 29,2,4,,136230,1,0,26 25 7,2,5,,136258,1,0,27 28 29,2,4,,136259,1,0,26 25 7,2,5,,136323,1,0,27 28 29,2,44,,136150,1,0,26 25 7,2,5,,136201,1,0,27 28 29,2,4,,136240,1,0,26 25 7,2,5,,136242,1,0,27 28 29,2,4,,136313,1,0,26 25 7,2,5,,136310,1,0,27 28 29,2,4,,136200,1,0,26 25 7,2,5,,136194,1,0,27 28 29,2,4,,136182,1,0,26 25 7,2,5,,108016,1,0,27 28 29,2,4,,136276,1,0,26 25 7,2,5,,136202,1,0,27 28 29,2,4,,136183,1,0,26 25 7,2,45,,136254,1,0,27 28 29,2,4,,136309,1,0,26 25 7,2,5,,107416,1,0,27 28 29,2,4,,136174,1,0,26 25 7,2,5,,136273,1,0,27 28 29,2,4,,136224,1,0,26 25 7,2,5,,136316,1,0,27 28 29,2,4,,136141,1,0,26 25 7,2,5,,136265,1,0,27 28 29,2,4,,136213,1,0,26 25 7,2,5,,136282,1,0,27 28 29,2,4,,136237,1,0,26 25 7,2,5,,136207,1,0,27 28 29,2,4,,136193,1,0,26 25 7,2,45,,136181,1,0,27 28 29,2,4,,136280,1,0,26 25 7,2,5,,136159,1,0,27 28 29,2,4,,136218,1,0,26 25 7,2,5,,136199,1,0,27 28 29,2,4,,136161,1,0,26 25 7,2,5,,136324,1,0,27 28 29,2,4,,136319,1,0,26 25 7,2,5,,136214,1,0,27 28 29,2,4,,136255,1,0,26 25 7,2,3,,136205,1,,,2,3,,136169,1,0,26 25 7,2,6,,136140,1,0,26 25 7,2,46,,136261,1,0,26 25 7,2,3,,136238,1,,,2,3,,136312,1,0,26 25 7,2,3,,136192,1,,,2,4,,136325,1,0,26 25 7,2,6,,136179,1,0,26 25 7,2,6,,136167,1,0,26 25 7,2,6,,136275,1,0,26 25 7,2,3,,136235,1,,,2,4,,136281,1,0,26 25 7,2,6,,136222,1,0,26 25 7,2,6,,136256,1,0,26 25 7,2,6,,136227,1,0,26 25 7,2,47,,136311,1,0,26 25 7,2,6,,136267,1,0,26 25 7,2,6,,117471,1,0,26 25 7,2,6,,136219,1,0,26 25 7,2,7,,136269,1,0,26 25 7,2,6,,136302,1,0,26 25 7,2,6,,136239,1,0,26 25 7,2,6,,136286,1,0,26 25 7,2,7,,136223,1,0,26 25 7,2,46,,136245,1,0,26 25 7,2,6,,136168,1,0,26 25 7,2,6,,136290,1,0,26 25 7,2,7,,136305,1,0,26 25 7,2,6,,136156,1,0,26 25 7,2,6,,136249,1,0,26 25 7,2,6,,136314,1,0,26 25 7,2,7,,136195,1,0,26 25 7,2,6,,136211,1,0,26 25 7,2,6,,136315,1,0,26 25 7,2,46,,136186,1,0,26 25 7,2,7,,136206,1,0,26 25 7,2,4,,136263,1,,,2,5,,136225,1,0,26 25 7,2,9,,136162,1,0,26 25 7,2,5,,136306,1,,,2,5,,136164,1,0,26 25 7,2,9,,136270,1,0,26 25 7,2,5,,136301,1,,,2,5,,136284,1,0,26 25 7,2,49,,136148,1,0,26 25 7,2,5,,136278,1,,,2,5,,136287,1,0,26 25 7,2,9,,136215,1,0,26 25 7,2,10,,136272,1,0,26 25 7,2,9,,136294,1,0,26 25 7,2,10,,136250,1,0,26 25 7,2,49,,136292,1,0,26 25 7,2,10,,136300,1,0,26 25 7,2,10,,136151,1,0,26 25 7,2,10,,136152,1,0,26 25 7,2,11,,136220,1,0,26 25 7,2,10,,136144,1,0,26 25 7,2,50,,136233,1,0,26 25 7,2,13,,136153,1,0,26 25 7,2,4,,136175,1,,,2
51004,'5',458,,136486,1,0,26 25 7,2,56,,136359,1,0,26 25 7,2,15,,136514,1,0,26 25 7,2,15,,136480,1,0,26 25 7,2,15,,136352,1,0,26 25 7,2,55,,136476,1,0,26 25 7,2,15,,136489,1,0,26 25 7,2,15,,136473,1,0,26 25 7,2,15,,136520,1,0,26 25 7,2,55,,136460,1,0,26 25 7,2,15,,136334,1,0,26 25 7,2,15,,136442,1,0,26 25 7,2,15,,136455,1,0,26 25 7,2,54,,136355,1,0,26 25 7,2,14,,136346,1,0,26 25 7,2,13,,136408,1,0,26 25 7,2,11,,136450,1,0,26 25 7,2,8,,136402,1,0,26 25 7,2,49,,136356,1,0,26 25 7,2,5,,136440,1,0,27 28 29,2,4,,116905,1,0,26 25 7,2,5,,136445,1,0,27 28 29,2,5,,136459,1,0,26 25 7,2,5,,136392,1,0,27 28 29,2,5,,136504,1,0,26 25 7,2,5,,136493,1,0,27 28 29,2,5,,136333,1,0,26 25 7,2,5,,136386,1,0,27 28 29,2,4,,136350,1,0,26 25 7,2,45,,136475,1,0,27 28 29,2,5,,136391,1,0,26 25 7,2,5,,136485,1,0,27 28 29,2,5,,136340,1,0,26 25 7,2,5,,136390,1,0,27 28 29,2,5,,136349,1,0,26 25 7,2,5,,136506,1,0,27 28 29,2,4,,136405,1,0,26 25 7,2,5,,136443,1,0,27 28 29,2,5,,136461,1,0,26 25 7,2,5,,136502,1,0,27 28 29,2,5,,136410,1,0,26 25 7,2,45,,136362,1,0,27 28 29,2,5,,136331,1,0,26 25 7,2,4,,136374,1,0,27 28 29,2,4,,136429,1,0,26 25 7,2,5,,136419,1,0,27 28 29,2,4,,136367,1,0,26 25 7,2,5,,136519,1,0,27 28 29,2,4,,136472,1,0,26 25 7,2,5,,136394,1,0,27 28 29,2,4,,118213,1,0,26 25 7,2,5,,136384,1,0,27 28 29,2,4,,109619,1,0,26 25 7,2,5,,136372,1,0,27 28 29,2,4,,136409,1,0,26 25 7,2,45,,136525,1,0,27 28 29,2,4,,136416,1,0,26 25 7,2,5,,136347,1,0,27 28 29,2,4,,136491,1,0,26 25 7,2,5,,136398,1,0,27 28 29,2,4,,136376,1,0,26 25 7,2,5,,136479,1,0,27 28 29,2,4,,136381,1,0,26 25 7,2,5,,136439,1,0,27 28 29,2,4,,136364,1,0,26 25 7,2,5,,136422,1,0,27 28 29,2,4,,136363,1,0,26 25 7,2,5,,136503,1,0,27 28 29,2,44,,136425,1,0,26 25 7,2,5,,136428,1,0,27 28 29,2,4,,136344,1,0,26 25 7,2,5,,136522,1,0,27 28 29,2,4,,136498,1,0,26 25 7,2,5,,136420,1,0,27 28 29,2,4,,136418,1,0,26 25 7,2,5,,136403,1,0,27 28 29,2,4,,136463,1,0,26 25 7,2,5,,136375,1,0,27 28 29,2,4,,136453,1,0,26 25 7,2,5,,136404,1,0,27 28 29,2,4,,136500,1,0,26 25 7,2,45,,114314,1,0,27 28 29,2,4,,136424,1,0,26 25 7,2,5,,136341,1,0,27 28 29,2,4,,136400,1,0,26 25 7,2,5,,136395,1,0,27 28 29,2,4,,136345,1,0,26 25 7,2,5,,136377,1,0,27 28 29,2,4,,136414,1,0,26 25 7,2,5,,136465,1,0,27 28 29,2,4,,136380,1,0,26 25 7,2,5,,136451,1,0,27 28 29,2,4,,136351,1,0,26 25 7,2,5,,136417,1,0,27 28 29,2,4,,136370,1,0,26 25 7,2,45,,136499,1,0,27 28 29,2,4,,136464,1,0,26 25 7,2,5,,136508,1,0,27 28 29,2,4,,136385,1,0,26 25 7,2,5,,136388,1,0,27 28 29,2,4,,136366,1,0,26 25 7,2,5,,136427,1,0,27 28 29,2,4,,136348,1,0,26 25 7,2,5,,136361,1,0,27 28 29,2,4,,123534,1,0,26 25 7,2,5,,136336,1,0,27 28 29,2,4,,136339,1,0,26 25 7,2,5,,136430,1,0,27 28 29,2,44,,136470,1,0,26 25 7,2,5,,136413,1,0,27 28 29,2,4,,136379,1,0,26 25 7,2,5,,136353,1,0,27 28 29,2,4,,136426,1,0,26 25 7,2,5,,136373,1,0,27 28 29,2,4,,136383,1,0,26 25 7,2,5,,136412,1,0,27 28 29,2,4,,136435,1,0,26 25 7,2,5,,136393,1,0,27 28 29,2,4,,136469,1,0,26 25 7,2,5,,136399,1,0,27 28 29,2,4,,136371,1,0,26 25 7,2,45,,136462,1,0,27 28 29,2,4,,136511,1,0,26 25 7,2,5,,136423,1,0,27 28 29,2,4,,136365,1,0,26 25 7,2,5,,111157,1,0,27 28 29,2,4,,136483,1,0,26 25 7,2,5,,136494,1,0,27 28 29,2,4,,136389,1,0,26 25 7,2,5,,136406,1,0,27 28 29,2,4,,136449,1,0,26 25 7,2,5,,136396,1,0,27 28 29,2,4,,136354,1,0,26 25 7,2,5,,136358,1,0,27 28 29,2,4,,136357,1,0,26 25 7,2,45,,136338,1,0,27 28 29,2,4,,136329,1,0,26 25 7,2,5,,136454,1,0,27 28 29,2,4,,136481,1,0,26 25 7,2,5,,136330,1,0,27 28 29,2,4,,136421,1,0,26 25 7,2,5,,136378,1,0,27 28 29,2,4,,136518,1,0,26 25 7,2,5,,136490,1,0,27 28 29,2,4,,136369,1,0,26 25 7,2,3,,136513,1,,,2,3,,136433,1,0,26 25 7,2,6,,136444,1,0,26 25 7,2,46,,136360,1,0,26 25 7,2,3,,136441,1,,,2,3,,136456,1,0,26 25 7,2,3,,136471,1,,,2,4,,136505,1,0,26 25 7,2,6,,136512,1,0,26 25 7,2,6,,136411,1,0,26 25 7,2,6,,136436,1,0,26 25 7,2,3,,136401,1,,,2,4,,136517,1,0,26 25 7,2,6,,136342,1,0,26 25 7,2,6,,136387,1,0,26 25 7,2,6,,136368,1,0,26 25 7,2,47,,136488,1,0,26 25 7,2,6,,136509,1,0,26 25 7,2,6,,136432,1,0,26 25 7,2,6,,136448,1,0,26 25 7,2,7,,136523,1,0,26 25 7,2,6,,136478,1,0,26 25 7,2,6,,136467,1,0,26 25 7,2,6,,136497,1,0,26 25 7,2,7,,136343,1,0,26 25 7,2,46,,136335,1,0,26 25 7,2,6,,136397,1,0,26 25 7,2,6,,136337,1,0,26 25 7,2,7,,136415,1,0,26 25 7,2,6,,136452,1,0,26 25 7,2,6,,136492,1,0,26 25 7,2,6,,136458,1,0,26 25 7,2,7,,136474,1,0,26 25 7,2,6,,136501,1,0,26 25 7,2,6,,123552,1,0,26 25 7,2,46,,136332,1,0,26 25 7,2,7,,136457,1,0,26 25 7,2,4,,136466,1,,,2,5,,136521,1,0,26 25 7,2,9,,110992,1,0,26 25 7,2,5,,106925,1,,,2,5,,136407,1,0,26 25 7,2,9,,136495,1,0,26 25 7,2,5,,136482,1,,,2,5,,136437,1,0,26 25 7,2,49,,136438,1,0,26 25 7,2,5,,136487,1,,,2,5,,136524,1,0,26 25 7,2,9,,136382,1,0,26 25 7,2,10,,136431,1,0,26 25 7,2,9,,136434,1,0,26 25 7,2,10,,136477,1,0,26 25 7,2,49,,136516,1,0,26 25 7,2,10,,136507,1,0,26 25 7,2,10,,136515,1,0,26 25 7,2,10,,136447,1,0,26 25 7,2,11,,136510,1,0,26 25 7,2,10,,136484,1,0,26 25 7,2,50,,136496,1,0,26 25 7,2,13,,136468,1,0,26 25 7,2,6,,136446,1,,,2
