31201,'1',501,,92259,1,0,42 12 37 7,2,10,,92262,1,0,42 12 37 7,2,10,,92265,1,0,42 12 37 7,2,2030,,92260,1,0,42 12 37 7,2,60,,92254,1,0,42 12 37 7,2,20,,92266,1,0,42 12 37 7,2,20,,92261,1,0,42 12 37 7,2,60,,92253,1,0,42 12 37 7,2,20,,92251,1,0,42 12 37 7,2,20,,92264,1,0,42 12 37 7,2,60,,92250,1,0,42 12 37 7,2,25,,92263,1,0,42 12 37 7,2,13,,92256,1,0,48 42,2,66,,92257,1,0,48 42,2
31201,'2',458,,92273,1,0,42 12 37 7,2,52,,92276,1,0,42 12 37 7,2,10,,92270,1,0,42 12 37 7,2,10,,92282,1,0,42 12 37 7,2,2021,,92271,1,0,42 12 37 7,2,60,,92267,1,0,42 12 37 7,2,20,,92279,1,0,42 12 37 7,2,20,,92280,1,0,42 12 37 7,2,60,,92269,1,0,42 12 37 7,2,20,,92272,1,0,42 12 37 7,2,20,,92283,1,0,42 12 37 7,2,60,,92281,1,0,42 12 37 7,2,25,,92275,1,0,42 12 37 7,2,18,,92278,1,0,48 42,2,63,,92268,1,0,48 42,2
31201,'3',455,,92310,1,0,42 12 37 7,2,53,,92307,1,0,42 12 37 7,2,12,,92301,1,0,42 12 37 7,2,10,,92293,1,0,42 12 37 7,2,10,,92306,1,0,42 12 37 7,2,10,,92294,1,0,42 12 37 7,2,50,,92290,1,0,42 12 37 7,2,10,,92296,1,0,42 12 37 7,2,10,,92285,1,0,42 12 37 7,2,10,,92286,1,0,42 12 37 7,2,10,,92298,1,0,42 12 37 7,2,10,,92303,1,0,42 12 37 7,2,50,,92305,1,0,42 12 37 7,2,10,,92295,1,0,42 12 37 7,2,10,,92311,1,0,42 12 37 7,2,10,,92291,1,0,42 12 37 7,2,1821,,92300,1,0,42 12 37 7,2,60,,92304,1,0,42 12 37 7,2,20,,92308,1,0,42 12 37 7,2,20,,92288,1,0,42 12 37 7,2,60,,92292,1,0,42 12 37 7,2,20,,92302,1,0,42 12 37 7,2,20,,92287,1,0,42 12 37 7,2,60,,92297,1,0,42 12 37 7,2,20,,92289,1,0,42 12 37 7,2,20,,92284,1,0,42 12 37 7,2,64,,92299,1,0,48 42,2
31201,'5',455,,92318,1,0,42 12 37 7,2,53,,92322,1,0,42 12 37 7,2,12,,92320,1,0,42 12 37 7,2,10,,92326,1,0,42 12 37 7,2,2021,,83632,1,0,42 12 37 7,2,60,,92313,1,0,42 12 37 7,2,20,,92314,1,0,42 12 37 7,2,20,,92321,1,0,42 12 37 7,2,60,,92312,1,0,42 12 37 7,2,20,,92323,1,0,42 12 37 7,2,20,,92324,1,0,42 12 37 7,2,60,,92319,1,0,42 12 37 7,2,20,,92325,1,0,42 12 37 7,2,20,,92317,1,0,42 12 37 7,2,64,,92316,1,0,48 42,2
31202,'1',457,,92327,16,4,,2,50,,92345,16,4,,2,10,,92334,16,4,,2,10,,92333,16,4,,2,10,,92346,16,4,,2,9,,92335,21,4,,2,5,,92336,16,4,,2,7,,92339,21,4,,2,52,,92340,21,4,,2,4,,92344,16,4,,2,4,,92328,21,4,,2,2029,,92331,21,4,,2,60,,92337,21,4,,2,20,,92343,21,4,,2,20,,92329,21,4,,2,60,,92338,21,4,,2,20,,92342,21,4,,2,20,,92332,21,4,,2,68,,92330,21,4,,2
31202,'2',456,,92348,16,4,,2,50,,92355,16,4,,2,10,,92362,16,4,,2,10,,92352,16,4,,2,10,,92349,16,4,,2,8,,92347,21,4,,2,12,,92358,21,4,,2,50,,92351,21,4,,2,10,,92363,21,4,,2,2031,,92356,21,4,,2,60,,92364,21,4,,2,20,,92357,21,4,,2,20,,92360,21,4,,2,60,,92359,21,4,,2,20,,92353,21,4,,2,24,,92350,21,4,,2,64,,92361,21,4,,2
31202,'3',453,,92391,16,4,,2,53,,92393,16,4,,2,12,,92382,16,4,,2,10,,92384,16,4,,2,10,,92386,16,4,,2,4,,92377,21,4,,2,13,,92375,21,4,,2,50,,92380,21,4,,2,10,,92392,21,4,,2,10,,92385,21,4,,2,10,,92365,21,4,,2,10,,92367,21,4,,2,10,,92383,21,4,,2,50,,92370,21,4,,2,10,,92387,21,4,,2,10,,92389,21,4,,2,10,,92388,21,4,,2,10,,92376,21,4,,2,10,,92394,21,4,,2,50,,92368,21,4,,2,1842,,92381,21,4,,2,60,,92369,21,4,,2,20,,92373,21,4,,2,20,,92366,21,4,,2,60,,92378,21,4,,2,20,,92372,21,4,,2,24,,92371,21,4,,2,64,,92374,21,4,,2
31202,'5',453,,92411,16,4,,2,53,,92406,16,4,,2,12,,92404,16,4,,2,10,,92396,16,4,,2,10,,92412,16,4,,2,4,,92403,21,4,,2,13,,92398,21,4,,2,50,,92395,21,4,,2,2042,,92407,21,4,,2,60,,92410,21,4,,2,20,,92401,21,4,,2,20,,92399,21,4,,2,60,,92397,21,4,,2,20,,92409,21,4,,2,24,,92405,21,4,,2,64,,92402,21,4,,2
51201,'1',530,,105672,1,0,12 37,2,8,,105640,1,0,12 37,2,8,,105613,1,0,12 37,2,8,,105620,1,0,12 37,2,48,,105575,1,0,12 37,2,8,,105511,1,0,12 37,2,8,,89182,1,0,12 37,2,8,,105632,1,0,12 37,2,8,,105574,1,0,12 37,2,8,,105631,1,0,12 37,2,8,,105627,1,0,12 37,2,6,,105660,1,0,12 37,2,46,,105600,1,0,12 37,2,6,,105599,1,0,12 37,2,6,,105533,1,0,12 37,2,6,,105512,1,0,12 37,2,6,,105616,1,0,12 37,2,6,,105670,1,0,12 37,2,6,,105537,1,0,12 37,2,6,,105664,1,0,12 37,2,6,,105573,1,0,12 37,2,6,,105539,1,0,12 37,2,46,,105522,1,0,12 37,2,6,,105519,1,0,12 37,2,6,,105509,1,0,12 37,2,6,,105521,1,0,12 37,2,6,,105572,1,0,12 37,2,6,,105633,1,0,12 37,2,6,,105622,1,0,12 37,2,6,,105653,1,0,12 37,2,6,,105587,1,0,12 37,2,6,,105594,1,0,12 37,2,46,,105567,1,0,12 37,2,6,,105559,1,0,12 37,2,6,,105536,1,0,12 37,2,6,,105578,1,0,12 37,2,6,,105589,1,0,12 37,2,6,,105645,1,0,12 37,2,6,,105674,1,0,12 37,2,6,,105606,1,0,12 37,2,6,,105635,1,0,12 37,2,6,,105671,1,0,12 37,2,46,,105570,1,0,12 37,2,6,,105561,1,0,12 37,2,6,,105595,1,0,12 37,2,6,,105610,1,0,12 37,2,6,,105615,1,0,12 37,2,6,,105549,1,0,12 37,2,6,,105598,1,0,12 37,2,6,,105621,1,0,12 37,2,6,,105681,1,0,12 37,2,6,,105657,1,0,12 37,2,46,,105547,1,0,12 37,2,6,,105680,1,0,12 37,2,6,,105608,1,0,12 37,2,6,,105597,1,0,12 37,2,6,,105609,1,0,12 37,2,6,,105641,1,0,12 37,2,6,,105535,1,0,12 37,2,6,,105638,1,0,12 37,2,6,,105642,1,0,12 37,2,6,,105626,1,0,12 37,2,46,,105545,1,0,12 37,2,6,,105554,1,0,12 37,2,6,,105667,1,0,12 37,2,6,,105652,1,0,12 37,2,6,,105580,1,0,12 37,2,6,,105576,1,0,12 37,2,6,,105523,1,0,12 37,2,6,,105637,1,0,12 37,2,6,,105569,1,0,12 37,2,6,,105651,1,0,12 37,2,46,,105542,1,0,12 37,2,6,,105525,1,0,12 37,2,6,,105614,1,0,12 37,2,6,,105538,1,0,12 37,2,6,,105588,1,0,12 37,2,6,,105650,1,0,12 37,2,6,,105675,1,0,12 37,2,6,,105655,1,0,12 37,2,6,,105510,1,0,12 37,2,6,,105586,1,0,12 37,2,46,,105564,1,0,12 37,2,6,,105553,1,0,12 37,2,6,,105593,1,0,12 37,2,6,,105602,1,0,12 37,2,6,,105636,1,0,12 37,2,6,,105662,1,0,12 37,2,6,,105605,1,0,12 37,2,6,,105508,1,0,12 37,2,6,,105581,1,0,12 37,2,6,,105590,1,0,12 37,2,46,,105643,1,0,12 37,2,6,,105618,1,0,12 37,2,6,,105663,1,0,12 37,2,6,,105579,1,0,12 37,2,6,,105666,1,0,12 37,2,6,,105548,1,0,12 37,2,6,,105551,1,0,12 37,2,6,,105544,1,0,12 37,2,6,,105634,1,0,12 37,2,6,,105566,1,0,12 37,2,46,,105623,1,0,12 37,2,6,,105658,1,0,12 37,2,6,,105555,1,0,12 37,2,6,,105676,1,0,12 37,2,6,,105604,1,0,12 37,2,6,,105585,1,0,12 37,2,6,,105582,1,0,12 37,2,6,,105679,1,0,12 37,2,6,,105678,1,0,12 37,2,6,,105591,1,0,12 37,2,46,,105513,1,0,12 37,2,6,,105518,1,0,12 37,2,6,,105661,1,0,12 37,2,6,,105630,1,0,12 37,2,6,,105562,1,0,12 37,2,6,,105532,1,0,12 37,2,6,,86516,1,0,12 37,2,6,,105624,1,0,12 37,2,6,,105540,1,0,12 37,2,6,,105552,1,0,12 37,2,46,,105584,1,0,12 37,2,6,,105592,1,0,12 37,2,6,,105558,1,0,12 37,2,6,,105644,1,0,12 37,2,6,,105596,1,0,12 37,2,6,,105530,1,0,12 37,2,6,,105528,1,0,12 37,2,6,,105524,1,0,12 37,2,6,,77429,1,0,12 37,2,8,,105601,1,0,12 37,2,48,,105612,1,0,12 37,2,4,,105543,1,,,2,4,,105526,1,0,12 37,2,8,,105514,1,0,12 37,2,5,,105565,1,,,2,5,,105646,1,0,12 37,2,10,,105520,1,0,12 37,2,10,,105659,1,0,12 37,2,5,,105654,1,,,2,45,,105571,1,0,12 37,2,10,,79613,1,0,12 37,2,10,,105619,1,0,12 37,2,10,,105516,1,0,12 37,2,10,,105649,1,0,12 37,2,10,,105682,1,0,12 37,2,50,,105534,1,0,12 37,2,10,,105577,1,0,12 37,2,10,,105639,1,0,12 37,2,10,,105625,1,0,12 37,2,10,,105628,1,0,12 37,2,10,,105648,1,0,12 37,2,54,,105541,1,0,12 37,2,10,,105527,1,0,12 37,2,10,,105673,1,0,12 37,2,10,,79784,1,0,12 37,2,10,,105550,1,0,12 37,2,10,,105665,1,0,12 37,2,50,,105515,1,0,12 37,2,10,,105603,1,0,12 37,2,10,,105556,1,0,12 37,2,10,,105517,1,0,12 37,2,10,,105560,1,0,12 37,2,10,,105668,1,0,12 37,2,50,,105607,1,0,12 37,2,10,,105546,1,0,12 37,2,10,,105677,1,0,12 37,2,10,,105583,1,0,12 37,2,10,,105629,1,0,12 37,2,10,,105529,1,0,12 37,2,50,,105563,1,0,12 37,2,10,,105557,1,0,12 37,2,10,,105617,1,0,12 37,2,10,,105656,1,0,12 37,2,8,,105531,1,,,2,58,,105669,1,,,2,35,,105568,1,,,2
51201,'2',540,,105699,1,0,12 37,2,10,,105833,1,0,12 37,2,50,,105793,1,0,12 37,2,10,,105718,1,0,12 37,2,10,,105836,1,0,12 37,2,10,,105786,1,0,12 37,2,10,,105811,1,0,12 37,2,10,,105788,1,0,12 37,2,50,,105800,1,0,12 37,2,10,,105715,1,0,12 37,2,10,,105816,1,0,12 37,2,10,,105772,1,0,12 37,2,10,,105690,1,0,12 37,2,10,,105784,1,0,12 37,2,50,,105809,1,0,12 37,2,10,,105743,1,0,12 37,2,10,,105814,1,0,12 37,2,10,,105700,1,0,12 37,2,10,,105684,1,0,12 37,2,10,,105735,1,0,12 37,2,6,,105799,1,0,12 37,2,46,,105767,1,0,12 37,2,6,,105729,1,0,12 37,2,6,,105740,1,0,12 37,2,6,,105818,1,0,12 37,2,6,,105698,1,0,12 37,2,6,,105752,1,0,12 37,2,6,,105731,1,0,12 37,2,6,,105826,1,0,12 37,2,6,,105781,1,0,12 37,2,6,,80055,1,0,12 37,2,46,,105843,1,0,12 37,2,6,,105766,1,0,12 37,2,6,,105732,1,0,12 37,2,6,,105685,1,0,12 37,2,6,,82132,1,0,12 37,2,6,,105761,1,0,12 37,2,6,,105782,1,0,12 37,2,6,,105844,1,0,12 37,2,6,,88416,1,0,12 37,2,6,,105789,1,0,12 37,2,46,,105813,1,0,12 37,2,6,,105727,1,0,12 37,2,6,,105780,1,0,12 37,2,6,,105825,1,0,12 37,2,6,,105803,1,0,12 37,2,6,,105696,1,0,12 37,2,6,,105778,1,0,12 37,2,6,,105702,1,0,12 37,2,6,,105802,1,0,12 37,2,6,,105757,1,0,12 37,2,46,,105713,1,0,12 37,2,6,,105737,1,0,12 37,2,6,,105701,1,0,12 37,2,6,,105810,1,0,12 37,2,6,,105739,1,0,12 37,2,6,,105815,1,0,12 37,2,6,,105790,1,0,12 37,2,6,,105806,1,0,12 37,2,6,,105683,1,0,12 37,2,6,,105687,1,0,12 37,2,46,,105834,1,0,12 37,2,6,,105726,1,0,12 37,2,6,,105703,1,0,12 37,2,6,,105794,1,0,12 37,2,6,,105717,1,0,12 37,2,6,,105695,1,0,12 37,2,6,,105704,1,0,12 37,2,6,,105764,1,0,12 37,2,6,,105697,1,0,12 37,2,6,,105770,1,0,12 37,2,46,,105724,1,0,12 37,2,6,,105820,1,0,12 37,2,6,,105847,1,0,12 37,2,6,,105765,1,0,12 37,2,6,,105710,1,0,12 37,2,6,,105691,1,0,12 37,2,6,,105744,1,0,12 37,2,6,,105720,1,0,12 37,2,6,,105734,1,0,12 37,2,6,,105738,1,0,12 37,2,46,,105821,1,0,12 37,2,6,,105841,1,0,12 37,2,6,,105773,1,0,12 37,2,6,,105791,1,0,12 37,2,6,,105719,1,0,12 37,2,6,,105779,1,0,12 37,2,6,,105708,1,0,12 37,2,6,,105768,1,0,12 37,2,6,,105807,1,0,12 37,2,6,,105759,1,0,12 37,2,46,,105721,1,0,12 37,2,6,,105692,1,0,12 37,2,6,,105689,1,0,12 37,2,6,,105798,1,0,12 37,2,6,,105736,1,0,12 37,2,6,,105745,1,0,12 37,2,6,,105722,1,0,12 37,2,6,,105763,1,0,12 37,2,6,,105817,1,0,12 37,2,6,,105712,1,0,12 37,2,46,,105845,1,0,12 37,2,6,,105801,1,0,12 37,2,6,,105711,1,0,12 37,2,6,,82231,1,0,12 37,2,6,,105725,1,0,12 37,2,6,,105797,1,0,12 37,2,6,,105819,1,0,12 37,2,6,,105747,1,0,12 37,2,6,,105838,1,0,12 37,2,6,,105755,1,0,12 37,2,46,,105693,1,0,12 37,2,6,,105795,1,0,12 37,2,6,,105716,1,0,12 37,2,6,,105709,1,0,12 37,2,6,,105741,1,0,12 37,2,6,,105750,1,0,12 37,2,6,,105783,1,0,12 37,2,6,,105785,1,0,12 37,2,6,,105804,1,0,12 37,2,4,,105829,1,,,2,5,,105831,1,0,12 37,2,49,,88579,1,0,12 37,2,4,,105777,1,,,2,5,,105808,1,0,12 37,2,4,,105839,1,,,2,5,,105842,1,0,12 37,2,9,,105824,1,0,12 37,2,4,,105835,1,,,2,5,,105771,1,0,12 37,2,9,,105686,1,0,12 37,2,49,,105848,1,0,12 37,2,9,,105769,1,0,12 37,2,9,,105746,1,0,12 37,2,9,,105774,1,0,12 37,2,9,,105706,1,0,12 37,2,9,,105775,1,0,12 37,2,9,,105776,1,0,12 37,2,49,,105733,1,0,12 37,2,9,,105749,1,0,12 37,2,9,,105760,1,0,12 37,2,9,,105796,1,0,12 37,2,9,,105822,1,0,12 37,2,9,,105840,1,0,12 37,2,50,,105837,1,0,12 37,2,10,,105762,1,0,12 37,2,10,,105828,1,0,12 37,2,10,,105705,1,0,12 37,2,10,,105753,1,0,12 37,2,10,,105707,1,0,12 37,2,50,,105754,1,0,12 37,2,10,,105751,1,0,12 37,2,10,,105846,1,0,12 37,2,10,,105832,1,0,12 37,2,10,,105792,1,0,12 37,2,10,,105758,1,0,12 37,2,50,,105849,1,0,12 37,2,10,,105805,1,0,12 37,2,10,,105728,1,0,12 37,2,10,,105714,1,0,12 37,2,10,,105823,1,0,12 37,2,10,,105756,1,0,12 37,2,50,,105730,1,0,12 37,2,10,,105688,1,0,12 37,2,10,,105694,1,0,12 37,2,10,,105748,1,0,12 37,2,10,,105787,1,0,12 37,2,18,,105827,1,,,2,60,,105723,1,,,2,20,,105812,1,,,2
51201,'3',740,,105962,1,0,12 37,2,10,,105863,1,0,12 37,2,50,,79130,1,0,12 37,2,10,,105852,1,0,12 37,2,10,,105910,1,0,12 37,2,10,,105917,1,0,12 37,2,10,,105896,1,0,12 37,2,8,,105921,1,0,12 37,2,5,,105977,1,0,12 37,2,5,,105914,1,0,12 37,2,46,,105937,1,0,12 37,2,6,,105942,1,0,12 37,2,6,,105992,1,0,12 37,2,6,,106003,1,0,12 37,2,6,,105893,1,0,12 37,2,6,,105891,1,0,12 37,2,6,,105976,1,0,12 37,2,6,,105950,1,0,12 37,2,6,,105946,1,0,12 37,2,6,,105907,1,0,12 37,2,46,,105999,1,0,12 37,2,6,,105857,1,0,12 37,2,6,,105905,1,0,12 37,2,6,,105870,1,0,12 37,2,6,,105934,1,0,12 37,2,6,,105919,1,0,12 37,2,6,,105988,1,0,12 37,2,6,,105884,1,0,12 37,2,6,,105878,1,0,12 37,2,6,,105883,1,0,12 37,2,46,,105933,1,0,12 37,2,6,,105956,1,0,12 37,2,6,,105996,1,0,12 37,2,6,,105955,1,0,12 37,2,6,,105909,1,0,12 37,2,5,,105969,1,0,12 37,2,6,,105876,1,0,12 37,2,6,,105938,1,0,12 37,2,6,,105866,1,0,12 37,2,6,,105859,1,0,12 37,2,46,,105954,1,0,12 37,2,6,,105963,1,0,12 37,2,6,,105957,1,0,12 37,2,6,,105926,1,0,12 37,2,6,,105911,1,0,12 37,2,6,,105880,1,0,12 37,2,6,,105991,1,0,12 37,2,6,,105974,1,0,12 37,2,6,,105975,1,0,12 37,2,6,,105850,1,0,12 37,2,46,,105981,1,0,12 37,2,6,,105960,1,0,12 37,2,6,,105983,1,0,12 37,2,6,,105871,1,0,12 37,2,6,,105920,1,0,12 37,2,6,,105994,1,0,12 37,2,6,,105922,1,0,12 37,2,6,,105885,1,0,12 37,2,6,,105965,1,0,12 37,2,6,,105915,1,0,12 37,2,46,,105959,1,0,12 37,2,6,,105877,1,0,12 37,2,6,,105951,1,0,12 37,2,6,,105967,1,0,12 37,2,6,,105968,1,0,12 37,2,6,,105861,1,0,12 37,2,6,,105923,1,0,12 37,2,6,,106006,1,0,12 37,2,6,,105875,1,0,12 37,2,6,,105904,1,0,12 37,2,46,,105993,1,0,12 37,2,6,,105929,1,0,12 37,2,6,,105986,1,0,12 37,2,6,,105867,1,0,12 37,2,6,,105865,1,0,12 37,2,6,,105998,1,0,12 37,2,6,,105899,1,0,12 37,2,6,,105858,1,0,12 37,2,6,,105940,1,0,12 37,2,6,,105874,1,0,12 37,2,46,,105894,1,0,12 37,2,6,,105980,1,0,12 37,2,6,,106004,1,0,12 37,2,6,,105952,1,0,12 37,2,6,,105943,1,0,12 37,2,6,,105900,1,0,12 37,2,6,,105862,1,0,12 37,2,6,,105987,1,0,12 37,2,6,,105990,1,0,12 37,2,6,,105913,1,0,12 37,2,46,,105949,1,0,12 37,2,6,,105887,1,0,12 37,2,6,,105964,1,0,12 37,2,6,,105854,1,0,12 37,2,6,,105882,1,0,12 37,2,6,,105853,1,0,12 37,2,6,,105984,1,0,12 37,2,6,,105881,1,0,12 37,2,6,,106002,1,0,12 37,2,6,,105953,1,0,12 37,2,46,,105906,1,0,12 37,2,6,,105928,1,0,12 37,2,6,,105903,1,0,12 37,2,6,,105924,1,0,12 37,2,6,,105901,1,0,12 37,2,6,,105925,1,0,12 37,2,6,,106000,1,0,12 37,2,6,,105898,1,0,12 37,2,4,,106001,1,,,2,4,,105972,1,0,12 37,2,49,,105890,1,0,12 37,2,4,,105908,1,,,2,5,,105989,1,0,12 37,2,9,,105945,1,0,12 37,2,4,,105958,1,,,2,5,,105873,1,0,12 37,2,9,,105864,1,0,12 37,2,9,,105978,1,0,12 37,2,9,,105979,1,0,12 37,2,49,,83418,1,0,12 37,2,9,,105886,1,0,12 37,2,9,,105966,1,0,12 37,2,9,,105888,1,0,12 37,2,9,,105872,1,0,12 37,2,9,,105948,1,0,12 37,2,9,,105932,1,0,12 37,2,49,,105935,1,0,12 37,2,9,,105973,1,0,12 37,2,9,,105918,1,0,12 37,2,9,,105902,1,0,12 37,2,9,,105860,1,0,12 37,2,9,,105916,1,0,12 37,2,50,,105971,1,0,12 37,2,10,,105985,1,0,12 37,2,10,,105892,1,0,12 37,2,10,,105936,1,0,12 37,2,10,,105930,1,0,12 37,2,10,,105927,1,0,12 37,2,50,,105912,1,0,12 37,2,10,,105868,1,0,12 37,2,10,,105851,1,0,12 37,2,10,,105895,1,0,12 37,2,10,,105869,1,0,12 37,2,10,,105856,1,0,12 37,2,50,,105941,1,0,12 37,2,10,,105961,1,0,12 37,2,10,,105889,1,0,12 37,2,10,,106005,1,0,12 37,2,10,,105995,1,0,12 37,2,10,,105944,1,0,12 37,2,50,,105897,1,0,12 37,2,10,,105879,1,0,12 37,2,10,,105855,1,0,12 37,2,12,,105997,1,0,12 37,2,5,,105970,1,,,2,60,,85110,1,,,2,20,,105947,1,,,2
51201,'5',540,,106039,1,0,12 37,2,10,,106110,1,0,12 37,2,50,,106022,1,0,12 37,2,10,,106063,1,0,12 37,2,10,,106169,1,0,12 37,2,10,,106113,1,0,12 37,2,10,,106132,1,0,12 37,2,10,,106073,1,0,12 37,2,50,,106009,1,0,12 37,2,10,,106152,1,0,12 37,2,10,,106046,1,0,12 37,2,10,,106079,1,0,12 37,2,10,,106084,1,0,12 37,2,10,,106124,1,0,12 37,2,50,,106011,1,0,12 37,2,10,,106077,1,0,12 37,2,10,,106102,1,0,12 37,2,10,,106066,1,0,12 37,2,10,,106103,1,0,12 37,2,8,,106060,1,0,12 37,2,5,,106126,1,0,12 37,2,5,,106055,1,0,12 37,2,46,,106045,1,0,12 37,2,6,,106081,1,0,12 37,2,6,,106143,1,0,12 37,2,6,,106090,1,0,12 37,2,6,,106013,1,0,12 37,2,6,,106150,1,0,12 37,2,6,,106095,1,0,12 37,2,6,,106027,1,0,12 37,2,6,,106142,1,0,12 37,2,6,,106148,1,0,12 37,2,46,,106139,1,0,12 37,2,6,,106147,1,0,12 37,2,6,,106158,1,0,12 37,2,6,,106033,1,0,12 37,2,6,,106105,1,0,12 37,2,6,,106136,1,0,12 37,2,6,,106024,1,0,12 37,2,6,,106023,1,0,12 37,2,6,,106056,1,0,12 37,2,6,,106093,1,0,12 37,2,46,,106030,1,0,12 37,2,6,,106082,1,0,12 37,2,6,,106035,1,0,12 37,2,6,,106121,1,0,12 37,2,6,,106078,1,0,12 37,2,5,,106037,1,0,12 37,2,6,,106017,1,0,12 37,2,6,,106117,1,0,12 37,2,6,,106160,1,0,12 37,2,6,,106149,1,0,12 37,2,46,,106074,1,0,12 37,2,6,,106161,1,0,12 37,2,6,,106137,1,0,12 37,2,6,,106067,1,0,12 37,2,6,,106010,1,0,12 37,2,6,,106094,1,0,12 37,2,6,,106036,1,0,12 37,2,6,,106021,1,0,12 37,2,6,,106051,1,0,12 37,2,6,,106048,1,0,12 37,2,46,,106159,1,0,12 37,2,6,,106020,1,0,12 37,2,6,,106111,1,0,12 37,2,6,,106167,1,0,12 37,2,6,,106052,1,0,12 37,2,6,,106065,1,0,12 37,2,6,,106099,1,0,12 37,2,6,,106112,1,0,12 37,2,6,,106080,1,0,12 37,2,6,,106064,1,0,12 37,2,46,,106092,1,0,12 37,2,6,,106119,1,0,12 37,2,6,,106032,1,0,12 37,2,6,,106116,1,0,12 37,2,6,,106014,1,0,12 37,2,6,,106091,1,0,12 37,2,6,,82890,1,0,12 37,2,6,,106109,1,0,12 37,2,6,,106085,1,0,12 37,2,6,,86206,1,0,12 37,2,46,,106164,1,0,12 37,2,6,,106155,1,0,12 37,2,6,,106029,1,0,12 37,2,6,,106168,1,0,12 37,2,6,,106053,1,0,12 37,2,6,,88810,1,0,12 37,2,6,,106151,1,0,12 37,2,6,,106075,1,0,12 37,2,6,,106070,1,0,12 37,2,6,,106054,1,0,12 37,2,46,,106076,1,0,12 37,2,6,,106163,1,0,12 37,2,6,,106144,1,0,12 37,2,6,,87231,1,0,12 37,2,6,,106122,1,0,12 37,2,6,,106146,1,0,12 37,2,6,,106025,1,0,12 37,2,6,,106058,1,0,12 37,2,6,,106162,1,0,12 37,2,6,,106131,1,0,12 37,2,46,,106016,1,0,12 37,2,6,,106031,1,0,12 37,2,6,,106047,1,0,12 37,2,6,,106068,1,0,12 37,2,6,,106134,1,0,12 37,2,6,,106088,1,0,12 37,2,6,,106114,1,0,12 37,2,6,,106044,1,0,12 37,2,6,,106072,1,0,12 37,2,6,,106050,1,0,12 37,2,46,,106019,1,0,12 37,2,6,,106157,1,0,12 37,2,6,,106049,1,0,12 37,2,6,,106140,1,0,12 37,2,6,,106059,1,0,12 37,2,6,,106087,1,0,12 37,2,6,,106040,1,0,12 37,2,6,,106086,1,0,12 37,2,4,,106166,1,,,2,4,,106107,1,0,12 37,2,49,,106141,1,0,12 37,2,4,,106028,1,,,2,5,,85460,1,0,12 37,2,9,,106125,1,0,12 37,2,4,,106104,1,,,2,5,,106154,1,0,12 37,2,9,,106096,1,0,12 37,2,9,,106089,1,0,12 37,2,9,,106038,1,0,12 37,2,49,,106008,1,0,12 37,2,9,,106145,1,0,12 37,2,9,,106100,1,0,12 37,2,9,,106042,1,0,12 37,2,9,,106057,1,0,12 37,2,9,,106115,1,0,12 37,2,9,,106128,1,0,12 37,2,49,,106026,1,0,12 37,2,9,,106165,1,0,12 37,2,9,,106106,1,0,12 37,2,9,,106007,1,0,12 37,2,9,,106118,1,0,12 37,2,9,,106153,1,0,12 37,2,50,,106129,1,0,12 37,2,10,,106123,1,0,12 37,2,10,,106071,1,0,12 37,2,10,,106043,1,0,12 37,2,10,,106170,1,0,12 37,2,10,,106098,1,0,12 37,2,50,,106097,1,0,12 37,2,10,,106135,1,0,12 37,2,10,,106120,1,0,12 37,2,10,,106041,1,0,12 37,2,10,,106018,1,0,12 37,2,10,,106101,1,0,12 37,2,50,,106127,1,0,12 37,2,10,,106156,1,0,12 37,2,10,,106061,1,0,12 37,2,10,,106034,1,0,12 37,2,10,,79315,1,0,12 37,2,10,,106138,1,0,12 37,2,50,,106083,1,0,12 37,2,10,,89844,1,0,12 37,2,10,,106171,1,0,12 37,2,12,,106108,1,0,12 37,2,5,,106130,1,,,2,60,,106062,1,,,2,20,,106133,1,,,2
51202,'1',628,,106311,27,4,,2,8,,106254,27,4,,2,8,,106186,27,4,,2,8,,106225,27,4,,2,48,,106220,27,4,,2,4,,106188,19,4,,2,4,,86620,27,4,,2,8,,106317,27,4,,2,8,,106248,27,4,,2,3,,106328,19,4,,2,4,,106331,27,4,,2,6,,106233,27,4,,2,6,,106271,27,4,,2,6,,106296,27,4,,2,6,,106180,27,4,,2,46,,106247,27,4,,2,6,,106252,27,4,,2,6,,106211,27,4,,2,6,,106228,27,4,,2,6,,106293,27,4,,2,6,,106176,27,4,,2,6,,106281,27,4,,2,6,,106266,27,4,,2,6,,106287,27,4,,2,6,,106272,27,4,,2,46,,106320,27,4,,2,6,,106214,27,4,,2,6,,106226,27,4,,2,6,,106257,27,4,,2,6,,106262,27,4,,2,6,,106288,27,4,,2,6,,106335,27,4,,2,6,,106246,27,4,,2,6,,106212,27,4,,2,6,,83155,27,4,,2,46,,106278,27,4,,2,6,,106249,27,4,,2,6,,106190,27,4,,2,6,,106313,27,4,,2,6,,106213,27,4,,2,6,,106215,27,4,,2,6,,106210,27,4,,2,6,,106330,27,4,,2,6,,106218,27,4,,2,6,,106242,27,4,,2,46,,106300,27,4,,2,6,,106207,27,4,,2,6,,106332,27,4,,2,6,,106221,27,4,,2,6,,106216,27,4,,2,6,,106253,27,4,,2,6,,106206,27,4,,2,6,,106261,27,4,,2,6,,106223,27,4,,2,6,,106303,27,4,,2,46,,106200,27,4,,2,6,,106240,27,4,,2,6,,106274,27,4,,2,6,,106280,27,4,,2,6,,106234,27,4,,2,6,,106283,27,4,,2,6,,106224,27,4,,2,6,,106322,27,4,,2,6,,106270,27,4,,2,6,,106316,27,4,,2,46,,106334,27,4,,2,6,,106267,27,4,,2,6,,106307,27,4,,2,6,,106324,27,4,,2,6,,106337,27,4,,2,6,,106291,27,4,,2,6,,106193,27,4,,2,6,,106244,27,4,,2,6,,106310,27,4,,2,6,,106294,27,4,,2,46,,106181,27,4,,2,6,,106306,27,4,,2,6,,106236,27,4,,2,6,,106258,27,4,,2,6,,106318,27,4,,2,6,,106315,27,4,,2,6,,106305,27,4,,2,6,,78416,27,4,,2,6,,106312,27,4,,2,6,,106273,27,4,,2,48,,106197,27,4,,2,6,,106329,27,4,,2,6,,106227,27,4,,2,6,,106260,27,4,,2,6,,106304,27,4,,2,6,,90028,27,4,,2,6,,106302,27,4,,2,6,,106237,27,4,,2,6,,106189,27,4,,2,6,,106333,27,4,,2,46,,106195,27,4,,2,6,,106230,27,4,,2,6,,106185,27,4,,2,6,,106256,27,4,,2,6,,106202,27,4,,2,6,,106245,27,4,,2,6,,106243,27,4,,2,6,,106338,27,4,,2,6,,106217,27,4,,2,6,,106184,27,4,,2,46,,106208,27,4,,2,6,,106265,27,4,,2,6,,78613,27,4,,2,6,,106219,27,4,,2,6,,106241,27,4,,2,6,,106339,27,4,,2,6,,106321,27,4,,2,6,,106191,27,4,,2,6,,106203,27,4,,2,6,,106326,27,4,,2,46,,106222,27,4,,2,6,,82086,27,4,,2,6,,106314,27,4,,2,6,,106174,27,4,,2,6,,106209,27,4,,2,6,,106295,27,4,,2,6,,106194,27,4,,2,6,,106297,27,4,,2,6,,106325,27,4,,2,6,,106264,27,4,,2,46,,106229,27,4,,2,6,,106301,27,4,,2,6,,106204,27,4,,2,6,,106341,27,4,,2,6,,106286,27,4,,2,8,,106290,27,4,,2,8,,106238,27,4,,2,8,,106198,27,4,,2,8,,106284,27,4,,2,48,,106173,27,4,,2,10,,106187,27,4,,2,10,,106259,27,4,,2,10,,106232,27,4,,2,10,,106182,27,4,,2,10,,106175,27,4,,2,50,,106309,27,4,,2,10,,106250,27,4,,2,10,,106268,27,4,,2,10,,106205,27,4,,2,10,,106239,27,4,,2,10,,106319,27,4,,2,50,,106285,27,4,,2,10,,106276,27,4,,2,11,,106178,27,4,,2,11,,106327,27,4,,2,10,,106275,27,4,,2,10,,106340,27,4,,2,50,,106196,27,4,,2,10,,106279,27,4,,2,10,,106289,27,4,,2,10,,106183,27,4,,2,10,,106199,27,4,,2,10,,106201,27,4,,2,50,,106251,27,4,,2,10,,106235,27,4,,2,10,,106292,27,4,,2,10,,106269,27,4,,2,10,,87429,27,4,,2,10,,106299,27,4,,2,50,,106231,27,4,,2,10,,106255,27,4,,2,10,,106282,27,4,,2,10,,79604,27,4,,2,10,,106263,27,4,,2,10,,106308,27,4,,2,50,,106179,27,4,,2,12,,106172,27,4,,2,14,,106177,27,4,,2
51202,'2',626,,106374,27,4,,2,10,,106364,27,4,,2,10,,106484,27,4,,2,10,,106475,27,4,,2,50,,106373,27,4,,2,10,,106389,27,4,,2,10,,106385,27,4,,2,10,,106358,27,4,,2,10,,106401,27,4,,2,10,,106356,27,4,,2,50,,106415,27,4,,2,10,,106354,27,4,,2,10,,106465,27,4,,2,10,,106491,27,4,,2,10,,106372,27,4,,2,4,,106349,19,4,,2,6,,106390,27,4,,2,50,,106431,27,4,,2,4,,106419,19,4,,2,6,,106453,27,4,,2,5,,106482,19,4,,2,7,,106448,27,4,,2,8,,106504,27,4,,2,3,,106469,19,4,,2,6,,106351,27,4,,2,6,,106445,27,4,,2,6,,106473,27,4,,2,46,,106451,27,4,,2,6,,106400,27,4,,2,6,,106343,27,4,,2,6,,106387,27,4,,2,6,,106342,27,4,,2,6,,106346,27,4,,2,6,,106383,27,4,,2,6,,106444,27,4,,2,6,,106417,27,4,,2,6,,87623,27,4,,2,46,,106498,27,4,,2,6,,106376,27,4,,2,6,,106480,27,4,,2,6,,106422,27,4,,2,6,,106403,27,4,,2,6,,106428,27,4,,2,6,,106408,27,4,,2,6,,106485,27,4,,2,6,,106394,27,4,,2,6,,86744,27,4,,2,48,,106495,27,4,,2,3,,106368,19,4,,2,5,,106479,27,4,,2,6,,106507,27,4,,2,6,,106472,27,4,,2,6,,106370,27,4,,2,6,,106503,27,4,,2,6,,106348,27,4,,2,6,,106464,27,4,,2,6,,106446,27,4,,2,46,,106391,27,4,,2,6,,106438,27,4,,2,6,,106397,27,4,,2,6,,106396,27,4,,2,6,,106454,27,4,,2,6,,106435,27,4,,2,6,,106344,27,4,,2,6,,106455,27,4,,2,6,,106499,27,4,,2,6,,106414,27,4,,2,46,,106347,27,4,,2,6,,106393,27,4,,2,6,,106407,27,4,,2,6,,106427,27,4,,2,6,,106363,27,4,,2,6,,106399,27,4,,2,6,,106367,27,4,,2,6,,106352,27,4,,2,6,,106345,27,4,,2,6,,106369,27,4,,2,46,,106477,27,4,,2,6,,106462,27,4,,2,6,,106471,27,4,,2,6,,106489,27,4,,2,6,,106460,27,4,,2,6,,106466,27,4,,2,6,,82201,27,4,,2,6,,106406,27,4,,2,6,,106353,27,4,,2,6,,106386,27,4,,2,46,,106425,27,4,,2,6,,106402,27,4,,2,6,,106350,27,4,,2,6,,106506,27,4,,2,6,,106429,27,4,,2,6,,106404,27,4,,2,6,,106380,27,4,,2,6,,106357,27,4,,2,6,,106442,27,4,,2,6,,106474,27,4,,2,46,,106463,27,4,,2,6,,106493,27,4,,2,6,,106505,27,4,,2,6,,106476,27,4,,2,6,,106409,27,4,,2,6,,106461,27,4,,2,6,,106452,27,4,,2,6,,106447,27,4,,2,6,,106450,27,4,,2,6,,106377,27,4,,2,46,,106395,27,4,,2,6,,106439,27,4,,2,6,,106410,27,4,,2,6,,106398,27,4,,2,6,,106456,27,4,,2,6,,106458,27,4,,2,6,,106366,27,4,,2,6,,106502,27,4,,2,6,,106440,27,4,,2,6,,106492,27,4,,2,46,,106365,27,4,,2,6,,78889,27,4,,2,6,,106381,27,4,,2,4,,106359,27,4,,2,6,,106443,27,4,,2,6,,106468,27,4,,2,5,,106470,27,4,,2,7,,106378,27,4,,2,9,,106382,27,4,,2,9,,106481,27,4,,2,49,,106411,27,4,,2,9,,106501,27,4,,2,9,,79836,27,4,,2,9,,106432,27,4,,2,9,,106457,27,4,,2,9,,106449,27,4,,2,49,,106467,27,4,,2,9,,106436,27,4,,2,9,,106500,27,4,,2,9,,106384,27,4,,2,9,,106418,27,4,,2,9,,106420,27,4,,2,9,,106497,27,4,,2,49,,106412,27,4,,2,10,,106494,27,4,,2,10,,106487,27,4,,2,10,,106421,27,4,,2,10,,106388,27,4,,2,10,,106379,27,4,,2,50,,106355,27,4,,2,10,,106361,27,4,,2,10,,106488,27,4,,2,10,,106392,27,4,,2,10,,106434,27,4,,2,10,,106360,27,4,,2,50,,106423,27,4,,2,10,,106424,27,4,,2,10,,106426,27,4,,2,10,,106437,27,4,,2,10,,106441,27,4,,2,10,,106433,27,4,,2,50,,106486,27,4,,2,10,,106496,27,4,,2,10,,106459,27,4,,2,10,,106371,27,4,,2,10,,106483,27,4,,2,10,,106416,27,4,,2,50,,106413,27,4,,2,10,,106362,27,4,,2,10,,106430,27,4,,2,10,,76120,26,4,,2
51202,'3',816,,106524,27,4,,2,10,,106531,27,4,,2,10,,106547,27,4,,2,10,,106661,27,4,,2,4,,106619,19,4,,2,6,,106638,27,4,,2,45,,106633,19,4,,2,6,,106600,27,4,,2,3,,106645,19,4,,2,8,,106656,27,4,,2,4,,106635,19,4,,2,6,,106533,27,4,,2,6,,106585,27,4,,2,6,,106629,27,4,,2,6,,106572,27,4,,2,6,,106597,27,4,,2,6,,106606,27,4,,2,46,,106628,27,4,,2,6,,106513,27,4,,2,6,,106621,27,4,,2,6,,106573,27,4,,2,6,,83409,27,4,,2,6,,106519,27,4,,2,6,,106651,27,4,,2,6,,106617,27,4,,2,6,,106559,27,4,,2,6,,106543,27,4,,2,46,,106620,27,4,,2,6,,106528,27,4,,2,6,,106636,27,4,,2,6,,106660,27,4,,2,6,,106596,27,4,,2,6,,106618,27,4,,2,6,,106510,27,4,,2,6,,106556,27,4,,2,6,,106614,27,4,,2,6,,106570,27,4,,2,46,,106523,27,4,,2,6,,106577,27,4,,2,6,,106658,27,4,,2,6,,106514,27,4,,2,6,,106568,27,4,,2,6,,106601,27,4,,2,6,,106602,27,4,,2,6,,106567,27,4,,2,6,,106652,27,4,,2,6,,106624,27,4,,2,46,,106646,27,4,,2,6,,106598,27,4,,2,6,,106593,27,4,,2,6,,106518,27,4,,2,6,,106554,27,4,,2,6,,106549,27,4,,2,6,,106604,27,4,,2,6,,106515,27,4,,2,6,,81732,27,4,,2,6,,106553,27,4,,2,46,,106641,27,4,,2,6,,106582,27,4,,2,6,,91002,27,4,,2,6,,106625,27,4,,2,6,,106632,27,4,,2,6,,106659,27,4,,2,6,,106592,27,4,,2,6,,106648,27,4,,2,6,,106586,27,4,,2,6,,106560,27,4,,2,46,,106564,27,4,,2,6,,106613,27,4,,2,6,,106642,27,4,,2,6,,106557,27,4,,2,6,,106584,27,4,,2,6,,106512,27,4,,2,6,,106580,27,4,,2,6,,106630,27,4,,2,6,,106571,27,4,,2,6,,106537,27,4,,2,46,,106551,27,4,,2,6,,106555,27,4,,2,6,,106561,27,4,,2,6,,106594,27,4,,2,6,,106595,27,4,,2,6,,84298,27,4,,2,6,,106536,27,4,,2,6,,106565,27,4,,2,6,,106578,27,4,,2,6,,106566,27,4,,2,46,,106612,27,4,,2,6,,106627,27,4,,2,6,,106525,27,4,,2,6,,106576,27,4,,2,6,,106516,27,4,,2,6,,106605,27,4,,2,6,,106520,27,4,,2,6,,106574,27,4,,2,6,,106610,27,4,,2,6,,106647,27,4,,2,46,,106509,27,4,,2,6,,106588,27,4,,2,6,,106603,27,4,,2,6,,106581,27,4,,2,6,,106657,27,4,,2,6,,106569,27,4,,2,6,,106607,27,4,,2,6,,106535,27,4,,2,6,,106540,27,4,,2,6,,106644,27,4,,2,46,,106527,27,4,,2,6,,106532,27,4,,2,6,,106541,27,4,,2,6,,106542,27,4,,2,4,,106563,27,4,,2,8,,106608,27,4,,2,9,,106650,27,4,,2,9,,106526,27,4,,2,49,,106599,27,4,,2,9,,106530,27,4,,2,9,,106590,27,4,,2,9,,106622,27,4,,2,9,,106550,27,4,,2,9,,106649,27,4,,2,9,,106521,27,4,,2,49,,106508,27,4,,2,9,,106609,27,4,,2,9,,106552,27,4,,2,9,,106575,27,4,,2,9,,106643,27,4,,2,9,,106522,27,4,,2,9,,75660,27,4,,2,49,,106626,27,4,,2,9,,106544,27,4,,2,12,,106534,27,4,,2,10,,106562,27,4,,2,10,,106611,27,4,,2,10,,106546,27,4,,2,50,,106587,27,4,,2,10,,106511,27,4,,2,10,,106653,27,4,,2,10,,106655,27,4,,2,10,,106623,27,4,,2,10,,106529,27,4,,2,50,,106579,27,4,,2,10,,106654,27,4,,2,10,,106631,27,4,,2,10,,106583,27,4,,2,10,,106538,27,4,,2,10,,106637,27,4,,2,50,,106634,27,4,,2,10,,106558,27,4,,2,10,,106517,27,4,,2,10,,106615,27,4,,2,10,,89464,27,4,,2,10,,106616,27,4,,2,50,,106548,27,4,,2,10,,106545,27,4,,2,12,,106539,26,4,,2
51202,'5',616,,106693,27,4,,2,10,,106792,27,4,,2,10,,106696,27,4,,2,10,,106784,27,4,,2,10,,106740,27,4,,2,50,,106776,27,4,,2,10,,106678,27,4,,2,10,,106789,27,4,,2,10,,106803,27,4,,2,10,,106782,27,4,,2,10,,106824,27,4,,2,50,,106801,27,4,,2,10,,106666,27,4,,2,10,,106800,27,4,,2,10,,106799,27,4,,2,10,,106811,27,4,,2,4,,106701,19,4,,2,6,,106825,27,4,,2,45,,106826,19,4,,2,6,,106822,27,4,,2,3,,106797,19,4,,2,8,,106795,27,4,,2,4,,106755,19,4,,2,6,,106664,27,4,,2,6,,106748,27,4,,2,6,,106762,27,4,,2,6,,79235,27,4,,2,6,,106721,27,4,,2,6,,106681,27,4,,2,46,,106695,27,4,,2,6,,106771,27,4,,2,6,,106731,27,4,,2,6,,106723,27,4,,2,6,,106788,27,4,,2,6,,106715,27,4,,2,6,,106809,27,4,,2,6,,106750,27,4,,2,6,,106717,27,4,,2,6,,106665,27,4,,2,46,,106793,27,4,,2,6,,106708,27,4,,2,6,,106772,27,4,,2,6,,106778,27,4,,2,6,,106702,27,4,,2,6,,106719,27,4,,2,6,,106774,27,4,,2,6,,106746,27,4,,2,6,,106692,27,4,,2,6,,106737,27,4,,2,46,,79241,27,4,,2,6,,106720,27,4,,2,6,,106796,27,4,,2,6,,106734,27,4,,2,6,,106781,27,4,,2,6,,106700,27,4,,2,6,,106733,27,4,,2,6,,106817,27,4,,2,6,,106680,27,4,,2,6,,106712,27,4,,2,46,,106713,27,4,,2,6,,106749,27,4,,2,6,,106684,27,4,,2,6,,106820,27,4,,2,6,,106756,27,4,,2,6,,106691,27,4,,2,6,,106768,27,4,,2,6,,106729,27,4,,2,6,,106706,27,4,,2,6,,106709,27,4,,2,46,,106714,27,4,,2,6,,106732,27,4,,2,6,,106738,27,4,,2,6,,106689,27,4,,2,6,,106787,27,4,,2,6,,106675,27,4,,2,6,,106766,27,4,,2,6,,106816,27,4,,2,6,,106751,27,4,,2,6,,106697,27,4,,2,46,,106685,27,4,,2,6,,106779,27,4,,2,6,,106814,27,4,,2,6,,106802,27,4,,2,6,,106818,27,4,,2,6,,106780,27,4,,2,6,,106764,27,4,,2,6,,106711,27,4,,2,6,,106741,27,4,,2,6,,106703,27,4,,2,46,,106726,27,4,,2,6,,106747,27,4,,2,6,,106682,27,4,,2,6,,106671,27,4,,2,6,,106821,27,4,,2,6,,106663,27,4,,2,6,,106673,27,4,,2,6,,106745,27,4,,2,6,,106686,27,4,,2,6,,106757,27,4,,2,46,,106791,27,4,,2,6,,106829,27,4,,2,6,,106806,27,4,,2,6,,106668,27,4,,2,6,,106786,27,4,,2,6,,106688,27,4,,2,6,,106674,27,4,,2,6,,106828,27,4,,2,6,,106735,27,4,,2,6,,106690,27,4,,2,46,,106698,27,4,,2,6,,106767,27,4,,2,6,,106773,27,4,,2,6,,106683,27,4,,2,6,,106815,27,4,,2,6,,106808,27,4,,2,6,,106725,27,4,,2,6,,106790,27,4,,2,6,,106754,27,4,,2,6,,106730,27,4,,2,46,,106739,27,4,,2,6,,106676,27,4,,2,6,,106742,27,4,,2,6,,106804,27,4,,2,4,,106807,27,4,,2,8,,106775,27,4,,2,9,,106830,27,4,,2,9,,106727,27,4,,2,49,,106679,27,4,,2,9,,106743,27,4,,2,9,,106827,27,4,,2,9,,106769,27,4,,2,9,,106758,27,4,,2,9,,106777,27,4,,2,9,,106760,27,4,,2,49,,106736,27,4,,2,9,,106810,27,4,,2,9,,106812,27,4,,2,9,,106687,27,4,,2,9,,106672,27,4,,2,9,,106669,27,4,,2,9,,106667,27,4,,2,49,,106765,27,4,,2,9,,106718,27,4,,2,12,,106699,27,4,,2,10,,106759,27,4,,2,10,,106770,27,4,,2,10,,106798,27,4,,2,50,,106783,27,4,,2,10,,106794,27,4,,2,10,,106819,27,4,,2,10,,106662,27,4,,2,10,,106705,27,4,,2,10,,106722,27,4,,2,50,,106761,27,4,,2,10,,106670,27,4,,2,10,,106694,27,4,,2,10,,106805,27,4,,2,10,,106753,27,4,,2,10,,106710,27,4,,2,50,,106763,27,4,,2,10,,106813,27,4,,2,10,,106728,27,4,,2,10,,106677,27,4,,2,10,,106716,27,4,,2,10,,106707,27,4,,2,50,,106785,27,4,,2,10,,106823,27,4,,2,12,,106744,26,4,,2
