30501,'1',2535,,124045,30,0,34,2,20,,124039,30,0,34,2,55,,113773,30,0,34,2,15,,124047,30,0,34,2,15,,124041,30,0,34,2,10,,124040,30,0,34,2,50,,124038,30,0,34,2,20,,124037,30,0,34,2,10,,124043,30,0,34,2,10,,124044,30,0,34,2,60,,124036,30,0,34,2,20,,124046,30,0,34,2,20,,124042,30,0,34,2,70,,124035,30,0,34,2,30,,124034,30,0,34,2
30501,'2',2547,,124056,30,0,34,2,6,,124054,30,0,34,2,2,,124061,30,0,34,2,55,,121590,30,0,34,2,10,,124050,30,0,34,2,10,,124052,30,0,34,2,20,,118465,30,0,34,2,60,,124053,30,0,34,2,20,,124051,30,0,34,2,20,,124059,30,0,34,2,60,,124058,30,0,34,2,20,,124049,30,0,34,2,70,,124057,30,0,34,2,8,,124060,30,0,34,2,22,,124048,30,0,34,2,70,,124055,30,0,34,2
30501,'3',552,,124066,30,0,34,2,55,,124070,30,0,34,2,15,,124082,30,0,34,2,14,,124072,30,0,34,2,16,,124090,30,0,34,2,55,,124093,30,0,34,2,15,,124068,30,0,34,2,15,,124083,30,0,34,2,15,,124071,30,0,34,2,50,,124097,30,0,34,2,10,,124069,30,0,34,2,10,,124087,30,0,34,2,10,,124078,30,0,34,2,1710,,124096,30,0,34,2,10,,124073,30,0,34,2,50,,124091,30,0,34,2,10,,124086,30,0,34,2,12,,124095,30,0,34,2,20,,124094,30,0,34,2,7,,124080,30,0,34,2,53,,124085,30,0,34,2,20,,124079,30,0,34,2,10,,124092,30,0,34,2,70,,124077,30,0,34,2,30,,124065,30,0,34,2,8,,124064,30,0,34,2,62,,124062,30,0,34,2,20,,124088,30,0,34,2
30501,'5',2542,,124099,30,0,34,2,11,,92398,30,0,34,2,49,,124100,30,0,34,2,10,,124108,30,0,34,2,12,,124109,30,0,34,2,17,,118841,30,0,34,2,6,,124103,30,0,34,2,57,,124110,30,0,34,2,20,,124106,30,0,34,2,20,,124105,30,0,34,2,60,,124111,30,0,34,2,27,,124102,30,0,34,2,11,,124104,30,0,34,2,62,,124107,30,0,34,2,30,,124101,30,0,34,2
30601,'1',2552,,124197,33,0,11 12 7,2,50,,124209,33,,,2,10,,124206,33,0,11 12 7,2,10,,124205,33,0,11 12 7,2,10,,124199,33,,,2,10,,124207,33,0,11 12 7,2,10,,124210,33,,,2,5,,124204,33,,,2,45,,124202,33,0,11 12 7,2,20,,124208,33,0,11 12 7,2,20,,124195,33,0,11 12 7,2,65,,124193,33,0,11 12 7,2,15,,124200,33,0,11 12 7,2,20,,124203,33,0,11 12 7,2,60,,124211,33,0,11 12 7,2,20,,124215,33,0,11 12 7,2,20,,124194,33,,,2,58,,124198,33,,,2
30601,'2',2540,,124236,33,,,2,5,,124231,33,0,11 12 7,2,10,,124239,33,,,2,50,,124222,33,0,11 12 7,2,10,,118444,33,,,2,10,,124232,33,0,11 12 7,2,20,,124226,33,0,11 12 7,2,6,,124227,33,,,2,7,,124241,33,,,2,47,,124237,33,0,11 12 7,2,20,,124238,33,0,11 12 7,2,20,,124229,33,0,11 12 7,2,60,,124233,33,0,11 12 7,2,20,,124234,33,0,11 12 7,2,20,,124225,33,0,11 12 7,2,60,,124240,33,0,11 12 7,2,20,,124217,33,0,11 12 7,2,10,,124228,33,,,2,20,,124224,33,,,2,58,,124235,33,,,2
30601,'3',603,,124278,33,0,11 12 7,2,10,,124245,33,0,11 12 7,2,10,,124267,33,0,11 12 7,2,10,,124253,33,0,11 12 7,2,10,,124243,33,0,11 12 7,2,10,,124283,33,0,11 12 7,2,50,,124259,33,0,11 12 7,2,10,,124257,33,0,11 12 7,2,10,,124250,33,0,11 12 7,2,1826,,123129,33,,,2,52,,124249,33,0,11 12 7,2,10,,124291,33,,,2,10,,124242,33,0,11 12 7,2,9,,124251,33,,,2,9,,124268,33,,,2,2,,121870,33,0,11 12 7,2,9,,124286,33,,,2,51,,124288,33,0,11 12 7,2,20,,124282,33,0,11 12 7,2,20,,124273,33,0,11 12 7,2,60,,124265,33,0,11 12 7,2,20,,124272,33,0,11 12 7,2,20,,124274,33,0,11 12 7,2,60,,124277,33,0,11 12 7,2,20,,124246,33,0,11 12 7,2,15,,124280,33,0,11 12 7,2
30601,'5',2549,,124314,33,,,2,52,,124311,33,0,11 12 7,2,10,,124297,33,,,2,10,,124306,33,0,11 12 7,2,10,,124317,33,,,2,5,,124304,33,,,2,5,,124303,33,0,11 12 7,2,10,,124305,33,,,2,50,,124316,33,0,11 12 7,2,20,,124301,33,0,11 12 7,2,20,,124294,33,0,11 12 7,2,60,,124315,33,0,11 12 7,2,20,,124309,33,0,11 12 7,2,20,,124307,33,0,11 12 7,2,60,,124298,33,0,11 12 7,2,20,,124295,33,0,11 12 7,2,15,,124308,33,0,11 12 7,2
50501,'1',556,,128952,29,0,34,2,52,,129060,29,0,34,2,10,,128980,29,0,34,2,10,,129001,28,0,34,2,10,,129025,28,0,34,2,10,,129049,28,0,34,2,10,,129046,28,0,34,2,50,,128988,28,0,34,2,10,,128955,28,0,34,2,10,,129067,28,0,34,2,10,,128981,28,0,34,2,10,,129092,28,0,34,2,10,,128931,28,0,34,2,51,,128937,28,0,34,2,8,,128968,28,0,34,2,6,,128918,28,0,34,2,6,,129042,28,0,34,2,6,,129022,28,0,34,2,6,,129101,28,0,34,2,6,,128960,28,0,34,2,6,,128983,28,0,34,2,6,,129044,28,0,34,2,46,,129018,28,0,34,2,6,,129014,28,0,34,2,6,,129003,28,0,34,2,6,,129000,28,0,34,2,6,,129013,28,0,34,2,6,,129036,28,0,34,2,6,,128986,28,0,34,2,6,,128985,28,0,34,2,6,,129037,28,0,34,2,6,,128975,28,0,34,2,46,,129002,28,0,34,2,6,,129016,28,0,34,2,11,,129034,28,0,34,2,6,,129053,28,0,34,2,6,,129019,28,0,34,2,6,,129058,28,0,34,2,6,,129007,28,0,34,2,6,,129038,28,0,34,2,6,,129026,28,0,34,2,46,,128928,28,0,34,2,6,,129009,28,0,34,2,6,,129082,28,0,34,2,6,,129069,28,0,34,2,6,,128965,28,0,34,2,6,,128950,28,0,34,2,6,,129074,28,0,34,2,6,,119891,28,0,34,2,6,,129090,28,0,34,2,6,,129088,28,0,34,2,46,,112361,28,0,34,2,6,,129073,28,0,34,2,6,,129047,28,0,34,2,6,,128991,28,0,34,2,6,,128923,28,0,34,2,6,,129078,28,0,34,2,6,,129030,28,0,34,2,6,,129045,28,0,34,2,6,,129062,28,0,34,2,6,,129095,28,0,34,2,46,,128961,28,0,34,2,6,,128939,28,0,34,2,6,,129008,28,0,34,2,6,,129094,28,0,34,2,6,,129080,28,0,34,2,6,,128979,28,0,34,2,6,,128951,28,0,34,2,6,,129029,28,0,34,2,6,,128974,28,0,34,2,6,,128997,28,0,34,2,46,,128944,28,0,34,2,6,,128982,28,0,34,2,6,,129050,28,0,34,2,6,,128933,28,0,34,2,6,,128930,28,0,34,2,6,,128978,28,0,34,2,6,,128970,28,0,34,2,6,,111265,28,0,34,2,6,,128956,28,0,34,2,7,,128927,28,0,34,2,48,,128946,28,0,34,2,6,,128932,28,0,34,2,6,,129041,28,0,34,2,6,,128943,28,0,34,2,6,,129043,28,0,34,2,6,,128993,28,0,34,2,6,,128957,28,0,34,2,6,,128990,28,0,34,2,6,,128925,28,0,34,2,46,,128935,28,0,34,2,6,,129096,28,0,34,2,6,,128962,28,0,34,2,6,,128938,28,0,34,2,6,,128948,28,0,34,2,6,,128971,28,0,34,2,6,,129089,28,0,34,2,6,,129015,28,0,34,2,6,,128984,28,0,34,2,6,,129087,28,0,34,2,46,,129063,28,0,34,2,6,,128949,28,0,34,2,6,,129033,28,0,34,2,6,,128936,28,0,34,2,6,,129068,28,0,34,2,6,,129064,28,0,34,2,6,,129021,28,0,34,2,6,,129056,28,0,34,2,6,,129079,28,0,34,2,6,,128999,28,0,34,2,46,,128994,28,0,34,2,6,,128969,28,0,34,2,6,,128924,28,0,34,2,6,,129057,28,0,34,2,6,,129012,28,0,34,2,6,,128941,28,0,34,2,6,,128992,28,0,34,2,6,,129039,28,0,34,2,6,,118389,28,0,34,2,6,,128926,28,0,34,2,46,,129100,28,0,34,2,6,,129023,28,0,34,2,6,,129071,28,0,34,2,6,,129098,28,0,34,2,6,,129085,28,0,34,2,6,,129010,28,0,34,2,6,,128921,28,0,34,2,6,,128947,28,0,34,2,8,,129054,28,0,34,2,3,,128987,28,0,34,2,46,,128963,28,0,34,2,5,,128976,28,0,34,2,3,,129086,28,0,34,2,3,,128940,28,0,34,2,5,,129059,28,0,34,2,10,,128964,28,0,34,2,5,,129081,28,0,34,2,5,,128972,28,0,34,2,5,,128966,28,0,34,2,5,,129031,28,0,34,2,10,,129028,28,0,34,2,50,,129091,28,0,34,2,10,,129076,28,0,34,2,10,,128934,28,0,34,2,10,,128945,28,0,34,2,10,,129011,28,0,34,2,10,,129075,28,0,34,2,50,,129020,28,0,34,2,7,,128989,28,0,34,2,7,,119905,28,0,34,2,11,,128953,28,0,34,2,10,,129072,28,0,34,2,10,,129083,28,0,34,2,50,,128929,28,0,34,2,10,,129048,28,0,34,2,10,,128977,28,0,34,2,10,,128973,28,0,34,2,10,,129061,28,0,34,2,10,,129066,28,0,34,2,50,,129004,28,0,34,2,10,,128959,28,0,34,2,10,,129052,28,0,34,2,10,,128998,28,0,34,2,10,,129024,28,0,34,2,10,,129055,28,0,34,2,50,,110189,28,0,34,2,10,,128922,28,0,34,2,10,,129035,28,0,34,2,10,,129005,28,0,34,2,15,,128954,28,0,34,2
50501,'2',549,,129223,29,0,34,2,55,,129233,29,0,34,2,10,,129132,29,0,34,2,10,,129221,29,0,34,2,10,,129250,28,0,34,2,10,,129196,28,0,34,2,10,,129256,28,0,34,2,50,,129270,28,0,34,2,10,,129247,28,0,34,2,10,,129212,28,0,34,2,10,,129135,28,0,34,2,10,,129267,28,0,34,2,13,,129264,28,0,34,2,52,,129183,28,0,34,2,10,,129124,28,0,34,2,13,,129178,28,0,34,2,11,,129198,28,0,34,2,8,,129133,28,0,34,2,6,,129136,28,0,34,2,46,,129193,28,0,34,2,6,,129253,28,0,34,2,6,,129237,28,0,34,2,6,,129146,28,0,34,2,6,,129137,28,0,34,2,6,,129201,28,0,34,2,6,,129243,28,0,34,2,6,,129123,28,0,34,2,6,,129204,28,0,34,2,6,,129259,28,0,34,2,46,,129140,28,0,34,2,6,,129180,28,0,34,2,6,,129110,28,0,34,2,6,,108184,28,0,34,2,6,,129228,28,0,34,2,6,,129227,28,0,34,2,6,,129235,28,0,34,2,6,,129143,28,0,34,2,6,,129167,28,0,34,2,6,,129159,28,0,34,2,46,,129177,28,0,34,2,6,,129251,28,0,34,2,6,,120168,28,0,34,2,6,,129171,28,0,34,2,6,,129254,28,0,34,2,6,,114916,28,0,34,2,6,,129224,28,0,34,2,6,,129113,28,0,34,2,6,,129262,28,0,34,2,6,,129156,28,0,34,2,46,,108835,28,0,34,2,6,,129118,28,0,34,2,6,,129127,28,0,34,2,6,,129242,28,0,34,2,8,,129239,28,0,34,2,9,,129165,28,0,34,2,7,,129104,28,0,34,2,5,,129184,28,0,34,2,6,,129232,28,0,34,2,46,,129172,28,0,34,2,6,,129169,28,0,34,2,6,,129214,28,0,34,2,6,,114047,28,0,34,2,6,,129222,28,0,34,2,6,,129203,28,0,34,2,6,,129122,28,0,34,2,6,,129107,28,0,34,2,6,,129188,28,0,34,2,6,,129162,28,0,34,2,46,,129170,28,0,34,2,6,,129210,28,0,34,2,6,,129111,28,0,34,2,6,,129268,28,0,34,2,6,,129238,28,0,34,2,6,,129240,28,0,34,2,6,,129205,28,0,34,2,6,,129109,28,0,34,2,6,,129213,28,0,34,2,6,,129192,28,0,34,2,46,,129187,28,0,34,2,6,,129265,28,0,34,2,6,,129202,28,0,34,2,6,,129215,28,0,34,2,6,,129164,28,0,34,2,6,,129141,28,0,34,2,6,,129185,28,0,34,2,6,,129244,28,0,34,2,6,,114970,28,0,34,2,6,,129160,28,0,34,2,46,,117354,28,0,34,2,6,,129269,28,0,34,2,6,,129174,28,0,34,2,6,,129257,28,0,34,2,6,,129176,28,0,34,2,6,,129175,28,0,34,2,6,,129149,28,0,34,2,6,,129260,28,0,34,2,6,,129246,28,0,34,2,6,,129219,28,0,34,2,46,,129252,28,0,34,2,6,,129150,28,0,34,2,6,,129145,28,0,34,2,6,,129218,28,0,34,2,6,,129163,28,0,34,2,6,,129226,28,0,34,2,6,,129103,28,0,34,2,6,,129245,28,0,34,2,6,,129225,28,0,34,2,6,,129108,28,0,34,2,46,,129166,28,0,34,2,6,,129190,28,0,34,2,6,,129216,28,0,34,2,6,,129157,28,0,34,2,6,,129120,28,0,34,2,6,,129248,28,0,34,2,6,,129255,28,0,34,2,6,,129236,28,0,34,2,6,,129217,28,0,34,2,6,,129207,28,0,34,2,46,,129209,28,0,34,2,6,,129154,28,0,34,2,6,,129102,28,0,34,2,6,,129195,28,0,34,2,8,,129263,28,0,34,2,9,,129220,28,0,34,2,9,,129142,28,0,34,2,8,,129191,28,0,34,2,50,,129194,28,0,34,2,10,,129121,28,0,34,2,5,,129155,28,0,34,2,5,,129161,28,0,34,2,10,,129231,28,0,34,2,10,,129134,28,0,34,2,5,,129241,28,0,34,2,5,,129189,28,0,34,2,50,,129229,28,0,34,2,10,,129125,28,0,34,2,10,,129115,28,0,34,2,10,,129182,28,0,34,2,10,,129206,28,0,34,2,10,,129131,28,0,34,2,50,,129179,28,0,34,2,10,,129129,28,0,34,2,8,,129199,28,0,34,2,8,,129112,28,0,34,2,9,,129126,28,0,34,2,12,,129211,28,0,34,2,50,,129147,28,0,34,2,10,,129130,28,0,34,2,10,,129153,28,0,34,2,5,,129117,28,0,34,2,5,,129148,28,0,34,2,10,,129261,28,0,34,2,10,,129105,28,0,34,2,50,,129186,28,0,34,2,10,,129114,28,0,34,2,10,,129200,28,0,34,2,10,,129234,28,0,34,2,10,,129230,28,0,34,2,10,,129173,28,0,34,2,50,,129119,28,0,34,2,9,,129128,28,0,34,2,7,,129208,28,0,34,2,7,,110619,28,0,34,2,13,,129139,28,0,34,2
50501,'3',842,,129289,28,0,34,2,10,,129341,28,0,34,2,50,,129306,28,0,34,2,10,,114126,28,0,34,2,12,,129398,28,0,34,2,13,,129314,28,0,34,2,10,,129276,28,0,34,2,6,,129284,28,0,34,2,6,,129288,28,0,34,2,46,,129406,28,0,34,2,6,,129275,28,0,34,2,6,,129295,28,0,34,2,6,,129371,28,0,34,2,6,,129383,28,0,34,2,6,,129300,28,0,34,2,6,,129282,28,0,34,2,6,,129361,28,0,34,2,6,,120973,28,0,34,2,6,,129287,28,0,34,2,46,,129402,28,0,34,2,6,,123125,28,0,34,2,6,,117516,28,0,34,2,6,,129286,28,0,34,2,6,,129293,28,0,34,2,6,,129375,28,0,34,2,6,,129297,28,0,34,2,6,,129310,28,0,34,2,6,,129397,28,0,34,2,6,,129273,28,0,34,2,46,,129351,28,0,34,2,8,,129365,28,0,34,2,6,,129388,28,0,34,2,8,,129340,28,0,34,2,6,,129339,28,0,34,2,10,,129345,28,0,34,2,6,,129360,28,0,34,2,6,,129396,28,0,34,2,46,,129290,28,0,34,2,6,,129317,28,0,34,2,6,,129389,28,0,34,2,6,,129296,28,0,34,2,6,,129358,28,0,34,2,6,,129324,28,0,34,2,6,,129329,28,0,34,2,6,,129363,28,0,34,2,6,,129405,28,0,34,2,6,,129281,28,0,34,2,46,,129373,28,0,34,2,6,,129391,28,0,34,2,6,,129321,28,0,34,2,6,,129349,28,0,34,2,6,,129379,28,0,34,2,6,,129395,28,0,34,2,6,,129356,28,0,34,2,6,,116727,28,0,34,2,6,,129362,28,0,34,2,6,,129331,28,0,34,2,46,,129343,28,0,34,2,6,,129378,28,0,34,2,6,,117956,28,0,34,2,6,,129392,28,0,34,2,6,,129410,28,0,34,2,6,,129299,28,0,34,2,6,,129308,28,0,34,2,6,,129320,28,0,34,2,6,,129407,28,0,34,2,6,,129277,28,0,34,2,46,,129376,28,0,34,2,6,,129336,28,0,34,2,6,,129347,28,0,34,2,6,,129386,28,0,34,2,6,,129382,28,0,34,2,6,,129412,28,0,34,2,6,,129279,28,0,34,2,6,,129305,28,0,34,2,6,,129301,28,0,34,2,6,,129377,28,0,34,2,46,,129384,28,0,34,2,6,,129325,28,0,34,2,6,,129348,28,0,34,2,6,,129323,28,0,34,2,6,,129374,28,0,34,2,6,,129338,28,0,34,2,6,,129387,28,0,34,2,6,,129414,28,0,34,2,6,,129272,28,0,34,2,6,,129364,28,0,34,2,46,,129372,28,0,34,2,6,,129319,28,0,34,2,6,,129353,28,0,34,2,6,,129367,28,0,34,2,6,,129327,28,0,34,2,6,,129354,28,0,34,2,6,,129291,28,0,34,2,6,,129335,28,0,34,2,6,,129274,28,0,34,2,6,,129385,28,0,34,2,46,,129399,28,0,34,2,6,,129333,28,0,34,2,6,,129334,28,0,34,2,6,,129357,28,0,34,2,6,,129394,28,0,34,2,6,,129366,28,0,34,2,6,,129344,28,0,34,2,6,,129294,28,0,34,2,4,,129298,28,0,34,2,8,,129280,28,0,34,2,4,,129342,28,0,34,2,44,,129304,28,0,34,2,5,,129370,28,0,34,2,5,,129332,28,0,34,2,10,,129311,28,0,34,2,5,,129328,28,0,34,2,5,,129330,28,0,34,2,5,,129312,28,0,34,2,5,,129352,28,0,34,2,5,,129346,28,0,34,2,5,,129393,28,0,34,2,50,,129355,28,0,34,2,10,,129318,28,0,34,2,10,,129322,28,0,34,2,10,,111805,28,0,34,2,10,,129315,28,0,34,2,10,,129403,28,0,34,2,50,,129283,28,0,34,2,10,,129350,28,0,34,2,7,,129271,28,0,34,2,8,,129326,28,0,34,2,8,,129337,28,0,34,2,9,,129369,28,0,34,2,10,,129413,28,0,34,2,50,,129359,28,0,34,2,10,,129368,28,0,34,2,10,,129411,28,0,34,2,10,,116858,28,0,34,2,10,,110727,28,0,34,2,10,,129408,28,0,34,2,50,,129313,28,0,34,2,10,,129390,28,0,34,2,10,,129404,28,0,34,2,10,,129303,28,0,34,2,10,,129307,28,0,34,2,10,,129316,28,0,34,2,50,,129292,28,0,34,2,10,,123160,28,0,34,2,10,,129381,28,0,34,2,10,,129401,28,0,34,2
50501,'5',552,,129504,29,0,34,2,61,,129426,29,0,34,2,15,,129486,29,0,34,2,15,,129581,28,0,34,2,15,,129423,28,0,34,2,55,,129430,28,0,34,2,15,,129543,28,0,34,2,14,,129519,28,0,34,2,10,,129442,28,0,34,2,50,,129459,28,0,34,2,10,,129559,28,0,34,2,10,,129415,28,0,34,2,10,,129576,28,0,34,2,10,,129567,28,0,34,2,10,,129531,28,0,34,2,50,,129539,28,0,34,2,10,,129456,28,0,34,2,12,,129491,28,0,34,2,13,,129479,28,0,34,2,10,,129450,28,0,34,2,6,,129481,28,0,34,2,6,,129435,28,0,34,2,46,,129422,28,0,34,2,6,,129555,28,0,34,2,6,,114431,28,0,34,2,6,,129472,28,0,34,2,6,,129474,28,0,34,2,6,,129477,28,0,34,2,6,,129483,28,0,34,2,6,,129577,28,0,34,2,6,,129498,28,0,34,2,6,,129570,28,0,34,2,46,,129439,28,0,34,2,6,,129542,28,0,34,2,6,,129537,28,0,34,2,6,,129508,28,0,34,2,6,,129499,28,0,34,2,6,,129518,28,0,34,2,6,,129473,28,0,34,2,6,,110997,28,0,34,2,6,,129541,28,0,34,2,6,,129503,28,0,34,2,46,,129569,28,0,34,2,8,,129515,28,0,34,2,6,,129478,28,0,34,2,8,,129533,28,0,34,2,6,,129429,28,0,34,2,10,,129580,28,0,34,2,6,,129421,28,0,34,2,6,,129448,28,0,34,2,46,,129560,28,0,34,2,6,,129522,28,0,34,2,6,,129446,28,0,34,2,6,,129470,28,0,34,2,6,,129556,28,0,34,2,6,,129436,28,0,34,2,6,,129495,28,0,34,2,6,,129502,28,0,34,2,6,,129497,28,0,34,2,6,,129488,28,0,34,2,46,,129487,28,0,34,2,6,,129468,28,0,34,2,6,,129428,28,0,34,2,6,,129505,28,0,34,2,6,,129566,28,0,34,2,6,,111131,28,0,34,2,6,,129420,28,0,34,2,6,,129501,28,0,34,2,6,,129463,28,0,34,2,6,,129554,28,0,34,2,46,,129557,28,0,34,2,6,,129523,28,0,34,2,6,,129460,28,0,34,2,6,,129513,28,0,34,2,6,,129416,28,0,34,2,6,,129449,28,0,34,2,6,,129568,28,0,34,2,6,,108462,28,0,34,2,6,,129453,28,0,34,2,6,,129582,28,0,34,2,46,,129418,28,0,34,2,6,,129471,28,0,34,2,6,,129536,28,0,34,2,6,,129548,28,0,34,2,6,,129564,28,0,34,2,6,,129558,28,0,34,2,6,,129525,28,0,34,2,6,,129445,28,0,34,2,6,,129532,28,0,34,2,6,,120395,28,0,34,2,46,,129550,28,0,34,2,6,,129514,28,0,34,2,6,,129562,28,0,34,2,6,,129511,28,0,34,2,6,,129551,28,0,34,2,6,,129466,28,0,34,2,6,,129517,28,0,34,2,6,,129565,28,0,34,2,6,,114460,28,0,34,2,6,,129544,28,0,34,2,46,,129454,28,0,34,2,6,,129458,28,0,34,2,6,,129545,28,0,34,2,6,,129424,28,0,34,2,6,,129464,28,0,34,2,6,,129433,28,0,34,2,6,,129494,28,0,34,2,6,,129476,28,0,34,2,6,,129425,28,0,34,2,6,,129507,28,0,34,2,46,,129500,28,0,34,2,6,,129493,28,0,34,2,6,,129524,28,0,34,2,6,,129455,28,0,34,2,6,,129553,28,0,34,2,6,,129443,28,0,34,2,6,,129547,28,0,34,2,6,,129563,28,0,34,2,4,,129520,28,0,34,2,8,,129506,28,0,34,2,47,,129427,28,0,34,2,1,,129490,28,0,34,2,8,,129469,28,0,34,2,2,,129540,28,0,34,2,10,,129572,28,0,34,2,8,,129447,28,0,34,2,2,,129512,28,0,34,2,8,,129496,28,0,34,2,2,,129516,28,0,34,2,8,,129457,28,0,34,2,2,,129451,28,0,34,2,50,,129530,28,0,34,2,10,,129482,28,0,34,2,10,,129485,28,0,34,2,10,,129452,28,0,34,2,10,,129438,28,0,34,2,10,,129440,28,0,34,2,50,,122226,28,0,34,2,10,,129434,28,0,34,2,7,,129441,28,0,34,2,8,,129437,28,0,34,2,8,,129546,28,0,34,2,9,,129480,28,0,34,2,10,,129461,28,0,34,2,50,,129578,28,0,34,2,10,,129467,28,0,34,2,10,,129417,28,0,34,2,10,,129574,28,0,34,2,10,,129534,28,0,34,2,10,,129549,28,0,34,2,50,,129529,28,0,34,2,10,,129489,28,0,34,2,10,,129552,28,0,34,2,10,,129575,28,0,34,2,10,,129579,28,0,34,2,9,,129528,28,0,34,2,51,,129535,28,0,34,2,10,,129527,28,0,34,2,10,,129462,28,0,34,2,10,,129431,28,0,34,2
50601,'1',549,,130473,33,0,11 12 7,2,52,,130479,33,0,11 12 7,2,10,,130394,33,0,11 12 7,2,10,,130481,33,0,11 12 7,2,10,,130419,33,0,11 12 7,2,10,,130471,33,0,11 12 7,2,10,,130281,33,0,11 12 7,2,50,,130500,33,0,11 12 7,2,11,,130402,33,0,11 12 7,2,12,,130323,33,0,11 12 7,2,12,,112224,33,0,11 12 7,2,11,,130258,33,0,11 12 7,2,10,,130255,33,0,11 12 7,2,50,,130448,33,0,11 12 7,2,10,,130496,33,0,11 12 7,2,10,,130336,33,0,11 12 7,2,10,,130319,33,0,11 12 7,2,10,,116442,33,0,11 12 7,2,10,,130287,33,0,11 12 7,2,50,,130459,33,0,11 12 7,2,10,,130435,33,0,11 12 7,2,10,,130403,33,0,11 12 7,2,10,,130259,33,0,11 12 7,2,10,,130406,33,0,11 12 7,2,10,,130458,33,0,11 12 7,2,50,,130320,33,0,11 12 7,2,11,,130413,33,0,11 12 7,2,14,,130401,33,0,11 12 7,2,13,,130376,33,0,11 12 7,2,11,,130380,33,0,11 12 7,2,50,,130387,33,0,11 12 7,2,10,,130414,33,0,11 12 7,2,10,,130308,33,0,11 12 7,2,10,,130292,33,0,11 12 7,2,10,,130488,33,0,11 12 7,2,10,,130362,33,0,11 12 7,2,50,,130400,33,0,11 12 7,2,10,,130491,33,0,11 12 7,2,10,,130345,33,0,11 12 7,2,10,,130446,33,0,11 12 7,2,10,,130331,33,0,11 12 7,2,10,,130467,33,0,11 12 7,2,50,,130423,33,0,11 12 7,2,10,,130369,33,0,11 12 7,2,10,,130405,33,0,11 12 7,2,10,,130439,33,0,11 12 7,2,10,,130377,33,0,11 12 7,2,10,,130465,33,0,11 12 7,2,50,,130464,33,0,11 12 7,2,10,,130415,33,0,11 12 7,2,10,,108700,33,0,11 12 7,2,10,,110378,33,0,11 12 7,2,10,,130334,33,0,11 12 7,2,10,,130476,33,0,11 12 7,2,50,,130393,33,0,11 12 7,2,10,,130264,33,0,11 12 7,2,12,,130346,33,0,11 12 7,2,11,,130388,33,0,11 12 7,2,11,,130304,33,0,11 12 7,2,50,,130493,33,0,11 12 7,2,10,,130332,33,0,11 12 7,2,10,,130256,33,0,11 12 7,2,10,,130249,33,0,11 12 7,2,10,,130424,33,0,11 12 7,2,10,,130337,33,0,11 12 7,2,50,,130341,33,0,11 12 7,2,10,,130397,33,0,11 12 7,2,10,,130456,33,0,11 12 7,2,10,,130268,33,0,11 12 7,2,10,,130329,33,0,11 12 7,2,10,,130257,33,0,11 12 7,2,50,,130340,33,0,11 12 7,2,10,,130280,33,0,11 12 7,2,10,,130275,33,0,11 12 7,2,10,,130307,33,0,11 12 7,2,10,,130396,33,0,11 12 7,2,10,,108175,33,0,11 12 7,2,50,,130470,33,0,11 12 7,2,10,,130450,33,0,11 12 7,2,10,,130443,33,0,11 12 7,2,10,,130333,33,0,11 12 7,2,10,,130372,33,0,11 12 7,2,10,,130474,33,0,11 12 7,2,50,,130409,33,0,11 12 7,2,8,,130457,33,0,11 12 7,2,8,,130485,33,0,11 12 7,2,6,,110255,33,0,11 12 7,2,9,,130370,33,0,11 12 7,2,10,,130504,33,0,11 12 7,2,10,,130503,33,0,11 12 7,2,50,,130381,33,0,11 12 7,2,10,,130386,33,0,11 12 7,2,10,,130279,33,0,11 12 7,2,10,,130463,33,0,11 12 7,2,10,,130437,33,0,11 12 7,2,2,,130326,33,,,2,5,,130261,33,,,2,3,,112317,33,0,11 12 7,2,50,,130328,33,0,11 12 7,2,10,,130420,33,0,11 12 7,2,10,,130418,33,0,11 12 7,2,10,,130373,33,0,11 12 7,2,7,,130382,33,0,11 12 7,2,7,,130360,33,0,11 12 7,2,9,,130299,33,0,11 12 7,2,50,,130289,33,0,11 12 7,2,10,,130297,33,0,11 12 7,2,10,,130364,33,0,11 12 7,2,10,,130359,33,0,11 12 7,2,10,,130324,33,0,11 12 7,2,10,,130293,33,0,11 12 7,2,50,,130365,33,0,11 12 7,2,10,,130291,33,0,11 12 7,2,10,,130390,33,0,11 12 7,2,10,,130486,33,0,11 12 7,2,10,,130475,33,0,11 12 7,2,10,,130253,33,0,11 12 7,2,50,,130460,33,0,11 12 7,2,10,,130306,33,0,11 12 7,2,10,,130451,33,0,11 12 7,2,10,,130434,33,0,11 12 7,2,10,,130408,33,0,11 12 7,2,4,,130422,33,0,11 12 7,2
50601,'2',629,,130642,33,0,11 12 7,2,10,,130606,33,0,11 12 7,2,10,,130730,33,0,11 12 7,2,10,,130681,33,0,11 12 7,2,50,,130550,33,0,11 12 7,2,10,,130634,33,0,11 12 7,2,10,,130686,33,0,11 12 7,2,10,,130698,33,0,11 12 7,2,12,,130736,33,0,11 12 7,2,53,,130567,33,0,11 12 7,2,11,,130525,33,0,11 12 7,2,11,,130547,33,0,11 12 7,2,12,,130753,33,0,11 12 7,2,10,,130552,33,0,11 12 7,2,10,,130516,33,0,11 12 7,2,50,,130707,33,0,11 12 7,2,10,,130723,33,0,11 12 7,2,10,,130743,33,0,11 12 7,2,10,,130654,33,0,11 12 7,2,10,,130722,33,0,11 12 7,2,10,,130691,33,0,11 12 7,2,50,,130528,33,0,11 12 7,2,10,,130620,33,0,11 12 7,2,10,,130732,33,0,11 12 7,2,10,,130733,33,0,11 12 7,2,10,,130590,33,0,11 12 7,2,10,,130517,33,0,11 12 7,2,50,,130682,33,0,11 12 7,2,10,,130693,33,0,11 12 7,2,10,,130740,33,0,11 12 7,2,10,,130519,33,0,11 12 7,2,10,,130725,33,0,11 12 7,2,11,,130750,33,0,11 12 7,2,52,,130744,33,0,11 12 7,2,12,,130648,33,0,11 12 7,2,13,,130558,33,0,11 12 7,2,10,,130639,33,0,11 12 7,2,10,,130589,33,0,11 12 7,2,50,,130653,33,0,11 12 7,2,10,,130660,33,0,11 12 7,2,10,,130601,33,0,11 12 7,2,10,,130717,33,0,11 12 7,2,10,,130628,33,0,11 12 7,2,10,,110586,33,0,11 12 7,2,50,,130631,33,0,11 12 7,2,10,,130649,33,0,11 12 7,2,10,,130728,33,0,11 12 7,2,10,,108296,33,0,11 12 7,2,10,,130536,33,0,11 12 7,2,10,,130741,33,0,11 12 7,2,50,,130600,33,0,11 12 7,2,10,,130704,33,0,11 12 7,2,10,,130677,33,0,11 12 7,2,10,,130652,33,0,11 12 7,2,10,,130711,33,0,11 12 7,2,10,,130540,33,0,11 12 7,2,50,,130596,33,0,11 12 7,2,10,,130505,33,0,11 12 7,2,10,,130565,33,0,11 12 7,2,10,,130661,33,0,11 12 7,2,10,,130712,33,0,11 12 7,2,10,,130595,33,0,11 12 7,2,50,,130532,33,0,11 12 7,2,10,,130710,33,0,11 12 7,2,10,,130675,33,0,11 12 7,2,10,,130573,33,0,11 12 7,2,10,,130742,33,0,11 12 7,2,10,,130521,33,0,11 12 7,2,50,,130746,33,0,11 12 7,2,10,,130755,33,0,11 12 7,2,10,,130673,33,0,11 12 7,2,10,,122905,33,0,11 12 7,2,10,,130726,33,0,11 12 7,2,10,,130551,33,0,11 12 7,2,50,,130645,33,0,11 12 7,2,10,,130512,33,0,11 12 7,2,10,,130709,33,0,11 12 7,2,9,,130577,33,0,11 12 7,2,10,,130665,33,0,11 12 7,2,10,,130727,33,0,11 12 7,2,50,,130581,33,0,11 12 7,2,10,,130668,33,0,11 12 7,2,10,,130719,33,0,11 12 7,2,10,,130543,33,0,11 12 7,2,10,,130510,33,0,11 12 7,2,10,,130518,33,0,11 12 7,2,50,,130592,33,0,11 12 7,2,10,,130666,33,0,11 12 7,2,5,,130633,33,,,2,5,,117376,33,0,11 12 7,2,7,,130506,33,0,11 12 7,2,8,,130569,33,0,11 12 7,2,9,,130576,33,0,11 12 7,2,10,,130534,33,0,11 12 7,2,50,,130563,33,0,11 12 7,2,10,,130608,33,0,11 12 7,2,10,,130718,33,0,11 12 7,2,10,,130557,33,0,11 12 7,2,10,,130696,33,0,11 12 7,2,10,,130734,33,0,11 12 7,2,50,,130609,33,0,11 12 7,2,10,,130594,33,0,11 12 7,2,10,,130705,33,0,11 12 7,2,10,,130714,33,0,11 12 7,2,10,,130739,33,0,11 12 7,2,10,,130585,33,0,11 12 7,2,50,,130761,33,0,11 12 7,2,10,,130762,33,0,11 12 7,2,10,,130708,33,0,11 12 7,2,10,,130702,33,0,11 12 7,2,10,,130669,33,0,11 12 7,2,10,,130523,33,0,11 12 7,2,50,,130611,33,0,11 12 7,2,10,,130646,33,0,11 12 7,2,10,,130640,33,0,11 12 7,2,11,,116630,33,0,11 12 7,2,3,,130748,33,0,11 12 7,2
50601,'3',734,,130886,33,0,11 12 7,2,10,,130826,33,0,11 12 7,2,10,,130807,33,0,11 12 7,2,50,,130799,33,0,11 12 7,2,11,,130899,33,0,11 12 7,2,13,,130780,33,0,11 12 7,2,11,,130767,33,0,11 12 7,2,10,,130910,33,0,11 12 7,2,10,,130790,33,0,11 12 7,2,50,,130862,33,0,11 12 7,2,10,,130833,33,0,11 12 7,2,10,,130869,33,0,11 12 7,2,10,,130765,33,0,11 12 7,2,10,,130859,33,0,11 12 7,2,10,,130970,33,0,11 12 7,2,50,,130892,33,0,11 12 7,2,10,,130884,33,0,11 12 7,2,10,,130916,33,0,11 12 7,2,10,,130962,33,0,11 12 7,2,10,,130816,33,0,11 12 7,2,10,,130959,33,0,11 12 7,2,50,,130935,33,0,11 12 7,2,10,,130891,33,0,11 12 7,2,10,,130871,33,0,11 12 7,2,10,,130803,33,0,11 12 7,2,10,,130924,33,0,11 12 7,2,10,,130974,33,0,11 12 7,2,50,,130933,33,0,11 12 7,2,10,,130844,33,0,11 12 7,2,11,,130888,33,0,11 12 7,2,13,,130941,33,0,11 12 7,2,13,,130827,33,0,11 12 7,2,50,,130979,33,0,11 12 7,2,10,,130950,33,0,11 12 7,2,10,,130850,33,0,11 12 7,2,10,,130919,33,0,11 12 7,2,10,,130948,33,0,11 12 7,2,10,,130861,33,0,11 12 7,2,50,,130976,33,0,11 12 7,2,10,,130937,33,0,11 12 7,2,10,,130821,33,0,11 12 7,2,10,,130770,33,0,11 12 7,2,10,,130837,33,0,11 12 7,2,10,,130835,33,0,11 12 7,2,50,,130841,33,0,11 12 7,2,10,,130797,33,0,11 12 7,2,10,,130846,33,0,11 12 7,2,10,,130822,33,0,11 12 7,2,10,,130982,33,0,11 12 7,2,10,,130852,33,0,11 12 7,2,50,,130883,33,0,11 12 7,2,10,,130964,33,0,11 12 7,2,10,,130875,33,0,11 12 7,2,10,,130796,33,0,11 12 7,2,10,,130763,33,0,11 12 7,2,10,,130863,33,0,11 12 7,2,50,,130856,33,0,11 12 7,2,10,,130879,33,0,11 12 7,2,10,,130954,33,0,11 12 7,2,10,,130793,33,0,11 12 7,2,10,,130917,33,0,11 12 7,2,10,,130890,33,0,11 12 7,2,50,,130843,33,0,11 12 7,2,10,,130945,33,0,11 12 7,2,10,,130771,33,0,11 12 7,2,10,,130900,33,0,11 12 7,2,10,,130969,33,0,11 12 7,2,10,,130896,33,0,11 12 7,2,50,,130894,33,0,11 12 7,2,10,,130882,33,0,11 12 7,2,10,,130847,33,0,11 12 7,2,9,,130834,33,0,11 12 7,2,8,,130849,33,0,11 12 7,2,10,,130764,33,0,11 12 7,2,50,,114244,33,0,11 12 7,2,10,,130825,33,0,11 12 7,2,10,,130949,33,0,11 12 7,2,10,,130967,33,0,11 12 7,2,10,,130853,33,0,11 12 7,2,5,,130975,33,,,2,5,,130929,33,0,11 12 7,2,50,,130858,33,0,11 12 7,2,10,,130947,33,0,11 12 7,2,10,,130768,33,0,11 12 7,2,9,,130885,33,0,11 12 7,2,8,,130784,33,0,11 12 7,2,7,,130934,33,0,11 12 7,2,10,,130940,33,0,11 12 7,2,50,,130820,33,0,11 12 7,2,10,,130782,33,0,11 12 7,2,10,,123151,33,0,11 12 7,2,10,,130838,33,0,11 12 7,2,10,,130903,33,0,11 12 7,2,6,,130973,33,,,2,4,,130839,33,0,11 12 7,2,50,,130814,33,0,11 12 7,2,10,,130864,33,0,11 12 7,2,10,,130951,33,0,11 12 7,2,10,,130906,33,0,11 12 7,2,10,,130963,33,0,11 12 7,2,10,,130902,33,0,11 12 7,2,50,,130957,33,0,11 12 7,2,10,,130952,33,0,11 12 7,2,10,,130832,33,0,11 12 7,2,10,,130972,33,0,11 12 7,2,10,,130805,33,0,11 12 7,2,10,,130921,33,0,11 12 7,2,50,,130791,33,0,11 12 7,2,10,,130961,33,0,11 12 7,2,10,,130787,33,0,11 12 7,2,10,,130914,33,0,11 12 7,2,12,,130928,33,0,11 12 7,2
50601,'5',603,,131016,33,0,11 12 7,2,10,,131160,33,0,11 12 7,2,10,,130987,33,0,11 12 7,2,10,,115385,33,0,11 12 7,2,10,,130988,33,0,11 12 7,2,10,,131204,33,0,11 12 7,2,50,,131053,33,0,11 12 7,2,10,,131090,33,0,11 12 7,2,10,,131134,33,0,11 12 7,2,11,,131111,33,0,11 12 7,2,10,,131024,33,0,11 12 7,2,10,,131091,33,0,11 12 7,2,50,,131037,33,0,11 12 7,2,11,,131133,33,0,11 12 7,2,13,,131105,33,0,11 12 7,2,11,,131208,33,0,11 12 7,2,10,,131215,33,0,11 12 7,2,10,,131062,33,0,11 12 7,2,50,,131092,33,0,11 12 7,2,10,,131147,33,0,11 12 7,2,10,,131043,33,0,11 12 7,2,10,,131097,33,0,11 12 7,2,10,,131211,33,0,11 12 7,2,10,,131148,33,0,11 12 7,2,50,,115361,33,0,11 12 7,2,10,,131074,33,0,11 12 7,2,10,,131166,33,0,11 12 7,2,10,,131087,33,0,11 12 7,2,10,,131197,33,0,11 12 7,2,10,,131171,33,0,11 12 7,2,50,,131217,33,0,11 12 7,2,10,,131093,33,0,11 12 7,2,10,,131155,33,0,11 12 7,2,10,,131005,33,0,11 12 7,2,10,,131117,33,0,11 12 7,2,10,,131181,33,0,11 12 7,2,50,,131130,33,0,11 12 7,2,10,,131001,33,0,11 12 7,2,11,,131210,33,0,11 12 7,2,13,,131096,33,0,11 12 7,2,13,,131196,33,0,11 12 7,2,50,,131231,33,0,11 12 7,2,10,,130992,33,0,11 12 7,2,10,,131051,33,0,11 12 7,2,10,,131077,33,0,11 12 7,2,10,,131067,33,0,11 12 7,2,10,,131014,33,0,11 12 7,2,50,,131070,33,0,11 12 7,2,10,,131113,33,0,11 12 7,2,10,,131102,33,0,11 12 7,2,10,,131075,33,0,11 12 7,2,10,,131018,33,0,11 12 7,2,10,,131047,33,0,11 12 7,2,50,,131158,33,0,11 12 7,2,10,,131127,33,0,11 12 7,2,10,,131177,33,0,11 12 7,2,10,,131118,33,0,11 12 7,2,10,,131156,33,0,11 12 7,2,10,,131225,33,0,11 12 7,2,50,,131019,33,0,11 12 7,2,10,,130993,33,0,11 12 7,2,10,,131213,33,0,11 12 7,2,10,,131137,33,0,11 12 7,2,10,,131229,33,0,11 12 7,2,10,,131151,33,0,11 12 7,2,50,,131170,33,0,11 12 7,2,10,,131039,33,0,11 12 7,2,10,,131192,33,0,11 12 7,2,10,,131065,33,0,11 12 7,2,10,,131002,33,0,11 12 7,2,10,,131078,33,0,11 12 7,2,50,,131112,33,0,11 12 7,2,10,,131098,33,0,11 12 7,2,10,,131010,33,0,11 12 7,2,10,,131103,33,0,11 12 7,2,10,,131120,33,0,11 12 7,2,10,,131207,33,0,11 12 7,2,50,,130983,33,0,11 12 7,2,10,,131212,33,0,11 12 7,2,10,,131185,33,0,11 12 7,2,9,,131045,33,0,11 12 7,2,8,,131061,33,0,11 12 7,2,10,,131071,33,0,11 12 7,2,50,,130998,33,0,11 12 7,2,10,,131020,33,0,11 12 7,2,10,,118120,33,0,11 12 7,2,10,,131027,33,0,11 12 7,2,10,,131129,33,0,11 12 7,2,5,,131104,33,,,2,5,,131138,33,0,11 12 7,2,50,,131179,33,0,11 12 7,2,10,,131099,33,0,11 12 7,2,10,,131121,33,0,11 12 7,2,9,,131232,33,0,11 12 7,2,8,,131013,33,0,11 12 7,2,7,,131178,33,0,11 12 7,2,10,,131162,33,0,11 12 7,2,50,,131058,33,0,11 12 7,2,10,,131135,33,0,11 12 7,2,10,,131026,33,0,11 12 7,2,10,,131066,33,0,11 12 7,2,10,,131180,33,0,11 12 7,2,4,,131119,33,,,2,6,,131049,33,0,11 12 7,2,50,,131041,33,0,11 12 7,2,10,,131131,33,0,11 12 7,2,10,,131195,33,0,11 12 7,2,10,,131168,33,0,11 12 7,2,10,,131057,33,0,11 12 7,2,10,,131086,33,0,11 12 7,2,50,,131157,33,0,11 12 7,2,10,,131235,33,0,11 12 7,2,10,,131126,33,0,11 12 7,2,10,,131140,33,0,11 12 7,2,10,,131009,33,0,11 12 7,2,10,,131174,33,0,11 12 7,2,50,,131153,33,0,11 12 7,2,10,,131161,33,0,11 12 7,2,10,,130997,33,0,11 12 7,2,10,,131124,33,0,11 12 7,2,12,,131108,33,0,11 12 7,2
