30501,'1',2529,,124045,26,0,34,2,20,,124039,26,0,34,2,55,,113773,26,0,34,2,15,,124047,26,0,34,2,15,,124041,26,0,34,2,10,,124040,26,0,34,2,10,,124038,26,0,34,2,60,,124037,26,0,34,2,10,,124043,26,0,34,2,10,,124044,26,0,34,2,20,,124036,26,0,34,2,60,,124046,26,0,34,2,20,,124042,26,0,34,2,70,,124035,26,0,34,2,30,,124034,26,0,34,2
30501,'2',2541,,124056,26,0,34,2,6,,124054,26,0,34,2,2,,124061,26,0,34,2,55,,121590,26,0,34,2,10,,124050,26,0,34,2,10,,124052,26,0,34,2,20,,118465,26,0,34,2,60,,124053,26,0,34,2,20,,124051,26,0,34,2,20,,124059,26,0,34,2,60,,124058,26,0,34,2,20,,124049,26,0,34,2,30,,124057,26,0,34,2,48,,124060,26,0,34,2,22,,124048,26,0,34,2,30,,124055,26,0,34,2
30501,'3',545,,124066,26,0,34,2,55,,124070,26,0,34,2,15,,124082,26,0,34,2,14,,124072,26,0,34,2,16,,124090,26,0,34,2,55,,124093,26,0,34,2,15,,124068,26,0,34,2,15,,124083,26,0,34,2,15,,124071,26,0,34,2,10,,124097,26,0,34,2,50,,124069,26,0,34,2,10,,124087,26,0,34,2,10,,124078,26,0,34,2,1711,,124096,26,0,34,2,10,,124073,26,0,34,2,10,,124091,26,0,34,2,50,,124086,26,0,34,2,12,,124095,26,0,34,2,20,,124094,26,0,34,2,7,,124080,26,0,34,2,13,,124085,26,0,34,2,60,,124079,26,0,34,2,10,,124092,26,0,34,2,30,,124077,26,0,34,2,70,,124065,26,0,34,2,8,,124064,26,0,34,2,22,,124062,26,0,34,2,60,,124088,26,0,34,2
30501,'5',2536,,124099,26,0,34,2,11,,92398,26,0,34,2,9,,124100,26,0,34,2,50,,124108,26,0,34,2,12,,124109,26,0,34,2,17,,118841,26,0,34,2,6,,124103,26,0,34,2,17,,124110,26,0,34,2,60,,124106,26,0,34,2,20,,124105,26,0,34,2,20,,124111,26,0,34,2,67,,124102,26,0,34,2,11,,124104,26,0,34,2,22,,124107,26,0,34,2,70,,124101,26,0,34,2
30601,'1',2546,,124197,29,0,11 12 7,2,10,,124209,29,,,2,50,,124206,29,0,11 12 7,2,10,,124205,29,0,11 12 7,2,10,,124199,29,,,2,10,,124207,29,0,11 12 7,2,10,,124210,29,,,2,5,,124204,29,,,2,5,,124202,29,0,11 12 7,2,60,,124208,29,0,11 12 7,2,20,,124195,29,0,11 12 7,2,65,,124193,29,0,11 12 7,2,15,,124200,29,0,11 12 7,2,20,,124203,29,0,11 12 7,2,20,,124211,29,0,11 12 7,2,60,,124215,29,0,11 12 7,2,20,,124194,29,,,2,18,,124198,29,,,2
30601,'2',2534,,124236,29,,,2,5,,124231,29,0,11 12 7,2,10,,124239,29,,,2,10,,124222,29,0,11 12 7,2,50,,118444,29,,,2,10,,124232,29,0,11 12 7,2,20,,124226,29,0,11 12 7,2,6,,124227,29,,,2,7,,124241,29,,,2,7,,124237,29,0,11 12 7,2,60,,124238,29,0,11 12 7,2,20,,124229,29,0,11 12 7,2,20,,124233,29,0,11 12 7,2,60,,124234,29,0,11 12 7,2,20,,124225,29,0,11 12 7,2,20,,124240,29,0,11 12 7,2,60,,124217,29,0,11 12 7,2,10,,124228,29,,,2,20,,124224,29,,,2,58,,124235,29,,,2
30601,'3',557,,124278,29,0,11 12 7,2,50,,124245,29,0,11 12 7,2,10,,124267,29,0,11 12 7,2,10,,124253,29,0,11 12 7,2,10,,124243,29,0,11 12 7,2,10,,124283,29,0,11 12 7,2,10,,124259,29,0,11 12 7,2,50,,124257,29,0,11 12 7,2,10,,124250,29,0,11 12 7,2,1826,,123129,29,,,2,12,,124249,29,0,11 12 7,2,50,,124291,29,,,2,10,,124242,29,0,11 12 7,2,9,,124251,29,,,2,9,,124268,29,,,2,2,,121870,29,0,11 12 7,2,9,,124286,29,,,2,11,,124288,29,0,11 12 7,2,60,,124282,29,0,11 12 7,2,20,,124273,29,0,11 12 7,2,20,,124265,29,0,11 12 7,2,60,,124272,29,0,11 12 7,2,20,,124274,29,0,11 12 7,2,20,,124277,29,0,11 12 7,2,60,,124246,29,0,11 12 7,2,15,,124280,29,0,11 12 7,2
30601,'5',2543,,124314,29,,,2,12,,124311,29,0,11 12 7,2,50,,124297,29,,,2,10,,124306,29,0,11 12 7,2,10,,124317,29,,,2,5,,124304,29,,,2,5,,124303,29,0,11 12 7,2,10,,124305,29,,,2,10,,124316,29,0,11 12 7,2,60,,124301,29,0,11 12 7,2,20,,124294,29,0,11 12 7,2,20,,124315,29,0,11 12 7,2,60,,124309,29,0,11 12 7,2,20,,124307,29,0,11 12 7,2,20,,124298,29,0,11 12 7,2,60,,124295,29,0,11 12 7,2,15,,124308,29,0,11 12 7,2
50501,'1',548,,128952,25,0,34,2,52,,129060,25,0,34,2,10,,128980,25,0,34,2,10,,129001,24,0,34,2,10,,129025,24,0,34,2,10,,129049,24,0,34,2,10,,129046,24,0,34,2,50,,128988,24,0,34,2,10,,128955,24,0,34,2,10,,129067,24,0,34,2,10,,128981,24,0,34,2,10,,129092,24,0,34,2,10,,128931,24,0,34,2,50,,128937,24,0,34,2,8,,128968,24,0,34,2,6,,128918,24,0,34,2,6,,129042,24,0,34,2,6,,129022,24,0,34,2,6,,129101,24,0,34,2,6,,128960,24,0,34,2,6,,128983,24,0,34,2,6,,129044,24,0,34,2,6,,129018,24,0,34,2,46,,129014,24,0,34,2,6,,129003,24,0,34,2,6,,129000,24,0,34,2,6,,129013,24,0,34,2,6,,129036,24,0,34,2,6,,128986,24,0,34,2,6,,128985,24,0,34,2,6,,129037,24,0,34,2,6,,128975,24,0,34,2,6,,129002,24,0,34,2,46,,129016,24,0,34,2,10,,129034,24,0,34,2,6,,129053,24,0,34,2,6,,129019,24,0,34,2,6,,129058,24,0,34,2,6,,129007,24,0,34,2,6,,129038,24,0,34,2,6,,129026,24,0,34,2,6,,128928,24,0,34,2,46,,129009,24,0,34,2,6,,129082,24,0,34,2,6,,129069,24,0,34,2,6,,128965,24,0,34,2,6,,128950,24,0,34,2,6,,129074,24,0,34,2,6,,119891,24,0,34,2,6,,129090,24,0,34,2,6,,129088,24,0,34,2,6,,112361,24,0,34,2,46,,129073,24,0,34,2,6,,129047,24,0,34,2,6,,128991,24,0,34,2,6,,128923,24,0,34,2,6,,129078,24,0,34,2,6,,129030,24,0,34,2,6,,129045,24,0,34,2,6,,129062,24,0,34,2,6,,129095,24,0,34,2,6,,128961,24,0,34,2,46,,128939,24,0,34,2,6,,129008,24,0,34,2,6,,129094,24,0,34,2,6,,129080,24,0,34,2,6,,128979,24,0,34,2,6,,128951,24,0,34,2,6,,129029,24,0,34,2,6,,128974,24,0,34,2,6,,128997,24,0,34,2,6,,128944,24,0,34,2,46,,128982,24,0,34,2,6,,129050,24,0,34,2,6,,128933,24,0,34,2,6,,128930,24,0,34,2,6,,128978,24,0,34,2,6,,128970,24,0,34,2,6,,111265,24,0,34,2,6,,128956,24,0,34,2,7,,128927,24,0,34,2,8,,128946,24,0,34,2,46,,128932,24,0,34,2,6,,129041,24,0,34,2,6,,128943,24,0,34,2,6,,129043,24,0,34,2,6,,128993,24,0,34,2,6,,128957,24,0,34,2,6,,128990,24,0,34,2,6,,128925,24,0,34,2,6,,128935,24,0,34,2,6,,129096,24,0,34,2,46,,128962,24,0,34,2,6,,128938,24,0,34,2,6,,128948,24,0,34,2,6,,128971,24,0,34,2,6,,129089,24,0,34,2,6,,129015,24,0,34,2,6,,128984,24,0,34,2,6,,129087,24,0,34,2,6,,129063,24,0,34,2,6,,128949,24,0,34,2,46,,129033,24,0,34,2,6,,128936,24,0,34,2,6,,129068,24,0,34,2,6,,129064,24,0,34,2,6,,129021,24,0,34,2,6,,129056,24,0,34,2,6,,129079,24,0,34,2,6,,128999,24,0,34,2,6,,128994,24,0,34,2,6,,128969,24,0,34,2,46,,128924,24,0,34,2,6,,129057,24,0,34,2,6,,129012,24,0,34,2,6,,128941,24,0,34,2,6,,128992,24,0,34,2,6,,129039,24,0,34,2,6,,118389,24,0,34,2,6,,128926,24,0,34,2,6,,129100,24,0,34,2,6,,129023,24,0,34,2,46,,129071,24,0,34,2,6,,129098,24,0,34,2,6,,129085,24,0,34,2,6,,129010,24,0,34,2,6,,128921,24,0,34,2,6,,128947,24,0,34,2,8,,129054,24,0,34,2,3,,128987,24,0,34,2,6,,128963,24,0,34,2,5,,128976,24,0,34,2,3,,129086,24,0,34,2,43,,128940,24,0,34,2,6,,129059,24,0,34,2,10,,128964,24,0,34,2,5,,129081,24,0,34,2,5,,128972,24,0,34,2,5,,128966,24,0,34,2,5,,129031,24,0,34,2,10,,129028,24,0,34,2,10,,129091,24,0,34,2,50,,129076,24,0,34,2,10,,128934,24,0,34,2,10,,128945,24,0,34,2,10,,129011,24,0,34,2,10,,129075,24,0,34,2,10,,129020,24,0,34,2,47,,128989,24,0,34,2,8,,119905,24,0,34,2,11,,128953,24,0,34,2,10,,129072,24,0,34,2,10,,129083,24,0,34,2,10,,128929,24,0,34,2,50,,129048,24,0,34,2,10,,128977,24,0,34,2,10,,128973,24,0,34,2,10,,129061,24,0,34,2,10,,129066,24,0,34,2,10,,129004,24,0,34,2,50,,128959,24,0,34,2,10,,129052,24,0,34,2,10,,128998,24,0,34,2,10,,129024,24,0,34,2,10,,129055,24,0,34,2,10,,110189,24,0,34,2,50,,128922,24,0,34,2,10,,129035,24,0,34,2,10,,129005,24,0,34,2,15,,128954,24,0,34,2
50501,'2',542,,129223,25,0,34,2,15,,129233,25,0,34,2,50,,129132,25,0,34,2,10,,129221,25,0,34,2,10,,129250,24,0,34,2,10,,129196,24,0,34,2,10,,129256,24,0,34,2,10,,129270,24,0,34,2,50,,129247,24,0,34,2,10,,129212,24,0,34,2,10,,129135,24,0,34,2,10,,129267,24,0,34,2,13,,129264,24,0,34,2,52,,129183,24,0,34,2,10,,129124,24,0,34,2,12,,129178,24,0,34,2,11,,129198,24,0,34,2,8,,129133,24,0,34,2,6,,129136,24,0,34,2,6,,129193,24,0,34,2,46,,129253,24,0,34,2,6,,129237,24,0,34,2,6,,129146,24,0,34,2,6,,129137,24,0,34,2,6,,129201,24,0,34,2,6,,129243,24,0,34,2,6,,129123,24,0,34,2,6,,129204,24,0,34,2,6,,129259,24,0,34,2,6,,129140,24,0,34,2,46,,129180,24,0,34,2,6,,129110,24,0,34,2,6,,108184,24,0,34,2,6,,129228,24,0,34,2,6,,129227,24,0,34,2,6,,129235,24,0,34,2,6,,129143,24,0,34,2,6,,129167,24,0,34,2,6,,129159,24,0,34,2,6,,129177,24,0,34,2,46,,129251,24,0,34,2,6,,120168,24,0,34,2,6,,129171,24,0,34,2,6,,129254,24,0,34,2,6,,114916,24,0,34,2,6,,129224,24,0,34,2,6,,129113,24,0,34,2,6,,129262,24,0,34,2,6,,129156,24,0,34,2,6,,108835,24,0,34,2,46,,129118,24,0,34,2,6,,129127,24,0,34,2,6,,129242,24,0,34,2,8,,129239,24,0,34,2,9,,129165,24,0,34,2,7,,129104,24,0,34,2,5,,129184,24,0,34,2,6,,129232,24,0,34,2,6,,129172,24,0,34,2,46,,129169,24,0,34,2,6,,129214,24,0,34,2,6,,114047,24,0,34,2,6,,129222,24,0,34,2,6,,129203,24,0,34,2,6,,129122,24,0,34,2,6,,129107,24,0,34,2,6,,129188,24,0,34,2,6,,129162,24,0,34,2,6,,129170,24,0,34,2,46,,129210,24,0,34,2,6,,129111,24,0,34,2,6,,129268,24,0,34,2,6,,129238,24,0,34,2,6,,129240,24,0,34,2,6,,129205,24,0,34,2,6,,129109,24,0,34,2,6,,129213,24,0,34,2,6,,129192,24,0,34,2,6,,129187,24,0,34,2,46,,129265,24,0,34,2,6,,129202,24,0,34,2,6,,129215,24,0,34,2,6,,129164,24,0,34,2,6,,129141,24,0,34,2,6,,129185,24,0,34,2,6,,129244,24,0,34,2,6,,114970,24,0,34,2,6,,129160,24,0,34,2,6,,117354,24,0,34,2,46,,129269,24,0,34,2,6,,129174,24,0,34,2,6,,129257,24,0,34,2,6,,129176,24,0,34,2,6,,129175,24,0,34,2,6,,129149,24,0,34,2,6,,129260,24,0,34,2,6,,129246,24,0,34,2,6,,129219,24,0,34,2,6,,129252,24,0,34,2,46,,129150,24,0,34,2,6,,129145,24,0,34,2,6,,129218,24,0,34,2,6,,129163,24,0,34,2,6,,129226,24,0,34,2,6,,129103,24,0,34,2,6,,129245,24,0,34,2,6,,129225,24,0,34,2,6,,129108,24,0,34,2,6,,129166,24,0,34,2,46,,129190,24,0,34,2,6,,129216,24,0,34,2,6,,129157,24,0,34,2,6,,129120,24,0,34,2,6,,129248,24,0,34,2,6,,129255,24,0,34,2,6,,129236,24,0,34,2,6,,129217,24,0,34,2,6,,129207,24,0,34,2,6,,129209,24,0,34,2,46,,129154,24,0,34,2,6,,129102,24,0,34,2,6,,129195,24,0,34,2,8,,129263,24,0,34,2,9,,129220,24,0,34,2,8,,129142,24,0,34,2,8,,129191,24,0,34,2,10,,129194,24,0,34,2,50,,129121,24,0,34,2,5,,129155,24,0,34,2,5,,129161,24,0,34,2,10,,129231,24,0,34,2,10,,129134,24,0,34,2,5,,129241,24,0,34,2,5,,129189,24,0,34,2,10,,129229,24,0,34,2,50,,129125,24,0,34,2,10,,129115,24,0,34,2,10,,129182,24,0,34,2,10,,129206,24,0,34,2,10,,129131,24,0,34,2,10,,129179,24,0,34,2,50,,129129,24,0,34,2,8,,129199,24,0,34,2,8,,129112,24,0,34,2,10,,129126,24,0,34,2,12,,129211,24,0,34,2,10,,129147,24,0,34,2,50,,129130,24,0,34,2,10,,129153,24,0,34,2,5,,129117,24,0,34,2,5,,129148,24,0,34,2,10,,129261,24,0,34,2,10,,129105,24,0,34,2,10,,129186,24,0,34,2,50,,129114,24,0,34,2,10,,129200,24,0,34,2,10,,129234,24,0,34,2,10,,129230,24,0,34,2,10,,129173,24,0,34,2,10,,129119,24,0,34,2,49,,129128,24,0,34,2,7,,129208,24,0,34,2,7,,110619,24,0,34,2,13,,129139,24,0,34,2
50501,'3',835,,129289,24,0,34,2,10,,129341,24,0,34,2,10,,129306,24,0,34,2,50,,114126,24,0,34,2,11,,129398,24,0,34,2,13,,129314,24,0,34,2,10,,129276,24,0,34,2,6,,129284,24,0,34,2,6,,129288,24,0,34,2,6,,129406,24,0,34,2,46,,129275,24,0,34,2,6,,129295,24,0,34,2,6,,129371,24,0,34,2,6,,129383,24,0,34,2,6,,129300,24,0,34,2,6,,129282,24,0,34,2,6,,129361,24,0,34,2,6,,120973,24,0,34,2,6,,129287,24,0,34,2,6,,129402,24,0,34,2,46,,123125,24,0,34,2,6,,117516,24,0,34,2,6,,129286,24,0,34,2,6,,129293,24,0,34,2,6,,129375,24,0,34,2,6,,129297,24,0,34,2,6,,129310,24,0,34,2,6,,129397,24,0,34,2,6,,129273,24,0,34,2,6,,129351,24,0,34,2,48,,129365,24,0,34,2,6,,129388,24,0,34,2,8,,129340,24,0,34,2,6,,129339,24,0,34,2,10,,129345,24,0,34,2,6,,129360,24,0,34,2,6,,129396,24,0,34,2,6,,129290,24,0,34,2,6,,129317,24,0,34,2,46,,129389,24,0,34,2,6,,129296,24,0,34,2,6,,129358,24,0,34,2,6,,129324,24,0,34,2,6,,129329,24,0,34,2,6,,129363,24,0,34,2,6,,129405,24,0,34,2,6,,129281,24,0,34,2,6,,129373,24,0,34,2,6,,129391,24,0,34,2,46,,129321,24,0,34,2,6,,129349,24,0,34,2,6,,129379,24,0,34,2,6,,129395,24,0,34,2,6,,129356,24,0,34,2,6,,116727,24,0,34,2,6,,129362,24,0,34,2,6,,129331,24,0,34,2,6,,129343,24,0,34,2,6,,129378,24,0,34,2,46,,117956,24,0,34,2,6,,129392,24,0,34,2,6,,129410,24,0,34,2,6,,129299,24,0,34,2,6,,129308,24,0,34,2,6,,129320,24,0,34,2,6,,129407,24,0,34,2,6,,129277,24,0,34,2,6,,129376,24,0,34,2,6,,129336,24,0,34,2,46,,129347,24,0,34,2,6,,129386,24,0,34,2,6,,129382,24,0,34,2,6,,129412,24,0,34,2,6,,129279,24,0,34,2,6,,129305,24,0,34,2,6,,129301,24,0,34,2,6,,129377,24,0,34,2,6,,129384,24,0,34,2,6,,129325,24,0,34,2,46,,129348,24,0,34,2,6,,129323,24,0,34,2,6,,129374,24,0,34,2,6,,129338,24,0,34,2,6,,129387,24,0,34,2,6,,129414,24,0,34,2,6,,129272,24,0,34,2,6,,129364,24,0,34,2,6,,129372,24,0,34,2,6,,129319,24,0,34,2,46,,129353,24,0,34,2,6,,129367,24,0,34,2,6,,129327,24,0,34,2,6,,129354,24,0,34,2,6,,129291,24,0,34,2,6,,129335,24,0,34,2,6,,129274,24,0,34,2,6,,129385,24,0,34,2,6,,129399,24,0,34,2,6,,129333,24,0,34,2,46,,129334,24,0,34,2,6,,129357,24,0,34,2,6,,129394,24,0,34,2,6,,129366,24,0,34,2,6,,129344,24,0,34,2,6,,129294,24,0,34,2,3,,129298,24,0,34,2,8,,129280,24,0,34,2,4,,129342,24,0,34,2,4,,129304,24,0,34,2,5,,129370,24,0,34,2,45,,129332,24,0,34,2,10,,129311,24,0,34,2,5,,129328,24,0,34,2,5,,129330,24,0,34,2,5,,129312,24,0,34,2,5,,129352,24,0,34,2,5,,129346,24,0,34,2,5,,129393,24,0,34,2,10,,129355,24,0,34,2,50,,129318,24,0,34,2,10,,129322,24,0,34,2,10,,111805,24,0,34,2,10,,129315,24,0,34,2,10,,129403,24,0,34,2,10,,129283,24,0,34,2,50,,129350,24,0,34,2,7,,129271,24,0,34,2,8,,129326,24,0,34,2,9,,129337,24,0,34,2,9,,129369,24,0,34,2,10,,129413,24,0,34,2,10,,129359,24,0,34,2,50,,129368,24,0,34,2,10,,129411,24,0,34,2,10,,116858,24,0,34,2,10,,110727,24,0,34,2,10,,129408,24,0,34,2,10,,129313,24,0,34,2,50,,129390,24,0,34,2,10,,129404,24,0,34,2,10,,129303,24,0,34,2,10,,129307,24,0,34,2,10,,129316,24,0,34,2,10,,129292,24,0,34,2,50,,123160,24,0,34,2,10,,129381,24,0,34,2,10,,129401,24,0,34,2
50501,'5',545,,129504,25,0,34,2,61,,129426,25,0,34,2,15,,129486,25,0,34,2,15,,129581,24,0,34,2,15,,129423,24,0,34,2,55,,129430,24,0,34,2,15,,129543,24,0,34,2,14,,129519,24,0,34,2,10,,129442,24,0,34,2,10,,129459,24,0,34,2,50,,129559,24,0,34,2,10,,129415,24,0,34,2,10,,129576,24,0,34,2,10,,129567,24,0,34,2,10,,129531,24,0,34,2,10,,129539,24,0,34,2,50,,129456,24,0,34,2,11,,129491,24,0,34,2,13,,129479,24,0,34,2,10,,129450,24,0,34,2,6,,129481,24,0,34,2,6,,129435,24,0,34,2,6,,129422,24,0,34,2,46,,129555,24,0,34,2,6,,114431,24,0,34,2,6,,129472,24,0,34,2,6,,129474,24,0,34,2,6,,129477,24,0,34,2,6,,129483,24,0,34,2,6,,129577,24,0,34,2,6,,129498,24,0,34,2,6,,129570,24,0,34,2,6,,129439,24,0,34,2,46,,129542,24,0,34,2,6,,129537,24,0,34,2,6,,129508,24,0,34,2,6,,129499,24,0,34,2,6,,129518,24,0,34,2,6,,129473,24,0,34,2,6,,110997,24,0,34,2,6,,129541,24,0,34,2,6,,129503,24,0,34,2,6,,129569,24,0,34,2,48,,129515,24,0,34,2,6,,129478,24,0,34,2,8,,129533,24,0,34,2,6,,129429,24,0,34,2,10,,129580,24,0,34,2,6,,129421,24,0,34,2,6,,129448,24,0,34,2,6,,129560,24,0,34,2,6,,129522,24,0,34,2,46,,129446,24,0,34,2,6,,129470,24,0,34,2,6,,129556,24,0,34,2,6,,129436,24,0,34,2,6,,129495,24,0,34,2,6,,129502,24,0,34,2,6,,129497,24,0,34,2,6,,129488,24,0,34,2,6,,129487,24,0,34,2,6,,129468,24,0,34,2,46,,129428,24,0,34,2,6,,129505,24,0,34,2,6,,129566,24,0,34,2,6,,111131,24,0,34,2,6,,129420,24,0,34,2,6,,129501,24,0,34,2,6,,129463,24,0,34,2,6,,129554,24,0,34,2,6,,129557,24,0,34,2,6,,129523,24,0,34,2,46,,129460,24,0,34,2,6,,129513,24,0,34,2,6,,129416,24,0,34,2,6,,129449,24,0,34,2,6,,129568,24,0,34,2,6,,108462,24,0,34,2,6,,129453,24,0,34,2,6,,129582,24,0,34,2,6,,129418,24,0,34,2,6,,129471,24,0,34,2,46,,129536,24,0,34,2,6,,129548,24,0,34,2,6,,129564,24,0,34,2,6,,129558,24,0,34,2,6,,129525,24,0,34,2,6,,129445,24,0,34,2,6,,129532,24,0,34,2,6,,120395,24,0,34,2,6,,129550,24,0,34,2,6,,129514,24,0,34,2,46,,129562,24,0,34,2,6,,129511,24,0,34,2,6,,129551,24,0,34,2,6,,129466,24,0,34,2,6,,129517,24,0,34,2,6,,129565,24,0,34,2,6,,114460,24,0,34,2,6,,129544,24,0,34,2,6,,129454,24,0,34,2,6,,129458,24,0,34,2,46,,129545,24,0,34,2,6,,129424,24,0,34,2,6,,129464,24,0,34,2,6,,129433,24,0,34,2,6,,129494,24,0,34,2,6,,129476,24,0,34,2,6,,129425,24,0,34,2,6,,129507,24,0,34,2,6,,129500,24,0,34,2,6,,129493,24,0,34,2,46,,129524,24,0,34,2,6,,129455,24,0,34,2,6,,129553,24,0,34,2,6,,129443,24,0,34,2,6,,129547,24,0,34,2,6,,129563,24,0,34,2,3,,129520,24,0,34,2,8,,129506,24,0,34,2,8,,129427,24,0,34,2,49,,129469,24,0,34,2,1,,129540,24,0,34,2,10,,129572,24,0,34,2,9,,129447,24,0,34,2,1,,129512,24,0,34,2,9,,129496,24,0,34,2,1,,129516,24,0,34,2,9,,129457,24,0,34,2,1,,129451,24,0,34,2,10,,129530,24,0,34,2,50,,129482,24,0,34,2,10,,129485,24,0,34,2,10,,129452,24,0,34,2,10,,129438,24,0,34,2,10,,129440,24,0,34,2,10,,122226,24,0,34,2,50,,129434,24,0,34,2,7,,129441,24,0,34,2,8,,129437,24,0,34,2,9,,129546,24,0,34,2,9,,129480,24,0,34,2,10,,129461,24,0,34,2,10,,129578,24,0,34,2,50,,129467,24,0,34,2,10,,129417,24,0,34,2,10,,129574,24,0,34,2,10,,129534,24,0,34,2,10,,129549,24,0,34,2,10,,129529,24,0,34,2,50,,129489,24,0,34,2,10,,129552,24,0,34,2,10,,129575,24,0,34,2,10,,129579,24,0,34,2,9,,129528,24,0,34,2,11,,129535,24,0,34,2,50,,129527,24,0,34,2,10,,129462,24,0,34,2,10,,129431,24,0,34,2
50601,'1',541,,130473,29,0,11 12 7,2,12,,130479,29,0,11 12 7,2,50,,130394,29,0,11 12 7,2,10,,130481,29,0,11 12 7,2,10,,130419,29,0,11 12 7,2,10,,130471,29,0,11 12 7,2,10,,130281,29,0,11 12 7,2,10,,130500,29,0,11 12 7,2,50,,130402,29,0,11 12 7,2,12,,130323,29,0,11 12 7,2,12,,112224,29,0,11 12 7,2,11,,130258,29,0,11 12 7,2,10,,130255,29,0,11 12 7,2,10,,130448,29,0,11 12 7,2,50,,130496,29,0,11 12 7,2,10,,130336,29,0,11 12 7,2,10,,130319,29,0,11 12 7,2,10,,116442,29,0,11 12 7,2,10,,130287,29,0,11 12 7,2,10,,130459,29,0,11 12 7,2,50,,130435,29,0,11 12 7,2,10,,130403,29,0,11 12 7,2,10,,130259,29,0,11 12 7,2,10,,130406,29,0,11 12 7,2,10,,130458,29,0,11 12 7,2,10,,130320,29,0,11 12 7,2,51,,130413,29,0,11 12 7,2,13,,130401,29,0,11 12 7,2,13,,130376,29,0,11 12 7,2,11,,130380,29,0,11 12 7,2,10,,130387,29,0,11 12 7,2,50,,130414,29,0,11 12 7,2,10,,130308,29,0,11 12 7,2,10,,130292,29,0,11 12 7,2,10,,130488,29,0,11 12 7,2,10,,130362,29,0,11 12 7,2,10,,130400,29,0,11 12 7,2,50,,130491,29,0,11 12 7,2,10,,130345,29,0,11 12 7,2,10,,130446,29,0,11 12 7,2,10,,130331,29,0,11 12 7,2,10,,130467,29,0,11 12 7,2,10,,130423,29,0,11 12 7,2,50,,130369,29,0,11 12 7,2,10,,130405,29,0,11 12 7,2,10,,130439,29,0,11 12 7,2,10,,130377,29,0,11 12 7,2,10,,130465,29,0,11 12 7,2,10,,130464,29,0,11 12 7,2,50,,130415,29,0,11 12 7,2,10,,108700,29,0,11 12 7,2,10,,110378,29,0,11 12 7,2,10,,130334,29,0,11 12 7,2,10,,130476,29,0,11 12 7,2,10,,130393,29,0,11 12 7,2,50,,130264,29,0,11 12 7,2,12,,130346,29,0,11 12 7,2,11,,130388,29,0,11 12 7,2,11,,130304,29,0,11 12 7,2,10,,130493,29,0,11 12 7,2,50,,130332,29,0,11 12 7,2,10,,130256,29,0,11 12 7,2,10,,130249,29,0,11 12 7,2,10,,130424,29,0,11 12 7,2,10,,130337,29,0,11 12 7,2,10,,130341,29,0,11 12 7,2,50,,130397,29,0,11 12 7,2,10,,130456,29,0,11 12 7,2,10,,130268,29,0,11 12 7,2,10,,130329,29,0,11 12 7,2,10,,130257,29,0,11 12 7,2,10,,130340,29,0,11 12 7,2,50,,130280,29,0,11 12 7,2,10,,130275,29,0,11 12 7,2,10,,130307,29,0,11 12 7,2,10,,130396,29,0,11 12 7,2,10,,108175,29,0,11 12 7,2,10,,130470,29,0,11 12 7,2,50,,130450,29,0,11 12 7,2,10,,130443,29,0,11 12 7,2,10,,130333,29,0,11 12 7,2,10,,130372,29,0,11 12 7,2,10,,130474,29,0,11 12 7,2,10,,130409,29,0,11 12 7,2,8,,130457,29,0,11 12 7,2,49,,130485,29,0,11 12 7,2,6,,110255,29,0,11 12 7,2,9,,130370,29,0,11 12 7,2,10,,130504,29,0,11 12 7,2,10,,130503,29,0,11 12 7,2,10,,130381,29,0,11 12 7,2,50,,130386,29,0,11 12 7,2,10,,130279,29,0,11 12 7,2,10,,130463,29,0,11 12 7,2,10,,130437,29,0,11 12 7,2,2,,130326,29,,,2,5,,130261,29,,,2,3,,112317,29,0,11 12 7,2,10,,130328,29,0,11 12 7,2,50,,130420,29,0,11 12 7,2,10,,130418,29,0,11 12 7,2,10,,130373,29,0,11 12 7,2,7,,130382,29,0,11 12 7,2,8,,130360,29,0,11 12 7,2,9,,130299,29,0,11 12 7,2,10,,130289,29,0,11 12 7,2,50,,130297,29,0,11 12 7,2,10,,130364,29,0,11 12 7,2,10,,130359,29,0,11 12 7,2,10,,130324,29,0,11 12 7,2,10,,130293,29,0,11 12 7,2,10,,130365,29,0,11 12 7,2,50,,130291,29,0,11 12 7,2,10,,130390,29,0,11 12 7,2,10,,130486,29,0,11 12 7,2,10,,130475,29,0,11 12 7,2,10,,130253,29,0,11 12 7,2,10,,130460,29,0,11 12 7,2,50,,130306,29,0,11 12 7,2,10,,130451,29,0,11 12 7,2,10,,130434,29,0,11 12 7,2,10,,130408,29,0,11 12 7,2,5,,130422,29,0,11 12 7,2
50601,'2',622,,130642,29,0,11 12 7,2,10,,130606,29,0,11 12 7,2,10,,130730,29,0,11 12 7,2,10,,130681,29,0,11 12 7,2,50,,130550,29,0,11 12 7,2,10,,130634,29,0,11 12 7,2,10,,130686,29,0,11 12 7,2,10,,130698,29,0,11 12 7,2,12,,130736,29,0,11 12 7,2,13,,130567,29,0,11 12 7,2,51,,130525,29,0,11 12 7,2,10,,130547,29,0,11 12 7,2,12,,130753,29,0,11 12 7,2,10,,130552,29,0,11 12 7,2,10,,130516,29,0,11 12 7,2,50,,130707,29,0,11 12 7,2,10,,130723,29,0,11 12 7,2,10,,130743,29,0,11 12 7,2,10,,130654,29,0,11 12 7,2,10,,130722,29,0,11 12 7,2,10,,130691,29,0,11 12 7,2,50,,130528,29,0,11 12 7,2,10,,130620,29,0,11 12 7,2,10,,130732,29,0,11 12 7,2,10,,130733,29,0,11 12 7,2,10,,130590,29,0,11 12 7,2,10,,130517,29,0,11 12 7,2,50,,130682,29,0,11 12 7,2,10,,130693,29,0,11 12 7,2,10,,130740,29,0,11 12 7,2,10,,130519,29,0,11 12 7,2,10,,130725,29,0,11 12 7,2,11,,130750,29,0,11 12 7,2,52,,130744,29,0,11 12 7,2,12,,130648,29,0,11 12 7,2,13,,130558,29,0,11 12 7,2,10,,130639,29,0,11 12 7,2,10,,130589,29,0,11 12 7,2,10,,130653,29,0,11 12 7,2,50,,130660,29,0,11 12 7,2,10,,130601,29,0,11 12 7,2,10,,130717,29,0,11 12 7,2,10,,130628,29,0,11 12 7,2,10,,110586,29,0,11 12 7,2,10,,130631,29,0,11 12 7,2,50,,130649,29,0,11 12 7,2,10,,130728,29,0,11 12 7,2,10,,108296,29,0,11 12 7,2,10,,130536,29,0,11 12 7,2,10,,130741,29,0,11 12 7,2,10,,130600,29,0,11 12 7,2,50,,130704,29,0,11 12 7,2,10,,130677,29,0,11 12 7,2,10,,130652,29,0,11 12 7,2,10,,130711,29,0,11 12 7,2,10,,130540,29,0,11 12 7,2,10,,130596,29,0,11 12 7,2,50,,130505,29,0,11 12 7,2,10,,130565,29,0,11 12 7,2,10,,130661,29,0,11 12 7,2,10,,130712,29,0,11 12 7,2,10,,130595,29,0,11 12 7,2,10,,130532,29,0,11 12 7,2,50,,130710,29,0,11 12 7,2,10,,130675,29,0,11 12 7,2,10,,130573,29,0,11 12 7,2,10,,130742,29,0,11 12 7,2,10,,130521,29,0,11 12 7,2,10,,130746,29,0,11 12 7,2,50,,130755,29,0,11 12 7,2,10,,130673,29,0,11 12 7,2,10,,122905,29,0,11 12 7,2,10,,130726,29,0,11 12 7,2,10,,130551,29,0,11 12 7,2,10,,130645,29,0,11 12 7,2,50,,130512,29,0,11 12 7,2,9,,130709,29,0,11 12 7,2,9,,130577,29,0,11 12 7,2,10,,130665,29,0,11 12 7,2,10,,130727,29,0,11 12 7,2,10,,130581,29,0,11 12 7,2,50,,130668,29,0,11 12 7,2,10,,130719,29,0,11 12 7,2,10,,130543,29,0,11 12 7,2,10,,130510,29,0,11 12 7,2,10,,130518,29,0,11 12 7,2,10,,130592,29,0,11 12 7,2,50,,130666,29,0,11 12 7,2,5,,130633,29,,,2,5,,117376,29,0,11 12 7,2,8,,130506,29,0,11 12 7,2,8,,130569,29,0,11 12 7,2,9,,130576,29,0,11 12 7,2,10,,130534,29,0,11 12 7,2,50,,130563,29,0,11 12 7,2,10,,130608,29,0,11 12 7,2,10,,130718,29,0,11 12 7,2,10,,130557,29,0,11 12 7,2,10,,130696,29,0,11 12 7,2,10,,130734,29,0,11 12 7,2,50,,130609,29,0,11 12 7,2,10,,130594,29,0,11 12 7,2,10,,130705,29,0,11 12 7,2,10,,130714,29,0,11 12 7,2,10,,130739,29,0,11 12 7,2,10,,130585,29,0,11 12 7,2,50,,130761,29,0,11 12 7,2,10,,130762,29,0,11 12 7,2,10,,130708,29,0,11 12 7,2,10,,130702,29,0,11 12 7,2,10,,130669,29,0,11 12 7,2,10,,130523,29,0,11 12 7,2,50,,130611,29,0,11 12 7,2,10,,130646,29,0,11 12 7,2,10,,130640,29,0,11 12 7,2,11,,116630,29,0,11 12 7,2,4,,130748,29,0,11 12 7,2
50601,'3',727,,130886,29,0,11 12 7,2,10,,130826,29,0,11 12 7,2,10,,130807,29,0,11 12 7,2,10,,130799,29,0,11 12 7,2,50,,130899,29,0,11 12 7,2,13,,130780,29,0,11 12 7,2,11,,130767,29,0,11 12 7,2,10,,130910,29,0,11 12 7,2,10,,130790,29,0,11 12 7,2,50,,130862,29,0,11 12 7,2,10,,130833,29,0,11 12 7,2,10,,130869,29,0,11 12 7,2,10,,130765,29,0,11 12 7,2,10,,130859,29,0,11 12 7,2,10,,130970,29,0,11 12 7,2,50,,130892,29,0,11 12 7,2,10,,130884,29,0,11 12 7,2,10,,130916,29,0,11 12 7,2,10,,130962,29,0,11 12 7,2,10,,130816,29,0,11 12 7,2,10,,130959,29,0,11 12 7,2,50,,130935,29,0,11 12 7,2,10,,130891,29,0,11 12 7,2,10,,130871,29,0,11 12 7,2,10,,130803,29,0,11 12 7,2,10,,130924,29,0,11 12 7,2,10,,130974,29,0,11 12 7,2,50,,130933,29,0,11 12 7,2,10,,130844,29,0,11 12 7,2,11,,130888,29,0,11 12 7,2,13,,130941,29,0,11 12 7,2,13,,130827,29,0,11 12 7,2,10,,130979,29,0,11 12 7,2,50,,130950,29,0,11 12 7,2,10,,130850,29,0,11 12 7,2,10,,130919,29,0,11 12 7,2,10,,130948,29,0,11 12 7,2,10,,130861,29,0,11 12 7,2,10,,130976,29,0,11 12 7,2,50,,130937,29,0,11 12 7,2,10,,130821,29,0,11 12 7,2,10,,130770,29,0,11 12 7,2,10,,130837,29,0,11 12 7,2,10,,130835,29,0,11 12 7,2,10,,130841,29,0,11 12 7,2,50,,130797,29,0,11 12 7,2,10,,130846,29,0,11 12 7,2,10,,130822,29,0,11 12 7,2,10,,130982,29,0,11 12 7,2,10,,130852,29,0,11 12 7,2,10,,130883,29,0,11 12 7,2,50,,130964,29,0,11 12 7,2,10,,130875,29,0,11 12 7,2,10,,130796,29,0,11 12 7,2,10,,130763,29,0,11 12 7,2,10,,130863,29,0,11 12 7,2,10,,130856,29,0,11 12 7,2,50,,130879,29,0,11 12 7,2,10,,130954,29,0,11 12 7,2,10,,130793,29,0,11 12 7,2,10,,130917,29,0,11 12 7,2,10,,130890,29,0,11 12 7,2,10,,130843,29,0,11 12 7,2,50,,130945,29,0,11 12 7,2,10,,130771,29,0,11 12 7,2,10,,130900,29,0,11 12 7,2,10,,130969,29,0,11 12 7,2,10,,130896,29,0,11 12 7,2,10,,130894,29,0,11 12 7,2,50,,130882,29,0,11 12 7,2,10,,130847,29,0,11 12 7,2,9,,130834,29,0,11 12 7,2,7,,130849,29,0,11 12 7,2,10,,130764,29,0,11 12 7,2,10,,114244,29,0,11 12 7,2,50,,130825,29,0,11 12 7,2,10,,130949,29,0,11 12 7,2,10,,130967,29,0,11 12 7,2,10,,130853,29,0,11 12 7,2,5,,130975,29,,,2,5,,130929,29,0,11 12 7,2,10,,130858,29,0,11 12 7,2,50,,130947,29,0,11 12 7,2,10,,130768,29,0,11 12 7,2,9,,130885,29,0,11 12 7,2,9,,130784,29,0,11 12 7,2,7,,130934,29,0,11 12 7,2,10,,130940,29,0,11 12 7,2,10,,130820,29,0,11 12 7,2,50,,130782,29,0,11 12 7,2,10,,123151,29,0,11 12 7,2,10,,130838,29,0,11 12 7,2,10,,130903,29,0,11 12 7,2,6,,130973,29,,,2,4,,130839,29,0,11 12 7,2,10,,130814,29,0,11 12 7,2,50,,130864,29,0,11 12 7,2,10,,130951,29,0,11 12 7,2,10,,130906,29,0,11 12 7,2,10,,130963,29,0,11 12 7,2,10,,130902,29,0,11 12 7,2,10,,130957,29,0,11 12 7,2,50,,130952,29,0,11 12 7,2,10,,130832,29,0,11 12 7,2,10,,130972,29,0,11 12 7,2,10,,130805,29,0,11 12 7,2,10,,130921,29,0,11 12 7,2,10,,130791,29,0,11 12 7,2,50,,130961,29,0,11 12 7,2,10,,130787,29,0,11 12 7,2,10,,130914,29,0,11 12 7,2,12,,130928,29,0,11 12 7,2
50601,'5',556,,131016,29,0,11 12 7,2,50,,131160,29,0,11 12 7,2,10,,130987,29,0,11 12 7,2,10,,115385,29,0,11 12 7,2,10,,130988,29,0,11 12 7,2,10,,131204,29,0,11 12 7,2,10,,131053,29,0,11 12 7,2,50,,131090,29,0,11 12 7,2,10,,131134,29,0,11 12 7,2,11,,131111,29,0,11 12 7,2,10,,131024,29,0,11 12 7,2,10,,131091,29,0,11 12 7,2,10,,131037,29,0,11 12 7,2,50,,131133,29,0,11 12 7,2,13,,131105,29,0,11 12 7,2,11,,131208,29,0,11 12 7,2,10,,131215,29,0,11 12 7,2,10,,131062,29,0,11 12 7,2,50,,131092,29,0,11 12 7,2,10,,131147,29,0,11 12 7,2,10,,131043,29,0,11 12 7,2,10,,131097,29,0,11 12 7,2,10,,131211,29,0,11 12 7,2,10,,131148,29,0,11 12 7,2,50,,115361,29,0,11 12 7,2,10,,131074,29,0,11 12 7,2,10,,131166,29,0,11 12 7,2,10,,131087,29,0,11 12 7,2,10,,131197,29,0,11 12 7,2,10,,131171,29,0,11 12 7,2,50,,131217,29,0,11 12 7,2,10,,131093,29,0,11 12 7,2,10,,131155,29,0,11 12 7,2,10,,131005,29,0,11 12 7,2,10,,131117,29,0,11 12 7,2,10,,131181,29,0,11 12 7,2,50,,131130,29,0,11 12 7,2,10,,131001,29,0,11 12 7,2,11,,131210,29,0,11 12 7,2,13,,131096,29,0,11 12 7,2,13,,131196,29,0,11 12 7,2,10,,131231,29,0,11 12 7,2,50,,130992,29,0,11 12 7,2,10,,131051,29,0,11 12 7,2,10,,131077,29,0,11 12 7,2,10,,131067,29,0,11 12 7,2,10,,131014,29,0,11 12 7,2,10,,131070,29,0,11 12 7,2,50,,131113,29,0,11 12 7,2,10,,131102,29,0,11 12 7,2,10,,131075,29,0,11 12 7,2,10,,131018,29,0,11 12 7,2,10,,131047,29,0,11 12 7,2,10,,131158,29,0,11 12 7,2,50,,131127,29,0,11 12 7,2,10,,131177,29,0,11 12 7,2,10,,131118,29,0,11 12 7,2,10,,131156,29,0,11 12 7,2,10,,131225,29,0,11 12 7,2,10,,131019,29,0,11 12 7,2,50,,130993,29,0,11 12 7,2,10,,131213,29,0,11 12 7,2,10,,131137,29,0,11 12 7,2,10,,131229,29,0,11 12 7,2,10,,131151,29,0,11 12 7,2,10,,131170,29,0,11 12 7,2,50,,131039,29,0,11 12 7,2,10,,131192,29,0,11 12 7,2,10,,131065,29,0,11 12 7,2,10,,131002,29,0,11 12 7,2,10,,131078,29,0,11 12 7,2,10,,131112,29,0,11 12 7,2,50,,131098,29,0,11 12 7,2,10,,131010,29,0,11 12 7,2,10,,131103,29,0,11 12 7,2,10,,131120,29,0,11 12 7,2,10,,131207,29,0,11 12 7,2,10,,130983,29,0,11 12 7,2,50,,131212,29,0,11 12 7,2,10,,131185,29,0,11 12 7,2,9,,131045,29,0,11 12 7,2,7,,131061,29,0,11 12 7,2,10,,131071,29,0,11 12 7,2,10,,130998,29,0,11 12 7,2,50,,131020,29,0,11 12 7,2,10,,118120,29,0,11 12 7,2,10,,131027,29,0,11 12 7,2,10,,131129,29,0,11 12 7,2,5,,131104,29,,,2,5,,131138,29,0,11 12 7,2,10,,131179,29,0,11 12 7,2,50,,131099,29,0,11 12 7,2,10,,131121,29,0,11 12 7,2,9,,131232,29,0,11 12 7,2,9,,131013,29,0,11 12 7,2,7,,131178,29,0,11 12 7,2,10,,131162,29,0,11 12 7,2,10,,131058,29,0,11 12 7,2,50,,131135,29,0,11 12 7,2,10,,131026,29,0,11 12 7,2,10,,131066,29,0,11 12 7,2,10,,131180,29,0,11 12 7,2,4,,131119,29,,,2,6,,131049,29,0,11 12 7,2,10,,131041,29,0,11 12 7,2,50,,131131,29,0,11 12 7,2,10,,131195,29,0,11 12 7,2,10,,131168,29,0,11 12 7,2,10,,131057,29,0,11 12 7,2,10,,131086,29,0,11 12 7,2,10,,131157,29,0,11 12 7,2,50,,131235,29,0,11 12 7,2,10,,131126,29,0,11 12 7,2,10,,131140,29,0,11 12 7,2,10,,131009,29,0,11 12 7,2,10,,131174,29,0,11 12 7,2,10,,131153,29,0,11 12 7,2,50,,131161,29,0,11 12 7,2,10,,130997,29,0,11 12 7,2,10,,131124,29,0,11 12 7,2,12,,131108,29,0,11 12 7,2
