30102,'1',2617,,91350,29,0,47 22 23,2,30,,91376,29,0,47 22 23,2,70,,91366,29,0,47 22 23,2,30,,91378,29,0,47 22 23,2,70,,91356,29,0,47 22 23,2,31,,91374,29,,,2,70,,91363,29,,,2,30,,91361,29,,,2
30102,'2',2622,,91396,29,0,47 22 23,2,30,,91382,29,0,47 22 23,2,70,,91389,29,0,47 22 23,2,30,,91398,29,0,47 22 23,2,70,,91380,29,0,47 22 23,2,31,,91392,29,,,2,70,,91379,29,,,2,30,,91393,29,,,2
30102,'3',2612,,91413,29,0,47 22 23,2,30,,91428,29,0,47 22 23,2,70,,91430,29,0,47 22 23,2,30,,91427,29,0,47 22 23,2,70,,91425,29,0,47 22 23,2,30,,91416,29,0,47 22 23,2,71,,91414,29,,,2,30,,91421,29,,,2
30102,'5',2612,,91445,29,0,47 22 23,2,30,,91446,29,0,47 22 23,2,70,,91437,29,0,47 22 23,2,30,,91461,29,0,47 22 23,2,70,,91454,29,0,47 22 23,2,30,,91450,29,0,47 22 23,2,71,,91447,29,,,2,30,,91436,29,,,2
50701,'1',920,,99957,14,0,49,2,999,,99923,14,0,49,2,27,,99866,14,0,49,2,298,,99892,14,0,49,2,213,,99948,14,0,49,2,60,,99864,14,0,49,2
50701,'2',1924,,100102,14,0,49,2,586,,100108,14,0,49,2,21,,100113,14,0,49,2
50701,'3',2442,,100360,14,0,49,2
50701,'5',2442,,100445,14,0,49,2
50702,'1',456,,100616,14,0,22 23,2,51,,100701,14,0,22 23,2,10,,100696,14,0,22 23,2,10,,100768,14,0,22 23,2,10,,100631,14,0,22 23,2,10,,100623,14,0,22 23,2,10,,100604,14,0,22 23,2,50,,100662,14,0,22 23,2,10,,100619,14,0,22 23,2,10,,100664,14,0,22 23,2,10,,88188,14,0,22 23,2,10,,100601,14,0,22 23,2,12,,100734,14,0,22 23,2,48,,100752,14,0,22 23,2,6,,100594,14,0,22 23,2,7,,100632,14,0,22 23,2,7,,100614,14,0,22 23,2,7,,100715,14,0,22 23,2,7,,100640,14,0,22 23,2,7,,100610,14,0,22 23,2,7,,100724,14,0,22 23,2,47,,100687,14,0,22 23,2,7,,100721,14,0,22 23,2,7,,100774,14,0,22 23,2,7,,100758,14,0,22 23,2,7,,100723,14,0,22 23,2,7,,100769,14,0,22 23,2,7,,100666,14,0,22 23,2,7,,100669,14,0,22 23,2,7,,100655,14,0,22 23,2,49,,100645,14,0,22 23,2,9,,100644,14,0,22 23,2,8,,100761,14,0,22 23,2,8,,100763,14,0,22 23,2,8,,100796,14,0,22 23,2,8,,100766,14,0,22 23,2,8,,100612,14,0,22 23,2,48,,100620,14,0,22 23,2,8,,100600,14,0,22 23,2,8,,100760,14,0,22 23,2,8,,100755,14,0,22 23,2,8,,100765,14,0,22 23,2,8,,100658,14,0,22 23,2,8,,100698,14,0,22 23,2,48,,100660,14,0,22 23,2,8,,100667,14,0,22 23,2,8,,100747,14,0,22 23,2,8,,100685,14,0,22 23,2,8,,100744,14,0,22 23,2,8,,100671,14,0,22 23,2,8,,100708,14,0,22 23,2,8,,100683,14,0,22 23,2,48,,100647,14,0,22 23,2,8,,100718,14,0,22 23,2,8,,100626,14,0,22 23,2,8,,100733,14,0,22 23,2,8,,100762,14,0,22 23,2,8,,100673,14,0,22 23,2,8,,100633,14,0,22 23,2,48,,100679,14,0,22 23,2,8,,100751,14,0,22 23,2,8,,100745,14,0,22 23,2,8,,100725,14,0,22 23,2,8,,89087,14,0,22 23,2,8,,100787,14,0,22 23,2,8,,100781,14,0,22 23,2,8,,100599,14,0,22 23,2,48,,100605,14,0,22 23,2,8,,100783,14,0,22 23,2,8,,81440,14,0,22 23,2,8,,100759,14,0,22 23,2,8,,79766,14,0,22 23,2,8,,100684,14,0,22 23,2,8,,100743,14,0,22 23,2,48,,100711,14,0,22 23,2,8,,100700,14,0,22 23,2,9,,100773,14,0,22 23,2,4,,100741,14,0,22 23,2,7,,100794,14,0,22 23,2,7,,100672,14,0,22 23,2,7,,100648,14,0,22 23,2,7,,100720,14,0,22 23,2,7,,100606,14,0,22 23,2,47,,100703,14,0,22 23,2,7,,100639,14,0,22 23,2,7,,100653,14,0,22 23,2,7,,100704,14,0,22 23,2,7,,100691,14,0,22 23,2,7,,100757,14,0,22 23,2,7,,100705,14,0,22 23,2,7,,100638,14,0,22 23,2,7,,100686,14,0,22 23,2,47,,100722,14,0,22 23,2,7,,100788,14,0,22 23,2,7,,100791,14,0,22 23,2,7,,100697,14,0,22 23,2,7,,100727,14,0,22 23,2,7,,100657,14,0,22 23,2,7,,100710,14,0,22 23,2,7,,100652,14,0,22 23,2,47,,100767,14,0,22 23,2,7,,100690,14,0,22 23,2,7,,100670,14,0,22 23,2,7,,89208,14,0,22 23,2,7,,100595,14,0,22 23,2,7,,100748,14,0,22 23,2,7,,100681,14,0,22 23,2,7,,100694,14,0,22 23,2,7,,100668,14,0,22 23,2,49,,100692,14,0,22 23,2,8,,100617,14,0,22 23,2,9,,100792,14,0,22 23,2,8,,100714,14,0,22 23,2,9,,100728,14,0,22 23,2,9,,100680,14,0,22 23,2,9,,100790,14,0,22 23,2,49,,100800,14,0,22 23,2,9,,100646,14,0,22 23,2,9,,100597,14,0,22 23,2,9,,100678,14,0,22 23,2,9,,100613,14,0,22 23,2,9,,100642,14,0,22 23,2,49,,100622,14,0,22 23,2,9,,100636,14,0,22 23,2,9,,100637,14,0,22 23,2,9,,100749,14,0,22 23,2,9,,100753,14,0,22 23,2,9,,100750,14,0,22 23,2,9,,100695,14,0,22 23,2,49,,100754,14,0,22 23,2,8,,100628,14,0,22 23,2,13,,100603,14,0,22 23,2,10,,100635,14,0,22 23,2,10,,100609,14,0,22 23,2,10,,100654,14,0,22 23,2,50,,100746,14,0,22 23,2,10,,100789,14,0,22 23,2,10,,100742,14,0,22 23,2,10,,100709,14,0,22 23,2,10,,100779,14,0,22 23,2,10,,100596,14,0,22 23,2,50,,100740,14,0,22 23,2,10,,100713,14,0,22 23,2,10,,100730,14,0,22 23,2,12,,100735,14,0,22 23,2,12,,100729,14,0,22 23,2,55,,100677,14,0,22 23,2,20,,100699,14,0,22 23,2,25,,100651,14,0,22 23,2
50702,'2',447,,100870,14,0,22 23,2,10,,100923,14,0,22 23,2,50,,100977,14,0,22 23,2,10,,100804,14,0,22 23,2,10,,100919,14,0,22 23,2,10,,100872,14,0,22 23,2,10,,100893,14,0,22 23,2,10,,100924,14,0,22 23,2,50,,100873,14,0,22 23,2,10,,100827,14,0,22 23,2,10,,100948,14,0,22 23,2,10,,86668,14,0,22 23,2,10,,100812,14,0,22 23,2,10,,100869,14,0,22 23,2,50,,100915,14,0,22 23,2,10,,100910,14,0,22 23,2,10,,100982,14,0,22 23,2,10,,100868,14,0,22 23,2,10,,100854,14,0,22 23,2,10,,100908,14,0,22 23,2,49,,100958,14,0,22 23,2,12,,100892,14,0,22 23,2,13,,100933,14,0,22 23,2,12,,100902,14,0,22 23,2,9,,100851,14,0,22 23,2,49,,100951,14,0,22 23,2,9,,79897,14,0,22 23,2,9,,100955,14,0,22 23,2,9,,100874,14,0,22 23,2,9,,100917,14,0,22 23,2,9,,100904,14,0,22 23,2,9,,100952,14,0,22 23,2,49,,100833,14,0,22 23,2,9,,100891,14,0,22 23,2,9,,100866,14,0,22 23,2,9,,100929,14,0,22 23,2,9,,100828,14,0,22 23,2,9,,100836,14,0,22 23,2,9,,100970,14,0,22 23,2,49,,100871,14,0,22 23,2,9,,100964,14,0,22 23,2,9,,100974,14,0,22 23,2,9,,100809,14,0,22 23,2,9,,100972,14,0,22 23,2,9,,100818,14,0,22 23,2,49,,100807,14,0,22 23,2,10,,100939,14,0,22 23,2,10,,100971,14,0,22 23,2,8,,100918,14,0,22 23,2,8,,100882,14,0,22 23,2,8,,100879,14,0,22 23,2,8,,100962,14,0,22 23,2,48,,100887,14,0,22 23,2,8,,100813,14,0,22 23,2,8,,100928,14,0,22 23,2,8,,100937,14,0,22 23,2,8,,100806,14,0,22 23,2,8,,100843,14,0,22 23,2,8,,100927,14,0,22 23,2,8,,100938,14,0,22 23,2,48,,100907,14,0,22 23,2,8,,100976,14,0,22 23,2,8,,100862,14,0,22 23,2,8,,100808,14,0,22 23,2,8,,100980,14,0,22 23,2,8,,100814,14,0,22 23,2,8,,100965,14,0,22 23,2,48,,100905,14,0,22 23,2,8,,78028,14,0,22 23,2,8,,100829,14,0,22 23,2,8,,100898,14,0,22 23,2,8,,100863,14,0,22 23,2,8,,100841,14,0,22 23,2,8,,100865,14,0,22 23,2,8,,100936,14,0,22 23,2,48,,100925,14,0,22 23,2,8,,100860,14,0,22 23,2,8,,100832,14,0,22 23,2,8,,100835,14,0,22 23,2,8,,100831,14,0,22 23,2,8,,100950,14,0,22 23,2,8,,100931,14,0,22 23,2,48,,100822,14,0,22 23,2,8,,100844,14,0,22 23,2,8,,100857,14,0,22 23,2,8,,100897,14,0,22 23,2,8,,100953,14,0,22 23,2,8,,100861,14,0,22 23,2,8,,100884,14,0,22 23,2,8,,100864,14,0,22 23,2,48,,100946,14,0,22 23,2,8,,100848,14,0,22 23,2,8,,100945,14,0,22 23,2,8,,100959,14,0,22 23,2,8,,100816,14,0,22 23,2,8,,100957,14,0,22 23,2,8,,100880,14,0,22 23,2,48,,100949,14,0,22 23,2,10,,100922,14,0,22 23,2,9,,100961,14,0,22 23,2,9,,100967,14,0,22 23,2,9,,100838,14,0,22 23,2,9,,100930,14,0,22 23,2,9,,100973,14,0,22 23,2,49,,100911,14,0,22 23,2,9,,100984,14,0,22 23,2,9,,100876,14,0,22 23,2,9,,100894,14,0,22 23,2,9,,100968,14,0,22 23,2,9,,100914,14,0,22 23,2,9,,100986,14,0,22 23,2,49,,100826,14,0,22 23,2,9,,100830,14,0,22 23,2,9,,100985,14,0,22 23,2,9,,100890,14,0,22 23,2,9,,100847,14,0,22 23,2,9,,100867,14,0,22 23,2,49,,100846,14,0,22 23,2,9,,100853,14,0,22 23,2,7,,100954,14,0,22 23,2,10,,100817,14,0,22 23,2,10,,100821,14,0,22 23,2,10,,100881,14,0,22 23,2,10,,100858,14,0,22 23,2,50,,100885,14,0,22 23,2,10,,100947,14,0,22 23,2,10,,100859,14,0,22 23,2,10,,100856,14,0,22 23,2,10,,100909,14,0,22 23,2,10,,100963,14,0,22 23,2,50,,100855,14,0,22 23,2,10,,100810,14,0,22 23,2,10,,100840,14,0,22 23,2,10,,100852,14,0,22 23,2,12,,100886,14,0,22 23,2,55,,100883,14,0,22 23,2,20,,100878,14,0,22 23,2,30,,100899,14,0,22 23,2
50702,'3',443,,101007,14,0,22 23,2,8,,101050,14,0,22 23,2,49,,101137,14,0,22 23,2,10,,101154,14,0,22 23,2,10,,101059,14,0,22 23,2,10,,101068,14,0,22 23,2,10,,101100,14,0,22 23,2,10,,101160,14,0,22 23,2,50,,100999,14,0,22 23,2,10,,101070,14,0,22 23,2,10,,101127,14,0,22 23,2,10,,101026,14,0,22 23,2,10,,101046,14,0,22 23,2,10,,101014,14,0,22 23,2,50,,101107,14,0,22 23,2,10,,101092,14,0,22 23,2,10,,100995,14,0,22 23,2,10,,101081,14,0,22 23,2,10,,77636,14,0,22 23,2,10,,101016,14,0,22 23,2,50,,101053,14,0,22 23,2,11,,101165,14,0,22 23,2,11,,101121,14,0,22 23,2,16,,101112,14,0,22 23,2,10,,101031,14,0,22 23,2,10,,101111,14,0,22 23,2,50,,101004,14,0,22 23,2,10,,101148,14,0,22 23,2,10,,101136,14,0,22 23,2,10,,101132,14,0,22 23,2,10,,101064,14,0,22 23,2,10,,101008,14,0,22 23,2,50,,101085,14,0,22 23,2,10,,101062,14,0,22 23,2,10,,101042,14,0,22 23,2,10,,101128,14,0,22 23,2,10,,100992,14,0,22 23,2,10,,101020,14,0,22 23,2,50,,101156,14,0,22 23,2,10,,101065,14,0,22 23,2,10,,101166,14,0,22 23,2,10,,101009,14,0,22 23,2,10,,101017,14,0,22 23,2,10,,101074,14,0,22 23,2,50,,101044,14,0,22 23,2,9,,101155,14,0,22 23,2,8,,100991,14,0,22 23,2,8,,101133,14,0,22 23,2,8,,101157,14,0,22 23,2,9,,101149,14,0,22 23,2,9,,101105,14,0,22 23,2,49,,101124,14,0,22 23,2,9,,101144,14,0,22 23,2,9,,101159,14,0,22 23,2,9,,100993,14,0,22 23,2,9,,101102,14,0,22 23,2,9,,101118,14,0,22 23,2,49,,101029,14,0,22 23,2,9,,89586,14,0,22 23,2,9,,101114,14,0,22 23,2,9,,101142,14,0,22 23,2,9,,80189,14,0,22 23,2,9,,101139,14,0,22 23,2,9,,101028,14,0,22 23,2,49,,101130,14,0,22 23,2,9,,101000,14,0,22 23,2,9,,101096,14,0,22 23,2,9,,101056,14,0,22 23,2,9,,101021,14,0,22 23,2,9,,101027,14,0,22 23,2,9,,101071,14,0,22 23,2,49,,101025,14,0,22 23,2,9,,101098,14,0,22 23,2,9,,101066,14,0,22 23,2,9,,101038,14,0,22 23,2,9,,101010,14,0,22 23,2,9,,101039,14,0,22 23,2,49,,101138,14,0,22 23,2,9,,101023,14,0,22 23,2,9,,101169,14,0,22 23,2,9,,101095,14,0,22 23,2,9,,101041,14,0,22 23,2,9,,101022,14,0,22 23,2,9,,101168,14,0,22 23,2,49,,101093,14,0,22 23,2,9,,101063,14,0,22 23,2,9,,101001,14,0,22 23,2,9,,101024,14,0,22 23,2,9,,101108,14,0,22 23,2,9,,101153,14,0,22 23,2,9,,101147,14,0,22 23,2,49,,101116,14,0,22 23,2,6,,101150,14,0,22 23,2,9,,101122,14,0,22 23,2,8,,101106,14,0,22 23,2,7,,100990,14,0,22 23,2,9,,101167,14,0,22 23,2,9,,101078,14,0,22 23,2,49,,101091,14,0,22 23,2,9,,101058,14,0,22 23,2,9,,101143,14,0,22 23,2,9,,101018,14,0,22 23,2,9,,101077,14,0,22 23,2,9,,70115,14,0,22 23,2,9,,101119,14,0,22 23,2,49,,101054,14,0,22 23,2,9,,101076,14,0,22 23,2,9,,101103,14,0,22 23,2,9,,101069,14,0,22 23,2,9,,100997,14,0,22 23,2,9,,101113,14,0,22 23,2,49,,100998,14,0,22 23,2,9,,86891,14,0,22 23,2,9,,101034,14,0,22 23,2,9,,101057,14,0,22 23,2,10,,101040,14,0,22 23,2,10,,101115,14,0,22 23,2,10,,101101,14,0,22 23,2,50,,101067,14,0,22 23,2,10,,101123,14,0,22 23,2,10,,101052,14,0,22 23,2,10,,101097,14,0,22 23,2,10,,101013,14,0,22 23,2,10,,101134,14,0,22 23,2,50,,101135,14,0,22 23,2,10,,101075,14,0,22 23,2,10,,80267,14,0,22 23,2,19,,101079,14,0,22 23,2,59,,101104,14,0,22 23,2,15,,101099,14,0,22 23,2,20,,101162,14,0,22 23,2
50702,'5',443,,101347,14,0,22 23,2,8,,101218,14,0,22 23,2,49,,101338,14,0,22 23,2,10,,101241,14,0,22 23,2,10,,101261,14,0,22 23,2,10,,101260,14,0,22 23,2,10,,101331,14,0,22 23,2,10,,101259,14,0,22 23,2,50,,101332,14,0,22 23,2,10,,101330,14,0,22 23,2,10,,101340,14,0,22 23,2,10,,101334,14,0,22 23,2,10,,101299,14,0,22 23,2,10,,101321,14,0,22 23,2,50,,101199,14,0,22 23,2,10,,101186,14,0,22 23,2,10,,101228,14,0,22 23,2,10,,101342,14,0,22 23,2,10,,101234,14,0,22 23,2,10,,101219,14,0,22 23,2,50,,101254,14,0,22 23,2,11,,101220,14,0,22 23,2,11,,101285,14,0,22 23,2,16,,101300,14,0,22 23,2,10,,101216,14,0,22 23,2,10,,101292,14,0,22 23,2,50,,101287,14,0,22 23,2,10,,101238,14,0,22 23,2,10,,101350,14,0,22 23,2,10,,101244,14,0,22 23,2,10,,101352,14,0,22 23,2,10,,101301,14,0,22 23,2,50,,101175,14,0,22 23,2,10,,101176,14,0,22 23,2,10,,101255,14,0,22 23,2,10,,101232,14,0,22 23,2,10,,101263,14,0,22 23,2,10,,101265,14,0,22 23,2,50,,80344,14,0,22 23,2,10,,101215,14,0,22 23,2,10,,101256,14,0,22 23,2,10,,101355,14,0,22 23,2,10,,101294,14,0,22 23,2,10,,101337,14,0,22 23,2,50,,101314,14,0,22 23,2,9,,101257,14,0,22 23,2,8,,101344,14,0,22 23,2,8,,101303,14,0,22 23,2,8,,101268,14,0,22 23,2,9,,101283,14,0,22 23,2,9,,101217,14,0,22 23,2,49,,101177,14,0,22 23,2,9,,101346,14,0,22 23,2,9,,101258,14,0,22 23,2,9,,101195,14,0,22 23,2,9,,101272,14,0,22 23,2,9,,101226,14,0,22 23,2,49,,79310,14,0,22 23,2,9,,101341,14,0,22 23,2,9,,101229,14,0,22 23,2,9,,101305,14,0,22 23,2,9,,101349,14,0,22 23,2,9,,101297,14,0,22 23,2,9,,101322,14,0,22 23,2,49,,101237,14,0,22 23,2,9,,101208,14,0,22 23,2,9,,101200,14,0,22 23,2,9,,101316,14,0,22 23,2,9,,101348,14,0,22 23,2,9,,101290,14,0,22 23,2,9,,101197,14,0,22 23,2,49,,101313,14,0,22 23,2,9,,101192,14,0,22 23,2,9,,101304,14,0,22 23,2,9,,101274,14,0,22 23,2,9,,101247,14,0,22 23,2,9,,101269,14,0,22 23,2,49,,101185,14,0,22 23,2,9,,101205,14,0,22 23,2,9,,101306,14,0,22 23,2,9,,101183,14,0,22 23,2,9,,101182,14,0,22 23,2,9,,101230,14,0,22 23,2,9,,101171,14,0,22 23,2,49,,101353,14,0,22 23,2,9,,101288,14,0,22 23,2,9,,101190,14,0,22 23,2,9,,101339,14,0,22 23,2,9,,101280,14,0,22 23,2,9,,101333,14,0,22 23,2,9,,101315,14,0,22 23,2,49,,101298,14,0,22 23,2,6,,101282,14,0,22 23,2,9,,101326,14,0,22 23,2,8,,101262,14,0,22 23,2,7,,101318,14,0,22 23,2,9,,101178,14,0,22 23,2,9,,101225,14,0,22 23,2,49,,101189,14,0,22 23,2,9,,101266,14,0,22 23,2,9,,101302,14,0,22 23,2,9,,101207,14,0,22 23,2,9,,101204,14,0,22 23,2,9,,101223,14,0,22 23,2,9,,101279,14,0,22 23,2,49,,77308,14,0,22 23,2,9,,101193,14,0,22 23,2,9,,101172,14,0,22 23,2,9,,101309,14,0,22 23,2,9,,101253,14,0,22 23,2,9,,101203,14,0,22 23,2,49,,101327,14,0,22 23,2,9,,101345,14,0,22 23,2,9,,101310,14,0,22 23,2,9,,101328,14,0,22 23,2,10,,101320,14,0,22 23,2,10,,101329,14,0,22 23,2,10,,101325,14,0,22 23,2,50,,101211,14,0,22 23,2,10,,101242,14,0,22 23,2,10,,101227,14,0,22 23,2,10,,101277,14,0,22 23,2,10,,101317,14,0,22 23,2,10,,101184,14,0,22 23,2,50,,101224,14,0,22 23,2,10,,101289,14,0,22 23,2,10,,101323,14,0,22 23,2,19,,101173,14,0,22 23,2,59,,83640,14,0,22 23,2,15,,101281,14,0,22 23,2,20,,101356,14,0,22 23,2
