31004,'1',2550,,124525,16,0,25 7,2,60,,124534,16,0,25 7,2,20,,124537,16,0,25 7,2,20,,124536,16,0,25 7,2,60,,124522,16,0,25 7,2,20,,124530,16,0,25 7,2,20,,124535,16,0,25 7,2,60,,124529,16,0,25 7,2,20,,124532,16,0,25 7,2,20,,124526,16,0,25 7,2,60,,124528,16,0,25 7,2,20,,124538,16,0,25 7,2
31004,'2',2552,,124549,16,0,25 7,2,55,,124548,16,0,25 7,2,20,,124546,16,0,25 7,2,20,,124542,16,0,25 7,2,60,,124547,16,0,25 7,2,20,,124552,16,0,25 7,2,20,,124545,16,0,25 7,2,60,,124551,16,0,25 7,2,20,,124540,16,0,25 7,2,20,,124539,16,0,25 7,2,60,,108264,16,0,25 7,2
31004,'3',522,,124572,16,0,25 7,2,16,,124553,16,0,25 7,2,15,,124575,16,0,25 7,2,55,,124570,16,0,25 7,2,10,,124557,16,0,25 7,2,20,,124577,16,0,25 7,2,15,,124564,16,0,25 7,2,55,,124574,16,0,25 7,2,15,,124571,16,0,25 7,2,15,,124568,16,0,25 7,2,15,,124569,16,0,25 7,2,1794,,124566,16,0,25 7,2,60,,124555,16,0,25 7,2,20,,124563,16,0,25 7,2,20,,124576,16,0,25 7,2,60,,124554,16,0,25 7,2,20,,124578,16,0,25 7,2,20,,124560,16,0,25 7,2,60,,124558,16,0,25 7,2,20,,124573,16,0,25 7,2,20,,124567,16,0,25 7,2,60,,124565,16,0,25 7,2
31004,'5',2547,,124590,16,0,25 7,2,60,,124581,16,0,25 7,2,20,,124579,16,0,25 7,2,20,,124582,16,0,25 7,2,60,,124588,16,0,25 7,2,20,,124586,16,0,25 7,2,20,,123400,16,0,25 7,2,60,,124585,16,0,25 7,2,20,,124589,16,0,25 7,2,20,,124592,16,0,25 7,2,60,,124591,16,0,25 7,2
50901,'1',603,,133865,11,0,25 7,2,10,,133855,11,0,25 7,2,10,,133790,11,0,25 7,2,10,,133789,11,0,25 7,2,10,,133854,11,0,25 7,2,10,,133793,11,0,25 7,2,50,,133864,11,0,25 7,2,10,,133847,11,0,25 7,2,11,,133826,11,0,25 7,2,9,,133873,11,0,25 7,2,9,,133862,11,0,25 7,2,9,,133860,11,0,25 7,2,49,,133819,11,0,25 7,2,9,,133817,11,0,25 7,2,9,,133892,11,0,25 7,2,9,,133874,11,0,25 7,2,9,,119223,11,0,25 7,2,9,,133866,11,0,25 7,2,9,,133806,11,0,25 7,2,49,,133832,11,0,25 7,2,9,,133823,11,0,25 7,2,9,,133899,11,0,25 7,2,9,,133871,11,0,25 7,2,9,,133894,11,0,25 7,2,9,,133882,11,0,25 7,2,9,,133883,11,0,25 7,2,49,,133822,11,0,25 7,2,9,,133816,11,0,25 7,2,9,,133787,11,0,25 7,2,9,,133786,11,0,25 7,2,9,,121412,11,0,25 7,2,9,,133839,11,0,25 7,2,49,,133867,11,0,25 7,2,9,,122446,11,0,25 7,2,9,,133863,11,0,25 7,2,9,,133801,11,0,25 7,2,9,,133813,11,0,25 7,2,9,,133825,11,0,25 7,2,9,,133791,11,0,25 7,2,49,,133798,11,0,25 7,2,9,,133859,11,0,25 7,2,9,,133808,11,0,25 7,2,9,,133857,11,0,25 7,2,9,,133828,11,0,25 7,2,9,,133788,11,0,25 7,2,9,,133840,11,0,25 7,2,49,,133848,11,0,25 7,2,9,,133844,11,0,25 7,2,9,,133831,11,0,25 7,2,9,,133842,11,0,25 7,2,9,,133811,11,0,25 7,2,9,,133833,11,0,25 7,2,49,,133851,11,0,25 7,2,9,,133891,11,0,25 7,2,9,,133792,11,0,25 7,2,9,,133782,11,0,25 7,2,9,,133807,11,0,25 7,2,10,,133812,11,0,25 7,2,9,,133881,11,0,25 7,2,49,,133879,11,0,25 7,2,9,,133856,11,0,25 7,2,9,,133815,11,0,25 7,2,9,,133872,11,0,25 7,2,9,,133861,11,0,25 7,2,9,,133845,11,0,25 7,2,9,,133803,11,0,25 7,2,49,,133893,11,0,25 7,2,9,,133796,11,0,25 7,2,9,,133897,11,0,25 7,2,9,,133875,11,0,25 7,2,9,,133818,11,0,25 7,2,9,,119862,11,0,25 7,2,49,,133794,11,0,25 7,2,9,,133896,11,0,25 7,2,9,,133785,11,0,25 7,2,9,,133805,11,0,25 7,2,9,,133852,11,0,25 7,2,9,,133880,11,0,25 7,2,9,,133898,11,0,25 7,2,49,,133824,11,0,25 7,2,9,,133784,11,0,25 7,2,9,,133800,11,0,25 7,2,9,,133814,11,0,25 7,2,7,,133799,11,0,25 7,2,9,,133870,11,0,25 7,2,9,,133877,11,0,25 7,2,49,,133779,11,0,25 7,2,9,,133827,11,0,25 7,2,10,,133885,11,0,25 7,2,10,,133900,11,0,25 7,2,10,,113618,11,0,25 7,2,10,,133858,11,0,25 7,2,50,,133804,11,0,25 7,2,10,,133889,11,0,25 7,2,10,,133895,11,0,25 7,2,10,,133795,11,0,25 7,2,10,,133878,11,0,25 7,2,10,,133810,11,0,25 7,2,50,,133836,11,0,25 7,2,10,,133809,11,0,25 7,2,10,,133781,11,0,25 7,2,10,,133886,11,0,25 7,2,10,,133869,11,0,25 7,2,10,,133830,11,0,25 7,2,48,,133868,11,0,25 7,2,10,,133780,11,0,25 7,2,10,,133820,11,0,25 7,2,10,,133837,11,0,25 7,2,10,,115603,11,0,25 7,2,10,,133821,11,0,25 7,2,50,,133849,11,0,25 7,2,10,,133843,11,0,25 7,2,10,,133838,11,0,25 7,2,10,,133850,11,0,25 7,2,10,,133888,11,0,25 7,2,10,,133876,11,0,25 7,2,50,,133797,11,0,25 7,2,10,,133890,11,0,25 7,2,10,,133829,11,0,25 7,2,10,,133846,11,0,25 7,2,10,,133884,11,0,25 7,2,10,,133783,11,0,25 7,2,50,,118352,11,0,25 7,2,10,,114537,11,0,25 7,2
50901,'2',601,,133979,11,0,25 7,2,10,,134058,11,0,25 7,2,10,,116566,11,0,25 7,2,10,,133969,11,0,25 7,2,10,,133964,11,0,25 7,2,10,,134048,11,0,25 7,2,50,,134028,11,0,25 7,2,10,,120801,11,0,25 7,2,10,,134031,11,0,25 7,2,10,,134002,11,0,25 7,2,10,,134003,11,0,25 7,2,10,,134020,11,0,25 7,2,50,,133980,11,0,25 7,2,11,,134001,11,0,25 7,2,11,,133941,11,0,25 7,2,10,,133967,11,0,25 7,2,10,,134067,11,0,25 7,2,10,,134023,11,0,25 7,2,50,,133946,11,0,25 7,2,10,,133954,11,0,25 7,2,10,,134054,11,0,25 7,2,10,,133906,11,0,25 7,2,10,,133932,11,0,25 7,2,10,,134015,11,0,25 7,2,50,,133920,11,0,25 7,2,10,,134036,11,0,25 7,2,10,,134007,11,0,25 7,2,10,,133953,11,0,25 7,2,10,,134017,11,0,25 7,2,10,,134044,11,0,25 7,2,50,,133971,11,0,25 7,2,10,,133933,11,0,25 7,2,10,,133930,11,0,25 7,2,10,,133913,11,0,25 7,2,10,,134006,11,0,25 7,2,10,,134045,11,0,25 7,2,50,,133947,11,0,25 7,2,10,,133949,11,0,25 7,2,5,,134041,11,0,25 7,2,5,,133999,11,0,25 7,2,5,,133977,11,0,25 7,2,5,,133909,11,0,25 7,2,5,,133916,11,0,25 7,2,5,,119313,11,0,25 7,2,5,,121777,11,0,25 7,2,5,,133921,11,0,25 7,2,5,,133978,11,0,25 7,2,45,,134022,11,0,25 7,2,5,,133937,11,0,25 7,2,5,,133975,11,0,25 7,2,5,,133973,11,0,25 7,2,5,,134039,11,0,25 7,2,5,,133985,11,0,25 7,2,5,,134004,11,0,25 7,2,5,,133903,11,0,25 7,2,5,,133984,11,0,25 7,2,5,,133939,11,0,25 7,2,5,,133945,11,0,25 7,2,5,,134016,11,0,25 7,2,45,,134037,11,0,25 7,2,5,,133922,11,0,25 7,2,5,,133963,11,0,25 7,2,5,,133940,11,0,25 7,2,5,,134005,11,0,25 7,2,5,,133938,11,0,25 7,2,5,,134052,11,0,25 7,2,5,,134046,11,0,25 7,2,5,,134072,11,0,25 7,2,5,,133912,11,0,25 7,2,5,,134027,11,0,25 7,2,5,,133934,11,0,25 7,2,45,,133911,11,0,25 7,2,5,,134033,11,0,25 7,2,5,,134065,11,0,25 7,2,5,,133970,11,0,25 7,2,5,,134024,11,0,25 7,2,5,,134060,11,0,25 7,2,5,,134069,11,0,25 7,2,5,,134055,11,0,25 7,2,5,,134021,11,0,25 7,2,5,,134042,11,0,25 7,2,5,,134059,11,0,25 7,2,5,,133959,11,0,25 7,2,45,,133991,11,0,25 7,2,5,,134063,11,0,25 7,2,5,,134056,11,0,25 7,2,5,,133983,11,0,25 7,2,5,,134057,11,0,25 7,2,5,,133931,11,0,25 7,2,5,,133960,11,0,25 7,2,5,,133987,11,0,25 7,2,5,,134049,11,0,25 7,2,5,,134050,11,0,25 7,2,5,,134053,11,0,25 7,2,5,,133917,11,0,25 7,2,45,,133968,11,0,25 7,2,5,,134074,11,0,25 7,2,5,,133986,11,0,25 7,2,5,,133943,11,0,25 7,2,5,,133948,11,0,25 7,2,5,,134026,11,0,25 7,2,5,,134040,11,0,25 7,2,5,,133910,11,0,25 7,2,5,,133918,11,0,25 7,2,5,,133905,11,0,25 7,2,5,,133923,11,0,25 7,2,5,,133908,11,0,25 7,2,45,,134064,11,0,25 7,2,5,,133981,11,0,25 7,2,5,,133958,11,0,25 7,2,5,,133944,11,0,25 7,2,5,,133990,11,0,25 7,2,5,,134038,11,0,25 7,2,5,,134034,11,0,25 7,2,5,,134029,11,0,25 7,2,5,,133998,11,0,25 7,2,5,,134009,11,0,25 7,2,5,,134012,11,0,25 7,2,5,,133919,11,0,25 7,2,45,,134019,11,0,25 7,2,5,,133965,11,0,25 7,2,7,,133996,11,0,25 7,2,7,,133924,11,0,25 7,2,7,,133955,11,0,25 7,2,7,,133956,11,0,25 7,2,7,,134010,11,0,25 7,2,7,,133915,11,0,25 7,2,7,,133904,11,0,25 7,2,47,,133951,11,0,25 7,2,7,,133902,11,0,25 7,2,7,,133935,11,0,25 7,2,7,,133972,11,0,25 7,2,7,,111536,11,0,25 7,2,7,,133997,11,0,25 7,2,7,,133989,11,0,25 7,2,7,,133966,11,0,25 7,2,47,,134047,11,0,25 7,2,7,,133976,11,0,25 7,2,7,,134025,11,0,25 7,2,7,,133988,11,0,25 7,2,7,,134008,11,0,25 7,2,7,,134068,11,0,25 7,2,7,,119302,11,0,25 7,2,7,,134013,11,0,25 7,2,7,,133929,11,0,25 7,2,47,,134011,11,0,25 7,2,7,,133928,11,0,25 7,2,7,,134035,11,0,25 7,2,8,,133950,11,0,25 7,2,8,,133994,11,0,25 7,2,8,,134051,11,0,25 7,2,8,,133942,11,0,25 7,2,8,,133901,11,0,25 7,2,48,,134073,11,0,25 7,2,8,,133926,11,0,25 7,2,8,,134032,11,0,25 7,2,8,,134030,11,0,25 7,2,8,,133995,11,0,25 7,2,8,,133992,11,0,25 7,2,8,,134061,11,0,25 7,2,48,,134070,11,0,25 7,2,8,,133962,11,0,25 7,2,8,,134043,11,0,25 7,2,8,,133914,11,0,25 7,2,8,,133961,11,0,25 7,2,8,,133982,11,0,25 7,2,8,,133927,11,0,25 7,2,8,,134062,11,0,25 7,2,50,,112411,11,0,25 7,2,10,,134014,11,0,25 7,2
50901,'3',605,,111841,11,0,25 7,2,15,,134203,11,0,25 7,2,15,,134085,11,0,25 7,2,15,,134187,11,0,25 7,2,55,,134200,11,0,25 7,2,15,,134157,11,0,25 7,2,15,,134175,11,0,25 7,2,15,,134172,11,0,25 7,2,55,,134078,11,0,25 7,2,11,,134162,11,0,25 7,2,10,,134155,11,0,25 7,2,10,,134204,11,0,25 7,2,10,,134188,11,0,25 7,2,10,,134158,11,0,25 7,2,50,,134076,11,0,25 7,2,10,,134133,11,0,25 7,2,10,,134201,11,0,25 7,2,10,,134163,11,0,25 7,2,10,,134093,11,0,25 7,2,10,,134120,11,0,25 7,2,50,,134140,11,0,25 7,2,10,,134137,11,0,25 7,2,10,,134102,11,0,25 7,2,10,,134153,11,0,25 7,2,10,,134182,11,0,25 7,2,10,,134186,11,0,25 7,2,50,,134109,11,0,25 7,2,10,,134176,11,0,25 7,2,10,,134166,11,0,25 7,2,10,,134164,11,0,25 7,2,10,,134144,11,0,25 7,2,10,,134196,11,0,25 7,2,50,,120861,11,0,25 7,2,7,,134086,11,0,25 7,2,9,,134205,11,0,25 7,2,7,,134111,11,0,25 7,2,7,,120919,11,0,25 7,2,7,,134178,11,0,25 7,2,7,,134098,11,0,25 7,2,7,,109398,11,0,25 7,2,47,,134090,11,0,25 7,2,7,,134142,11,0,25 7,2,7,,134149,11,0,25 7,2,7,,107670,11,0,25 7,2,7,,134125,11,0,25 7,2,7,,134092,11,0,25 7,2,7,,134192,11,0,25 7,2,7,,134193,11,0,25 7,2,47,,134115,11,0,25 7,2,7,,134088,11,0,25 7,2,7,,134177,11,0,25 7,2,7,,134105,11,0,25 7,2,7,,134167,11,0,25 7,2,7,,134173,11,0,25 7,2,7,,134124,11,0,25 7,2,7,,134147,11,0,25 7,2,7,,134197,11,0,25 7,2,47,,134135,11,0,25 7,2,7,,134116,11,0,25 7,2,7,,134099,11,0,25 7,2,7,,134198,11,0,25 7,2,7,,134156,11,0,25 7,2,7,,134146,11,0,25 7,2,7,,134091,11,0,25 7,2,7,,134114,11,0,25 7,2,7,,134195,11,0,25 7,2,47,,134132,11,0,25 7,2,7,,134189,11,0,25 7,2,7,,134168,11,0,25 7,2,7,,134122,11,0,25 7,2,7,,134202,11,0,25 7,2,7,,134161,11,0,25 7,2,7,,134191,11,0,25 7,2,7,,134101,11,0,25 7,2,47,,134128,11,0,25 7,2,7,,134159,11,0,25 7,2,7,,134095,11,0,25 7,2,7,,134075,11,0,25 7,2,7,,134094,11,0,25 7,2,7,,134169,11,0,25 7,2,7,,134134,11,0,25 7,2,7,,134121,11,0,25 7,2,7,,116755,11,0,25 7,2,47,,134139,11,0,25 7,2,7,,134080,11,0,25 7,2,7,,134106,11,0,25 7,2,7,,134082,11,0,25 7,2,7,,134097,11,0,25 7,2,7,,134079,11,0,25 7,2,7,,134141,11,0,25 7,2,7,,116029,11,0,25 7,2,47,,134171,11,0,25 7,2,7,,134096,11,0,25 7,2,10,,134131,11,0,25 7,2,10,,134174,11,0,25 7,2,10,,134136,11,0,25 7,2,10,,134087,11,0,25 7,2,10,,134129,11,0,25 7,2,50,,134179,11,0,25 7,2,10,,134083,11,0,25 7,2,10,,134194,11,0,25 7,2,10,,134183,11,0,25 7,2,10,,134145,11,0,25 7,2,10,,134084,11,0,25 7,2,50,,134110,11,0,25 7,2,10,,134104,11,0,25 7,2,10,,134103,11,0,25 7,2,10,,134199,11,0,25 7,2,10,,134118,11,0,25 7,2,10,,134150,11,0,25 7,2,50,,134112,11,0,25 7,2,7,,134108,11,0,25 7,2,10,,134152,11,0,25 7,2,10,,134184,11,0,25 7,2,10,,134148,11,0,25 7,2,10,,134123,11,0,25 7,2,50,,134081,11,0,25 7,2,10,,134165,11,0,25 7,2,10,,134151,11,0,25 7,2,10,,134107,11,0,25 7,2,10,,134170,11,0,25 7,2,10,,134117,11,0,25 7,2,50,,134089,11,0,25 7,2,10,,134119,11,0,25 7,2,10,,134160,11,0,25 7,2,10,,134130,11,0,25 7,2,10,,134113,11,0,25 7,2,10,,134077,11,0,25 7,2,50,,134185,11,0,25 7,2,12,,134154,11,0,25 7,2
50901,'5',605,,134288,11,0,25 7,2,15,,134337,11,0,25 7,2,15,,134292,11,0,25 7,2,15,,134315,11,0,25 7,2,55,,134242,11,0,25 7,2,15,,134275,11,0,25 7,2,15,,134207,11,0,25 7,2,15,,134295,11,0,25 7,2,55,,134340,11,0,25 7,2,11,,134220,11,0,25 7,2,10,,134276,11,0,25 7,2,10,,134321,11,0,25 7,2,10,,134214,11,0,25 7,2,10,,134290,11,0,25 7,2,50,,134208,11,0,25 7,2,10,,134259,11,0,25 7,2,10,,134244,11,0,25 7,2,10,,134222,11,0,25 7,2,10,,134283,11,0,25 7,2,10,,134228,11,0,25 7,2,50,,134264,11,0,25 7,2,10,,134334,11,0,25 7,2,10,,134262,11,0,25 7,2,10,,134332,11,0,25 7,2,10,,134253,11,0,25 7,2,10,,134213,11,0,25 7,2,50,,134281,11,0,25 7,2,10,,134330,11,0,25 7,2,10,,134304,11,0,25 7,2,10,,134271,11,0,25 7,2,10,,134300,11,0,25 7,2,10,,134240,11,0,25 7,2,50,,134245,11,0,25 7,2,7,,134243,11,0,25 7,2,9,,134226,11,0,25 7,2,7,,134326,11,0,25 7,2,7,,134266,11,0,25 7,2,7,,134310,11,0,25 7,2,7,,134302,11,0,25 7,2,7,,134293,11,0,25 7,2,47,,134291,11,0,25 7,2,7,,134280,11,0,25 7,2,7,,134336,11,0,25 7,2,7,,134225,11,0,25 7,2,7,,134216,11,0,25 7,2,7,,134258,11,0,25 7,2,7,,134317,11,0,25 7,2,7,,134269,11,0,25 7,2,47,,134285,11,0,25 7,2,7,,134313,11,0,25 7,2,7,,134265,11,0,25 7,2,7,,134298,11,0,25 7,2,7,,134319,11,0,25 7,2,7,,134339,11,0,25 7,2,7,,134263,11,0,25 7,2,7,,134261,11,0,25 7,2,7,,134233,11,0,25 7,2,47,,134282,11,0,25 7,2,7,,134306,11,0,25 7,2,7,,134256,11,0,25 7,2,7,,134250,11,0,25 7,2,7,,134324,11,0,25 7,2,7,,134212,11,0,25 7,2,7,,134234,11,0,25 7,2,7,,134333,11,0,25 7,2,7,,134322,11,0,25 7,2,47,,134274,11,0,25 7,2,7,,134331,11,0,25 7,2,7,,134303,11,0,25 7,2,7,,134230,11,0,25 7,2,7,,134278,11,0,25 7,2,7,,134223,11,0,25 7,2,7,,134221,11,0,25 7,2,7,,134297,11,0,25 7,2,47,,134296,11,0,25 7,2,7,,134287,11,0,25 7,2,7,,134268,11,0,25 7,2,7,,134257,11,0,25 7,2,7,,134252,11,0,25 7,2,7,,134217,11,0,25 7,2,7,,134236,11,0,25 7,2,7,,134323,11,0,25 7,2,7,,134314,11,0,25 7,2,47,,134284,11,0,25 7,2,7,,115355,11,0,25 7,2,7,,134251,11,0,25 7,2,7,,134211,11,0,25 7,2,7,,134316,11,0,25 7,2,7,,134254,11,0,25 7,2,7,,134309,11,0,25 7,2,7,,134289,11,0,25 7,2,47,,134232,11,0,25 7,2,7,,134270,11,0,25 7,2,10,,134272,11,0,25 7,2,10,,134209,11,0,25 7,2,10,,134279,11,0,25 7,2,10,,134235,11,0,25 7,2,10,,134227,11,0,25 7,2,50,,134255,11,0,25 7,2,10,,134246,11,0,25 7,2,10,,134273,11,0,25 7,2,10,,134248,11,0,25 7,2,10,,134327,11,0,25 7,2,10,,134237,11,0,25 7,2,50,,134210,11,0,25 7,2,10,,134206,11,0,25 7,2,10,,134307,11,0,25 7,2,10,,134312,11,0,25 7,2,10,,134229,11,0,25 7,2,10,,134241,11,0,25 7,2,50,,123276,11,0,25 7,2,7,,134305,11,0,25 7,2,10,,134294,11,0,25 7,2,10,,134249,11,0,25 7,2,10,,134301,11,0,25 7,2,10,,134215,11,0,25 7,2,50,,134318,11,0,25 7,2,10,,134286,11,0,25 7,2,10,,134325,11,0,25 7,2,10,,134247,11,0,25 7,2,10,,134335,11,0,25 7,2,10,,134231,11,0,25 7,2,50,,134239,11,0,25 7,2,10,,134311,11,0,25 7,2,10,,134328,11,0,25 7,2,10,,134320,11,0,25 7,2,10,,134218,11,0,25 7,2,10,,134299,11,0,25 7,2,50,,134260,11,0,25 7,2,12,,134224,11,0,25 7,2
51004,'1',518,,135873,7,0,26 25 7,2,11,,135897,7,0,26 25 7,2,5,,135859,7,0,26 25 7,2,9,,135793,7,0,26 25 7,2,9,,135858,16,0,26 25 7,2,49,,135806,16,0,26 25 7,2,9,,135766,16,0,26 25 7,2,9,,135799,16,0,26 25 7,2,9,,135797,16,0,26 25 7,2,9,,135776,16,0,26 25 7,2,9,,135767,16,0,26 25 7,2,9,,135777,16,0,26 25 7,2,49,,135807,16,0,26 25 7,2,9,,135802,16,0,26 25 7,2,9,,135881,16,0,26 25 7,2,9,,135753,16,0,26 25 7,2,8,,135826,16,0,26 25 7,2,9,,135775,16,0,26 25 7,2,52,,135885,16,0,26 25 7,2,12,,135812,16,0,26 25 7,2,12,,135745,16,0,26 25 7,2,13,,135774,16,0,26 25 7,2,12,,135868,16,0,26 25 7,2,52,,135719,16,0,26 25 7,2,12,,135857,16,0,26 25 7,2,12,,135877,16,0,26 25 7,2,12,,135867,16,0,26 25 7,2,12,,135758,16,0,26 25 7,2,52,,135831,16,0,26 25 7,2,12,,135894,16,0,26 25 7,2,12,,135865,16,0,26 25 7,2,12,,135722,16,0,26 25 7,2,12,,135872,16,0,26 25 7,2,52,,135840,16,0,26 25 7,2,12,,135836,16,0,26 25 7,2,12,,135769,16,0,26 25 7,2,12,,135785,16,0,26 25 7,2,12,,135816,16,0,26 25 7,2,52,,135740,16,0,26 25 7,2,12,,135754,16,0,26 25 7,2,12,,135862,16,0,26 25 7,2,12,,135828,16,0,26 25 7,2,12,,135789,16,0,26 25 7,2,52,,135737,16,0,26 25 7,2,12,,135772,16,0,26 25 7,2,12,,135893,16,0,26 25 7,2,12,,135725,16,0,26 25 7,2,12,,135731,16,0,26 25 7,2,52,,135718,16,0,26 25 7,2,12,,113702,16,0,26 25 7,2,12,,135853,16,0,26 25 7,2,12,,135773,16,0,26 25 7,2,12,,135741,16,0,26 25 7,2,52,,135817,16,0,26 25 7,2,12,,135838,16,0,26 25 7,2,13,,135896,16,0,26 25 7,2,12,,135755,16,0,26 25 7,2,12,,135864,16,0,26 25 7,2,52,,135786,16,0,26 25 7,2,12,,135723,16,0,26 25 7,2,12,,135762,16,0,26 25 7,2,12,,135804,16,0,26 25 7,2,12,,135854,16,0,26 25 7,2,52,,135855,16,0,26 25 7,2,12,,135829,16,0,26 25 7,2,12,,135876,16,0,26 25 7,2,12,,135848,16,0,26 25 7,2,12,,135890,16,0,26 25 7,2,52,,135729,16,0,26 25 7,2,12,,135733,16,0,26 25 7,2,12,,135889,16,0,26 25 7,2,12,,135869,16,0,26 25 7,2,12,,135780,16,0,26 25 7,2,52,,135830,16,0,26 25 7,2,12,,135756,16,0,26 25 7,2,11,,135791,16,0,26 25 7,2,12,,135763,16,0,26 25 7,2,12,,135803,16,0,26 25 7,2,51,,135847,16,0,26 25 7,2,12,,135770,16,0,26 25 7,2,12,,107732,16,0,26 25 7,2,12,,135790,16,0,26 25 7,2,12,,135852,16,0,26 25 7,2,52,,135822,16,0,26 25 7,2,12,,135738,16,0,26 25 7,2,12,,135759,16,0,26 25 7,2,12,,135765,16,0,26 25 7,2,12,,135805,16,0,26 25 7,2,52,,135717,16,0,26 25 7,2,12,,135860,16,0,26 25 7,2,12,,135735,16,0,26 25 7,2,10,,135895,16,0,26 25 7,2,10,,135757,16,0,26 25 7,2,10,,135768,16,0,26 25 7,2,46,,135823,16,0,26 25 7,2,10,,135819,16,0,26 25 7,2,9,,135715,16,0,26 25 7,2,10,,135792,16,0,26 25 7,2,9,,135844,16,0,26 25 7,2,10,,135818,16,0,26 25 7,2,9,,135878,16,0,26 25 7,2,50,,135814,16,0,26 25 7,2,9,,135734,16,0,26 25 7,2,10,,135787,16,0,26 25 7,2,9,,135832,16,0,26 25 7,2,10,,107072,16,0,26 25 7,2,9,,135808,16,0,26 25 7,2,50,,135850,16,0,26 25 7,2,9,,135839,16,0,26 25 7,2,11,,135736,16,0,26 25 7,2,10,,135887,16,0,26 25 7,2,9,,135886,16,0,26 25 7,2
51004,'2',523,,136033,7,0,26 25 7,2,10,,136044,7,0,26 25 7,2,9,,135999,7,0,26 25 7,2,10,,136007,16,0,26 25 7,2,49,,136025,16,0,26 25 7,2,10,,136109,16,0,26 25 7,2,9,,136061,16,0,26 25 7,2,10,,109797,16,0,26 25 7,2,9,,136041,16,0,26 25 7,2,10,,135974,16,0,26 25 7,2,9,,136091,16,0,26 25 7,2,50,,135971,16,0,26 25 7,2,9,,136133,16,0,26 25 7,2,10,,136054,16,0,26 25 7,2,9,,136027,16,0,26 25 7,2,10,,136092,16,0,26 25 7,2,9,,136051,16,0,26 25 7,2,50,,135926,16,0,26 25 7,2,9,,136088,16,0,26 25 7,2,10,,136079,16,0,26 25 7,2,9,,136058,16,0,26 25 7,2,10,,136056,16,0,26 25 7,2,9,,135992,16,0,26 25 7,2,50,,136103,16,0,26 25 7,2,12,,136015,16,0,26 25 7,2,8,,135954,16,0,26 25 7,2,9,,136063,16,0,26 25 7,2,8,,135942,16,0,26 25 7,2,9,,136020,16,0,26 25 7,2,8,,136102,16,0,26 25 7,2,49,,136075,16,0,26 25 7,2,8,,135980,16,0,26 25 7,2,9,,135953,16,0,26 25 7,2,8,,135986,16,0,26 25 7,2,9,,136065,16,0,26 25 7,2,8,,135944,16,0,26 25 7,2,9,,135931,16,0,26 25 7,2,48,,135913,16,0,26 25 7,2,9,,136100,16,0,26 25 7,2,8,,135970,16,0,26 25 7,2,9,,135916,16,0,26 25 7,2,9,,135990,16,0,26 25 7,2,8,,136134,16,0,26 25 7,2,8,,136028,16,0,26 25 7,2,48,,136117,16,0,26 25 7,2,7,,136038,16,0,26 25 7,2,8,,135956,16,0,26 25 7,2,8,,135903,16,0,26 25 7,2,8,,136019,16,0,26 25 7,2,7,,135912,16,0,26 25 7,2,8,,135983,16,0,26 25 7,2,8,,136120,16,0,26 25 7,2,48,,135939,16,0,26 25 7,2,7,,136068,16,0,26 25 7,2,8,,136048,16,0,26 25 7,2,8,,136030,16,0,26 25 7,2,8,,136042,16,0,26 25 7,2,7,,135946,16,0,26 25 7,2,8,,135914,16,0,26 25 7,2,8,,135962,16,0,26 25 7,2,48,,135961,16,0,26 25 7,2,7,,136124,16,0,26 25 7,2,8,,135948,16,0,26 25 7,2,8,,136060,16,0,26 25 7,2,8,,135976,16,0,26 25 7,2,7,,135905,16,0,26 25 7,2,8,,136136,16,0,26 25 7,2,48,,136101,16,0,26 25 7,2,8,,110616,16,0,26 25 7,2,7,,136076,16,0,26 25 7,2,8,,136073,16,0,26 25 7,2,8,,136017,16,0,26 25 7,2,8,,136121,16,0,26 25 7,2,7,,136074,16,0,26 25 7,2,8,,135915,16,0,26 25 7,2,48,,136119,16,0,26 25 7,2,8,,135941,16,0,26 25 7,2,7,,136003,16,0,26 25 7,2,8,,135919,16,0,26 25 7,2,8,,135900,16,0,26 25 7,2,8,,136104,16,0,26 25 7,2,7,,135995,16,0,26 25 7,2,8,,135910,16,0,26 25 7,2,48,,136047,16,0,26 25 7,2,8,,136008,16,0,26 25 7,2,7,,136086,16,0,26 25 7,2,8,,135975,16,0,26 25 7,2,8,,135937,16,0,26 25 7,2,8,,135969,16,0,26 25 7,2,7,,135955,16,0,26 25 7,2,8,,136089,16,0,26 25 7,2,48,,136111,16,0,26 25 7,2,8,,135906,16,0,26 25 7,2,7,,135973,16,0,26 25 7,2,8,,136062,16,0,26 25 7,2,8,,135940,16,0,26 25 7,2,7,,136022,16,0,26 25 7,2,6,,136012,16,0,26 25 7,2,2,,136125,16,0,26 25 7,2,47,,136081,16,0,26 25 7,2,6,,135899,16,0,26 25 7,2,5,,136014,16,0,26 25 7,2,5,,136080,16,0,26 25 7,2,5,,135952,16,0,26 25 7,2,6,,136098,16,0,26 25 7,2,5,,136108,16,0,26 25 7,2,5,,136004,16,0,26 25 7,2,5,,136122,16,0,26 25 7,2,6,,135957,16,0,26 25 7,2,5,,135904,16,0,26 25 7,2,5,,136070,16,0,26 25 7,2,45,,135984,16,0,26 25 7,2,6,,136052,16,0,26 25 7,2,5,,136006,16,0,26 25 7,2,5,,135947,16,0,26 25 7,2,5,,136132,16,0,26 25 7,2,6,,135909,16,0,26 25 7,2,5,,136094,16,0,26 25 7,2,5,,136137,16,0,26 25 7,2,5,,136078,16,0,26 25 7,2,6,,136066,16,0,26 25 7,2,5,,135981,16,0,26 25 7,2,45,,136064,16,0,26 25 7,2,5,,135925,16,0,26 25 7,2,6,,135911,16,0,26 25 7,2,5,,135917,16,0,26 25 7,2,5,,136013,16,0,26 25 7,2,5,,136039,16,0,26 25 7,2,6,,135959,16,0,26 25 7,2,5,,135930,16,0,26 25 7,2,5,,136040,16,0,26 25 7,2,5,,136105,16,0,26 25 7,2,6,,136106,16,0,26 25 7,2,5,,136096,16,0,26 25 7,2,45,,135923,16,0,26 25 7,2,3,,135964,16,0,26 25 7,2,11,,136036,16,0,26 25 7,2,9,,136035,16,0,26 25 7,2,9,,136037,16,0,26 25 7,2,10,,136077,16,0,26 25 7,2,9,,136050,16,0,26 25 7,2,50,,135945,16,0,26 25 7,2,9,,135958,16,0,26 25 7,2,10,,136107,16,0,26 25 7,2,9,,136090,16,0,26 25 7,2,10,,135967,16,0,26 25 7,2,9,,135988,16,0,26 25 7,2,50,,135979,16,0,26 25 7,2,9,,135922,16,0,26 25 7,2,10,,135991,16,0,26 25 7,2,9,,136000,16,0,26 25 7,2,10,,136082,16,0,26 25 7,2,9,,135938,16,0,26 25 7,2,10,,136032,16,0,26 25 7,2,49,,135929,16,0,26 25 7,2,12,,136002,16,0,26 25 7,2,10,,135908,16,0,26 25 7,2,10,,136099,16,0,26 25 7,2
51004,'3',808,,136190,16,0,26 25 7,2,15,,136243,16,0,26 25 7,2,15,,136155,16,0,26 25 7,2,14,,136288,16,0,26 25 7,2,53,,136236,16,0,26 25 7,2,12,,136204,16,0,26 25 7,2,8,,136154,16,0,26 25 7,2,9,,136143,16,0,26 25 7,2,9,,136172,16,0,26 25 7,2,10,,136252,16,0,26 25 7,2,50,,136248,16,0,26 25 7,2,10,,136295,16,0,26 25 7,2,9,,136147,16,0,26 25 7,2,10,,136198,16,0,26 25 7,2,10,,136232,16,0,26 25 7,2,10,,136320,16,0,26 25 7,2,50,,136293,16,0,26 25 7,2,10,,136257,16,0,26 25 7,2,10,,136274,16,0,26 25 7,2,10,,136171,16,0,26 25 7,2,9,,136246,16,0,26 25 7,2,9,,136208,16,0,26 25 7,2,9,,136304,16,0,26 25 7,2,49,,136289,16,0,26 25 7,2,9,,136308,16,0,26 25 7,2,9,,136191,16,0,26 25 7,2,9,,136166,16,0,26 25 7,2,9,,136226,16,0,26 25 7,2,9,,136138,16,0,26 25 7,2,49,,136149,16,0,26 25 7,2,9,,136326,16,0,26 25 7,2,9,,136163,16,0,26 25 7,2,9,,136283,16,0,26 25 7,2,9,,136142,16,0,26 25 7,2,9,,136317,16,0,26 25 7,2,9,,136157,16,0,26 25 7,2,49,,136180,16,0,26 25 7,2,9,,136228,16,0,26 25 7,2,9,,136209,16,0,26 25 7,2,9,,136203,16,0,26 25 7,2,9,,136322,16,0,26 25 7,2,9,,136231,16,0,26 25 7,2,9,,136158,16,0,26 25 7,2,49,,136196,16,0,26 25 7,2,9,,136145,16,0,26 25 7,2,9,,136260,16,0,26 25 7,2,9,,136139,16,0,26 25 7,2,9,,136268,16,0,26 25 7,2,9,,136253,16,0,26 25 7,2,49,,136271,16,0,26 25 7,2,9,,136230,16,0,26 25 7,2,9,,136259,16,0,26 25 7,2,9,,136150,16,0,26 25 7,2,9,,136240,16,0,26 25 7,2,9,,136313,16,0,26 25 7,2,9,,136200,16,0,26 25 7,2,49,,136182,16,0,26 25 7,2,9,,136276,16,0,26 25 7,2,9,,136183,16,0,26 25 7,2,9,,136309,16,0,26 25 7,2,9,,136174,16,0,26 25 7,2,9,,136224,16,0,26 25 7,2,9,,136141,16,0,26 25 7,2,49,,136213,16,0,26 25 7,2,9,,136237,16,0,26 25 7,2,9,,136193,16,0,26 25 7,2,9,,136280,16,0,26 25 7,2,9,,136218,16,0,26 25 7,2,9,,136161,16,0,26 25 7,2,49,,136319,16,0,26 25 7,2,9,,136255,16,0,26 25 7,2,5,,136169,16,0,26 25 7,2,6,,136140,16,0,26 25 7,2,6,,136261,16,0,26 25 7,2,6,,136312,16,0,26 25 7,2,7,,136325,16,0,26 25 7,2,6,,136179,16,0,26 25 7,2,6,,136167,16,0,26 25 7,2,6,,136275,16,0,26 25 7,2,47,,136281,16,0,26 25 7,2,6,,136222,16,0,26 25 7,2,6,,136256,16,0,26 25 7,2,6,,136227,16,0,26 25 7,2,7,,136311,16,0,26 25 7,2,6,,136267,16,0,26 25 7,2,6,,117471,16,0,26 25 7,2,6,,136219,16,0,26 25 7,2,7,,136269,16,0,26 25 7,2,46,,136302,16,0,26 25 7,2,6,,136239,16,0,26 25 7,2,6,,136286,16,0,26 25 7,2,7,,136223,16,0,26 25 7,2,6,,136245,16,0,26 25 7,2,6,,136168,16,0,26 25 7,2,6,,136290,16,0,26 25 7,2,7,,136305,16,0,26 25 7,2,6,,136156,16,0,26 25 7,2,6,,136249,16,0,26 25 7,2,46,,136314,16,0,26 25 7,2,7,,136195,16,0,26 25 7,2,6,,136211,16,0,26 25 7,2,6,,136315,16,0,26 25 7,2,6,,136186,16,0,26 25 7,2,5,,136206,16,0,26 25 7,2,9,,136225,16,0,26 25 7,2,9,,136162,16,0,26 25 7,2,50,,136164,16,0,26 25 7,2,9,,136270,16,0,26 25 7,2,10,,136284,16,0,26 25 7,2,9,,136148,16,0,26 25 7,2,10,,136287,16,0,26 25 7,2,9,,136215,16,0,26 25 7,2,10,,136272,16,0,26 25 7,2,49,,136294,16,0,26 25 7,2,10,,136250,16,0,26 25 7,2,9,,136292,16,0,26 25 7,2,10,,136300,16,0,26 25 7,2,10,,136151,16,0,26 25 7,2,10,,136152,16,0,26 25 7,2,51,,136220,16,0,26 25 7,2,10,,136144,16,0,26 25 7,2,10,,136233,16,0,26 25 7,2,10,,136153,16,0,26 25 7,2
51004,'5',522,,136486,16,0,26 25 7,2,16,,136359,16,0,26 25 7,2,15,,136514,16,0,26 25 7,2,55,,136480,16,0,26 25 7,2,15,,136352,16,0,26 25 7,2,15,,136476,16,0,26 25 7,2,15,,136489,16,0,26 25 7,2,55,,136473,16,0,26 25 7,2,15,,136520,16,0,26 25 7,2,15,,136460,16,0,26 25 7,2,15,,136334,16,0,26 25 7,2,55,,136442,16,0,26 25 7,2,15,,136455,16,0,26 25 7,2,15,,136355,16,0,26 25 7,2,14,,136346,16,0,26 25 7,2,53,,136408,16,0,26 25 7,2,12,,136450,16,0,26 25 7,2,8,,136402,16,0,26 25 7,2,9,,136356,16,0,26 25 7,2,9,,116905,16,0,26 25 7,2,10,,136459,16,0,26 25 7,2,50,,136504,16,0,26 25 7,2,10,,136333,16,0,26 25 7,2,9,,136350,16,0,26 25 7,2,10,,136391,16,0,26 25 7,2,10,,136340,16,0,26 25 7,2,10,,136349,16,0,26 25 7,2,50,,136405,16,0,26 25 7,2,10,,136461,16,0,26 25 7,2,10,,136410,16,0,26 25 7,2,10,,136331,16,0,26 25 7,2,9,,136429,16,0,26 25 7,2,9,,136367,16,0,26 25 7,2,9,,136472,16,0,26 25 7,2,49,,118213,16,0,26 25 7,2,9,,109619,16,0,26 25 7,2,9,,136409,16,0,26 25 7,2,9,,136416,16,0,26 25 7,2,9,,136491,16,0,26 25 7,2,9,,136376,16,0,26 25 7,2,49,,136381,16,0,26 25 7,2,9,,136364,16,0,26 25 7,2,9,,136363,16,0,26 25 7,2,9,,136425,16,0,26 25 7,2,9,,136344,16,0,26 25 7,2,9,,136498,16,0,26 25 7,2,9,,136418,16,0,26 25 7,2,49,,136463,16,0,26 25 7,2,9,,136453,16,0,26 25 7,2,9,,136500,16,0,26 25 7,2,9,,136424,16,0,26 25 7,2,9,,136400,16,0,26 25 7,2,9,,136345,16,0,26 25 7,2,9,,136414,16,0,26 25 7,2,49,,136380,16,0,26 25 7,2,9,,136351,16,0,26 25 7,2,9,,136370,16,0,26 25 7,2,9,,136464,16,0,26 25 7,2,9,,136385,16,0,26 25 7,2,9,,136366,16,0,26 25 7,2,49,,136348,16,0,26 25 7,2,9,,123534,16,0,26 25 7,2,9,,136339,16,0,26 25 7,2,9,,136470,16,0,26 25 7,2,9,,136379,16,0,26 25 7,2,9,,136426,16,0,26 25 7,2,9,,136383,16,0,26 25 7,2,49,,136435,16,0,26 25 7,2,9,,136469,16,0,26 25 7,2,9,,136371,16,0,26 25 7,2,9,,136511,16,0,26 25 7,2,9,,136365,16,0,26 25 7,2,9,,136483,16,0,26 25 7,2,9,,136389,16,0,26 25 7,2,49,,136449,16,0,26 25 7,2,9,,136354,16,0,26 25 7,2,9,,136357,16,0,26 25 7,2,9,,136329,16,0,26 25 7,2,9,,136481,16,0,26 25 7,2,9,,136421,16,0,26 25 7,2,49,,136518,16,0,26 25 7,2,9,,136369,16,0,26 25 7,2,5,,136433,16,0,26 25 7,2,6,,136444,16,0,26 25 7,2,6,,136360,16,0,26 25 7,2,6,,136456,16,0,26 25 7,2,7,,136505,16,0,26 25 7,2,6,,136512,16,0,26 25 7,2,6,,136411,16,0,26 25 7,2,6,,136436,16,0,26 25 7,2,47,,136517,16,0,26 25 7,2,6,,136342,16,0,26 25 7,2,6,,136387,16,0,26 25 7,2,6,,136368,16,0,26 25 7,2,7,,136488,16,0,26 25 7,2,6,,136509,16,0,26 25 7,2,6,,136432,16,0,26 25 7,2,6,,136448,16,0,26 25 7,2,7,,136523,16,0,26 25 7,2,46,,136478,16,0,26 25 7,2,6,,136467,16,0,26 25 7,2,6,,136497,16,0,26 25 7,2,7,,136343,16,0,26 25 7,2,6,,136335,16,0,26 25 7,2,6,,136397,16,0,26 25 7,2,6,,136337,16,0,26 25 7,2,7,,136415,16,0,26 25 7,2,6,,136452,16,0,26 25 7,2,6,,136492,16,0,26 25 7,2,46,,136458,16,0,26 25 7,2,7,,136474,16,0,26 25 7,2,6,,136501,16,0,26 25 7,2,6,,123552,16,0,26 25 7,2,6,,136332,16,0,26 25 7,2,5,,136457,16,0,26 25 7,2,9,,136521,16,0,26 25 7,2,9,,110992,16,0,26 25 7,2,50,,136407,16,0,26 25 7,2,9,,136495,16,0,26 25 7,2,10,,136437,16,0,26 25 7,2,9,,136438,16,0,26 25 7,2,10,,136524,16,0,26 25 7,2,9,,136382,16,0,26 25 7,2,10,,136431,16,0,26 25 7,2,49,,136434,16,0,26 25 7,2,10,,136477,16,0,26 25 7,2,9,,136516,16,0,26 25 7,2,10,,136507,16,0,26 25 7,2,10,,136515,16,0,26 25 7,2,10,,136447,16,0,26 25 7,2,51,,136510,16,0,26 25 7,2,10,,136484,16,0,26 25 7,2,10,,136496,16,0,26 25 7,2,10,,136468,16,0,26 25 7,2
