30401,'1',2652,,91464,21,,,2,2,,91466,34,0,34,2,48,,91481,21,,,2,2,,81335,34,0,34,2,8,,91482,21,,,2,2,,91468,34,0,34,2,10,,87414,34,0,34,2,10,,91467,34,0,34,2,10,,91479,34,0,34,2,10,,91471,34,0,34,2,50,,91480,34,0,34,2,10,,91477,34,0,34,2,10,,91483,34,0,34,2,10,,91478,34,0,34,2,10,,91476,34,0,34,2,10,,84626,34,0,34,2,50,,91472,34,0,34,2,10,,91470,34,0,34,2,15,,91475,34,0,34,2,10,,91463,34,,,2,10,,91465,34,,,2,10,,91469,34,,,2,50,,91474,34,,,2,5,,91473,34,,,2
30401,'2',2701,,91491,34,0,34,2,10,,91486,34,0,34,2,4,,91492,21,,,2,6,,91497,34,0,34,2,10,,91499,34,0,34,2,10,,91489,34,0,34,2,10,,91494,34,0,34,2,50,,91484,34,0,34,2,10,,91495,34,0,34,2,10,,91496,34,0,34,2,10,,91502,34,0,34,2,10,,91501,34,0,34,2,10,,91507,34,0,34,2,50,,91498,34,0,34,2,10,,91500,34,0,34,2,10,,91490,34,0,34,2,12,,91487,34,0,34,2,10,,91503,34,,,2,10,,91504,34,,,2,5,,91488,34,,,2,45,,91506,34,,,2,10,,91485,34,,,2,10,,91505,34,,,2,13,,91493,34,,,2
30401,'3',549,,91544,21,0,34,2,7,,91526,34,0,31,2,47,,91508,21,0,34,2,7,,91524,34,0,31,2,7,,91509,21,0,34,2,7,,91552,34,0,31,2,7,,91536,21,0,34,2,7,,91548,34,0,31,2,7,,91532,21,0,34,2,7,,91511,34,0,31,2,7,,91547,21,0,34,2,47,,91539,34,0,31,2,7,,91534,21,0,34,2,7,,91549,34,0,31,2,7,,91533,21,0,34,2,7,,91540,34,0,31,2,7,,91514,21,0,34,2,7,,91541,34,0,31,2,54,,91542,34,0,31,2,14,,91543,34,0,31,2,14,,91517,34,0,31,2,14,,91551,34,0,31,2,1807,,91518,34,,,2,52,,91525,34,0,34,2,4,,91529,21,,,2,6,,91550,34,0,34,2,4,,91516,21,,,2,6,,91520,34,0,34,2,4,,91519,21,,,2,6,,91538,34,0,34,2,10,,83514,34,0,34,2,10,,91531,34,0,34,2,50,,91521,34,0,34,2,10,,91510,34,0,34,2,10,,91546,34,0,34,2,10,,91512,34,0,34,2,10,,78205,34,0,34,2,10,,91545,34,0,34,2,50,,75756,34,0,34,2,10,,91523,34,0,34,2,10,,91513,34,0,34,2,8,,91530,34,,,2,10,,91528,34,,,2,10,,91527,34,,,2
30401,'5',2703,,91572,34,0,34,2,10,,91571,34,0,34,2,4,,91565,21,,,2,6,,91564,34,0,34,2,4,,91569,21,,,2,6,,91554,34,0,34,2,10,,91558,34,0,34,2,10,,91563,34,0,34,2,50,,91553,34,0,34,2,10,,91570,34,0,34,2,10,,91555,34,0,34,2,10,,91559,34,0,34,2,10,,91561,34,0,34,2,10,,91562,34,0,34,2,50,,91566,34,0,34,2,10,,91568,34,0,34,2,10,,91567,34,0,34,2,8,,91557,34,,,2,10,,91556,34,,,2,10,,91560,34,,,2
50301,'1',552,,93496,8,0,36 40,2,50,,93525,8,0,36 40,2,10,,93572,8,0,36 40,2,10,,93608,8,0,36 40,2,5,,93580,8,0,36 40,2,5,,93481,8,0,36 40,2,5,,93499,8,0,36 40,2,5,,93486,8,0,36 40,2,10,,93551,8,0,36 40,2,50,,93588,8,0,36 40,2,7,,93548,8,0,36 40,2,7,,93520,8,0,36 40,2,6,,93550,8,0,36 40,2,6,,93538,8,0,36 40,2,4,,93598,8,0,36 40,2,3,,93535,8,0,36 40,2,7,,93615,8,0,36 40,2,6,,93478,8,0,36 40,2,6,,93592,8,0,36 40,2,46,,93547,8,0,36 40,2,6,,93515,8,0,36 40,2,6,,93506,8,0,36 40,2,6,,93602,8,0,36 40,2,6,,93521,8,0,36 40,2,6,,93505,8,0,36 40,2,6,,93575,8,0,36 40,2,6,,93476,8,0,36 40,2,6,,93555,8,0,36 40,2,6,,93543,8,0,36 40,2,46,,93516,8,0,36 40,2,6,,93484,8,0,36 40,2,6,,93576,8,0,36 40,2,6,,93597,8,0,36 40,2,6,,93614,8,0,36 40,2,6,,93578,8,0,36 40,2,6,,93605,8,0,36 40,2,8,,93514,8,0,36 40,2,6,,93587,8,0,36 40,2,6,,93586,8,0,36 40,2,46,,93490,8,0,36 40,2,5,,93512,8,0,36 40,2,5,,93613,8,0,36 40,2,10,,93577,8,0,36 40,2,5,,93485,8,0,36 40,2,5,,93475,8,0,36 40,2,10,,93566,8,0,36 40,2,10,,93473,8,0,36 40,2,50,,93545,8,0,36 40,2,10,,93513,8,0,36 40,2,10,,90682,8,0,36 40,2,10,,93553,8,0,36 40,2,10,,93594,8,0,36 40,2,10,,93574,8,0,36 40,2,50,,93606,8,0,36 40,2,10,,93472,8,0,36 40,2,10,,93532,8,0,36 40,2,10,,93483,8,0,36 40,2,10,,93479,8,0,36 40,2,10,,93591,8,0,36 40,2,50,,93500,8,0,36 40,2,10,,93471,8,0,36 40,2,10,,93540,8,0,36 40,2,10,,93612,8,0,36 40,2,10,,93469,8,0,36 40,2,10,,93517,8,0,36 40,2,50,,93510,8,0,36 40,2,10,,93527,8,0,36 40,2,10,,93509,8,0,36 40,2,10,,93611,8,0,36 40,2,11,,86518,8,0,36 40,2,7,,93583,8,0,36 40,2,6,,93507,8,0,36 40,2,46,,93603,8,0,36 40,2,6,,93482,8,0,36 40,2,8,,93552,8,0,36 40,2,9,,93503,8,0,36 40,2,9,,93585,8,0,36 40,2,9,,93528,8,0,36 40,2,7,,93524,8,0,36 40,2,6,,93529,8,0,36 40,2,46,,93599,8,0,36 40,2,6,,93470,8,0,36 40,2,6,,93569,8,0,36 40,2,6,,93504,8,0,36 40,2,6,,93560,8,0,36 40,2,6,,93554,8,0,36 40,2,6,,93607,8,0,36 40,2,6,,93582,8,0,36 40,2,6,,93539,8,0,36 40,2,6,,93536,8,0,36 40,2,46,,93519,8,0,36 40,2,6,,93604,8,0,36 40,2,6,,93541,8,0,36 40,2,6,,93502,8,0,36 40,2,6,,93498,8,0,36 40,2,6,,93477,8,0,36 40,2,6,,93579,8,0,36 40,2,6,,93474,8,0,36 40,2,6,,93595,8,0,36 40,2,52,,93610,8,0,36 40,2,6,,93533,8,0,36 40,2,6,,93542,8,0,36 40,2,6,,93487,8,0,36 40,2,6,,93530,8,0,36 40,2,6,,93556,8,0,36 40,2,6,,93567,8,0,36 40,2,6,,78578,8,0,36 40,2,6,,93523,8,0,36 40,2,6,,93565,8,0,36 40,2,49,,93596,8,0,36 40,2,8,,93537,8,0,36 40,2,9,,93558,8,0,36 40,2,7,,93546,8,0,36 40,2,8,,79738,8,0,36 40,2,8,,93526,8,0,36 40,2,8,,93534,8,0,36 40,2,48,,93544,8,0,36 40,2,8,,93511,8,0,36 40,2,8,,93531,8,0,36 40,2,8,,93601,8,0,36 40,2,8,,93563,8,0,36 40,2,8,,93491,8,0,36 40,2,8,,93508,8,0,36 40,2,8,,93600,8,0,36 40,2,48,,93497,8,0,36 40,2,8,,93522,8,0,36 40,2,8,,93584,8,0,36 40,2,8,,93590,8,0,36 40,2,8,,93480,8,0,36 40,2,8,,93493,8,0,36 40,2,8,,93494,8,0,36 40,2,48,,93549,8,0,36 40,2,8,,93570,8,0,36 40,2,10,,93589,8,0,36 40,2,10,,93518,8,0,36 40,2,10,,93489,8,0,36 40,2,10,,93557,8,0,36 40,2,10,,77427,8,0,36 40,2,50,,86633,8,0,36 40,2,10,,93568,8,0,36 40,2,10,,93593,8,0,36 40,2,10,,93492,8,0,36 40,2,10,,93609,8,0,36 40,2,10,,93559,8,0,36 40,2,50,,93488,8,0,36 40,2,10,,93571,8,0,36 40,2,15,,93562,8,0,36 40,2,15,,93501,8,0,36 40,2,55,,93581,8,0,36 40,2,15,,93573,8,0,36 40,2,9,,93495,8,0,36 40,2
50301,'2',523,,87733,8,0,36 40,2,10,,87610,8,0,36 40,2,10,,93718,8,0,36 40,2,10,,93667,8,0,36 40,2,50,,93720,8,0,36 40,2,10,,93671,8,0,36 40,2,10,,93742,8,0,36 40,2,10,,93646,8,0,36 40,2,10,,93673,8,0,36 40,2,10,,93634,8,0,36 40,2,50,,93709,8,0,36 40,2,10,,93651,8,0,36 40,2,10,,93724,8,0,36 40,2,10,,87565,8,0,36 40,2,10,,93641,8,0,36 40,2,10,,93626,8,0,36 40,2,50,,93744,8,0,36 40,2,10,,93616,8,0,36 40,2,10,,93738,8,0,36 40,2,10,,93717,8,0,36 40,2,10,,93653,8,0,36 40,2,10,,93698,8,0,36 40,2,50,,93649,8,0,36 40,2,10,,93710,8,0,36 40,2,10,,93622,8,0,36 40,2,10,,93645,8,0,36 40,2,10,,93723,8,0,36 40,2,10,,93627,8,0,36 40,2,50,,93736,8,0,36 40,2,10,,93739,8,0,36 40,2,10,,93733,8,0,36 40,2,10,,93625,8,0,36 40,2,10,,93623,8,0,36 40,2,10,,93746,8,0,36 40,2,50,,93661,8,0,36 40,2,10,,93703,8,0,36 40,2,10,,93743,8,0,36 40,2,10,,93631,8,0,36 40,2,10,,93708,8,0,36 40,2,10,,93697,8,0,36 40,2,50,,93664,8,0,36 40,2,12,,93648,8,0,36 40,2,8,,93705,8,0,36 40,2,8,,93669,8,0,36 40,2,9,,93629,8,0,36 40,2,8,,93707,8,0,36 40,2,8,,93654,8,0,36 40,2,48,,93628,8,0,36 40,2,8,,93666,8,0,36 40,2,8,,93721,8,0,36 40,2,8,,93713,8,0,36 40,2,8,,93700,8,0,36 40,2,8,,93693,8,0,36 40,2,8,,93675,8,0,36 40,2,48,,93735,8,0,36 40,2,8,,93643,8,0,36 40,2,8,,93689,8,0,36 40,2,8,,93737,8,0,36 40,2,8,,93621,8,0,36 40,2,8,,93639,8,0,36 40,2,8,,93680,8,0,36 40,2,8,,93683,8,0,36 40,2,48,,93722,8,0,36 40,2,8,,93647,8,0,36 40,2,8,,93663,8,0,36 40,2,8,,93727,8,0,36 40,2,8,,93640,8,0,36 40,2,8,,93633,8,0,36 40,2,8,,93657,8,0,36 40,2,48,,93715,8,0,36 40,2,8,,93638,8,0,36 40,2,8,,93656,8,0,36 40,2,8,,93728,8,0,36 40,2,8,,93659,8,0,36 40,2,8,,93618,8,0,36 40,2,8,,93650,8,0,36 40,2,8,,93624,8,0,36 40,2,48,,93706,8,0,36 40,2,8,,93702,8,0,36 40,2,8,,93677,8,0,36 40,2,8,,93714,8,0,36 40,2,8,,93732,8,0,36 40,2,8,,93692,8,0,36 40,2,8,,93725,8,0,36 40,2,48,,93679,8,0,36 40,2,8,,93747,8,0,36 40,2,8,,93745,8,0,36 40,2,8,,93694,8,0,36 40,2,8,,93620,8,0,36 40,2,8,,93716,8,0,36 40,2,8,,93688,8,0,36 40,2,56,,93660,8,0,36 40,2,8,,93678,8,0,36 40,2,8,,93712,8,0,36 40,2,10,,93682,8,0,36 40,2,10,,93741,8,0,36 40,2,10,,93676,8,0,36 40,2,50,,93690,8,0,36 40,2,10,,93729,8,0,36 40,2,10,,93731,8,0,36 40,2,10,,93719,8,0,36 40,2,10,,93701,8,0,36 40,2,10,,93685,8,0,36 40,2,50,,93665,8,0,36 40,2,10,,93681,8,0,36 40,2,10,,93704,8,0,36 40,2,10,,93617,8,0,36 40,2,10,,93726,8,0,36 40,2,10,,93658,8,0,36 40,2,50,,93668,8,0,36 40,2,10,,93730,8,0,36 40,2,9,,93695,8,0,36 40,2,10,,93687,8,0,36 40,2,10,,93686,8,0,36 40,2,10,,93674,8,0,36 40,2,10,,93644,8,0,36 40,2,50,,93734,8,0,36 40,2,10,,93672,8,0,36 40,2,10,,93619,8,0,36 40,2,10,,93684,8,0,36 40,2,10,,93632,8,0,36 40,2,10,,93670,8,0,36 40,2,50,,93642,8,0,36 40,2,10,,93636,8,0,36 40,2,10,,93696,8,0,36 40,2,10,,93740,8,0,36 40,2,10,,93662,8,0,36 40,2,10,,93630,8,0,36 40,2,50,,93711,8,0,36 40,2,10,,93635,8,0,36 40,2,15,,93637,8,0,36 40,2,15,,93691,8,0,36 40,2,55,,93699,8,0,36 40,2,15,,93655,8,0,36 40,2,11,,93652,8,0,36 40,2
50301,'3',556,,93787,8,0,36 40,2,50,,93798,8,0,36 40,2,10,,93824,8,0,36 40,2,10,,93842,8,0,36 40,2,10,,93845,8,0,36 40,2,10,,93856,8,0,36 40,2,10,,93857,8,0,36 40,2,50,,93784,8,0,36 40,2,10,,93805,8,0,36 40,2,10,,93812,8,0,36 40,2,10,,93846,8,0,36 40,2,10,,93800,8,0,36 40,2,10,,93797,8,0,36 40,2,50,,93777,8,0,36 40,2,10,,93819,8,0,36 40,2,10,,93790,8,0,36 40,2,10,,93760,8,0,36 40,2,10,,93808,8,0,36 40,2,10,,93813,8,0,36 40,2,50,,93753,8,0,36 40,2,10,,93849,8,0,36 40,2,10,,85971,8,0,36 40,2,10,,93782,8,0,36 40,2,10,,93827,8,0,36 40,2,10,,93830,8,0,36 40,2,50,,93780,8,0,36 40,2,10,,93761,8,0,36 40,2,10,,93858,8,0,36 40,2,10,,93757,8,0,36 40,2,10,,93833,8,0,36 40,2,10,,93865,8,0,36 40,2,50,,93752,8,0,36 40,2,10,,93779,8,0,36 40,2,10,,93762,8,0,36 40,2,10,,93822,8,0,36 40,2,10,,93748,8,0,36 40,2,10,,93754,8,0,36 40,2,50,,93821,8,0,36 40,2,11,,93844,8,0,36 40,2,10,,93786,8,0,36 40,2,10,,93771,8,0,36 40,2,10,,93860,8,0,36 40,2,10,,93847,8,0,36 40,2,50,,93766,8,0,36 40,2,10,,93835,8,0,36 40,2,10,,93810,8,0,36 40,2,10,,93778,8,0,36 40,2,10,,93785,8,0,36 40,2,10,,93834,8,0,36 40,2,50,,93806,8,0,36 40,2,10,,93843,8,0,36 40,2,10,,93823,8,0,36 40,2,10,,93836,8,0,36 40,2,10,,93829,8,0,36 40,2,10,,93850,8,0,36 40,2,50,,93828,8,0,36 40,2,10,,93853,8,0,36 40,2,10,,93803,8,0,36 40,2,10,,93862,8,0,36 40,2,10,,93809,8,0,36 40,2,10,,93764,8,0,36 40,2,50,,93781,8,0,36 40,2,10,,93807,8,0,36 40,2,10,,93793,8,0,36 40,2,10,,93841,8,0,36 40,2,10,,93775,8,0,36 40,2,10,,93749,8,0,36 40,2,50,,93848,8,0,36 40,2,10,,93801,8,0,36 40,2,10,,93773,8,0,36 40,2,10,,93763,8,0,36 40,2,10,,93758,8,0,36 40,2,10,,93861,8,0,36 40,2,50,,93851,8,0,36 40,2,10,,93818,8,0,36 40,2,10,,93855,8,0,36 40,2,10,,93794,8,0,36 40,2,20,,93838,8,0,36 40,2,50,,93799,8,0,36 40,2,10,,93796,8,0,36 40,2,9,,93756,8,0,36 40,2,10,,93815,8,0,36 40,2,10,,93772,8,0,36 40,2,10,,93769,8,0,36 40,2,50,,93831,8,0,36 40,2,10,,93840,8,0,36 40,2,10,,93826,8,0,36 40,2,10,,93811,8,0,36 40,2,10,,93755,8,0,36 40,2,10,,93825,8,0,36 40,2,50,,93820,8,0,36 40,2,10,,93788,8,0,36 40,2,10,,93789,8,0,36 40,2,10,,93774,8,0,36 40,2,10,,93751,8,0,36 40,2,10,,93770,8,0,36 40,2,50,,93817,8,0,36 40,2,10,,93859,8,0,36 40,2,10,,93867,8,0,36 40,2,10,,93767,8,0,36 40,2,10,,93863,8,0,36 40,2,10,,93791,8,0,36 40,2,50,,93795,8,0,36 40,2,10,,93783,8,0,36 40,2,10,,93814,8,0,36 40,2,10,,93759,8,0,36 40,2,10,,93750,8,0,36 40,2,10,,93832,8,0,36 40,2,50,,93839,8,0,36 40,2,10,,93768,8,0,36 40,2,10,,93804,8,0,36 40,2,10,,93864,8,0,36 40,2,10,,93852,8,0,36 40,2,10,,93802,8,0,36 40,2,50,,93776,8,0,36 40,2,10,,93792,8,0,36 40,2,10,,93816,8,0,36 40,2,10,,93854,8,0,36 40,2,10,,93765,8,0,36 40,2,55,,93837,8,0,36 40,2,20,,93866,8,0,36 40,2
50301,'5',556,,93893,8,0,36 40,2,50,,93934,8,0,36 40,2,10,,93947,8,0,36 40,2,10,,93974,8,0,36 40,2,10,,93959,8,0,36 40,2,10,,90547,8,0,36 40,2,10,,93971,8,0,36 40,2,50,,93883,8,0,36 40,2,10,,93961,8,0,36 40,2,10,,93879,8,0,36 40,2,10,,93897,8,0,36 40,2,10,,93937,8,0,36 40,2,10,,93890,8,0,36 40,2,50,,93968,8,0,36 40,2,10,,93957,8,0,36 40,2,10,,93903,8,0,36 40,2,10,,93979,8,0,36 40,2,10,,93887,8,0,36 40,2,10,,93984,8,0,36 40,2,50,,93928,8,0,36 40,2,10,,93872,8,0,36 40,2,10,,93891,8,0,36 40,2,10,,93931,8,0,36 40,2,10,,93944,8,0,36 40,2,10,,93882,8,0,36 40,2,50,,93958,8,0,36 40,2,10,,93917,8,0,36 40,2,10,,93946,8,0,36 40,2,10,,93964,8,0,36 40,2,10,,93942,8,0,36 40,2,10,,93895,8,0,36 40,2,50,,93884,8,0,36 40,2,10,,93924,8,0,36 40,2,10,,93889,8,0,36 40,2,10,,93930,8,0,36 40,2,10,,93907,8,0,36 40,2,10,,93963,8,0,36 40,2,50,,93943,8,0,36 40,2,11,,93948,8,0,36 40,2,10,,93922,8,0,36 40,2,10,,93911,8,0,36 40,2,10,,93967,8,0,36 40,2,10,,93941,8,0,36 40,2,50,,93916,8,0,36 40,2,10,,93949,8,0,36 40,2,10,,93906,8,0,36 40,2,10,,93975,8,0,36 40,2,10,,93939,8,0,36 40,2,10,,93918,8,0,36 40,2,50,,93894,8,0,36 40,2,10,,93920,8,0,36 40,2,10,,93954,8,0,36 40,2,10,,93965,8,0,36 40,2,10,,93935,8,0,36 40,2,10,,93902,8,0,36 40,2,50,,93881,8,0,36 40,2,10,,93950,8,0,36 40,2,10,,93915,8,0,36 40,2,10,,93933,8,0,36 40,2,10,,93951,8,0,36 40,2,10,,93955,8,0,36 40,2,50,,93927,8,0,36 40,2,10,,93877,8,0,36 40,2,10,,93932,8,0,36 40,2,10,,93980,8,0,36 40,2,10,,93905,8,0,36 40,2,10,,93900,8,0,36 40,2,50,,93985,8,0,36 40,2,10,,93926,8,0,36 40,2,10,,93981,8,0,36 40,2,10,,93969,8,0,36 40,2,10,,93886,8,0,36 40,2,10,,93953,8,0,36 40,2,50,,93983,8,0,36 40,2,10,,93869,8,0,36 40,2,10,,93919,8,0,36 40,2,10,,93868,8,0,36 40,2,10,,93873,8,0,36 40,2,10,,93962,8,0,36 40,2,50,,93909,8,0,36 40,2,10,,93929,8,0,36 40,2,9,,93898,8,0,36 40,2,10,,93972,8,0,36 40,2,10,,93899,8,0,36 40,2,10,,93914,8,0,36 40,2,50,,93966,8,0,36 40,2,10,,93870,8,0,36 40,2,10,,93878,8,0,36 40,2,10,,93978,8,0,36 40,2,10,,76790,8,0,36 40,2,10,,93910,8,0,36 40,2,50,,93875,8,0,36 40,2,10,,93912,8,0,36 40,2,10,,93892,8,0,36 40,2,10,,93876,8,0,36 40,2,10,,93913,8,0,36 40,2,10,,93938,8,0,36 40,2,50,,93936,8,0,36 40,2,10,,91220,8,0,36 40,2,10,,93880,8,0,36 40,2,10,,93923,8,0,36 40,2,10,,93940,8,0,36 40,2,10,,93960,8,0,36 40,2,50,,93885,8,0,36 40,2,10,,93896,8,0,36 40,2,10,,93952,8,0,36 40,2,10,,93908,8,0,36 40,2,10,,93973,8,0,36 40,2,10,,93904,8,0,36 40,2,50,,93925,8,0,36 40,2,10,,93888,8,0,36 40,2,10,,93976,8,0,36 40,2,10,,93921,8,0,36 40,2,10,,79393,8,0,36 40,2,10,,93977,8,0,36 40,2,50,,93901,8,0,36 40,2,10,,93956,8,0,36 40,2,10,,93874,8,0,36 40,2,10,,93871,8,0,36 40,2,10,,93982,8,0,36 40,2,55,,93945,8,0,36 40,2,20,,93970,8,0,36 40,2
50401,'1',539,,94656,21,0,34,2,10,,94661,34,0,46 43 44 3 45,2,10,,94625,21,0,34,2,45,,94712,34,0,46 43 44 3 45,2,5,,80779,21,0,34,2,5,,94736,34,0,46 43 44 3 45,2,5,,94704,21,0,34,2,5,,94628,34,0,46 43 44 3 45,2,5,,94607,21,0,34,2,5,,94751,32,0,46 43 44 3 45,2,5,,94727,21,0,34,2,5,,94508,32,0,46 43 44 3 45,2,5,,94711,21,0,34,2,5,,94502,32,0,46 43 44 3 45,2,3,,94520,21,0,34,2,47,,94577,32,0,46 43 44 3 45,2,5,,94668,21,0,34,2,5,,94553,32,0,46 43 44 3 45,2,5,,94735,21,0,34,2,5,,94597,32,0,46 43 44 3 45,2,5,,94589,21,0,34,2,6,,78412,32,0,46 43 44 3 45,2,7,,94720,21,0,34,2,6,,94721,32,0,46 43 44 3 45,2,5,,94646,21,0,34,2,6,,94640,32,0,46 43 44 3 45,2,45,,94506,21,0,34,2,5,,94499,32,0,46 43 44 3 45,2,5,,94504,21,0,34,2,5,,87307,32,0,46 43 44 3 45,2,5,,94722,21,0,34,2,4,,94532,32,0,46 43 44 3 45,2,4,,94750,21,0,34,2,4,,94592,32,0,46 43 44 3 45,2,4,,94658,21,0,34,2,4,,94586,32,0,46 43 44 3 45,2,4,,94519,21,0,34,2,4,,94627,32,0,46 43 44 3 45,2,4,,94741,21,0,34,2,2,,94634,21,,,2,42,,94629,32,0,46 43 44 3 45,2,4,,94729,21,0,34,2,4,,94606,32,0,46 43 44 3 45,2,4,,94566,21,0,34,2,4,,94747,32,0,46 43 44 3 45,2,4,,82598,21,0,34,2,4,,94535,32,0,46 43 44 3 45,2,4,,94642,21,0,34,2,4,,94660,32,0,46 43 44 3 45,2,4,,94507,21,0,34,2,4,,94550,32,0,46 43 44 3 45,2,4,,94692,21,0,34,2,4,,94710,32,0,46 43 44 3 45,2,4,,94754,21,0,34,2,4,,94558,32,0,46 43 44 3 45,2,44,,94769,21,0,34,2,4,,94534,32,0,46 43 44 3 45,2,3,,94759,21,0,34,2,4,,94667,32,0,46 43 44 3 45,2,5,,94738,21,0,34,2,3,,94608,32,0,46 43 44 3 45,2,4,,94636,32,0,46 43 44 3 45,2,1,,94536,21,0,34,2,9,,94570,21,0,34,2,2,,94700,32,0,46 43 44 3 45,2,6,,94544,32,,,2,2,,94723,21,0,34,2,2,,94591,32,0,46 43 44 3 45,2,8,,94649,21,0,34,2,2,,94719,32,0,46 43 44 3 45,2,48,,94537,21,0,34,2,2,,94665,32,0,46 43 44 3 45,2,8,,94730,21,0,34,2,2,,94602,32,0,46 43 44 3 45,2,4,,85551,21,,,2,4,,94637,21,0,34,2,2,,94701,32,0,46 43 44 3 45,2,8,,94511,21,0,34,2,2,,94498,32,0,46 43 44 3 45,2,8,,94681,21,0,34,2,2,,94757,32,0,46 43 44 3 45,2,8,,94694,21,0,34,2,2,,94644,32,0,46 43 44 3 45,2,48,,94709,21,0,34,2,2,,94574,32,0,46 43 44 3 45,2,8,,94568,21,0,34,2,2,,94771,32,0,46 43 44 3 45,2,8,,94604,21,0,34,2,2,,94527,32,0,46 43 44 3 45,2,8,,94590,21,0,34,2,2,,94618,32,0,46 43 44 3 45,2,8,,94501,21,0,34,2,2,,94573,32,0,46 43 44 3 45,2,8,,94561,21,0,34,2,2,,94715,32,0,46 43 44 3 45,2,48,,94531,21,0,34,2,2,,94663,32,0,46 43 44 3 45,2,8,,94682,21,0,34,2,2,,94753,32,0,46 43 44 3 45,2,8,,94632,21,0,34,2,2,,94588,32,0,46 43 44 3 45,2,8,,94716,21,0,34,2,2,,94578,32,0,46 43 44 3 45,2,8,,94706,21,0,34,2,2,,94500,32,0,46 43 44 3 45,2,8,,94653,21,0,34,2,2,,94725,32,0,46 43 44 3 45,2,48,,94724,21,0,34,2,2,,94767,32,0,46 43 44 3 45,2,8,,94739,21,0,34,2,2,,80798,32,0,46 43 44 3 45,2,8,,94687,21,0,34,2,2,,82972,32,0,46 43 44 3 45,2,8,,94594,21,0,34,2,2,,94523,32,0,46 43 44 3 45,2,8,,94510,21,0,34,2,2,,94505,32,0,46 43 44 3 45,2,8,,94562,21,0,34,2,2,,94714,32,0,46 43 44 3 45,2,48,,94516,21,0,34,2,6,,94517,32,0,46 43 44 3 45,2,5,,94571,21,0,34,2,6,,94761,32,0,46 43 44 3 45,2,5,,94633,21,0,34,2,3,,94559,32,0,46 43 44 3 45,2,7,,94509,21,0,34,2,3,,94603,32,0,46 43 44 3 45,2,7,,94651,21,0,34,2,3,,94610,32,0,46 43 44 3 45,2,7,,94619,21,0,34,2,3,,94726,32,0,46 43 44 3 45,2,47,,94512,21,0,34,2,3,,94645,32,0,46 43 44 3 45,2,7,,94680,21,0,34,2,3,,94690,32,0,46 43 44 3 45,2,7,,94542,21,0,34,2,4,,94538,32,0,46 43 44 3 45,2,6,,94678,21,0,34,2,3,,94728,32,0,46 43 44 3 45,2,7,,94768,21,0,34,2,3,,94524,32,0,46 43 44 3 45,2,7,,94693,21,0,34,2,3,,94513,32,0,46 43 44 3 45,2,47,,94684,21,0,34,2,3,,94503,32,0,46 43 44 3 45,2,7,,94533,21,0,34,2,3,,94708,32,0,46 43 44 3 45,2,7,,94686,21,0,34,2,3,,94579,32,0,46 43 44 3 45,2,7,,94576,21,0,34,2,3,,94609,32,0,46 43 44 3 45,2,7,,94596,21,0,34,2,3,,94713,32,0,46 43 44 3 45,2,7,,84716,21,0,34,2,3,,94560,32,0,46 43 44 3 45,2,47,,94587,21,0,34,2,3,,94695,32,0,46 43 44 3 45,2,7,,94555,21,0,34,2,3,,94599,32,0,46 43 44 3 45,2,7,,94749,21,0,34,2,3,,94671,32,0,46 43 44 3 45,2,7,,90614,21,0,34,2,3,,94605,32,0,46 43 44 3 45,2,7,,94583,21,0,34,2,3,,94525,32,0,46 43 44 3 45,2,7,,94752,21,0,34,2,3,,94600,32,0,46 43 44 3 45,2,47,,94541,21,0,34,2,3,,94683,32,0,46 43 44 3 45,2,7,,94688,21,0,34,2,3,,94718,32,0,46 43 44 3 45,2,7,,94689,21,0,34,2,3,,94699,32,0,46 43 44 3 45,2,7,,94623,21,0,34,2,3,,94515,32,0,46 43 44 3 45,2,7,,94705,21,0,34,2,2,,94662,21,,,2,1,,94650,32,0,46 43 44 3 45,2,7,,77963,21,0,34,2,1,,90651,32,0,46 43 44 3 45,2,47,,94679,32,0,46 43 44 3 45,2,2,,94638,21,0,34,2,8,,94611,32,0,46 43 44 3 45,2,2,,94733,21,0,34,2,7,,94674,32,0,46 43 44 3 45,2,3,,94762,21,0,34,2,7,,94552,32,0,46 43 44 3 45,2,3,,94585,21,0,34,2,1,,94703,21,,,2,6,,94551,32,0,46 43 44 3 45,2,3,,94529,21,0,34,2,8,,94521,32,0,46 43 44 3 45,2,2,,94549,21,0,34,2,48,,94545,32,0,46 43 44 3 45,2,2,,94539,21,0,34,2,3,,94654,32,,,2,5,,94647,32,0,46 43 44 3 45,2,2,,94518,21,0,34,2,8,,94572,32,0,46 43 44 3 45,2,2,,76031,21,0,34,2,8,,94737,32,0,46 43 44 3 45,2,2,,94685,21,0,34,2,8,,94580,32,0,46 43 44 3 45,2,2,,94630,21,0,34,2,8,,94582,32,0,46 43 44 3 45,2,2,,94540,21,0,34,2,48,,94595,32,0,46 43 44 3 45,2,2,,94639,21,0,34,2,8,,94648,32,0,46 43 44 3 45,2,2,,94641,21,0,34,2,8,,94744,32,0,46 43 44 3 45,2,1,,94612,21,0,34,2,9,,94672,32,0,46 43 44 3 45,2,1,,94673,21,0,34,2,8,,94664,32,0,46 43 44 3 45,2,2,,94766,21,0,34,2,8,,94564,32,0,46 43 44 3 45,2,2,,94620,21,0,34,2,48,,94643,32,0,46 43 44 3 45,2,2,,94631,21,0,34,2,8,,94696,32,0,46 43 44 3 45,2,2,,94567,21,0,34,2,8,,94575,32,0,46 43 44 3 45,2,2,,94676,21,0,34,2,3,,94669,32,,,2,5,,94546,32,0,46 43 44 3 45,2,2,,94732,21,0,34,2,8,,94743,32,0,46 43 44 3 45,2,2,,94626,21,0,34,2,8,,94731,32,0,46 43 44 3 45,2,2,,94670,21,0,34,2,48,,94554,32,0,46 43 44 3 45,2,2,,94624,21,0,34,2,8,,94584,32,0,46 43 44 3 45,2,2,,94617,21,0,34,2,8,,94755,32,0,46 43 44 3 45,2,2,,94543,21,0,34,2,8,,94522,32,0,46 43 44 3 45,2,2,,94655,21,0,34,2,8,,94675,32,0,46 43 44 3 45,2,2,,94621,21,0,34,2,8,,94657,32,0,46 43 44 3 45,2,2,,94548,21,0,34,2,48,,94666,32,0,46 43 44 3 45,2,2,,94557,21,0,34,2,8,,94622,32,0,46 43 44 3 45,2,2,,94547,21,0,34,2,8,,94569,32,0,46 43 44 3 45,2,2,,94526,21,0,34,2,8,,94581,32,0,46 43 44 3 45,2,2,,94746,21,0,34,2,5,,94556,32,0,46 43 44 3 45,2,5,,94565,21,0,34,2,5,,94677,32,0,46 43 44 3 45,2,5,,94601,21,0,34,2,5,,94598,32,0,46 43 44 3 45,2,45,,94760,21,0,34,2,5,,94770,32,0,46 43 44 3 45,2,5,,94614,21,0,34,2,5,,94707,32,0,46 43 44 3 45,2,5,,94765,21,0,34,2,1,,94691,21,,,2,4,,94740,32,0,46 43 44 3 45,2,5,,94652,21,0,34,2,5,,94702,32,0,46 43 44 3 45,2,5,,90034,21,0,34,2,5,,94745,32,0,46 43 44 3 45,2
50401,'2',531,,94895,34,0,46 43 44 3 45,2,10,,94908,21,0,34,2,10,,94877,34,0,46 43 44 3 45,2,50,,94937,21,0,34,2,5,,94852,34,0,46 43 44 3 45,2,10,,94933,21,0,34,2,5,,94803,34,0,46 43 44 3 45,2,5,,94855,21,0,34,2,5,,78102,34,0,46 43 44 3 45,2,5,,94914,21,0,34,2,5,,94962,32,0,46 43 44 3 45,2,5,,95002,21,0,34,2,5,,94956,32,0,46 43 44 3 45,2,5,,94986,21,0,34,2,45,,94931,32,0,46 43 44 3 45,2,5,,94779,21,0,34,2,5,,94845,32,0,46 43 44 3 45,2,5,,94873,21,0,34,2,5,,94965,32,0,46 43 44 3 45,2,5,,94918,21,0,34,2,5,,95012,32,0,46 43 44 3 45,2,5,,94963,21,0,34,2,5,,94948,32,0,46 43 44 3 45,2,5,,89447,21,0,34,2,5,,94828,32,0,46 43 44 3 45,2,5,,94843,21,0,34,2,45,,94851,32,0,46 43 44 3 45,2,5,,94897,21,0,34,2,5,,94919,32,0,46 43 44 3 45,2,6,,95004,21,0,34,2,6,,94878,32,0,46 43 44 3 45,2,6,,94794,21,0,34,2,7,,94862,32,0,46 43 44 3 45,2,6,,95007,21,0,34,2,7,,94882,32,0,46 43 44 3 45,2,5,,94994,21,0,34,2,5,,94913,32,0,46 43 44 3 45,2,45,,94945,21,0,34,2,5,,94976,32,0,46 43 44 3 45,2,5,,94792,21,0,34,2,5,,94958,32,0,46 43 44 3 45,2,5,,95028,21,0,34,2,5,,94941,32,0,46 43 44 3 45,2,5,,95005,21,0,34,2,5,,94836,32,0,46 43 44 3 45,2,5,,95030,21,0,34,2,5,,94783,32,0,46 43 44 3 45,2,5,,90813,21,0,34,2,5,,95016,32,0,46 43 44 3 45,2,45,,94787,21,0,34,2,5,,94775,32,0,46 43 44 3 45,2,5,,94810,21,0,34,2,5,,94930,32,0,46 43 44 3 45,2,5,,94899,21,0,34,2,5,,88526,32,0,46 43 44 3 45,2,5,,94907,21,0,34,2,5,,94890,32,0,46 43 44 3 45,2,5,,94814,21,0,34,2,5,,94829,32,0,46 43 44 3 45,2,5,,94996,21,0,34,2,5,,94871,32,0,46 43 44 3 45,2,45,,94989,21,0,34,2,5,,94796,32,0,46 43 44 3 45,2,5,,94893,21,0,34,2,5,,94791,32,0,46 43 44 3 45,2,5,,94988,21,0,34,2,5,,95003,32,0,46 43 44 3 45,2,5,,94981,21,0,34,2,5,,94950,32,0,46 43 44 3 45,2,5,,94846,21,0,34,2,5,,94859,32,0,46 43 44 3 45,2,5,,94905,21,0,34,2,5,,94960,32,0,46 43 44 3 45,2,45,,94880,21,0,34,2,5,,94926,32,0,46 43 44 3 45,2,5,,95008,21,0,34,2,5,,94938,32,0,46 43 44 3 45,2,5,,94979,21,0,34,2,5,,94831,32,0,46 43 44 3 45,2,5,,94815,21,0,34,2,5,,94772,32,0,46 43 44 3 45,2,5,,94968,21,0,34,2,5,,94834,32,0,46 43 44 3 45,2,7,,95023,21,0,34,2,51,,94970,32,0,46 43 44 3 45,2,1,,95025,21,0,34,2,10,,94811,21,0,34,2,1,,94916,32,0,46 43 44 3 45,2,9,,94826,21,0,34,2,1,,94789,32,0,46 43 44 3 45,2,9,,95009,21,0,34,2,1,,94802,32,0,46 43 44 3 45,2,9,,94889,21,0,34,2,1,,94812,32,0,46 43 44 3 45,2,9,,78767,21,0,34,2,1,,94966,32,0,46 43 44 3 45,2,49,,94955,21,0,34,2,1,,94819,32,0,46 43 44 3 45,2,9,,89422,21,0,34,2,1,,94840,32,0,46 43 44 3 45,2,9,,94863,21,0,34,2,1,,94982,32,0,46 43 44 3 45,2,9,,94991,21,0,34,2,1,,94844,32,0,46 43 44 3 45,2,9,,94969,21,0,34,2,1,,94992,32,0,46 43 44 3 45,2,9,,95001,21,0,34,2,1,,94781,32,0,46 43 44 3 45,2,49,,94887,21,0,34,2,1,,94799,32,0,46 43 44 3 45,2,9,,94825,21,0,34,2,1,,94910,32,0,46 43 44 3 45,2,9,,94813,21,0,34,2,1,,94894,32,0,46 43 44 3 45,2,9,,94884,21,0,34,2,1,,95017,32,0,46 43 44 3 45,2,9,,94850,21,0,34,2,1,,94793,32,0,46 43 44 3 45,2,9,,94904,21,0,34,2,1,,94817,32,0,46 43 44 3 45,2,49,,94934,21,0,34,2,1,,94816,32,0,46 43 44 3 45,2,9,,94821,21,0,34,2,1,,94928,32,0,46 43 44 3 45,2,9,,94961,21,0,34,2,1,,94774,32,0,46 43 44 3 45,2,9,,95029,21,0,34,2,1,,94901,32,0,46 43 44 3 45,2,9,,94869,21,0,34,2,1,,94980,32,0,46 43 44 3 45,2,9,,94912,21,0,34,2,1,,94858,32,0,46 43 44 3 45,2,49,,94909,21,0,34,2,1,,94822,32,0,46 43 44 3 45,2,9,,95000,21,0,34,2,1,,94782,32,0,46 43 44 3 45,2,9,,94820,21,0,34,2,1,,94987,32,0,46 43 44 3 45,2,9,,94947,21,0,34,2,1,,94940,32,0,46 43 44 3 45,2,9,,94795,21,0,34,2,1,,94773,32,0,46 43 44 3 45,2,9,,94984,21,0,34,2,1,,94808,32,0,46 43 44 3 45,2,49,,94993,21,0,34,2,1,,94997,32,0,46 43 44 3 45,2,9,,94800,21,0,34,2,1,,95022,32,0,46 43 44 3 45,2,9,,94954,21,0,34,2,1,,94935,32,0,46 43 44 3 45,2,9,,94847,21,0,34,2,1,,94879,32,0,46 43 44 3 45,2,9,,94888,21,0,34,2,1,,94865,32,0,46 43 44 3 45,2,9,,94903,21,0,34,2,1,,94827,32,0,46 43 44 3 45,2,48,,94835,21,0,34,2,1,,95010,32,0,46 43 44 3 45,2,4,,95032,32,0,46 43 44 3 45,2,4,,94944,21,0,34,2,5,,94805,32,0,46 43 44 3 45,2,5,,94818,21,0,34,2,5,,82680,32,0,46 43 44 3 45,2,5,,94902,21,0,34,2,5,,94972,32,0,46 43 44 3 45,2,5,,94872,21,0,34,2,5,,94978,32,0,46 43 44 3 45,2,5,,94883,21,0,34,2,2,,94867,21,,,2,43,,94778,32,0,46 43 44 3 45,2,5,,94999,21,0,34,2,5,,94790,32,0,46 43 44 3 45,2,5,,94866,21,0,34,2,5,,94832,32,0,46 43 44 3 45,2,5,,94785,21,0,34,2,4,,94927,32,0,46 43 44 3 45,2,6,,94848,21,0,34,2,4,,94929,32,0,46 43 44 3 45,2,6,,95013,21,0,34,2,4,,94959,32,0,46 43 44 3 45,2,6,,94936,21,0,34,2,44,,94777,32,0,46 43 44 3 45,2,6,,94824,21,0,34,2,4,,95018,32,0,46 43 44 3 45,2,6,,94830,21,0,34,2,4,,94849,32,0,46 43 44 3 45,2,6,,94860,21,0,34,2,4,,94854,32,0,46 43 44 3 45,2,6,,94975,21,0,34,2,4,,94842,32,0,46 43 44 3 45,2,6,,94798,21,0,34,2,4,,94892,32,0,46 43 44 3 45,2,6,,95006,21,0,34,2,44,,94875,32,0,46 43 44 3 45,2,6,,94856,21,0,34,2,4,,94925,32,0,46 43 44 3 45,2,6,,80972,21,0,34,2,4,,94932,32,0,46 43 44 3 45,2,6,,94839,21,0,34,2,4,,94964,32,0,46 43 44 3 45,2,7,,94922,21,0,34,2,2,,94942,21,,,2,4,,88523,32,0,46 43 44 3 45,2,4,,94990,21,0,34,2,7,,94943,32,0,46 43 44 3 45,2,5,,94784,21,0,34,2,46,,94807,32,0,46 43 44 3 45,2,4,,94837,21,0,34,2,6,,94806,32,0,46 43 44 3 45,2,4,,94967,21,0,34,2,6,,95015,32,0,46 43 44 3 45,2,4,,95026,21,0,34,2,6,,94920,32,0,46 43 44 3 45,2,4,,94900,21,0,34,2,6,,94896,32,0,46 43 44 3 45,2,4,,94898,21,0,34,2,6,,94861,32,0,46 43 44 3 45,2,4,,95019,21,0,34,2,46,,94924,32,0,46 43 44 3 45,2,4,,94876,21,0,34,2,6,,94983,32,0,46 43 44 3 45,2,4,,94868,21,0,34,2,6,,94804,32,0,46 43 44 3 45,2,4,,94971,21,0,34,2,6,,95020,32,0,46 43 44 3 45,2,4,,94809,21,0,34,2,6,,94939,32,0,46 43 44 3 45,2,4,,94921,21,0,34,2,6,,94874,32,0,46 43 44 3 45,2,4,,95031,21,0,34,2,46,,94917,32,0,46 43 44 3 45,2,4,,94853,21,0,34,2,6,,94946,32,0,46 43 44 3 45,2,4,,94952,21,0,34,2,6,,94833,32,0,46 43 44 3 45,2,4,,94973,21,0,34,2,6,,95024,32,0,46 43 44 3 45,2,4,,94885,21,0,34,2,6,,94801,32,0,46 43 44 3 45,2,4,,94949,21,0,34,2,5,,94911,32,0,46 43 44 3 45,2,5,,94906,21,0,34,2,45,,94977,32,0,46 43 44 3 45,2,5,,94881,21,0,34,2,5,,94957,32,0,46 43 44 3 45,2,5,,95027,21,0,34,2,5,,94886,32,0,46 43 44 3 45,2,5,,94776,21,0,34,2,5,,94985,32,0,46 43 44 3 45,2,5,,94891,21,0,34,2,5,,94786,32,0,46 43 44 3 45,2,2,,94857,21,0,34,2,1,,94974,32,,,2,6,,94780,21,,,2,2,,95014,32,0,46 43 44 3 45,2,48,,94823,21,,,2
50401,'3',755,,95076,21,0,34,2,54,,85946,21,0,34,2,14,,95245,21,0,34,2,14,,95035,21,0,34,2,14,,95041,21,0,34,2,7,,95237,32,0,46 43 44 3 45,2,47,,95082,21,0,34,2,7,,95049,32,0,46 43 44 3 45,2,7,,95158,21,0,34,2,5,,95149,21,0,34,2,4,,95119,32,0,46 43 44 3 45,2,10,,95059,21,0,34,2,5,,95189,32,0,46 43 44 3 45,2,7,,95163,21,0,34,2,3,,95090,32,0,46 43 44 3 45,2,47,,95063,21,0,34,2,4,,95195,32,0,46 43 44 3 45,2,6,,95244,21,0,34,2,3,,95171,32,0,46 43 44 3 45,2,7,,95242,21,0,34,2,3,,95135,32,0,46 43 44 3 45,2,7,,95146,21,0,34,2,3,,95200,32,0,46 43 44 3 45,2,7,,95202,21,0,34,2,3,,95161,32,0,46 43 44 3 45,2,7,,95096,21,0,34,2,3,,95210,32,0,46 43 44 3 45,2,47,,95187,21,0,34,2,3,,95190,32,0,46 43 44 3 45,2,7,,95127,21,0,34,2,3,,95043,32,0,46 43 44 3 45,2,7,,95154,21,0,34,2,3,,95053,32,0,46 43 44 3 45,2,7,,95114,21,0,34,2,3,,95097,32,0,46 43 44 3 45,2,7,,90932,21,0,34,2,3,,95213,32,0,46 43 44 3 45,2,7,,95147,21,0,34,2,3,,95234,32,0,46 43 44 3 45,2,47,,95144,21,0,34,2,3,,95252,32,0,46 43 44 3 45,2,7,,95250,21,0,34,2,3,,95233,32,0,46 43 44 3 45,2,8,,95136,21,0,34,2,12,,95117,32,0,46 43 44 3 45,2,1,,95056,21,0,34,2,9,,95073,32,0,46 43 44 3 45,2,2,,95109,21,0,34,2,8,,95062,32,0,46 43 44 3 45,2,2,,95160,21,0,34,2,48,,95206,32,0,46 43 44 3 45,2,2,,95093,21,0,34,2,8,,95060,32,0,46 43 44 3 45,2,2,,95052,21,0,34,2,8,,95080,32,0,46 43 44 3 45,2,2,,95251,21,0,34,2,8,,95108,32,0,46 43 44 3 45,2,2,,95214,21,0,34,2,8,,95094,32,0,46 43 44 3 45,2,2,,95157,21,0,34,2,8,,95066,32,0,46 43 44 3 45,2,2,,95051,21,0,34,2,48,,95223,32,0,46 43 44 3 45,2,2,,95131,21,0,34,2,8,,95140,32,0,46 43 44 3 45,2,2,,95047,21,0,34,2,8,,95167,32,0,46 43 44 3 45,2,2,,95220,21,0,34,2,8,,95038,32,0,46 43 44 3 45,2,2,,95209,21,0,34,2,8,,95048,32,0,46 43 44 3 45,2,2,,95203,21,0,34,2,8,,95232,32,0,46 43 44 3 45,2,2,,95215,21,0,34,2,48,,95100,32,0,46 43 44 3 45,2,2,,95218,21,0,34,2,8,,95184,32,0,46 43 44 3 45,2,2,,95126,21,0,34,2,8,,95105,32,0,46 43 44 3 45,2,2,,95143,21,0,34,2,8,,95078,32,0,46 43 44 3 45,2,2,,95089,21,0,34,2,8,,95186,32,0,46 43 44 3 45,2,2,,95172,21,0,34,2,8,,95227,32,0,46 43 44 3 45,2,2,,95091,21,0,34,2,48,,95095,32,0,46 43 44 3 45,2,2,,95229,21,0,34,2,8,,95155,32,0,46 43 44 3 45,2,2,,95221,21,0,34,2,8,,95238,32,0,46 43 44 3 45,2,2,,95132,21,0,34,2,8,,95192,32,0,46 43 44 3 45,2,2,,95055,21,0,34,2,8,,95180,32,0,46 43 44 3 45,2,2,,95224,21,0,34,2,8,,95125,32,0,46 43 44 3 45,2,2,,95045,21,0,34,2,48,,95103,32,0,46 43 44 3 45,2,2,,95183,21,0,34,2,8,,95175,32,0,46 43 44 3 45,2,2,,95247,21,0,34,2,8,,95085,32,0,46 43 44 3 45,2,2,,95165,21,0,34,2,8,,95092,32,0,46 43 44 3 45,2,2,,95042,21,0,34,2,8,,95248,32,0,46 43 44 3 45,2,2,,76586,21,0,34,2,8,,95111,32,0,46 43 44 3 45,2,2,,95159,21,0,34,2,48,,95181,32,0,46 43 44 3 45,2,2,,95230,21,0,34,2,8,,95201,32,0,46 43 44 3 45,2,2,,95141,21,0,34,2,8,,95036,32,0,46 43 44 3 45,2,2,,95225,21,0,34,2,8,,95065,32,0,46 43 44 3 45,2,2,,95212,21,0,34,2,8,,95046,32,0,46 43 44 3 45,2,2,,95039,21,0,34,2,8,,95235,32,0,46 43 44 3 45,2,2,,95231,21,0,34,2,48,,95086,32,0,46 43 44 3 45,2,2,,95166,21,0,34,2,6,,95137,32,0,46 43 44 3 45,2,4,,78188,21,0,34,2,2,,95106,21,,,2,3,,95070,32,0,46 43 44 3 45,2,6,,95173,21,0,34,2,4,,95081,32,0,46 43 44 3 45,2,5,,95033,21,0,34,2,5,,95148,32,0,46 43 44 3 45,2,5,,95058,21,0,34,2,2,,95120,32,0,46 43 44 3 45,2,8,,95075,21,0,34,2,2,,95193,32,0,46 43 44 3 45,2,48,,95182,21,0,34,2,2,,95072,32,0,46 43 44 3 45,2,8,,95083,21,0,34,2,2,,95084,32,0,46 43 44 3 45,2,8,,95246,21,0,34,2,2,,95228,32,0,46 43 44 3 45,2,8,,95169,21,0,34,2,2,,95068,32,0,46 43 44 3 45,2,8,,95071,21,0,34,2,2,,95168,32,0,46 43 44 3 45,2,8,,95151,21,0,34,2,2,,95067,32,0,46 43 44 3 45,2,48,,95153,21,0,34,2,2,,95188,32,0,46 43 44 3 45,2,8,,95142,21,0,34,2,2,,95123,32,0,46 43 44 3 45,2,8,,95102,21,0,34,2,2,,95128,32,0,46 43 44 3 45,2,8,,95219,21,0,34,2,2,,95152,32,0,46 43 44 3 45,2,8,,95040,21,0,34,2,2,,95198,32,0,46 43 44 3 45,2,8,,76003,21,0,34,2,2,,95204,32,0,46 43 44 3 45,2,48,,95088,21,0,34,2,2,,95222,32,0,46 43 44 3 45,2,8,,95226,21,0,34,2,2,,87828,32,0,46 43 44 3 45,2,4,,95139,32,,,2,4,,95197,21,0,34,2,4,,95178,32,0,46 43 44 3 45,2,6,,95099,21,0,34,2,3,,95124,32,0,46 43 44 3 45,2,7,,95057,21,0,34,2,3,,95050,32,0,46 43 44 3 45,2,7,,95112,21,0,34,2,3,,95130,32,0,46 43 44 3 45,2,47,,95098,21,0,34,2,3,,95074,32,0,46 43 44 3 45,2,2,,95217,21,,,2,5,,75925,21,0,34,2,3,,95110,32,0,46 43 44 3 45,2,7,,95077,21,0,34,2,3,,95138,32,0,46 43 44 3 45,2,7,,95156,21,0,34,2,3,,95107,32,0,46 43 44 3 45,2,7,,95194,21,0,34,2,3,,95211,32,0,46 43 44 3 45,2,7,,95191,21,0,34,2,3,,95185,32,0,46 43 44 3 45,2,47,,95199,21,0,34,2,3,,95207,32,0,46 43 44 3 45,2,7,,95205,21,0,34,2,3,,95087,32,0,46 43 44 3 45,2,7,,95239,21,0,34,2,3,,95115,32,0,46 43 44 3 45,2,7,,95145,21,0,34,2,3,,95079,32,0,46 43 44 3 45,2,7,,95176,21,0,34,2,3,,95121,32,0,46 43 44 3 45,2,7,,95243,21,0,34,2,3,,95104,32,0,46 43 44 3 45,2,47,,95113,21,0,34,2,3,,95069,32,0,46 43 44 3 45,2,7,,95150,21,0,34,2,3,,95216,32,0,46 43 44 3 45,2,7,,95122,21,0,34,2,3,,95129,32,0,46 43 44 3 45,2,7,,95162,21,0,34,2,3,,95054,32,0,46 43 44 3 45,2,7,,95240,21,0,34,2,3,,95061,32,0,46 43 44 3 45,2,7,,95133,21,0,34,2,3,,95034,32,0,46 43 44 3 45,2,47,,95179,21,0,34,2,3,,95064,32,0,46 43 44 3 45,2,7,,95208,21,0,34,2,3,,95249,32,0,46 43 44 3 45,2,5,,95116,32,,,2,2,,95101,21,0,34,2,8,,95044,32,0,46 43 44 3 45,2,2,,95241,21,0,34,2,10,,95164,21,0,34,2,3,,95037,32,0,46 43 44 3 45,2,2,,95236,21,,,2
50401,'5',549,,95351,21,0,34,2,7,,95407,34,0,46 43 44 3 45,2,47,,95309,21,0,34,2,7,,95303,34,0,46 43 44 3 45,2,7,,95397,21,0,34,2,7,,95373,34,0,46 43 44 3 45,2,7,,95340,21,0,34,2,7,,95313,32,0,46 43 44 3 45,2,7,,95429,21,0,34,2,7,,95284,32,0,46 43 44 3 45,2,7,,95274,21,0,34,2,47,,95488,32,0,46 43 44 3 45,2,7,,95255,21,0,34,2,7,,95499,32,0,46 43 44 3 45,2,7,,95446,21,0,34,2,7,,95368,32,0,46 43 44 3 45,2,7,,95408,21,0,34,2,7,,95282,32,0,46 43 44 3 45,2,7,,95294,21,0,34,2,47,,95405,32,0,46 43 44 3 45,2,7,,95413,21,0,34,2,7,,95438,32,0,46 43 44 3 45,2,7,,95288,21,0,34,2,7,,95395,32,0,46 43 44 3 45,2,7,,95467,21,0,34,2,7,,95369,32,0,46 43 44 3 45,2,7,,95364,21,0,34,2,7,,95334,32,0,46 43 44 3 45,2,47,,95431,21,0,34,2,7,,95276,32,0,46 43 44 3 45,2,7,,95291,21,0,34,2,5,,95388,21,0,34,2,4,,95317,32,0,46 43 44 3 45,2,10,,95420,21,0,34,2,5,,95470,32,0,46 43 44 3 45,2,7,,95321,21,0,34,2,3,,95269,32,0,46 43 44 3 45,2,47,,95256,21,0,34,2,4,,95298,32,0,46 43 44 3 45,2,6,,95399,21,0,34,2,3,,95487,32,0,46 43 44 3 45,2,7,,95332,21,0,34,2,3,,95424,32,0,46 43 44 3 45,2,7,,95296,21,0,34,2,3,,95326,32,0,46 43 44 3 45,2,7,,95356,21,0,34,2,3,,95479,32,0,46 43 44 3 45,2,7,,95260,21,0,34,2,3,,95352,32,0,46 43 44 3 45,2,47,,95354,21,0,34,2,3,,95504,32,0,46 43 44 3 45,2,7,,95460,21,0,34,2,3,,95342,32,0,46 43 44 3 45,2,7,,95454,21,0,34,2,3,,95283,32,0,46 43 44 3 45,2,7,,95444,21,0,34,2,3,,95361,32,0,46 43 44 3 45,2,7,,95360,21,0,34,2,3,,95376,32,0,46 43 44 3 45,2,7,,95357,21,0,34,2,3,,95390,32,0,46 43 44 3 45,2,47,,95316,21,0,34,2,3,,95473,32,0,46 43 44 3 45,2,7,,95366,21,0,34,2,3,,95410,32,0,46 43 44 3 45,2,8,,95337,21,0,34,2,5,,95323,32,0,46 43 44 3 45,2,8,,95435,21,0,34,2,9,,95293,32,0,46 43 44 3 45,2,2,,95406,21,0,34,2,8,,95497,32,0,46 43 44 3 45,2,2,,95336,21,0,34,2,48,,95378,32,0,46 43 44 3 45,2,2,,95345,21,0,34,2,8,,95480,32,0,46 43 44 3 45,2,2,,95279,21,0,34,2,8,,95491,32,0,46 43 44 3 45,2,2,,95307,21,0,34,2,8,,95290,32,0,46 43 44 3 45,2,2,,95456,21,0,34,2,8,,95452,32,0,46 43 44 3 45,2,2,,95322,21,0,34,2,8,,95494,32,0,46 43 44 3 45,2,2,,95362,21,0,34,2,48,,95268,32,0,46 43 44 3 45,2,2,,95383,21,0,34,2,8,,95339,32,0,46 43 44 3 45,2,2,,95466,21,0,34,2,8,,95358,32,0,46 43 44 3 45,2,2,,95493,21,0,34,2,8,,95259,32,0,46 43 44 3 45,2,2,,95440,21,0,34,2,8,,95427,32,0,46 43 44 3 45,2,2,,95380,21,0,34,2,8,,95367,32,0,46 43 44 3 45,2,2,,95437,21,0,34,2,48,,95426,32,0,46 43 44 3 45,2,2,,95447,21,0,34,2,8,,95461,32,0,46 43 44 3 45,2,2,,95433,21,0,34,2,8,,95261,32,0,46 43 44 3 45,2,2,,95348,21,0,34,2,8,,95330,32,0,46 43 44 3 45,2,2,,95263,21,0,34,2,8,,95398,32,0,46 43 44 3 45,2,2,,95457,21,0,34,2,8,,95477,32,0,46 43 44 3 45,2,2,,95430,21,0,34,2,48,,95384,32,0,46 43 44 3 45,2,2,,95319,21,0,34,2,8,,95297,32,0,46 43 44 3 45,2,2,,95315,21,0,34,2,8,,95414,32,0,46 43 44 3 45,2,2,,95425,21,0,34,2,8,,95459,32,0,46 43 44 3 45,2,2,,95500,21,0,34,2,8,,95264,32,0,46 43 44 3 45,2,2,,95463,21,0,34,2,8,,95462,32,0,46 43 44 3 45,2,2,,95416,21,0,34,2,48,,95253,32,0,46 43 44 3 45,2,2,,95328,21,0,34,2,8,,95489,32,0,46 43 44 3 45,2,2,,95280,21,0,34,2,8,,95484,32,0,46 43 44 3 45,2,2,,95341,21,0,34,2,8,,95372,32,0,46 43 44 3 45,2,2,,76025,21,0,34,2,8,,95292,32,0,46 43 44 3 45,2,2,,95439,21,0,34,2,8,,95302,32,0,46 43 44 3 45,2,2,,95445,21,0,34,2,48,,95418,32,0,46 43 44 3 45,2,2,,95324,21,0,34,2,8,,95285,32,0,46 43 44 3 45,2,2,,95355,21,0,34,2,8,,95257,32,0,46 43 44 3 45,2,2,,95382,21,0,34,2,8,,95311,32,0,46 43 44 3 45,2,2,,95331,21,0,34,2,8,,95442,32,0,46 43 44 3 45,2,2,,95475,21,0,34,2,8,,95402,32,0,46 43 44 3 45,2,2,,95363,21,0,34,2,48,,95262,32,0,46 43 44 3 45,2,2,,95266,21,0,34,2,5,,95272,32,0,46 43 44 3 45,2,5,,95277,21,0,34,2,2,,95485,21,,,2,2,,95381,32,0,46 43 44 3 45,2,7,,95441,21,0,34,2,1,,95394,32,0,46 43 44 3 45,2,8,,95393,21,0,34,2,2,,95325,32,0,46 43 44 3 45,2,8,,95502,21,0,34,2,2,,95287,32,0,46 43 44 3 45,2,8,,95421,21,0,34,2,2,,95411,32,0,46 43 44 3 45,2,48,,95335,21,0,34,2,2,,95486,32,0,46 43 44 3 45,2,8,,95370,21,0,34,2,2,,95496,32,0,46 43 44 3 45,2,8,,95375,21,0,34,2,2,,95320,32,0,46 43 44 3 45,2,8,,95478,21,0,34,2,2,,95305,32,0,46 43 44 3 45,2,8,,95419,21,0,34,2,2,,95275,32,0,46 43 44 3 45,2,8,,95482,21,0,34,2,2,,95312,32,0,46 43 44 3 45,2,48,,95389,21,0,34,2,2,,95451,32,0,46 43 44 3 45,2,8,,95422,21,0,34,2,2,,95412,32,0,46 43 44 3 45,2,8,,95436,21,0,34,2,2,,95304,32,0,46 43 44 3 45,2,8,,95338,21,0,34,2,2,,95469,32,0,46 43 44 3 45,2,8,,95448,21,0,34,2,2,,95471,32,0,46 43 44 3 45,2,8,,95492,21,0,34,2,2,,95333,32,0,46 43 44 3 45,2,48,,95474,21,0,34,2,2,,95404,32,0,46 43 44 3 45,2,8,,95377,21,0,34,2,2,,95476,32,0,46 43 44 3 45,2,4,,95346,32,,,2,4,,95415,21,0,34,2,5,,95359,32,0,46 43 44 3 45,2,5,,95428,21,0,34,2,3,,95365,32,0,46 43 44 3 45,2,7,,95432,21,0,34,2,3,,95495,32,0,46 43 44 3 45,2,7,,95286,21,0,34,2,3,,95265,32,0,46 43 44 3 45,2,47,,95295,21,0,34,2,3,,95490,32,0,46 43 44 3 45,2,2,,95468,21,,,2,5,,95483,21,0,34,2,3,,95472,32,0,46 43 44 3 45,2,7,,95349,21,0,34,2,3,,84428,32,0,46 43 44 3 45,2,7,,95314,21,0,34,2,3,,95271,32,0,46 43 44 3 45,2,7,,95350,21,0,34,2,3,,95403,32,0,46 43 44 3 45,2,7,,95464,21,0,34,2,3,,95434,32,0,46 43 44 3 45,2,47,,95458,21,0,34,2,3,,95443,32,0,46 43 44 3 45,2,7,,95299,21,0,34,2,3,,95278,32,0,46 43 44 3 45,2,7,,95273,21,0,34,2,3,,95450,32,0,46 43 44 3 45,2,7,,95455,21,0,34,2,3,,95347,32,0,46 43 44 3 45,2,7,,95267,21,0,34,2,3,,95498,32,0,46 43 44 3 45,2,7,,95301,21,0,34,2,3,,95318,32,0,46 43 44 3 45,2,47,,95481,21,0,34,2,3,,95385,32,0,46 43 44 3 45,2,7,,95391,21,0,34,2,3,,95449,32,0,46 43 44 3 45,2,7,,95353,21,0,34,2,3,,95501,32,0,46 43 44 3 45,2,7,,95423,21,0,34,2,3,,95386,32,0,46 43 44 3 45,2,7,,95281,21,0,34,2,3,,95306,32,0,46 43 44 3 45,2,7,,95300,21,0,34,2,3,,95371,32,0,46 43 44 3 45,2,47,,95453,21,0,34,2,3,,86297,32,0,46 43 44 3 45,2,7,,95417,21,0,34,2,3,,95374,32,0,46 43 44 3 45,2,5,,95392,32,,,2,2,,95270,21,0,34,2,8,,95503,32,0,46 43 44 3 45,2,2,,95308,21,0,34,2,10,,95329,21,0,34,2,1,,95343,32,0,46 43 44 3 45,2,7,,95310,21,,,2,47,,95254,32,0,46 43 44 3 45,2,3,,95344,21,,,2
