30401,'1',2652,,123810,21,,,2,2,,123818,34,0,34,2,48,,123822,21,,,2,2,,111237,34,0,34,2,8,,123813,21,,,2,2,,123804,34,0,34,2,10,,123825,34,0,34,2,10,,123819,34,0,34,2,10,,123811,34,0,34,2,10,,108615,34,0,34,2,50,,123820,34,0,34,2,10,,123808,34,0,34,2,10,,123815,34,0,34,2,10,,123814,34,0,34,2,10,,123823,34,0,34,2,10,,123821,34,0,34,2,50,,123806,34,0,34,2,10,,123807,34,0,34,2,15,,123824,34,0,34,2,10,,123816,34,,,2,10,,123817,34,,,2,10,,123805,34,,,2,50,,123809,34,,,2,5,,123812,34,,,2
30401,'2',2701,,123841,34,0,34,2,10,,120167,34,0,34,2,4,,123846,21,,,2,6,,123832,34,0,34,2,10,,123845,34,0,34,2,10,,123837,34,0,34,2,10,,123827,34,0,34,2,50,,123834,34,0,34,2,10,,123848,34,0,34,2,10,,123826,34,0,34,2,10,,123829,34,0,34,2,10,,123833,34,0,34,2,10,,123840,34,0,34,2,50,,123842,34,0,34,2,10,,123835,34,0,34,2,10,,123830,34,0,34,2,12,,123847,34,0,34,2,10,,123843,34,,,2,10,,123838,34,,,2,5,,123836,34,,,2,45,,123828,34,,,2,10,,123831,34,,,2,10,,123839,34,,,2,13,,123844,34,,,2
30401,'3',549,,123883,21,0,34,2,7,,123886,34,0,31,2,47,,123869,21,0,34,2,7,,123854,34,0,31,2,7,,123872,21,0,34,2,7,,123888,34,0,31,2,7,,123889,21,0,34,2,7,,123851,34,0,31,2,7,,123856,21,0,34,2,7,,123870,34,0,31,2,7,,123890,21,0,34,2,47,,123866,34,0,31,2,7,,123858,21,0,34,2,7,,123891,34,0,31,2,7,,123857,21,0,34,2,7,,123894,34,0,31,2,7,,123878,21,0,34,2,7,,123876,34,0,31,2,54,,123862,34,0,31,2,14,,123874,34,0,31,2,14,,123860,34,0,31,2,14,,123885,34,0,31,2,1807,,123887,34,,,2,52,,109438,34,0,34,2,4,,123863,21,,,2,6,,123882,34,0,34,2,4,,120873,21,,,2,6,,123875,34,0,34,2,4,,123880,21,,,2,6,,123849,34,0,34,2,10,,123893,34,0,34,2,10,,123873,34,0,34,2,50,,123892,34,0,34,2,10,,123850,34,0,34,2,10,,123877,34,0,34,2,10,,123881,34,0,34,2,10,,123865,34,0,34,2,10,,123864,34,0,34,2,50,,123859,34,0,34,2,10,,123868,34,0,34,2,10,,123867,34,0,34,2,8,,123855,34,,,2,10,,123861,34,,,2,10,,123871,34,,,2
30401,'5',2703,,123913,34,0,34,2,10,,123895,34,0,34,2,4,,123902,21,,,2,6,,123898,34,0,34,2,4,,123905,21,,,2,6,,123914,34,0,34,2,10,,123903,34,0,34,2,10,,123908,34,0,34,2,50,,123911,34,0,34,2,10,,123901,34,0,34,2,10,,123897,34,0,34,2,10,,123904,34,0,34,2,10,,123899,34,0,34,2,10,,123896,34,0,34,2,50,,123912,34,0,34,2,10,,123909,34,0,34,2,10,,123907,34,0,34,2,8,,123900,34,,,2,10,,123906,34,,,2,10,,123910,34,,,2
50301,'1',552,,125891,7,0,36 40,2,50,,125945,7,0,36 40,2,10,,125884,7,0,36 40,2,10,,125951,7,0,36 40,2,10,,125844,7,0,36 40,2,10,,125950,7,0,36 40,2,10,,125896,7,0,36 40,2,50,,125959,7,0,36 40,2,7,,125979,7,0,36 40,2,7,,125918,7,0,36 40,2,6,,125965,7,0,36 40,2,6,,125882,7,0,36 40,2,7,,125889,7,0,36 40,2,7,,98884,7,0,36 40,2,6,,125863,7,0,36 40,2,6,,125903,7,0,36 40,2,46,,125942,7,0,36 40,2,6,,125954,7,0,36 40,2,6,,125966,7,0,36 40,2,6,,125925,7,0,36 40,2,6,,125911,7,0,36 40,2,6,,125969,7,0,36 40,2,6,,125898,7,0,36 40,2,6,,125981,7,0,36 40,2,6,,125915,7,0,36 40,2,6,,125839,7,0,36 40,2,46,,125897,7,0,36 40,2,6,,125978,7,0,36 40,2,6,,125947,7,0,36 40,2,6,,125944,7,0,36 40,2,6,,125991,7,0,36 40,2,6,,125973,7,0,36 40,2,6,,125964,7,0,36 40,2,8,,125980,7,0,36 40,2,6,,125864,7,0,36 40,2,6,,125914,7,0,36 40,2,46,,125846,7,0,36 40,2,5,,125971,7,0,36 40,2,5,,125840,7,0,36 40,2,10,,125860,7,0,36 40,2,5,,125851,7,0,36 40,2,5,,125987,7,0,36 40,2,10,,125908,7,0,36 40,2,10,,125929,7,0,36 40,2,50,,125872,7,0,36 40,2,10,,125877,7,0,36 40,2,10,,125933,7,0,36 40,2,10,,125907,7,0,36 40,2,10,,125985,7,0,36 40,2,10,,125885,7,0,36 40,2,50,,125858,7,0,36 40,2,10,,125924,7,0,36 40,2,10,,125866,7,0,36 40,2,10,,125871,7,0,36 40,2,10,,125952,7,0,36 40,2,10,,125917,7,0,36 40,2,50,,125988,7,0,36 40,2,10,,125922,7,0,36 40,2,10,,125876,7,0,36 40,2,10,,125845,7,0,36 40,2,10,,125956,7,0,36 40,2,10,,125867,7,0,36 40,2,50,,125986,7,0,36 40,2,10,,125970,7,0,36 40,2,10,,125902,7,0,36 40,2,10,,125895,7,0,36 40,2,11,,125938,7,0,36 40,2,11,,125976,7,0,36 40,2,50,,125905,7,0,36 40,2,10,,125932,7,0,36 40,2,10,,125934,7,0,36 40,2,10,,125953,7,0,36 40,2,9,,125887,7,0,36 40,2,7,,125931,7,0,36 40,2,6,,125862,7,0,36 40,2,46,,125852,7,0,36 40,2,6,,125868,7,0,36 40,2,6,,125880,7,0,36 40,2,6,,125940,7,0,36 40,2,6,,125975,7,0,36 40,2,6,,125848,7,0,36 40,2,6,,125983,7,0,36 40,2,6,,125847,7,0,36 40,2,6,,125883,7,0,36 40,2,6,,125990,7,0,36 40,2,46,,125856,7,0,36 40,2,6,,125916,7,0,36 40,2,6,,125881,7,0,36 40,2,6,,125869,7,0,36 40,2,6,,125957,7,0,36 40,2,6,,125901,7,0,36 40,2,6,,125936,7,0,36 40,2,6,,125855,7,0,36 40,2,6,,125849,7,0,36 40,2,6,,125843,7,0,36 40,2,46,,125989,7,0,36 40,2,6,,125974,7,0,36 40,2,6,,125878,7,0,36 40,2,6,,125937,7,0,36 40,2,6,,125939,7,0,36 40,2,6,,125941,7,0,36 40,2,6,,125977,7,0,36 40,2,6,,125968,7,0,36 40,2,6,,125984,7,0,36 40,2,6,,125921,7,0,36 40,2,48,,125992,7,0,36 40,2,5,,125923,7,0,36 40,2,4,,108086,7,0,36 40,2,9,,125960,7,0,36 40,2,7,,125928,7,0,36 40,2,8,,125920,7,0,36 40,2,8,,125892,7,0,36 40,2,4,,125943,7,0,36 40,2,4,,125857,7,0,36 40,2,48,,93583,7,0,36 40,2,8,,125865,7,0,36 40,2,8,,125935,7,0,36 40,2,8,,125919,7,0,36 40,2,8,,125894,7,0,36 40,2,8,,125906,7,0,36 40,2,8,,125958,7,0,36 40,2,8,,125861,7,0,36 40,2,48,,125912,7,0,36 40,2,8,,125963,7,0,36 40,2,8,,125875,7,0,36 40,2,8,,125972,7,0,36 40,2,8,,125842,7,0,36 40,2,8,,125888,7,0,36 40,2,8,,125850,7,0,36 40,2,48,,125955,7,0,36 40,2,7,,125873,7,0,36 40,2,6,,125854,7,0,36 40,2,7,,125982,7,0,36 40,2,8,,125879,7,0,36 40,2,10,,125926,7,0,36 40,2,10,,125859,7,0,36 40,2,10,,125841,7,0,36 40,2,45,,125853,7,0,36 40,2,5,,125962,7,0,36 40,2,10,,125910,7,0,36 40,2,10,,125961,7,0,36 40,2,10,,125899,7,0,36 40,2,10,,125930,7,0,36 40,2,10,,125927,7,0,36 40,2,50,,125900,7,0,36 40,2,10,,125949,7,0,36 40,2,10,,125886,7,0,36 40,2,10,,125909,7,0,36 40,2,10,,125893,7,0,36 40,2,10,,125890,7,0,36 40,2,50,,125946,7,0,36 40,2,10,,125874,7,0,36 40,2,9,,125904,7,0,36 40,2,17,,125967,7,0,36 40,2,57,,125948,7,0,36 40,2
50301,'2',523,,126118,7,0,36 40,2,10,,126109,7,0,36 40,2,10,,126047,7,0,36 40,2,10,,126026,7,0,36 40,2,50,,126050,7,0,36 40,2,10,,126083,7,0,36 40,2,10,,126067,7,0,36 40,2,10,,126098,7,0,36 40,2,10,,126020,7,0,36 40,2,10,,126000,7,0,36 40,2,50,,126094,7,0,36 40,2,10,,126029,7,0,36 40,2,10,,126022,7,0,36 40,2,10,,125995,7,0,36 40,2,10,,126034,7,0,36 40,2,10,,126002,7,0,36 40,2,50,,126033,7,0,36 40,2,10,,126038,7,0,36 40,2,10,,126123,7,0,36 40,2,10,,126124,7,0,36 40,2,10,,126001,7,0,36 40,2,10,,113810,7,0,36 40,2,50,,126069,7,0,36 40,2,10,,115039,7,0,36 40,2,10,,126108,7,0,36 40,2,10,,126089,7,0,36 40,2,10,,126048,7,0,36 40,2,10,,126080,7,0,36 40,2,50,,126040,7,0,36 40,2,10,,126091,7,0,36 40,2,10,,126039,7,0,36 40,2,10,,126116,7,0,36 40,2,10,,126093,7,0,36 40,2,10,,126081,7,0,36 40,2,50,,126008,7,0,36 40,2,10,,126013,7,0,36 40,2,10,,126117,7,0,36 40,2,10,,126003,7,0,36 40,2,10,,126075,7,0,36 40,2,10,,126106,7,0,36 40,2,50,,126115,7,0,36 40,2,12,,119252,7,0,36 40,2,8,,126096,7,0,36 40,2,8,,126017,7,0,36 40,2,9,,126058,7,0,36 40,2,8,,126046,7,0,36 40,2,8,,126110,7,0,36 40,2,50,,126070,7,0,36 40,2,12,,126095,7,0,36 40,2,10,,126114,7,0,36 40,2,8,,126064,7,0,36 40,2,8,,126074,7,0,36 40,2,8,,126072,7,0,36 40,2,48,,126011,7,0,36 40,2,8,,126103,7,0,36 40,2,8,,126042,7,0,36 40,2,8,,126079,7,0,36 40,2,8,,126101,7,0,36 40,2,8,,126051,7,0,36 40,2,8,,126122,7,0,36 40,2,8,,125996,7,0,36 40,2,48,,126107,7,0,36 40,2,8,,126045,7,0,36 40,2,8,,126056,7,0,36 40,2,8,,126057,7,0,36 40,2,8,,126032,7,0,36 40,2,8,,126112,7,0,36 40,2,8,,126037,7,0,36 40,2,48,,126007,7,0,36 40,2,8,,126061,7,0,36 40,2,8,,126062,7,0,36 40,2,8,,126082,7,0,36 40,2,8,,111611,7,0,36 40,2,8,,126027,7,0,36 40,2,8,,126054,7,0,36 40,2,8,,126085,7,0,36 40,2,48,,126049,7,0,36 40,2,8,,126059,7,0,36 40,2,8,,126031,7,0,36 40,2,8,,126012,7,0,36 40,2,8,,126006,7,0,36 40,2,8,,126015,7,0,36 40,2,8,,126086,7,0,36 40,2,48,,126105,7,0,36 40,2,8,,126053,7,0,36 40,2,8,,126111,7,0,36 40,2,8,,126052,7,0,36 40,2,8,,126055,7,0,36 40,2,8,,126019,7,0,36 40,2,8,,126014,7,0,36 40,2,8,,126066,7,0,36 40,2,48,,126060,7,0,36 40,2,8,,126024,7,0,36 40,2,8,,126100,7,0,36 40,2,5,,112508,7,0,36 40,2,5,,115866,7,0,36 40,2,10,,126030,7,0,36 40,2,10,,126044,7,0,36 40,2,50,,126120,7,0,36 40,2,10,,126087,7,0,36 40,2,5,,126113,7,0,36 40,2,5,,125998,7,0,36 40,2,10,,126028,7,0,36 40,2,10,,126035,7,0,36 40,2,10,,126102,7,0,36 40,2,50,,126016,7,0,36 40,2,10,,126025,7,0,36 40,2,10,,125997,7,0,36 40,2,10,,119449,7,0,36 40,2,10,,126125,7,0,36 40,2,10,,126023,7,0,36 40,2,50,,126065,7,0,36 40,2,10,,125993,7,0,36 40,2,9,,115004,7,0,36 40,2,10,,125999,7,0,36 40,2,10,,126018,7,0,36 40,2,10,,126005,7,0,36 40,2,10,,126090,7,0,36 40,2,50,,126073,7,0,36 40,2,10,,126063,7,0,36 40,2,10,,126104,7,0,36 40,2,10,,126021,7,0,36 40,2,10,,126077,7,0,36 40,2,10,,126078,7,0,36 40,2,50,,126097,7,0,36 40,2,10,,126043,7,0,36 40,2,10,,126088,7,0,36 40,2,10,,126076,7,0,36 40,2,10,,126068,7,0,36 40,2,10,,126099,7,0,36 40,2,50,,126004,7,0,36 40,2,10,,126009,7,0,36 40,2,10,,126092,7,0,36 40,2,10,,126010,7,0,36 40,2,10,,126084,7,0,36 40,2,10,,126119,7,0,36 40,2,50,,126036,7,0,36 40,2,10,,126071,7,0,36 40,2,11,,126121,7,0,36 40,2,8,,126041,7,0,36 40,2,8,,125994,7,0,36 40,2
50301,'3',556,,126165,7,0,36 40,2,50,,126167,7,0,36 40,2,10,,126224,7,0,36 40,2,10,,121919,7,0,36 40,2,10,,126183,7,0,36 40,2,10,,126186,7,0,36 40,2,10,,126152,7,0,36 40,2,50,,126216,7,0,36 40,2,10,,126176,7,0,36 40,2,10,,126156,7,0,36 40,2,10,,126132,7,0,36 40,2,10,,126229,7,0,36 40,2,10,,126245,7,0,36 40,2,50,,126140,7,0,36 40,2,10,,126200,7,0,36 40,2,10,,126163,7,0,36 40,2,10,,126218,7,0,36 40,2,10,,126166,7,0,36 40,2,10,,126138,7,0,36 40,2,50,,126233,7,0,36 40,2,10,,126182,7,0,36 40,2,10,,126198,7,0,36 40,2,10,,126151,7,0,36 40,2,10,,126187,7,0,36 40,2,10,,126180,7,0,36 40,2,50,,126236,7,0,36 40,2,10,,126142,7,0,36 40,2,10,,126171,7,0,36 40,2,10,,126128,7,0,36 40,2,10,,126205,7,0,36 40,2,10,,126220,7,0,36 40,2,50,,126232,7,0,36 40,2,10,,111825,7,0,36 40,2,10,,126217,7,0,36 40,2,10,,126202,7,0,36 40,2,10,,126238,7,0,36 40,2,10,,126244,7,0,36 40,2,50,,126161,7,0,36 40,2,11,,126235,7,0,36 40,2,10,,126153,7,0,36 40,2,10,,126145,7,0,36 40,2,10,,126207,7,0,36 40,2,10,,126196,7,0,36 40,2,50,,126190,7,0,36 40,2,10,,126159,7,0,36 40,2,10,,126203,7,0,36 40,2,10,,126199,7,0,36 40,2,10,,126158,7,0,36 40,2,10,,126189,7,0,36 40,2,50,,126188,7,0,36 40,2,10,,126160,7,0,36 40,2,10,,126234,7,0,36 40,2,10,,126213,7,0,36 40,2,10,,126215,7,0,36 40,2,10,,126177,7,0,36 40,2,50,,126195,7,0,36 40,2,10,,126192,7,0,36 40,2,10,,126204,7,0,36 40,2,10,,120949,7,0,36 40,2,10,,126240,7,0,36 40,2,10,,126222,7,0,36 40,2,50,,126144,7,0,36 40,2,10,,126210,7,0,36 40,2,10,,126173,7,0,36 40,2,10,,126241,7,0,36 40,2,10,,126172,7,0,36 40,2,10,,126164,7,0,36 40,2,50,,126225,7,0,36 40,2,10,,126129,7,0,36 40,2,10,,126136,7,0,36 40,2,10,,126157,7,0,36 40,2,10,,126226,7,0,36 40,2,10,,126246,7,0,36 40,2,50,,126197,7,0,36 40,2,10,,126141,7,0,36 40,2,10,,126248,7,0,36 40,2,10,,126231,7,0,36 40,2,10,,126191,7,0,36 40,2,10,,126243,7,0,36 40,2,50,,126174,7,0,36 40,2,10,,126211,7,0,36 40,2,9,,126206,7,0,36 40,2,10,,126179,7,0,36 40,2,10,,126150,7,0,36 40,2,10,,126139,7,0,36 40,2,50,,126184,7,0,36 40,2,10,,126169,7,0,36 40,2,10,,126181,7,0,36 40,2,10,,126194,7,0,36 40,2,10,,126143,7,0,36 40,2,10,,126137,7,0,36 40,2,50,,126155,7,0,36 40,2,10,,126214,7,0,36 40,2,10,,126130,7,0,36 40,2,10,,126168,7,0,36 40,2,10,,126134,7,0,36 40,2,10,,126185,7,0,36 40,2,50,,126230,7,0,36 40,2,10,,126239,7,0,36 40,2,10,,126193,7,0,36 40,2,10,,126247,7,0,36 40,2,10,,126242,7,0,36 40,2,10,,126208,7,0,36 40,2,50,,126201,7,0,36 40,2,10,,126227,7,0,36 40,2,10,,126221,7,0,36 40,2,10,,126146,7,0,36 40,2,10,,126133,7,0,36 40,2,10,,126149,7,0,36 40,2,50,,126212,7,0,36 40,2,10,,126154,7,0,36 40,2,10,,126162,7,0,36 40,2,10,,126127,7,0,36 40,2,10,,126223,7,0,36 40,2,10,,126228,7,0,36 40,2,50,,126237,7,0,36 40,2,10,,126126,7,0,36 40,2,10,,126219,7,0,36 40,2,10,,126178,7,0,36 40,2,10,,126135,7,0,36 40,2,10,,126175,7,0,36 40,2,49,,126147,7,0,36 40,2,8,,126131,7,0,36 40,2,8,,126148,7,0,36 40,2,13,,126170,7,0,36 40,2,14,,126209,7,0,36 40,2
50301,'5',556,,126304,7,0,36 40,2,50,,126271,7,0,36 40,2,10,,126312,7,0,36 40,2,10,,126327,7,0,36 40,2,10,,126263,7,0,36 40,2,10,,126343,7,0,36 40,2,10,,126323,7,0,36 40,2,50,,126309,7,0,36 40,2,10,,126362,7,0,36 40,2,10,,126355,7,0,36 40,2,10,,126299,7,0,36 40,2,10,,126317,7,0,36 40,2,10,,126310,7,0,36 40,2,50,,126291,7,0,36 40,2,10,,126294,7,0,36 40,2,10,,126335,7,0,36 40,2,10,,126316,7,0,36 40,2,10,,126325,7,0,36 40,2,10,,126298,7,0,36 40,2,50,,126255,7,0,36 40,2,10,,126319,7,0,36 40,2,10,,126313,7,0,36 40,2,10,,126364,7,0,36 40,2,10,,126340,7,0,36 40,2,10,,126297,7,0,36 40,2,50,,126281,7,0,36 40,2,10,,126252,7,0,36 40,2,10,,126303,7,0,36 40,2,10,,122342,7,0,36 40,2,10,,126349,7,0,36 40,2,10,,126308,7,0,36 40,2,50,,126330,7,0,36 40,2,10,,126358,7,0,36 40,2,10,,126346,7,0,36 40,2,10,,126360,7,0,36 40,2,10,,126268,7,0,36 40,2,10,,126256,7,0,36 40,2,50,,126260,7,0,36 40,2,11,,126331,7,0,36 40,2,10,,126318,7,0,36 40,2,10,,126351,7,0,36 40,2,10,,126361,7,0,36 40,2,10,,126278,7,0,36 40,2,50,,126285,7,0,36 40,2,10,,126264,7,0,36 40,2,10,,126367,7,0,36 40,2,10,,126259,7,0,36 40,2,10,,126269,7,0,36 40,2,10,,126257,7,0,36 40,2,50,,126289,7,0,36 40,2,10,,126302,7,0,36 40,2,10,,126326,7,0,36 40,2,10,,126295,7,0,36 40,2,10,,126274,7,0,36 40,2,10,,126306,7,0,36 40,2,50,,126265,7,0,36 40,2,10,,126282,7,0,36 40,2,10,,126352,7,0,36 40,2,10,,126270,7,0,36 40,2,10,,126292,7,0,36 40,2,10,,126365,7,0,36 40,2,50,,126368,7,0,36 40,2,10,,126288,7,0,36 40,2,10,,126261,7,0,36 40,2,10,,116270,7,0,36 40,2,10,,126347,7,0,36 40,2,10,,126369,7,0,36 40,2,50,,126249,7,0,36 40,2,10,,126341,7,0,36 40,2,10,,126280,7,0,36 40,2,10,,126314,7,0,36 40,2,10,,126345,7,0,36 40,2,10,,126332,7,0,36 40,2,50,,126286,7,0,36 40,2,10,,126301,7,0,36 40,2,10,,126287,7,0,36 40,2,10,,126266,7,0,36 40,2,10,,126275,7,0,36 40,2,10,,117022,7,0,36 40,2,50,,126348,7,0,36 40,2,10,,126273,7,0,36 40,2,9,,126293,7,0,36 40,2,10,,126357,7,0,36 40,2,10,,126290,7,0,36 40,2,10,,121152,7,0,36 40,2,50,,126363,7,0,36 40,2,10,,126324,7,0,36 40,2,10,,126296,7,0,36 40,2,10,,126254,7,0,36 40,2,10,,126251,7,0,36 40,2,10,,126250,7,0,36 40,2,50,,126328,7,0,36 40,2,10,,126300,7,0,36 40,2,10,,126359,7,0,36 40,2,10,,126276,7,0,36 40,2,10,,126354,7,0,36 40,2,10,,126267,7,0,36 40,2,50,,126272,7,0,36 40,2,10,,126320,7,0,36 40,2,10,,126366,7,0,36 40,2,10,,126311,7,0,36 40,2,10,,126344,7,0,36 40,2,10,,126370,7,0,36 40,2,50,,126339,7,0,36 40,2,10,,126262,7,0,36 40,2,10,,126342,7,0,36 40,2,10,,126322,7,0,36 40,2,10,,126277,7,0,36 40,2,10,,126336,7,0,36 40,2,50,,126321,7,0,36 40,2,10,,126329,7,0,36 40,2,10,,126334,7,0,36 40,2,10,,126353,7,0,36 40,2,10,,126333,7,0,36 40,2,10,,126253,7,0,36 40,2,50,,126338,7,0,36 40,2,10,,126284,7,0,36 40,2,10,,126350,7,0,36 40,2,10,,126305,7,0,36 40,2,10,,126283,7,0,36 40,2,10,,126356,7,0,36 40,2,49,,126279,7,0,36 40,2,8,,126315,7,0,36 40,2,8,,126337,7,0,36 40,2,13,,126258,7,0,36 40,2,14,,126307,7,0,36 40,2
50401,'1',539,,127031,21,0,34,2,10,,126931,34,0,46 43 44 3 45,2,10,,127103,21,0,34,2,45,,126954,34,0,46 43 44 3 45,2,5,,127013,21,0,34,2,5,,126935,34,0,46 43 44 3 45,2,5,,127049,21,0,34,2,5,,126986,34,0,46 43 44 3 45,2,5,,110226,21,0,34,2,5,,127048,32,0,46 43 44 3 45,2,5,,126967,21,0,34,2,5,,127019,32,0,46 43 44 3 45,2,5,,127152,21,0,34,2,5,,127120,32,0,46 43 44 3 45,2,3,,126917,21,0,34,2,47,,127109,32,0,46 43 44 3 45,2,5,,127129,21,0,34,2,5,,127091,32,0,46 43 44 3 45,2,5,,126902,21,0,34,2,5,,127156,32,0,46 43 44 3 45,2,5,,120643,21,0,34,2,6,,127142,32,0,46 43 44 3 45,2,7,,126957,21,0,34,2,6,,126963,32,0,46 43 44 3 45,2,5,,126944,21,0,34,2,6,,127076,32,0,46 43 44 3 45,2,45,,127029,21,0,34,2,5,,127077,32,0,46 43 44 3 45,2,5,,126947,21,0,34,2,5,,127001,32,0,46 43 44 3 45,2,5,,127162,21,0,34,2,4,,127041,32,0,46 43 44 3 45,2,4,,126983,21,0,34,2,4,,127022,32,0,46 43 44 3 45,2,4,,127143,21,0,34,2,4,,110273,32,0,46 43 44 3 45,2,4,,127074,21,0,34,2,4,,127023,32,0,46 43 44 3 45,2,4,,126919,21,0,34,2,2,,127059,21,,,2,42,,127057,32,0,46 43 44 3 45,2,4,,127095,21,0,34,2,4,,126998,32,0,46 43 44 3 45,2,4,,126952,21,0,34,2,4,,126951,32,0,46 43 44 3 45,2,4,,127124,21,0,34,2,4,,126930,32,0,46 43 44 3 45,2,4,,126966,21,0,34,2,4,,127141,32,0,46 43 44 3 45,2,4,,127062,21,0,34,2,4,,126916,32,0,46 43 44 3 45,2,4,,127083,21,0,34,2,4,,127081,32,0,46 43 44 3 45,2,4,,127126,21,0,34,2,4,,127167,32,0,46 43 44 3 45,2,44,,126938,21,0,34,2,4,,126987,32,0,46 43 44 3 45,2,3,,127107,21,0,34,2,4,,126962,32,0,46 43 44 3 45,2,5,,127027,21,0,34,2,3,,127055,32,0,46 43 44 3 45,2,4,,127136,32,0,46 43 44 3 45,2,1,,126901,21,0,34,2,9,,127131,21,0,34,2,2,,127002,32,0,46 43 44 3 45,2,6,,127104,32,,,2,2,,126926,21,0,34,2,2,,127168,32,0,46 43 44 3 45,2,8,,127069,21,0,34,2,2,,126946,32,0,46 43 44 3 45,2,48,,127025,21,0,34,2,2,,127118,32,0,46 43 44 3 45,2,8,,127158,21,0,34,2,2,,126913,32,0,46 43 44 3 45,2,4,,126994,21,,,2,4,,127098,21,0,34,2,2,,127088,32,0,46 43 44 3 45,2,8,,127051,21,0,34,2,2,,126932,32,0,46 43 44 3 45,2,8,,126911,21,0,34,2,2,,127037,32,0,46 43 44 3 45,2,8,,127015,21,0,34,2,2,,127125,32,0,46 43 44 3 45,2,48,,127036,21,0,34,2,2,,126923,32,0,46 43 44 3 45,2,8,,126924,21,0,34,2,2,,127011,32,0,46 43 44 3 45,2,8,,127111,21,0,34,2,2,,126965,32,0,46 43 44 3 45,2,8,,126974,21,0,34,2,2,,127165,32,0,46 43 44 3 45,2,8,,126941,21,0,34,2,2,,127018,32,0,46 43 44 3 45,2,8,,127101,21,0,34,2,2,,111253,32,0,46 43 44 3 45,2,48,,126940,21,0,34,2,2,,127067,32,0,46 43 44 3 45,2,8,,127148,21,0,34,2,2,,127163,32,0,46 43 44 3 45,2,8,,127139,21,0,34,2,2,,127151,32,0,46 43 44 3 45,2,8,,126934,21,0,34,2,2,,127021,32,0,46 43 44 3 45,2,8,,127087,21,0,34,2,2,,127084,32,0,46 43 44 3 45,2,8,,126990,21,0,34,2,2,,126943,32,0,46 43 44 3 45,2,48,,127121,21,0,34,2,2,,127161,32,0,46 43 44 3 45,2,8,,126903,21,0,34,2,2,,126981,32,0,46 43 44 3 45,2,8,,127026,21,0,34,2,2,,127115,32,0,46 43 44 3 45,2,8,,127045,21,0,34,2,2,,127127,32,0,46 43 44 3 45,2,8,,126948,21,0,34,2,2,,127154,32,0,46 43 44 3 45,2,8,,127075,21,0,34,2,2,,126906,32,0,46 43 44 3 45,2,48,,127113,21,0,34,2,6,,126969,32,0,46 43 44 3 45,2,5,,126909,21,0,34,2,6,,126995,32,0,46 43 44 3 45,2,5,,127072,21,0,34,2,3,,126949,32,0,46 43 44 3 45,2,7,,126914,21,0,34,2,3,,127099,32,0,46 43 44 3 45,2,7,,126956,21,0,34,2,3,,127014,32,0,46 43 44 3 45,2,7,,126996,21,0,34,2,3,,127147,32,0,46 43 44 3 45,2,47,,126999,21,0,34,2,3,,126953,32,0,46 43 44 3 45,2,7,,127070,21,0,34,2,3,,126960,32,0,46 43 44 3 45,2,7,,126922,21,0,34,2,4,,127170,32,0,46 43 44 3 45,2,6,,126961,21,0,34,2,3,,127047,32,0,46 43 44 3 45,2,7,,126997,21,0,34,2,3,,127063,32,0,46 43 44 3 45,2,7,,126980,21,0,34,2,3,,127172,32,0,46 43 44 3 45,2,47,,127106,21,0,34,2,3,,127082,32,0,46 43 44 3 45,2,7,,127117,21,0,34,2,3,,126929,32,0,46 43 44 3 45,2,7,,127145,21,0,34,2,3,,126991,32,0,46 43 44 3 45,2,7,,126942,21,0,34,2,3,,126975,32,0,46 43 44 3 45,2,7,,126988,21,0,34,2,3,,127071,32,0,46 43 44 3 45,2,7,,127039,21,0,34,2,3,,127144,32,0,46 43 44 3 45,2,47,,127110,21,0,34,2,3,,127164,32,0,46 43 44 3 45,2,7,,127034,21,0,34,2,3,,126907,32,0,46 43 44 3 45,2,7,,126985,21,0,34,2,3,,126989,32,0,46 43 44 3 45,2,7,,126915,21,0,34,2,3,,127003,32,0,46 43 44 3 45,2,7,,127065,21,0,34,2,3,,127032,32,0,46 43 44 3 45,2,7,,126982,21,0,34,2,3,,126992,32,0,46 43 44 3 45,2,47,,127005,21,0,34,2,3,,127056,32,0,46 43 44 3 45,2,7,,127089,21,0,34,2,3,,126959,32,0,46 43 44 3 45,2,7,,126936,21,0,34,2,3,,127114,32,0,46 43 44 3 45,2,7,,127137,21,0,34,2,3,,127108,32,0,46 43 44 3 45,2,7,,127008,21,0,34,2,2,,126933,21,,,2,1,,121474,32,0,46 43 44 3 45,2,7,,127090,21,0,34,2,1,,127105,32,0,46 43 44 3 45,2,47,,127122,32,0,46 43 44 3 45,2,2,,126904,21,0,34,2,8,,127060,32,0,46 43 44 3 45,2,2,,126898,21,0,34,2,7,,126968,32,0,46 43 44 3 45,2,3,,127160,21,0,34,2,7,,127119,32,0,46 43 44 3 45,2,3,,127000,21,0,34,2,1,,126937,21,,,2,6,,126908,32,0,46 43 44 3 45,2,3,,126984,21,0,34,2,8,,126910,32,0,46 43 44 3 45,2,2,,127173,21,0,34,2,48,,127050,32,0,46 43 44 3 45,2,2,,126964,21,0,34,2,3,,127096,32,,,2,5,,127079,32,0,46 43 44 3 45,2,2,,127112,21,0,34,2,8,,126978,32,0,46 43 44 3 45,2,2,,127159,21,0,34,2,8,,126945,32,0,46 43 44 3 45,2,2,,127054,21,0,34,2,8,,127052,32,0,46 43 44 3 45,2,2,,126939,21,0,34,2,8,,127146,32,0,46 43 44 3 45,2,2,,127064,21,0,34,2,48,,126950,32,0,46 43 44 3 45,2,2,,126977,21,0,34,2,8,,126897,32,0,46 43 44 3 45,2,2,,126918,21,0,34,2,8,,127157,32,0,46 43 44 3 45,2,1,,127134,21,0,34,2,9,,127175,32,0,46 43 44 3 45,2,1,,126899,21,0,34,2,8,,126920,32,0,46 43 44 3 45,2,2,,127078,21,0,34,2,8,,127153,32,0,46 43 44 3 45,2,2,,122509,21,0,34,2,48,,127155,32,0,46 43 44 3 45,2,2,,104255,21,0,34,2,8,,127024,32,0,46 43 44 3 45,2,2,,127169,21,0,34,2,8,,127010,32,0,46 43 44 3 45,2,2,,127094,21,0,34,2,3,,127097,32,,,2,5,,126905,32,0,46 43 44 3 45,2,2,,127020,21,0,34,2,8,,127061,32,0,46 43 44 3 45,2,2,,126921,21,0,34,2,8,,127116,32,0,46 43 44 3 45,2,2,,127007,21,0,34,2,48,,127068,32,0,46 43 44 3 45,2,2,,127044,21,0,34,2,8,,127035,32,0,46 43 44 3 45,2,2,,127092,21,0,34,2,8,,126900,32,0,46 43 44 3 45,2,2,,127040,21,0,34,2,8,,113756,32,0,46 43 44 3 45,2,2,,127174,21,0,34,2,8,,126925,32,0,46 43 44 3 45,2,2,,127133,21,0,34,2,8,,126976,32,0,46 43 44 3 45,2,2,,126912,21,0,34,2,48,,127017,32,0,46 43 44 3 45,2,2,,127033,21,0,34,2,8,,126972,32,0,46 43 44 3 45,2,2,,127086,21,0,34,2,8,,127166,32,0,46 43 44 3 45,2,2,,127028,21,0,34,2,8,,127012,32,0,46 43 44 3 45,2,2,,127058,21,0,34,2,5,,126979,32,0,46 43 44 3 45,2,5,,127038,21,0,34,2,5,,127004,32,0,46 43 44 3 45,2,5,,127140,21,0,34,2,5,,126955,32,0,46 43 44 3 45,2,45,,127046,21,0,34,2,5,,127171,32,0,46 43 44 3 45,2,5,,126973,21,0,34,2,5,,126928,32,0,46 43 44 3 45,2,5,,127130,21,0,34,2,1,,127132,21,,,2,4,,126993,32,0,46 43 44 3 45,2,5,,127043,21,0,34,2,5,,127066,32,0,46 43 44 3 45,2,5,,127138,21,0,34,2,5,,127042,32,0,46 43 44 3 45,2
50401,'2',531,,127282,34,0,46 43 44 3 45,2,10,,127264,21,0,34,2,10,,127358,34,0,46 43 44 3 45,2,50,,127193,21,0,34,2,5,,127386,34,0,46 43 44 3 45,2,10,,127382,21,0,34,2,5,,127313,34,0,46 43 44 3 45,2,5,,127223,21,0,34,2,5,,127280,34,0,46 43 44 3 45,2,5,,127322,21,0,34,2,5,,127181,32,0,46 43 44 3 45,2,5,,127428,21,0,34,2,5,,127189,32,0,46 43 44 3 45,2,5,,127217,21,0,34,2,45,,127230,32,0,46 43 44 3 45,2,5,,127400,21,0,34,2,5,,127390,32,0,46 43 44 3 45,2,5,,127323,21,0,34,2,5,,127263,32,0,46 43 44 3 45,2,5,,127302,21,0,34,2,5,,127188,32,0,46 43 44 3 45,2,5,,127212,21,0,34,2,5,,127365,32,0,46 43 44 3 45,2,5,,127317,21,0,34,2,5,,127253,32,0,46 43 44 3 45,2,5,,127199,21,0,34,2,45,,127422,32,0,46 43 44 3 45,2,5,,127286,21,0,34,2,5,,127416,32,0,46 43 44 3 45,2,6,,127283,21,0,34,2,6,,127272,32,0,46 43 44 3 45,2,6,,127316,21,0,34,2,7,,107825,32,0,46 43 44 3 45,2,6,,127350,21,0,34,2,7,,127378,32,0,46 43 44 3 45,2,5,,111668,21,0,34,2,5,,127401,32,0,46 43 44 3 45,2,45,,127385,21,0,34,2,5,,127221,32,0,46 43 44 3 45,2,5,,127364,21,0,34,2,5,,127184,32,0,46 43 44 3 45,2,5,,127433,21,0,34,2,5,,127391,32,0,46 43 44 3 45,2,5,,127347,21,0,34,2,5,,127319,32,0,46 43 44 3 45,2,5,,127180,21,0,34,2,5,,127196,32,0,46 43 44 3 45,2,5,,127354,21,0,34,2,5,,127311,32,0,46 43 44 3 45,2,45,,127261,21,0,34,2,5,,127259,32,0,46 43 44 3 45,2,5,,127435,21,0,34,2,5,,127275,32,0,46 43 44 3 45,2,5,,127242,21,0,34,2,5,,127318,32,0,46 43 44 3 45,2,5,,127208,21,0,34,2,5,,127220,32,0,46 43 44 3 45,2,5,,127304,21,0,34,2,5,,127424,32,0,46 43 44 3 45,2,5,,127367,21,0,34,2,5,,127389,32,0,46 43 44 3 45,2,45,,127371,21,0,34,2,5,,127209,32,0,46 43 44 3 45,2,5,,127276,21,0,34,2,5,,127372,32,0,46 43 44 3 45,2,5,,127394,21,0,34,2,5,,127381,32,0,46 43 44 3 45,2,5,,127213,21,0,34,2,5,,127335,32,0,46 43 44 3 45,2,5,,127308,21,0,34,2,5,,127395,32,0,46 43 44 3 45,2,5,,127340,21,0,34,2,5,,127419,32,0,46 43 44 3 45,2,45,,127412,21,0,34,2,5,,127262,32,0,46 43 44 3 45,2,5,,127252,21,0,34,2,5,,127421,32,0,46 43 44 3 45,2,5,,127245,21,0,34,2,5,,127344,32,0,46 43 44 3 45,2,5,,120741,21,0,34,2,5,,127205,32,0,46 43 44 3 45,2,5,,127281,21,0,34,2,5,,127284,32,0,46 43 44 3 45,2,7,,127247,21,0,34,2,51,,127182,32,0,46 43 44 3 45,2,1,,127425,21,0,34,2,10,,127366,21,0,34,2,1,,127331,32,0,46 43 44 3 45,2,9,,127397,21,0,34,2,1,,127255,32,0,46 43 44 3 45,2,9,,127210,21,0,34,2,1,,127370,32,0,46 43 44 3 45,2,9,,127368,21,0,34,2,1,,127376,32,0,46 43 44 3 45,2,9,,127342,21,0,34,2,1,,127409,32,0,46 43 44 3 45,2,49,,127361,21,0,34,2,1,,127406,32,0,46 43 44 3 45,2,9,,127333,21,0,34,2,1,,127243,32,0,46 43 44 3 45,2,9,,127267,21,0,34,2,1,,127413,32,0,46 43 44 3 45,2,9,,127222,21,0,34,2,1,,127414,32,0,46 43 44 3 45,2,9,,127215,21,0,34,2,1,,127393,32,0,46 43 44 3 45,2,9,,127224,21,0,34,2,1,,127297,32,0,46 43 44 3 45,2,49,,127305,21,0,34,2,1,,127309,32,0,46 43 44 3 45,2,9,,127396,21,0,34,2,1,,127403,32,0,46 43 44 3 45,2,9,,127241,21,0,34,2,1,,127380,32,0,46 43 44 3 45,2,9,,127289,21,0,34,2,1,,127356,32,0,46 43 44 3 45,2,9,,127265,21,0,34,2,1,,127291,32,0,46 43 44 3 45,2,9,,127312,21,0,34,2,1,,127296,32,0,46 43 44 3 45,2,49,,127287,21,0,34,2,1,,127274,32,0,46 43 44 3 45,2,9,,127329,21,0,34,2,1,,127204,32,0,46 43 44 3 45,2,9,,127294,21,0,34,2,1,,127351,32,0,46 43 44 3 45,2,9,,127427,21,0,34,2,1,,127216,32,0,46 43 44 3 45,2,9,,127306,21,0,34,2,1,,127202,32,0,46 43 44 3 45,2,9,,127176,21,0,34,2,1,,127321,32,0,46 43 44 3 45,2,49,,127402,21,0,34,2,1,,127426,32,0,46 43 44 3 45,2,9,,127410,21,0,34,2,1,,127227,32,0,46 43 44 3 45,2,9,,127338,21,0,34,2,1,,127341,32,0,46 43 44 3 45,2,9,,127392,21,0,34,2,1,,127228,32,0,46 43 44 3 45,2,9,,127375,21,0,34,2,1,,127260,32,0,46 43 44 3 45,2,9,,127234,21,0,34,2,1,,127266,32,0,46 43 44 3 45,2,49,,127348,21,0,34,2,1,,127292,32,0,46 43 44 3 45,2,9,,127248,21,0,34,2,1,,127235,32,0,46 43 44 3 45,2,9,,127290,21,0,34,2,1,,127232,32,0,46 43 44 3 45,2,9,,127231,21,0,34,2,1,,127327,32,0,46 43 44 3 45,2,9,,127373,21,0,34,2,1,,127201,32,0,46 43 44 3 45,2,9,,127434,21,0,34,2,1,,127285,32,0,46 43 44 3 45,2,48,,127353,21,0,34,2,1,,127417,32,0,46 43 44 3 45,2,4,,127207,32,0,46 43 44 3 45,2,4,,127192,21,0,34,2,5,,127418,32,0,46 43 44 3 45,2,5,,127383,21,0,34,2,5,,127185,32,0,46 43 44 3 45,2,5,,127436,21,0,34,2,5,,127332,32,0,46 43 44 3 45,2,5,,127343,21,0,34,2,5,,127299,32,0,46 43 44 3 45,2,5,,127206,21,0,34,2,2,,127388,21,,,2,43,,127345,32,0,46 43 44 3 45,2,5,,127369,21,0,34,2,5,,127258,32,0,46 43 44 3 45,2,5,,127250,21,0,34,2,5,,127288,32,0,46 43 44 3 45,2,5,,127244,21,0,34,2,4,,127303,32,0,46 43 44 3 45,2,6,,127336,21,0,34,2,4,,127279,32,0,46 43 44 3 45,2,6,,127310,21,0,34,2,4,,127404,32,0,46 43 44 3 45,2,6,,127314,21,0,34,2,44,,127178,32,0,46 43 44 3 45,2,6,,127246,21,0,34,2,4,,127325,32,0,46 43 44 3 45,2,6,,127249,21,0,34,2,4,,127295,32,0,46 43 44 3 45,2,6,,101599,21,0,34,2,4,,127337,32,0,46 43 44 3 45,2,6,,127218,21,0,34,2,4,,127257,32,0,46 43 44 3 45,2,6,,127177,21,0,34,2,4,,127339,32,0,46 43 44 3 45,2,6,,118447,21,0,34,2,44,,127233,32,0,46 43 44 3 45,2,6,,127346,21,0,34,2,4,,127408,32,0,46 43 44 3 45,2,6,,127240,21,0,34,2,4,,127271,32,0,46 43 44 3 45,2,6,,127429,21,0,34,2,4,,127431,32,0,46 43 44 3 45,2,7,,127236,21,0,34,2,2,,127315,21,,,2,4,,127415,32,0,46 43 44 3 45,2,4,,127352,21,0,34,2,7,,127219,32,0,46 43 44 3 45,2,5,,127398,21,0,34,2,46,,127197,32,0,46 43 44 3 45,2,4,,127251,21,0,34,2,6,,127377,32,0,46 43 44 3 45,2,4,,108839,21,0,34,2,6,,127420,32,0,46 43 44 3 45,2,4,,127405,21,0,34,2,6,,127187,32,0,46 43 44 3 45,2,4,,127203,21,0,34,2,6,,127357,32,0,46 43 44 3 45,2,4,,127328,21,0,34,2,6,,127278,32,0,46 43 44 3 45,2,4,,127363,21,0,34,2,46,,127270,32,0,46 43 44 3 45,2,4,,127239,21,0,34,2,6,,122724,32,0,46 43 44 3 45,2,4,,127293,21,0,34,2,6,,127179,32,0,46 43 44 3 45,2,4,,117854,21,0,34,2,6,,127237,32,0,46 43 44 3 45,2,4,,127214,21,0,34,2,6,,127190,32,0,46 43 44 3 45,2,4,,127301,21,0,34,2,6,,127300,32,0,46 43 44 3 45,2,4,,127432,21,0,34,2,46,,127387,32,0,46 43 44 3 45,2,4,,127225,21,0,34,2,6,,127349,32,0,46 43 44 3 45,2,4,,127423,21,0,34,2,6,,127379,32,0,46 43 44 3 45,2,4,,127399,21,0,34,2,6,,127200,32,0,46 43 44 3 45,2,4,,127411,21,0,34,2,6,,127183,32,0,46 43 44 3 45,2,4,,127254,21,0,34,2,5,,127320,32,0,46 43 44 3 45,2,5,,127307,21,0,34,2,45,,127273,32,0,46 43 44 3 45,2,5,,127362,21,0,34,2,5,,127360,32,0,46 43 44 3 45,2,5,,127226,21,0,34,2,5,,127326,32,0,46 43 44 3 45,2,5,,127195,21,0,34,2,5,,127324,32,0,46 43 44 3 45,2,5,,127277,21,0,34,2,5,,127334,32,0,46 43 44 3 45,2,2,,127186,21,0,34,2,1,,127191,32,,,2,6,,127198,21,,,2,2,,127355,32,0,46 43 44 3 45,2,48,,127384,21,,,2
50401,'3',755,,127477,21,0,34,2,54,,127531,21,0,34,2,14,,127545,21,0,34,2,14,,127551,21,0,34,2,14,,127459,21,0,34,2,7,,127456,32,0,46 43 44 3 45,2,47,,127615,21,0,34,2,7,,127513,32,0,46 43 44 3 45,2,7,,121857,21,0,34,2,5,,127500,21,0,34,2,4,,127450,32,0,46 43 44 3 45,2,10,,127462,21,0,34,2,5,,127614,32,0,46 43 44 3 45,2,7,,127627,21,0,34,2,3,,127444,32,0,46 43 44 3 45,2,47,,127652,21,0,34,2,4,,127640,32,0,46 43 44 3 45,2,6,,127557,21,0,34,2,3,,127624,32,0,46 43 44 3 45,2,7,,127455,21,0,34,2,3,,127642,32,0,46 43 44 3 45,2,7,,127440,21,0,34,2,3,,127657,32,0,46 43 44 3 45,2,7,,127585,21,0,34,2,3,,127619,32,0,46 43 44 3 45,2,7,,127522,21,0,34,2,3,,127542,32,0,46 43 44 3 45,2,47,,127439,21,0,34,2,3,,127658,32,0,46 43 44 3 45,2,7,,127502,21,0,34,2,3,,127544,32,0,46 43 44 3 45,2,7,,127580,21,0,34,2,3,,127539,32,0,46 43 44 3 45,2,7,,127610,21,0,34,2,3,,127483,32,0,46 43 44 3 45,2,7,,127570,21,0,34,2,3,,127529,32,0,46 43 44 3 45,2,7,,127467,21,0,34,2,3,,127510,32,0,46 43 44 3 45,2,47,,127514,21,0,34,2,3,,127472,32,0,46 43 44 3 45,2,7,,127595,21,0,34,2,3,,127503,32,0,46 43 44 3 45,2,8,,127511,21,0,34,2,12,,127496,32,0,46 43 44 3 45,2,1,,127593,21,0,34,2,9,,127592,32,0,46 43 44 3 45,2,2,,127620,21,0,34,2,8,,127518,32,0,46 43 44 3 45,2,2,,127463,21,0,34,2,48,,127471,32,0,46 43 44 3 45,2,2,,127448,21,0,34,2,8,,127636,32,0,46 43 44 3 45,2,2,,127519,21,0,34,2,8,,127582,32,0,46 43 44 3 45,2,2,,116766,21,0,34,2,8,,127492,32,0,46 43 44 3 45,2,2,,127648,21,0,34,2,8,,127634,32,0,46 43 44 3 45,2,2,,127442,21,0,34,2,8,,127508,32,0,46 43 44 3 45,2,2,,127547,21,0,34,2,48,,127623,32,0,46 43 44 3 45,2,2,,127569,21,0,34,2,8,,127632,32,0,46 43 44 3 45,2,2,,127495,21,0,34,2,8,,127553,32,0,46 43 44 3 45,2,2,,127493,21,0,34,2,8,,127578,32,0,46 43 44 3 45,2,2,,127596,21,0,34,2,8,,127660,32,0,46 43 44 3 45,2,2,,127458,21,0,34,2,8,,127564,32,0,46 43 44 3 45,2,2,,127520,21,0,34,2,48,,127538,32,0,46 43 44 3 45,2,2,,127606,21,0,34,2,8,,127661,32,0,46 43 44 3 45,2,2,,127600,21,0,34,2,8,,127651,32,0,46 43 44 3 45,2,2,,127612,21,0,34,2,8,,127567,32,0,46 43 44 3 45,2,2,,127604,21,0,34,2,8,,127590,32,0,46 43 44 3 45,2,2,,127512,21,0,34,2,8,,127639,32,0,46 43 44 3 45,2,2,,127656,21,0,34,2,48,,127589,32,0,46 43 44 3 45,2,2,,127530,21,0,34,2,8,,127532,32,0,46 43 44 3 45,2,2,,127525,21,0,34,2,8,,127484,32,0,46 43 44 3 45,2,2,,127630,21,0,34,2,8,,127577,32,0,46 43 44 3 45,2,2,,127576,21,0,34,2,8,,127558,32,0,46 43 44 3 45,2,2,,127581,21,0,34,2,8,,127521,32,0,46 43 44 3 45,2,2,,127575,21,0,34,2,48,,127490,32,0,46 43 44 3 45,2,2,,127579,21,0,34,2,8,,127631,32,0,46 43 44 3 45,2,2,,127466,21,0,34,2,8,,127655,32,0,46 43 44 3 45,2,2,,127546,21,0,34,2,8,,127443,32,0,46 43 44 3 45,2,2,,127526,21,0,34,2,8,,127611,32,0,46 43 44 3 45,2,2,,127594,21,0,34,2,8,,127607,32,0,46 43 44 3 45,2,2,,127588,21,0,34,2,48,,127638,32,0,46 43 44 3 45,2,2,,127516,21,0,34,2,8,,121792,32,0,46 43 44 3 45,2,2,,127641,21,0,34,2,8,,127528,32,0,46 43 44 3 45,2,2,,127605,21,0,34,2,8,,127468,32,0,46 43 44 3 45,2,2,,127566,21,0,34,2,8,,127562,32,0,46 43 44 3 45,2,2,,127646,21,0,34,2,8,,127465,32,0,46 43 44 3 45,2,2,,127543,21,0,34,2,48,,127584,32,0,46 43 44 3 45,2,2,,127536,21,0,34,2,6,,127650,32,0,46 43 44 3 45,2,4,,127454,21,0,34,2,2,,127445,21,,,2,3,,127583,32,0,46 43 44 3 45,2,6,,127527,21,0,34,2,4,,127591,32,0,46 43 44 3 45,2,5,,127601,21,0,34,2,5,,127621,32,0,46 43 44 3 45,2,5,,127629,21,0,34,2,2,,127568,32,0,46 43 44 3 45,2,8,,127485,21,0,34,2,2,,127633,32,0,46 43 44 3 45,2,48,,127608,21,0,34,2,2,,127659,32,0,46 43 44 3 45,2,8,,127654,21,0,34,2,2,,127565,32,0,46 43 44 3 45,2,8,,127587,21,0,34,2,2,,127481,32,0,46 43 44 3 45,2,8,,127563,21,0,34,2,2,,127474,32,0,46 43 44 3 45,2,8,,127574,21,0,34,2,2,,127537,32,0,46 43 44 3 45,2,8,,127603,21,0,34,2,2,,127446,32,0,46 43 44 3 45,2,48,,127438,21,0,34,2,2,,127647,32,0,46 43 44 3 45,2,8,,127572,21,0,34,2,2,,127613,32,0,46 43 44 3 45,2,8,,127453,21,0,34,2,2,,127449,32,0,46 43 44 3 45,2,8,,127489,21,0,34,2,2,,127649,32,0,46 43 44 3 45,2,8,,127534,21,0,34,2,2,,127616,32,0,46 43 44 3 45,2,8,,127622,21,0,34,2,2,,127555,32,0,46 43 44 3 45,2,48,,127645,21,0,34,2,2,,127644,32,0,46 43 44 3 45,2,8,,127617,21,0,34,2,2,,127464,32,0,46 43 44 3 45,2,4,,127549,32,,,2,4,,127561,21,0,34,2,4,,127506,32,0,46 43 44 3 45,2,6,,127507,21,0,34,2,3,,127517,32,0,46 43 44 3 45,2,7,,127653,21,0,34,2,3,,127541,32,0,46 43 44 3 45,2,7,,127487,21,0,34,2,3,,127504,32,0,46 43 44 3 45,2,47,,127573,21,0,34,2,3,,127494,32,0,46 43 44 3 45,2,2,,127556,21,,,2,5,,127635,21,0,34,2,3,,127498,32,0,46 43 44 3 45,2,7,,127451,21,0,34,2,3,,127469,32,0,46 43 44 3 45,2,7,,127488,21,0,34,2,3,,127486,32,0,46 43 44 3 45,2,7,,127457,21,0,34,2,3,,127618,32,0,46 43 44 3 45,2,7,,127597,21,0,34,2,3,,127482,32,0,46 43 44 3 45,2,47,,127535,21,0,34,2,3,,127501,32,0,46 43 44 3 45,2,7,,127475,21,0,34,2,3,,127491,32,0,46 43 44 3 45,2,7,,127524,21,0,34,2,3,,127533,32,0,46 43 44 3 45,2,7,,127599,21,0,34,2,3,,127476,32,0,46 43 44 3 45,2,7,,127602,21,0,34,2,3,,127560,32,0,46 43 44 3 45,2,7,,127497,21,0,34,2,3,,127460,32,0,46 43 44 3 45,2,47,,127470,21,0,34,2,3,,127499,32,0,46 43 44 3 45,2,7,,127609,21,0,34,2,3,,127505,32,0,46 43 44 3 45,2,7,,127452,21,0,34,2,3,,127559,32,0,46 43 44 3 45,2,7,,127441,21,0,34,2,3,,127478,32,0,46 43 44 3 45,2,7,,127552,21,0,34,2,3,,127447,32,0,46 43 44 3 45,2,7,,127586,21,0,34,2,3,,127598,32,0,46 43 44 3 45,2,47,,127480,21,0,34,2,3,,127571,32,0,46 43 44 3 45,2,7,,127461,21,0,34,2,3,,127550,32,0,46 43 44 3 45,2,5,,127509,32,,,2,2,,127473,21,0,34,2,8,,127637,32,0,46 43 44 3 45,2,2,,127554,21,0,34,2,10,,127548,21,0,34,2,3,,127540,32,0,46 43 44 3 45,2,2,,127625,21,,,2
50401,'5',549,,127664,21,0,34,2,7,,127807,34,0,46 43 44 3 45,2,47,,127753,21,0,34,2,7,,114510,34,0,46 43 44 3 45,2,7,,127801,21,0,34,2,7,,127873,34,0,46 43 44 3 45,2,7,,127884,21,0,34,2,7,,127805,32,0,46 43 44 3 45,2,7,,127707,21,0,34,2,7,,127827,32,0,46 43 44 3 45,2,7,,127766,21,0,34,2,47,,115489,32,0,46 43 44 3 45,2,7,,127874,21,0,34,2,7,,127700,32,0,46 43 44 3 45,2,7,,127706,21,0,34,2,7,,115402,32,0,46 43 44 3 45,2,7,,127858,21,0,34,2,7,,127883,32,0,46 43 44 3 45,2,7,,127843,21,0,34,2,47,,127759,32,0,46 43 44 3 45,2,7,,127732,21,0,34,2,7,,127806,32,0,46 43 44 3 45,2,7,,127717,21,0,34,2,7,,127815,32,0,46 43 44 3 45,2,7,,127763,21,0,34,2,7,,127838,32,0,46 43 44 3 45,2,7,,127731,21,0,34,2,7,,127903,32,0,46 43 44 3 45,2,47,,127730,21,0,34,2,7,,127748,32,0,46 43 44 3 45,2,7,,127854,21,0,34,2,5,,127786,21,0,34,2,4,,127671,32,0,46 43 44 3 45,2,10,,127803,21,0,34,2,5,,127772,32,0,46 43 44 3 45,2,7,,127866,21,0,34,2,3,,127738,32,0,46 43 44 3 45,2,47,,127881,21,0,34,2,4,,127797,32,0,46 43 44 3 45,2,6,,127834,21,0,34,2,3,,127747,32,0,46 43 44 3 45,2,7,,127899,21,0,34,2,3,,127829,32,0,46 43 44 3 45,2,7,,127875,21,0,34,2,3,,127760,32,0,46 43 44 3 45,2,7,,127726,21,0,34,2,3,,111972,32,0,46 43 44 3 45,2,7,,127849,21,0,34,2,3,,127851,32,0,46 43 44 3 45,2,47,,127719,21,0,34,2,3,,127888,32,0,46 43 44 3 45,2,7,,127754,21,0,34,2,3,,127762,32,0,46 43 44 3 45,2,7,,127715,21,0,34,2,3,,127845,32,0,46 43 44 3 45,2,7,,127809,21,0,34,2,3,,127790,32,0,46 43 44 3 45,2,7,,127694,21,0,34,2,3,,127822,32,0,46 43 44 3 45,2,7,,127780,21,0,34,2,3,,127894,32,0,46 43 44 3 45,2,47,,127859,21,0,34,2,3,,127692,32,0,46 43 44 3 45,2,7,,127839,21,0,34,2,3,,127746,32,0,46 43 44 3 45,2,8,,127708,21,0,34,2,5,,127823,32,0,46 43 44 3 45,2,8,,127765,21,0,34,2,9,,127761,32,0,46 43 44 3 45,2,2,,127788,21,0,34,2,8,,127868,32,0,46 43 44 3 45,2,2,,127741,21,0,34,2,48,,127733,32,0,46 43 44 3 45,2,2,,127773,21,0,34,2,8,,127816,32,0,46 43 44 3 45,2,2,,127896,21,0,34,2,8,,127835,32,0,46 43 44 3 45,2,2,,127693,21,0,34,2,8,,127825,32,0,46 43 44 3 45,2,2,,127900,21,0,34,2,8,,127794,32,0,46 43 44 3 45,2,2,,127841,21,0,34,2,8,,127770,32,0,46 43 44 3 45,2,2,,127799,21,0,34,2,48,,127850,32,0,46 43 44 3 45,2,2,,127688,21,0,34,2,8,,127734,32,0,46 43 44 3 45,2,2,,127895,21,0,34,2,8,,127818,32,0,46 43 44 3 45,2,2,,127889,21,0,34,2,8,,127869,32,0,46 43 44 3 45,2,2,,127756,21,0,34,2,8,,127681,32,0,46 43 44 3 45,2,2,,127857,21,0,34,2,8,,127848,32,0,46 43 44 3 45,2,2,,127861,21,0,34,2,48,,127703,32,0,46 43 44 3 45,2,2,,127831,21,0,34,2,8,,127691,32,0,46 43 44 3 45,2,2,,127811,21,0,34,2,8,,127812,32,0,46 43 44 3 45,2,2,,127814,21,0,34,2,8,,127819,32,0,46 43 44 3 45,2,2,,127676,21,0,34,2,8,,127755,32,0,46 43 44 3 45,2,2,,127745,21,0,34,2,8,,127690,32,0,46 43 44 3 45,2,2,,127860,21,0,34,2,48,,127728,32,0,46 43 44 3 45,2,2,,127804,21,0,34,2,8,,127709,32,0,46 43 44 3 45,2,2,,127758,21,0,34,2,8,,127678,32,0,46 43 44 3 45,2,2,,127672,21,0,34,2,8,,127863,32,0,46 43 44 3 45,2,2,,127768,21,0,34,2,8,,127670,32,0,46 43 44 3 45,2,2,,127856,21,0,34,2,8,,127722,32,0,46 43 44 3 45,2,2,,127702,21,0,34,2,48,,127802,32,0,46 43 44 3 45,2,2,,127677,21,0,34,2,8,,127813,32,0,46 43 44 3 45,2,2,,127711,21,0,34,2,8,,127686,32,0,46 43 44 3 45,2,2,,127877,21,0,34,2,8,,127684,32,0,46 43 44 3 45,2,2,,127810,21,0,34,2,8,,127870,32,0,46 43 44 3 45,2,2,,127892,21,0,34,2,8,,127887,32,0,46 43 44 3 45,2,2,,127695,21,0,34,2,48,,127685,32,0,46 43 44 3 45,2,2,,127837,21,0,34,2,8,,110984,32,0,46 43 44 3 45,2,2,,127785,21,0,34,2,8,,127668,32,0,46 43 44 3 45,2,2,,127808,21,0,34,2,8,,127740,32,0,46 43 44 3 45,2,2,,127724,21,0,34,2,8,,127853,32,0,46 43 44 3 45,2,2,,127744,21,0,34,2,8,,127750,32,0,46 43 44 3 45,2,2,,127891,21,0,34,2,48,,127897,32,0,46 43 44 3 45,2,2,,127820,21,0,34,2,5,,127833,32,0,46 43 44 3 45,2,5,,127847,21,0,34,2,2,,127764,21,,,2,2,,127898,32,0,46 43 44 3 45,2,7,,127705,21,0,34,2,1,,127855,32,0,46 43 44 3 45,2,8,,127793,21,0,34,2,2,,127701,32,0,46 43 44 3 45,2,8,,127828,21,0,34,2,2,,127864,32,0,46 43 44 3 45,2,8,,127723,21,0,34,2,2,,127876,32,0,46 43 44 3 45,2,48,,127710,21,0,34,2,2,,127879,32,0,46 43 44 3 45,2,8,,127727,21,0,34,2,2,,127736,32,0,46 43 44 3 45,2,8,,127842,21,0,34,2,2,,127721,32,0,46 43 44 3 45,2,8,,127798,21,0,34,2,2,,127901,32,0,46 43 44 3 45,2,8,,127683,21,0,34,2,2,,127697,32,0,46 43 44 3 45,2,8,,127663,21,0,34,2,2,,127893,32,0,46 43 44 3 45,2,48,,112125,21,0,34,2,2,,127775,32,0,46 43 44 3 45,2,8,,127749,21,0,34,2,2,,127704,32,0,46 43 44 3 45,2,8,,127679,21,0,34,2,2,,127836,32,0,46 43 44 3 45,2,8,,127821,21,0,34,2,2,,127675,32,0,46 43 44 3 45,2,8,,111968,21,0,34,2,2,,127885,32,0,46 43 44 3 45,2,8,,127757,21,0,34,2,2,,127844,32,0,46 43 44 3 45,2,48,,127716,21,0,34,2,2,,127882,32,0,46 43 44 3 45,2,8,,127751,21,0,34,2,2,,127682,32,0,46 43 44 3 45,2,4,,127735,32,,,2,4,,127720,21,0,34,2,5,,127743,32,0,46 43 44 3 45,2,5,,127783,21,0,34,2,3,,127840,32,0,46 43 44 3 45,2,7,,127742,21,0,34,2,3,,127800,32,0,46 43 44 3 45,2,7,,127878,21,0,34,2,3,,127852,32,0,46 43 44 3 45,2,47,,127665,21,0,34,2,3,,127902,32,0,46 43 44 3 45,2,2,,127769,21,,,2,5,,127669,21,0,34,2,3,,127739,32,0,46 43 44 3 45,2,7,,127886,21,0,34,2,3,,127905,32,0,46 43 44 3 45,2,7,,127791,21,0,34,2,3,,127767,32,0,46 43 44 3 45,2,7,,127662,21,0,34,2,3,,127817,32,0,46 43 44 3 45,2,7,,127699,21,0,34,2,3,,127832,32,0,46 43 44 3 45,2,47,,127689,21,0,34,2,3,,119816,32,0,46 43 44 3 45,2,7,,127774,21,0,34,2,3,,127862,32,0,46 43 44 3 45,2,7,,127674,21,0,34,2,3,,127782,32,0,46 43 44 3 45,2,7,,127789,21,0,34,2,3,,127792,32,0,46 43 44 3 45,2,7,,127846,21,0,34,2,3,,117042,32,0,46 43 44 3 45,2,7,,127781,21,0,34,2,3,,127718,32,0,46 43 44 3 45,2,47,,127771,21,0,34,2,3,,127784,32,0,46 43 44 3 45,2,7,,127824,21,0,34,2,3,,127904,32,0,46 43 44 3 45,2,7,,127696,21,0,34,2,3,,127752,32,0,46 43 44 3 45,2,7,,127680,21,0,34,2,3,,127713,32,0,46 43 44 3 45,2,7,,127787,21,0,34,2,3,,127826,32,0,46 43 44 3 45,2,7,,127687,21,0,34,2,3,,106935,32,0,46 43 44 3 45,2,47,,127737,21,0,34,2,3,,127712,32,0,46 43 44 3 45,2,7,,127867,21,0,34,2,3,,127778,32,0,46 43 44 3 45,2,5,,127725,32,,,2,2,,127865,21,0,34,2,8,,127776,32,0,46 43 44 3 45,2,2,,127890,21,0,34,2,10,,127796,21,0,34,2,1,,127698,32,0,46 43 44 3 45,2,7,,127777,21,,,2,47,,127872,32,0,46 43 44 3 45,2,3,,127673,21,,,2
50801,'1',810,,133756,32,0,43 44 3 45,2,20,,133761,32,0,43 44 3 45,2,8,,133750,32,0,43 44 3 45,2,10,,133752,32,0,43 44 3 45,2,10,,133763,32,0,43 44 3 45,2,50,,133764,32,0,43 44 3 45,2,20,,133760,32,0,43 44 3 45,2,681,,133755,26,0,43 44 3 45,2,20,,133754,26,0,43 44 3 45,2,10,,133759,26,0,43 44 3 45,2,10,,133762,26,0,43 44 3 45,2,10,,133749,26,0,43 44 3 45,2,50,,133745,26,0,43 44 3 45,2,20,,133747,26,0,43 44 3 45,2
