30502,'1',2558,,91782,37,0,5 41,2,60,,91778,37,0,5 41,2,20,,91779,37,0,5 41,2,20,,91772,37,0,5 41,2,60,,91775,37,0,5 41,2,20,,91776,37,0,5 41,2,20,,91773,37,0,5 41,2,70,,91774,37,0,5 41,2,30,,91781,37,0,5 41,2
30502,'2',2548,,91785,37,0,5 41,2,60,,91790,37,0,5 41,2,20,,91786,37,0,5 41,2,20,,91787,37,0,5 41,2,60,,91792,37,0,5 41,2,20,,91796,37,0,5 41,2,20,,91784,37,0,5 41,2,60,,91795,37,0,5 41,2,20,,91788,37,0,5 41,2,20,,91783,37,0,5 41,2,70,,91793,37,0,5 41,2
30502,'3',509,,91828,28,0,5 41,2,15,,91800,28,0,5 41,2,11,,91804,37,0,5 41,2,17,,91812,37,0,5 41,2,57,,91817,37,0,5 41,2,15,,91827,37,0,5 41,2,15,,91813,37,0,5 41,2,15,,91825,37,0,5 41,2,50,,91821,37,0,5 41,2,10,,91820,37,0,5 41,2,10,,91832,37,0,5 41,2,10,,91807,37,0,5 41,2,10,,91814,37,0,5 41,2,10,,87883,37,0,5 41,2,50,,91816,37,0,5 41,2,10,,91824,37,0,5 41,2,10,,91810,37,0,5 41,2,1728,,91829,37,0,5 41,2,50,,91831,37,0,5 41,2,20,,91826,37,0,5 41,2,20,,91801,37,0,5 41,2,10,,91803,37,0,5 41,2,70,,91805,37,0,5 41,2,20,,91823,37,0,5 41,2,60,,91811,37,0,5 41,2,20,,91806,37,0,5 41,2,20,,91819,37,0,5 41,2
30502,'5',2552,,91843,37,0,5 41,2,50,,91844,37,0,5 41,2,20,,91838,37,0,5 41,2,20,,79306,37,0,5 41,2,60,,91835,37,0,5 41,2,20,,91839,37,0,5 41,2,20,,91833,37,0,5 41,2,60,,91837,37,0,5 41,2,20,,83635,37,0,5 41,2,30,,91834,37,0,5 41,2
30602,'1',2613,,91989,58,,,2,20,,91987,58,,,2,20,,91976,58,,,2,70,,91991,58,,,2,10,,91993,58,,,2,20,,91988,58,,,2,60,,91980,58,,,2,20,,91981,58,,,2,20,,82529,58,,,2,60,,91977,58,,,2
30602,'2',2612,,92018,58,,,2,25,,92004,58,,,2,20,,92017,58,,,2,60,,92007,58,,,2,20,,92009,58,,,2,20,,92023,58,,,2,60,,92010,58,,,2,20,,92016,58,,,2,20,,92003,58,,,2,60,,92002,58,,,2,18,,81547,58,,,2
30602,'3',520,,92056,47,0,9 40,2,10,,92055,47,0,9 40,2,10,,92050,47,0,9 40,2,10,,92083,47,0,9 40,2,50,,92026,47,0,9 40,2,4,,92084,58,,,2,10,,92039,58,,,2,10,,91005,58,,,2,10,,92035,58,,,2,10,,92042,58,,,2,10,,92079,58,,,2,50,,92030,58,,,2,10,,92033,58,,,2,10,,92081,58,,,2,10,,92068,58,,,2,10,,92053,58,,,2,10,,92040,58,,,2,50,,92057,58,,,2,10,,92066,58,,,2,10,,92037,58,,,2,10,,92027,58,,,2,10,,92049,58,,,2,1759,,92028,58,,,2,11,,92076,58,,,2,18,,92041,58,,,2,20,,92046,58,,,2,60,,92082,58,,,2,20,,92073,58,,,2,20,,92029,58,,,2,60,,92044,58,,,2,20,,92072,58,,,2,26,,92067,58,,,2
30602,'5',2603,,92095,58,,,2,11,,92085,58,,,2,18,,92110,58,,,2,20,,92093,58,,,2,60,,92089,58,,,2,20,,92099,58,,,2,20,,92101,58,,,2,60,,92109,58,,,2,20,,92105,58,,,2,26,,92107,58,,,2
50502,'1',510,,97243,37,0,5 41,2,13,,97277,37,0,5 41,2,5,,97248,37,0,5 41,2,5,,97274,37,0,5 41,2,10,,97252,37,0,5 41,2,10,,97211,37,0,5 41,2,50,,97230,37,0,5 41,2,10,,97224,37,0,5 41,2,10,,97214,37,0,5 41,2,10,,97330,37,0,5 41,2,10,,97218,36,0,5 41,2,10,,97219,36,0,5 41,2,50,,97304,36,0,5 41,2,10,,97206,36,0,5 41,2,10,,97365,36,0,5 41,2,5,,97357,28,0,5 41,2,5,,97208,36,0,5 41,2,5,,97231,28,0,5 41,2,5,,97315,36,0,5 41,2,10,,97346,36,0,5 41,2,5,,97344,36,0,5 41,2,45,,97227,36,0,5 41,2,8,,97203,28,0,5 41,2,2,,97292,36,0,5 41,2,9,,97296,28,0,5 41,2,4,,97355,36,0,5 41,2,12,,97289,36,0,5 41,2,5,,97271,28,0,5 41,2,2,,97263,36,0,5 41,2,6,,97367,36,0,5 41,2,6,,97360,36,0,5 41,2,46,,97293,36,0,5 41,2,6,,97241,36,0,5 41,2,6,,97301,36,0,5 41,2,6,,97332,36,0,5 41,2,6,,97372,36,0,5 41,2,6,,97373,36,0,5 41,2,6,,97235,36,0,5 41,2,6,,97364,36,0,5 41,2,6,,97284,36,0,5 41,2,6,,97328,36,0,5 41,2,46,,97280,36,0,5 41,2,6,,97262,36,0,5 41,2,6,,97371,36,0,5 41,2,7,,97297,36,0,5 41,2,8,,97329,36,0,5 41,2,6,,69902,36,0,5 41,2,6,,97354,36,0,5 41,2,6,,97215,36,0,5 41,2,6,,97351,36,0,5 41,2,46,,97250,36,0,5 41,2,6,,97225,36,0,5 41,2,6,,97369,36,0,5 41,2,6,,97278,36,0,5 41,2,6,,97303,36,0,5 41,2,6,,97316,36,0,5 41,2,6,,97349,36,0,5 41,2,6,,97298,36,0,5 41,2,6,,97245,36,0,5 41,2,6,,97324,36,0,5 41,2,46,,97242,36,0,5 41,2,6,,97221,36,0,5 41,2,6,,97327,36,0,5 41,2,6,,97302,36,0,5 41,2,6,,97213,36,0,5 41,2,6,,97314,36,0,5 41,2,6,,97275,36,0,5 41,2,6,,97300,36,0,5 41,2,6,,86512,36,0,5 41,2,6,,87423,36,0,5 41,2,46,,97356,36,0,5 41,2,6,,97290,36,0,5 41,2,6,,97334,36,0,5 41,2,6,,97287,36,0,5 41,2,6,,97264,36,0,5 41,2,6,,97237,36,0,5 41,2,6,,97238,36,0,5 41,2,6,,97342,36,0,5 41,2,6,,97233,36,0,5 41,2,6,,97270,36,0,5 41,2,46,,97362,36,0,5 41,2,6,,97272,36,0,5 41,2,6,,97265,36,0,5 41,2,6,,80689,36,0,5 41,2,6,,97291,36,0,5 41,2,6,,97285,36,0,5 41,2,6,,97340,36,0,5 41,2,6,,97258,36,0,5 41,2,6,,97322,36,0,5 41,2,6,,97259,36,0,5 41,2,46,,97306,36,0,5 41,2,6,,97352,36,0,5 41,2,6,,97299,36,0,5 41,2,6,,97348,36,0,5 41,2,9,,97212,36,0,5 41,2,3,,97249,36,0,5 41,2,6,,97341,36,0,5 41,2,6,,97247,36,0,5 41,2,6,,97318,36,0,5 41,2,6,,97286,36,0,5 41,2,46,,97305,36,0,5 41,2,6,,97256,36,0,5 41,2,6,,97276,36,0,5 41,2,6,,97226,36,0,5 41,2,6,,97228,36,0,5 41,2,6,,97261,36,0,5 41,2,6,,97204,36,0,5 41,2,6,,97336,36,0,5 41,2,6,,97254,36,0,5 41,2,6,,97239,36,0,5 41,2,46,,97232,36,0,5 41,2,6,,97253,36,0,5 41,2,6,,97200,36,0,5 41,2,6,,97311,36,0,5 41,2,6,,97234,36,0,5 41,2,6,,97196,36,0,5 41,2,6,,97267,36,0,5 41,2,6,,97312,36,0,5 41,2,6,,97244,36,0,5 41,2,6,,97198,36,0,5 41,2,46,,97236,36,0,5 41,2,6,,97358,36,0,5 41,2,6,,97368,36,0,5 41,2,6,,86579,36,0,5 41,2,6,,97335,36,0,5 41,2,6,,97207,36,0,5 41,2,6,,97255,36,0,5 41,2,6,,97209,36,0,5 41,2,6,,97257,36,0,5 41,2,6,,97223,36,0,5 41,2,46,,88329,36,0,5 41,2,6,,97370,36,0,5 41,2,6,,97321,36,0,5 41,2,6,,97350,36,0,5 41,2,6,,97269,36,0,5 41,2,6,,97307,36,0,5 41,2,6,,97326,36,0,5 41,2,6,,97201,36,0,5 41,2,6,,97251,36,0,5 41,2,6,,97339,36,0,5 41,2,46,,97345,36,0,5 41,2,10,,97338,36,0,5 41,2,11,,97205,36,0,5 41,2,9,,97283,36,0,5 41,2,10,,97313,36,0,5 41,2,10,,97294,36,0,5 41,2,50,,97309,36,0,5 41,2,10,,97361,36,0,5 41,2,10,,97343,36,0,5 41,2,10,,97281,36,0,5 41,2,10,,97366,36,0,5 41,2,10,,97325,36,0,5 41,2,50,,97288,36,0,5 41,2,10,,97319,36,0,5 41,2,10,,97222,36,0,5 41,2,10,,97310,36,0,5 41,2,10,,97246,36,0,5 41,2,9,,78595,36,0,5 41,2,10,,97260,36,0,5 41,2,50,,97353,36,0,5 41,2,10,,97333,36,0,5 41,2,10,,97210,36,0,5 41,2,10,,97295,36,0,5 41,2,10,,97359,36,0,5 41,2,10,,97229,36,0,5 41,2,50,,97197,36,0,5 41,2,10,,97240,36,0,5 41,2,10,,83888,36,0,5 41,2,10,,97282,36,0,5 41,2,10,,97217,36,0,5 41,2,10,,97220,36,0,5 41,2,50,,97363,36,0,5 41,2,10,,97337,36,0,5 41,2,20,,97317,36,0,5 41,2,66,,97320,36,0,5 41,2,30,,97199,36,0,5 41,2
50502,'2',457,,97454,28,0,5 41,2,66,,97446,28,0,5 41,2,10,,97485,28,0,5 41,2,8,,97517,37,0,5 41,2,6,,97465,37,0,5 41,2,10,,97498,37,0,5 41,2,50,,97510,37,0,5 41,2,10,,97418,37,0,5 41,2,10,,97489,37,0,5 41,2,10,,97472,37,0,5 41,2,10,,97532,36,0,5 41,2,10,,97493,36,0,5 41,2,50,,97415,36,0,5 41,2,10,,97475,36,0,5 41,2,10,,97405,36,0,5 41,2,10,,78938,36,0,5 41,2,10,,97494,36,0,5 41,2,10,,97533,36,0,5 41,2,45,,97507,28,0,5 41,2,5,,97482,36,0,5 41,2,5,,97500,28,0,5 41,2,5,,84115,36,0,5 41,2,5,,97531,28,0,5 41,2,6,,97396,36,0,5 41,2,6,,97525,28,0,5 41,2,6,,97543,36,0,5 41,2,7,,97468,28,0,5 41,2,7,,97464,36,0,5 41,2,46,,78693,36,0,5 41,2,6,,97490,36,0,5 41,2,6,,97455,36,0,5 41,2,6,,82639,36,0,5 41,2,6,,97430,36,0,5 41,2,6,,97461,36,0,5 41,2,6,,97438,36,0,5 41,2,6,,97385,36,0,5 41,2,6,,97451,36,0,5 41,2,6,,97522,36,0,5 41,2,46,,97449,36,0,5 41,2,6,,97466,36,0,5 41,2,6,,97503,36,0,5 41,2,6,,97380,36,0,5 41,2,6,,97401,36,0,5 41,2,6,,97441,36,0,5 41,2,6,,97397,36,0,5 41,2,6,,97390,36,0,5 41,2,6,,97420,36,0,5 41,2,6,,97391,36,0,5 41,2,46,,97408,36,0,5 41,2,6,,97462,36,0,5 41,2,6,,97518,36,0,5 41,2,6,,97410,36,0,5 41,2,6,,97398,36,0,5 41,2,6,,97428,36,0,5 41,2,6,,97423,36,0,5 41,2,6,,97540,36,0,5 41,2,6,,97477,36,0,5 41,2,6,,97387,36,0,5 41,2,46,,97539,36,0,5 41,2,6,,97523,36,0,5 41,2,6,,97471,36,0,5 41,2,8,,97514,36,0,5 41,2,6,,97528,36,0,5 41,2,6,,97425,28,0,5 41,2,3,,97447,36,0,5 41,2,6,,97427,36,0,5 41,2,8,,97504,36,0,5 41,2,6,,97488,36,0,5 41,2,48,,97536,36,0,5 41,2,6,,97400,36,0,5 41,2,6,,97470,36,0,5 41,2,6,,97424,36,0,5 41,2,6,,97432,36,0,5 41,2,6,,97409,36,0,5 41,2,6,,97445,36,0,5 41,2,6,,97442,36,0,5 41,2,6,,97496,36,0,5 41,2,6,,97519,36,0,5 41,2,46,,97529,36,0,5 41,2,6,,97497,36,0,5 41,2,6,,97402,36,0,5 41,2,6,,97478,36,0,5 41,2,6,,97512,36,0,5 41,2,6,,97421,36,0,5 41,2,6,,97457,36,0,5 41,2,6,,97429,36,0,5 41,2,6,,97377,36,0,5 41,2,6,,97376,36,0,5 41,2,46,,97433,36,0,5 41,2,6,,97386,36,0,5 41,2,6,,97535,36,0,5 41,2,6,,97506,36,0,5 41,2,6,,97515,36,0,5 41,2,6,,97467,36,0,5 41,2,6,,97459,36,0,5 41,2,6,,97537,36,0,5 41,2,6,,97481,36,0,5 41,2,6,,97450,36,0,5 41,2,46,,97426,36,0,5 41,2,6,,97406,36,0,5 41,2,6,,97407,36,0,5 41,2,6,,97534,36,0,5 41,2,6,,97434,36,0,5 41,2,6,,97469,36,0,5 41,2,6,,97419,36,0,5 41,2,6,,97393,36,0,5 41,2,6,,97379,36,0,5 41,2,6,,97526,36,0,5 41,2,46,,97463,36,0,5 41,2,6,,97486,36,0,5 41,2,6,,97508,36,0,5 41,2,6,,97509,36,0,5 41,2,6,,97439,36,0,5 41,2,6,,97422,36,0,5 41,2,6,,97448,36,0,5 41,2,6,,97403,36,0,5 41,2,6,,97443,36,0,5 41,2,6,,97516,36,0,5 41,2,46,,97495,36,0,5 41,2,6,,97375,36,0,5 41,2,6,,97499,36,0,5 41,2,6,,97474,36,0,5 41,2,6,,97394,36,0,5 41,2,6,,97412,36,0,5 41,2,12,,97521,36,0,5 41,2,6,,97505,36,0,5 41,2,6,,97383,36,0,5 41,2,52,,97458,36,0,5 41,2,6,,97417,36,0,5 41,2,6,,97524,36,0,5 41,2,6,,97392,36,0,5 41,2,8,,97444,36,0,5 41,2,8,,97460,36,0,5 41,2,9,,97473,36,0,5 41,2,48,,97382,36,0,5 41,2,10,,97501,36,0,5 41,2,10,,97378,36,0,5 41,2,10,,97492,36,0,5 41,2,10,,97384,36,0,5 41,2,10,,97381,36,0,5 41,2,50,,97388,36,0,5 41,2,10,,97530,36,0,5 41,2,10,,97545,36,0,5 41,2,10,,97414,36,0,5 41,2,10,,97491,36,0,5 41,2,10,,97437,36,0,5 41,2,50,,97374,36,0,5 41,2,10,,97479,36,0,5 41,2,10,,97513,36,0,5 41,2,8,,97502,36,0,5 41,2,10,,97440,36,0,5 41,2,8,,97435,36,0,5 41,2,7,,97431,36,0,5 41,2,50,,97395,36,0,5 41,2,10,,97544,36,0,5 41,2,10,,97538,36,0,5 41,2,10,,97413,36,0,5 41,2,10,,97476,36,0,5 41,2,10,,97483,36,0,5 41,2,50,,97416,36,0,5 41,2,10,,97520,36,0,5 41,2,10,,78105,36,0,5 41,2,10,,97511,36,0,5 41,2,10,,97453,36,0,5 41,2,12,,97527,36,0,5 41,2,48,,97487,36,0,5 41,2,10,,97436,36,0,5 41,2,12,,97452,36,0,5 41,2,15,,97456,36,0,5 41,2
50502,'3',834,,97552,36,0,5 41,2,10,,97562,36,0,5 41,2,10,,97637,36,0,5 41,2,5,,97681,28,0,5 41,2,45,,97607,36,0,5 41,2,10,,97674,36,0,5 41,2,10,,97658,36,0,5 41,2,5,,97566,28,0,5 41,2,5,,97546,36,0,5 41,2,7,,97647,28,0,5 41,2,2,,97580,36,0,5 41,2,9,,97625,36,0,5 41,2,6,,97616,36,0,5 41,2,46,,97655,36,0,5 41,2,6,,97597,36,0,5 41,2,6,,97683,36,0,5 41,2,6,,97636,36,0,5 41,2,6,,97642,36,0,5 41,2,6,,97614,36,0,5 41,2,6,,97686,36,0,5 41,2,6,,97581,36,0,5 41,2,6,,97684,36,0,5 41,2,6,,97677,36,0,5 41,2,46,,97646,36,0,5 41,2,6,,97553,36,0,5 41,2,6,,97601,36,0,5 41,2,6,,97657,36,0,5 41,2,6,,97654,36,0,5 41,2,6,,97639,36,0,5 41,2,6,,97691,36,0,5 41,2,6,,97574,36,0,5 41,2,6,,97598,36,0,5 41,2,6,,97631,36,0,5 41,2,46,,97613,36,0,5 41,2,6,,97573,36,0,5 41,2,6,,97603,36,0,5 41,2,6,,97695,36,0,5 41,2,7,,97668,28,0,5 41,2,1,,97632,36,0,5 41,2,6,,97549,36,0,5 41,2,8,,97602,36,0,5 41,2,5,,97582,28,0,5 41,2,3,,97551,36,0,5 41,2,6,,97612,36,0,5 41,2,46,,97659,36,0,5 41,2,6,,97595,36,0,5 41,2,6,,97610,36,0,5 41,2,6,,97567,36,0,5 41,2,6,,97638,36,0,5 41,2,6,,97596,36,0,5 41,2,6,,97640,36,0,5 41,2,6,,97678,36,0,5 41,2,6,,97555,36,0,5 41,2,6,,97666,36,0,5 41,2,46,,97550,36,0,5 41,2,6,,97608,36,0,5 41,2,6,,97599,36,0,5 41,2,6,,97688,36,0,5 41,2,6,,97680,36,0,5 41,2,6,,97560,36,0,5 41,2,6,,97600,36,0,5 41,2,6,,97593,36,0,5 41,2,6,,97586,36,0,5 41,2,6,,97557,36,0,5 41,2,46,,97590,36,0,5 41,2,6,,97569,36,0,5 41,2,6,,97660,36,0,5 41,2,6,,97693,36,0,5 41,2,6,,97563,36,0,5 41,2,6,,97694,36,0,5 41,2,6,,82302,36,0,5 41,2,6,,97624,36,0,5 41,2,6,,97594,36,0,5 41,2,6,,97665,36,0,5 41,2,46,,97662,36,0,5 41,2,6,,97648,36,0,5 41,2,6,,97656,36,0,5 41,2,6,,97589,36,0,5 41,2,6,,97667,36,0,5 41,2,6,,97604,36,0,5 41,2,6,,97628,36,0,5 41,2,6,,97622,36,0,5 41,2,6,,97650,36,0,5 41,2,6,,97565,36,0,5 41,2,46,,97606,36,0,5 41,2,6,,97675,36,0,5 41,2,6,,97618,36,0,5 41,2,6,,97663,36,0,5 41,2,6,,97623,36,0,5 41,2,6,,97649,36,0,5 41,2,6,,97578,36,0,5 41,2,6,,97652,36,0,5 41,2,6,,97592,36,0,5 41,2,6,,97617,36,0,5 41,2,46,,97559,36,0,5 41,2,6,,97630,36,0,5 41,2,6,,97579,36,0,5 41,2,6,,97635,36,0,5 41,2,6,,97672,36,0,5 41,2,6,,97605,36,0,5 41,2,6,,97671,36,0,5 41,2,6,,97619,36,0,5 41,2,6,,97692,36,0,5 41,2,6,,97571,36,0,5 41,2,46,,97609,36,0,5 41,2,6,,97568,36,0,5 41,2,6,,97554,36,0,5 41,2,6,,97591,36,0,5 41,2,6,,97643,36,0,5 41,2,6,,89631,36,0,5 41,2,6,,97634,36,0,5 41,2,6,,77675,36,0,5 41,2,3,,97670,36,0,5 41,2,6,,97583,36,0,5 41,2,49,,97577,36,0,5 41,2,10,,97556,36,0,5 41,2,10,,97575,36,0,5 41,2,10,,97576,36,0,5 41,2,10,,97564,36,0,5 41,2,10,,97587,36,0,5 41,2,50,,97661,36,0,5 41,2,10,,97570,36,0,5 41,2,10,,97633,36,0,5 41,2,10,,97644,36,0,5 41,2,10,,97615,36,0,5 41,2,10,,97653,36,0,5 41,2,50,,97690,36,0,5 41,2,10,,97676,36,0,5 41,2,10,,97689,36,0,5 41,2,10,,97585,36,0,5 41,2,10,,82800,36,0,5 41,2,10,,97679,36,0,5 41,2,50,,97626,36,0,5 41,2,10,,97673,36,0,5 41,2,10,,97682,36,0,5 41,2,10,,97588,36,0,5 41,2,10,,97627,36,0,5 41,2,10,,97669,36,0,5 41,2,50,,97645,36,0,5 41,2,10,,97584,36,0,5 41,2,10,,97687,36,0,5 41,2,10,,88785,36,0,5 41,2,10,,97620,36,0,5 41,2,10,,97651,36,0,5 41,2,50,,97611,36,0,5 41,2,10,,97547,36,0,5 41,2,13,,97561,36,0,5 41,2,12,,97548,36,0,5 41,2
50502,'5',510,,97752,28,0,5 41,2,22,,97802,37,0,5 41,2,14,,97759,28,0,5 41,2,8,,97838,37,0,5 41,2,55,,97776,37,0,5 41,2,15,,97862,37,0,5 41,2,15,,97804,37,0,5 41,2,15,,97696,36,0,5 41,2,50,,97708,36,0,5 41,2,10,,97841,36,0,5 41,2,10,,97809,36,0,5 41,2,10,,97733,36,0,5 41,2,10,,97860,36,0,5 41,2,10,,97699,36,0,5 41,2,50,,97818,36,0,5 41,2,10,,97850,36,0,5 41,2,10,,97738,36,0,5 41,2,10,,97736,36,0,5 41,2,10,,97783,36,0,5 41,2,10,,97715,36,0,5 41,2,5,,97784,28,0,5 41,2,45,,97829,36,0,5 41,2,10,,97852,36,0,5 41,2,10,,97854,36,0,5 41,2,5,,97825,28,0,5 41,2,5,,97728,36,0,5 41,2,7,,97758,28,0,5 41,2,2,,97800,36,0,5 41,2,9,,97816,36,0,5 41,2,6,,97766,36,0,5 41,2,46,,97851,36,0,5 41,2,6,,97749,36,0,5 41,2,6,,97747,36,0,5 41,2,6,,97739,36,0,5 41,2,6,,97726,36,0,5 41,2,6,,97740,36,0,5 41,2,6,,97855,36,0,5 41,2,6,,97771,36,0,5 41,2,6,,97722,36,0,5 41,2,6,,97757,36,0,5 41,2,46,,97727,36,0,5 41,2,6,,97824,36,0,5 41,2,6,,97723,36,0,5 41,2,6,,97837,36,0,5 41,2,6,,97732,36,0,5 41,2,6,,97795,36,0,5 41,2,6,,97697,36,0,5 41,2,6,,97707,36,0,5 41,2,6,,97712,36,0,5 41,2,6,,97847,36,0,5 41,2,46,,97796,36,0,5 41,2,6,,97753,36,0,5 41,2,6,,97812,36,0,5 41,2,6,,97774,36,0,5 41,2,7,,97797,28,0,5 41,2,1,,97815,36,0,5 41,2,6,,97770,36,0,5 41,2,8,,97805,36,0,5 41,2,5,,97798,28,0,5 41,2,3,,97701,36,0,5 41,2,6,,76246,36,0,5 41,2,46,,97842,36,0,5 41,2,6,,97700,36,0,5 41,2,6,,97769,36,0,5 41,2,6,,97820,36,0,5 41,2,6,,97754,36,0,5 41,2,6,,90543,36,0,5 41,2,6,,97716,36,0,5 41,2,6,,97832,36,0,5 41,2,6,,97725,36,0,5 41,2,6,,97787,36,0,5 41,2,46,,97748,36,0,5 41,2,6,,97734,36,0,5 41,2,6,,97721,36,0,5 41,2,6,,97720,36,0,5 41,2,6,,97791,36,0,5 41,2,6,,97751,36,0,5 41,2,6,,97817,36,0,5 41,2,6,,97858,36,0,5 41,2,6,,97756,36,0,5 41,2,6,,97737,36,0,5 41,2,46,,97750,36,0,5 41,2,6,,97823,36,0,5 41,2,6,,97741,36,0,5 41,2,6,,85354,36,0,5 41,2,6,,97814,36,0,5 41,2,6,,97859,36,0,5 41,2,6,,97813,36,0,5 41,2,6,,97822,36,0,5 41,2,6,,97742,36,0,5 41,2,6,,97779,36,0,5 41,2,46,,97849,36,0,5 41,2,6,,97714,36,0,5 41,2,6,,97706,36,0,5 41,2,6,,97755,36,0,5 41,2,6,,97848,36,0,5 41,2,6,,97835,36,0,5 41,2,6,,97767,36,0,5 41,2,6,,97724,36,0,5 41,2,6,,97761,36,0,5 41,2,6,,97861,36,0,5 41,2,46,,97853,36,0,5 41,2,6,,97765,36,0,5 41,2,6,,97846,36,0,5 41,2,6,,97785,36,0,5 41,2,6,,97781,36,0,5 41,2,6,,97772,36,0,5 41,2,6,,97792,36,0,5 41,2,6,,97844,36,0,5 41,2,6,,97831,36,0,5 41,2,6,,97703,36,0,5 41,2,46,,97711,36,0,5 41,2,6,,97810,36,0,5 41,2,6,,97778,36,0,5 41,2,6,,97819,36,0,5 41,2,6,,97808,36,0,5 41,2,6,,97702,36,0,5 41,2,6,,78337,36,0,5 41,2,6,,97719,36,0,5 41,2,6,,97760,36,0,5 41,2,6,,97863,36,0,5 41,2,46,,97762,36,0,5 41,2,6,,97698,36,0,5 41,2,6,,97806,36,0,5 41,2,6,,97803,36,0,5 41,2,6,,97843,36,0,5 41,2,6,,97789,36,0,5 41,2,6,,97807,36,0,5 41,2,6,,97826,36,0,5 41,2,3,,97845,36,0,5 41,2,6,,97735,36,0,5 41,2,49,,97729,36,0,5 41,2,10,,97857,36,0,5 41,2,10,,97746,36,0,5 41,2,10,,97743,36,0,5 41,2,10,,97709,36,0,5 41,2,10,,97710,36,0,5 41,2,50,,97768,36,0,5 41,2,10,,97731,36,0,5 41,2,10,,97788,36,0,5 41,2,10,,97840,36,0,5 41,2,10,,97834,36,0,5 41,2,10,,97704,36,0,5 41,2,50,,97763,36,0,5 41,2,10,,97786,36,0,5 41,2,10,,97773,36,0,5 41,2,10,,97730,36,0,5 41,2,10,,97782,36,0,5 41,2,10,,97811,36,0,5 41,2,50,,97744,36,0,5 41,2,10,,97777,36,0,5 41,2,10,,97794,36,0,5 41,2,10,,97833,36,0,5 41,2,10,,97705,36,0,5 41,2,10,,97713,36,0,5 41,2,50,,97717,36,0,5 41,2,10,,97780,36,0,5 41,2,10,,97828,36,0,5 41,2,10,,97799,36,0,5 41,2,10,,97839,36,0,5 41,2,10,,97775,36,0,5 41,2,50,,97801,36,0,5 41,2,10,,97836,36,0,5 41,2,13,,97745,36,0,5 41,2,12,,97830,36,0,5 41,2
50602,'1',453,,98933,47,0,9 40,2,50,,76874,47,0,9 40,2,10,,98881,47,0,9 40,2,9,,99052,47,0,9 40,2,10,,90641,47,0,9 40,2,7,,98869,58,0,9 40,2,14,,98967,58,0,9 40,2,50,,98874,58,0,9 40,2,10,,98983,58,0,9 40,2,10,,99053,58,0,9 40,2,10,,98999,58,0,9 40,2,10,,98978,58,0,9 40,2,10,,99036,58,0,9 40,2,50,,98939,58,0,9 40,2,10,,99048,58,0,9 40,2,10,,99037,58,0,9 40,2,14,,98998,58,0,9 40,2,7,,98897,47,0,9 40,2,7,,98982,57,0,9 40,2,53,,99051,57,0,9 40,2,10,,98945,57,0,9 40,2,10,,99015,57,0,9 40,2,10,,98871,57,0,9 40,2,10,,82032,57,0,9 40,2,10,,99079,57,0,9 40,2,50,,99029,57,0,9 40,2,10,,99087,57,0,9 40,2,10,,98930,57,0,9 40,2,10,,98915,57,0,9 40,2,10,,98906,57,0,9 40,2,10,,99099,57,0,9 40,2,50,,98859,57,0,9 40,2,10,,98936,57,0,9 40,2,10,,98935,57,0,9 40,2,10,,98868,57,0,9 40,2,10,,98948,57,0,9 40,2,12,,99050,57,0,9 40,2,50,,98857,57,0,9 40,2,10,,98953,57,0,9 40,2,10,,99021,57,0,9 40,2,10,,99089,57,0,9 40,2,10,,98963,57,0,9 40,2,10,,99018,57,0,9 40,2,50,,99066,57,0,9 40,2,10,,99016,57,0,9 40,2,10,,99085,57,0,9 40,2,10,,98903,57,0,9 40,2,10,,99024,57,0,9 40,2,10,,98895,57,0,9 40,2,50,,98905,57,0,9 40,2,10,,98988,57,0,9 40,2,10,,99022,57,0,9 40,2,10,,98979,57,0,9 40,2,10,,99083,57,0,9 40,2,10,,98964,57,0,9 40,2,50,,98889,57,0,9 40,2,10,,98917,57,0,9 40,2,10,,99000,57,0,9 40,2,10,,99039,57,0,9 40,2,10,,98932,57,0,9 40,2,10,,99057,57,0,9 40,2,50,,98882,57,0,9 40,2,10,,98954,57,0,9 40,2,10,,98981,57,0,9 40,2,10,,98920,57,0,9 40,2,13,,98894,57,0,9 40,2,8,,98899,47,0,9 40,2,46,,99042,57,0,9 40,2,14,,98924,57,0,9 40,2,10,,99069,57,0,9 40,2,10,,98914,57,0,9 40,2,10,,99006,57,0,9 40,2,10,,98994,57,0,9 40,2,50,,99017,57,0,9 40,2,10,,99007,57,0,9 40,2,10,,99003,57,0,9 40,2,10,,98916,57,0,9 40,2,10,,99019,57,0,9 40,2,10,,98873,57,0,9 40,2,50,,99011,57,0,9 40,2,10,,99093,57,0,9 40,2,10,,98974,57,0,9 40,2,10,,98940,57,0,9 40,2,10,,99103,57,0,9 40,2,10,,98952,57,0,9 40,2,50,,98911,57,0,9 40,2,10,,99041,57,0,9 40,2,10,,99023,57,0,9 40,2,10,,99013,57,0,9 40,2,10,,98865,57,0,9 40,2,10,,99086,57,0,9 40,2,50,,98966,57,0,9 40,2,10,,98927,57,0,9 40,2,10,,98910,57,0,9 40,2,10,,98886,57,0,9 40,2,6,,99046,57,0,9 40,2,5,,98958,57,0,9 40,2,5,,98861,57,0,9 40,2,48,,99060,57,0,9 40,2,10,,98995,57,0,9 40,2,10,,99088,57,0,9 40,2,10,,99073,57,0,9 40,2,10,,98909,57,0,9 40,2,10,,99074,57,0,9 40,2,50,,98896,57,0,9 40,2,10,,98855,57,0,9 40,2,10,,99068,57,0,9 40,2,10,,99065,57,0,9 40,2,10,,99094,57,0,9 40,2,10,,98934,57,0,9 40,2,50,,98898,57,0,9 40,2,8,,99008,57,0,9 40,2,8,,98852,57,0,9 40,2,8,,98880,57,0,9 40,2,10,,99004,57,0,9 40,2,10,,99063,57,0,9 40,2,10,,98986,57,0,9 40,2,50,,98992,57,0,9 40,2,10,,98962,57,0,9 40,2,10,,89196,57,0,9 40,2,10,,98959,57,0,9 40,2,10,,98961,57,0,9 40,2,10,,99043,57,0,9 40,2,50,,99056,57,0,9 40,2,10,,99026,57,0,9 40,2,10,,99002,57,0,9 40,2,10,,98928,57,0,9 40,2,10,,98957,57,0,9 40,2,10,,98888,57,0,9 40,2,51,,98856,57,0,9 40,2,5,,98879,57,0,9 40,2
50602,'2',544,,99293,47,0,9 40,2,10,,99294,47,0,9 40,2,3,,99331,58,0,9 40,2,50,,99183,58,0,9 40,2,10,,99138,58,0,9 40,2,10,,99344,58,0,9 40,2,10,,99184,58,0,9 40,2,10,,80889,57,0,9 40,2,10,,99215,57,0,9 40,2,50,,99312,57,0,9 40,2,10,,99192,57,0,9 40,2,10,,99243,57,0,9 40,2,10,,99245,57,0,9 40,2,10,,99257,57,0,9 40,2,10,,99174,57,0,9 40,2,50,,99277,57,0,9 40,2,10,,99150,57,0,9 40,2,12,,99126,57,0,9 40,2,13,,80027,47,0,9 40,2,13,,99169,57,0,9 40,2,52,,99159,57,0,9 40,2,14,,99281,57,0,9 40,2,10,,99200,47,0,9 40,2,3,,99321,57,0,9 40,2,10,,99201,57,0,9 40,2,10,,99244,57,0,9 40,2,50,,99323,57,0,9 40,2,10,,99287,57,0,9 40,2,10,,99207,57,0,9 40,2,10,,99286,57,0,9 40,2,10,,99335,57,0,9 40,2,10,,99316,57,0,9 40,2,50,,99209,57,0,9 40,2,10,,99149,57,0,9 40,2,10,,99164,57,0,9 40,2,10,,99329,57,0,9 40,2,10,,99154,57,0,9 40,2,10,,99300,57,0,9 40,2,50,,99115,57,0,9 40,2,13,,99251,57,0,9 40,2,5,,99320,47,0,9 40,2,9,,99111,57,0,9 40,2,13,,86641,57,0,9 40,2,10,,99224,57,0,9 40,2,50,,99352,57,0,9 40,2,10,,99193,57,0,9 40,2,10,,99237,57,0,9 40,2,10,,88474,57,0,9 40,2,10,,99176,57,0,9 40,2,10,,99233,57,0,9 40,2,50,,99173,57,0,9 40,2,10,,99162,57,0,9 40,2,10,,99113,57,0,9 40,2,10,,99180,57,0,9 40,2,10,,80849,57,0,9 40,2,10,,99203,57,0,9 40,2,50,,99255,57,0,9 40,2,10,,99265,57,0,9 40,2,10,,81616,57,0,9 40,2,10,,99236,57,0,9 40,2,10,,99289,57,0,9 40,2,10,,99308,57,0,9 40,2,50,,99309,57,0,9 40,2,10,,99223,57,0,9 40,2,10,,99195,57,0,9 40,2,10,,99276,57,0,9 40,2,10,,99315,57,0,9 40,2,10,,99280,57,0,9 40,2,50,,99179,57,0,9 40,2,10,,99109,57,0,9 40,2,10,,99127,57,0,9 40,2,10,,99278,57,0,9 40,2,10,,99208,57,0,9 40,2,10,,83274,57,0,9 40,2,50,,99202,57,0,9 40,2,10,,99248,57,0,9 40,2,10,,99356,57,0,9 40,2,10,,99220,57,0,9 40,2,10,,99217,57,0,9 40,2,10,,99298,57,0,9 40,2,50,,99254,57,0,9 40,2,10,,99338,57,0,9 40,2,10,,99204,57,0,9 40,2,10,,99328,57,0,9 40,2,10,,99124,57,0,9 40,2,10,,99120,57,0,9 40,2,51,,99139,57,0,9 40,2,8,,99256,57,0,9 40,2,6,,85725,57,0,9 40,2,9,,99266,57,0,9 40,2,10,,99130,57,0,9 40,2,10,,99175,57,0,9 40,2,10,,99205,57,0,9 40,2,50,,99340,57,0,9 40,2,10,,99350,57,0,9 40,2,10,,99218,57,0,9 40,2,10,,99226,57,0,9 40,2,10,,99123,57,0,9 40,2,10,,99274,57,0,9 40,2,50,,99188,57,0,9 40,2,10,,90764,57,0,9 40,2,11,,99262,57,0,9 40,2,8,,99269,57,0,9 40,2,8,,99339,57,0,9 40,2,10,,99291,57,0,9 40,2,50,,99327,57,0,9 40,2,10,,99324,57,0,9 40,2,10,,99313,57,0,9 40,2,10,,99186,57,0,9 40,2,10,,99348,57,0,9 40,2,10,,99199,57,0,9 40,2,50,,99116,57,0,9 40,2,10,,99234,57,0,9 40,2,10,,99311,57,0,9 40,2,10,,99167,57,0,9 40,2,10,,99261,57,0,9 40,2,10,,99211,57,0,9 40,2,50,,99285,57,0,9 40,2,10,,99147,57,0,9 40,2,10,,99158,57,0,9 40,2,10,,99268,57,0,9 40,2,10,,99221,57,0,9 40,2,10,,99105,57,0,9 40,2,52,,99151,57,0,9 40,2,4,,99351,57,0,9 40,2
50602,'3',859,,99476,47,0,9 40,2,46,,99464,57,0,9 40,2,6,,99443,57,0,9 40,2,10,,99534,57,0,9 40,2,10,,99520,57,0,9 40,2,10,,99521,57,0,9 40,2,10,,99395,57,0,9 40,2,50,,99548,57,0,9 40,2,10,,99397,57,0,9 40,2,10,,99373,57,0,9 40,2,10,,99381,57,0,9 40,2,10,,99429,57,0,9 40,2,10,,99377,57,0,9 40,2,50,,99479,57,0,9 40,2,10,,99434,57,0,9 40,2,10,,99426,57,0,9 40,2,10,,99468,57,0,9 40,2,10,,99406,57,0,9 40,2,10,,99452,57,0,9 40,2,50,,99466,57,0,9 40,2,10,,99505,57,0,9 40,2,10,,99543,57,0,9 40,2,10,,99390,57,0,9 40,2,10,,99493,57,0,9 40,2,10,,99535,57,0,9 40,2,53,,99364,57,0,9 40,2,7,,99425,57,0,9 40,2,12,,99428,57,0,9 40,2,10,,99378,57,0,9 40,2,10,,99417,57,0,9 40,2,10,,99531,57,0,9 40,2,50,,99430,57,0,9 40,2,10,,99460,57,0,9 40,2,10,,99551,57,0,9 40,2,10,,99414,57,0,9 40,2,10,,99482,57,0,9 40,2,10,,99523,57,0,9 40,2,50,,99542,57,0,9 40,2,10,,99457,57,0,9 40,2,10,,99517,57,0,9 40,2,10,,99401,57,0,9 40,2,10,,99376,57,0,9 40,2,10,,99408,57,0,9 40,2,50,,75470,57,0,9 40,2,10,,99564,57,0,9 40,2,10,,99456,57,0,9 40,2,10,,99367,57,0,9 40,2,10,,99562,57,0,9 40,2,10,,99515,57,0,9 40,2,50,,99527,57,0,9 40,2,10,,75940,57,0,9 40,2,10,,99549,57,0,9 40,2,10,,99559,57,0,9 40,2,10,,99424,57,0,9 40,2,10,,99497,57,0,9 40,2,50,,99488,57,0,9 40,2,10,,99374,57,0,9 40,2,10,,99509,57,0,9 40,2,10,,99436,57,0,9 40,2,10,,99519,57,0,9 40,2,10,,99446,57,0,9 40,2,50,,99416,57,0,9 40,2,10,,99502,57,0,9 40,2,10,,99409,57,0,9 40,2,10,,99412,57,0,9 40,2,8,,99565,57,0,9 40,2,7,,99415,57,0,9 40,2,10,,99487,57,0,9 40,2,47,,99538,57,0,9 40,2,7,,99552,57,0,9 40,2,10,,99361,57,0,9 40,2,10,,99495,57,0,9 40,2,10,,99541,57,0,9 40,2,10,,99420,57,0,9 40,2,50,,99362,57,0,9 40,2,10,,99561,57,0,9 40,2,10,,99450,57,0,9 40,2,10,,99455,57,0,9 40,2,10,,99506,57,0,9 40,2,8,,99366,57,0,9 40,2,8,,99384,57,0,9 40,2,50,,99462,57,0,9 40,2,7,,99360,57,0,9 40,2,10,,99544,57,0,9 40,2,10,,99440,57,0,9 40,2,10,,99481,57,0,9 40,2,10,,99391,57,0,9 40,2,50,,99454,57,0,9 40,2,10,,99518,57,0,9 40,2,10,,99447,57,0,9 40,2,10,,99529,57,0,9 40,2,10,,99474,57,0,9 40,2,10,,99503,57,0,9 40,2,50,,99473,57,0,9 40,2,10,,99526,57,0,9 40,2,10,,99389,57,0,9 40,2,10,,99491,57,0,9 40,2,10,,99386,57,0,9 40,2,10,,99392,57,0,9 40,2,50,,99557,57,0,9 40,2,10,,99439,57,0,9 40,2,10,,99528,57,0,9 40,2,10,,99435,57,0,9 40,2,10,,99567,57,0,9 40,2,10,,99413,57,0,9 40,2,46,,99511,57,0,9 40,2
50602,'5',519,,99659,47,0,9 40,2,10,,99596,47,0,9 40,2,10,,99569,47,0,9 40,2,10,,99597,47,0,9 40,2,10,,99586,47,0,9 40,2,45,,99765,58,0,9 40,2,10,,99622,58,0,9 40,2,10,,99670,58,0,9 40,2,10,,99615,58,0,9 40,2,10,,99756,58,0,9 40,2,10,,99689,58,0,9 40,2,50,,99657,58,0,9 40,2,10,,99671,58,0,9 40,2,10,,99786,58,0,9 40,2,10,,99797,58,0,9 40,2,10,,99748,58,0,9 40,2,10,,99687,58,0,9 40,2,50,,99706,58,0,9 40,2,10,,99667,58,0,9 40,2,10,,99693,58,0,9 40,2,10,,99771,58,0,9 40,2,10,,99593,58,0,9 40,2,15,,99701,47,0,9 40,2,46,,99779,57,0,9 40,2,6,,83672,57,0,9 40,2,10,,99736,57,0,9 40,2,10,,99677,57,0,9 40,2,10,,99755,57,0,9 40,2,10,,99780,57,0,9 40,2,50,,99678,57,0,9 40,2,10,,99710,57,0,9 40,2,10,,99776,57,0,9 40,2,10,,99625,57,0,9 40,2,10,,99621,57,0,9 40,2,10,,99577,57,0,9 40,2,50,,99639,57,0,9 40,2,10,,99704,57,0,9 40,2,10,,99632,57,0,9 40,2,10,,99708,57,0,9 40,2,10,,99660,57,0,9 40,2,10,,99599,57,0,9 40,2,50,,99762,57,0,9 40,2,10,,99767,57,0,9 40,2,10,,99620,57,0,9 40,2,10,,99581,57,0,9 40,2,10,,99749,57,0,9 40,2,10,,99610,57,0,9 40,2,53,,99663,57,0,9 40,2,7,,99691,57,0,9 40,2,12,,99800,57,0,9 40,2,10,,99647,57,0,9 40,2,10,,99731,57,0,9 40,2,10,,99732,57,0,9 40,2,50,,99764,57,0,9 40,2,10,,83634,57,0,9 40,2,10,,99718,57,0,9 40,2,10,,99645,57,0,9 40,2,10,,99720,57,0,9 40,2,10,,99655,57,0,9 40,2,50,,99665,57,0,9 40,2,10,,99609,57,0,9 40,2,10,,99759,57,0,9 40,2,10,,99629,57,0,9 40,2,10,,99801,57,0,9 40,2,10,,99725,57,0,9 40,2,50,,99769,57,0,9 40,2,10,,99734,57,0,9 40,2,10,,99680,57,0,9 40,2,10,,99590,57,0,9 40,2,10,,99810,57,0,9 40,2,10,,99696,57,0,9 40,2,50,,99630,57,0,9 40,2,10,,99789,57,0,9 40,2,10,,99633,57,0,9 40,2,10,,99719,57,0,9 40,2,10,,99578,57,0,9 40,2,10,,99617,57,0,9 40,2,50,,99757,57,0,9 40,2,10,,99744,57,0,9 40,2,10,,99751,57,0,9 40,2,10,,99604,57,0,9 40,2,10,,99787,57,0,9 40,2,10,,99642,57,0,9 40,2,50,,99591,57,0,9 40,2,10,,99729,57,0,9 40,2,10,,99641,57,0,9 40,2,10,,99600,57,0,9 40,2,8,,99723,57,0,9 40,2,7,,99730,57,0,9 40,2,10,,99703,57,0,9 40,2,47,,99799,57,0,9 40,2,7,,99746,57,0,9 40,2,10,,99576,57,0,9 40,2,10,,85375,57,0,9 40,2,10,,99714,57,0,9 40,2,10,,99612,57,0,9 40,2,50,,99574,57,0,9 40,2,10,,99809,57,0,9 40,2,10,,99618,57,0,9 40,2,10,,99658,57,0,9 40,2,10,,99571,57,0,9 40,2,8,,99676,57,0,9 40,2,8,,76722,57,0,9 40,2,50,,99583,57,0,9 40,2,7,,99656,57,0,9 40,2,10,,99804,57,0,9 40,2,10,,99774,57,0,9 40,2,10,,99673,57,0,9 40,2,10,,99606,57,0,9 40,2,50,,99698,57,0,9 40,2,10,,99712,57,0,9 40,2,10,,99752,57,0,9 40,2,10,,99747,57,0,9 40,2,10,,99772,57,0,9 40,2,10,,99775,57,0,9 40,2,50,,99694,57,0,9 40,2,10,,99682,57,0,9 40,2,10,,99640,57,0,9 40,2,10,,76720,57,0,9 40,2,10,,99648,57,0,9 40,2,10,,99646,57,0,9 40,2,50,,99716,57,0,9 40,2,10,,99715,57,0,9 40,2,10,,99650,57,0,9 40,2,10,,99572,57,0,9 40,2,10,,99777,57,0,9 40,2,10,,99742,57,0,9 40,2,46,,99794,57,0,9 40,2
