30401,'3',604,,91526,40,4,,2,14,,91524,40,4,,2,14,,91552,40,4,,2,14,,91548,40,4,,2,54,,91511,40,4,,2,14,,91539,40,4,,2,14,,91549,40,4,,2,14,,91540,40,4,,2,14,,91541,40,4,,2,54,,91542,40,4,,2,14,,91543,40,4,,2,14,,91517,40,4,,2,14,,91551,40,4,,2
30402,'3',519,,91646,5,4,,2,2,,91668,1,0,5 6 7,2,18,,91667,5,4,,2,1,,91626,1,0,5 6 7,2,12,,91656,5,4,,2,2,,91618,1,0,5 6 7,2,54,,91649,1,0,5 6 7,2,14,,91640,1,0,5 6 7,2,14,,91631,1,0,5 6 7,2,14,,91661,1,0,5 6 7,2,54,,91651,1,0,5 6 7,2,14,,91644,1,0,5 6 7,2
50401,'1',557,,94661,40,4,,2,55,,94712,40,4,,2,10,,94736,40,4,,2,10,,94628,40,4,,2,10,,94751,38,4,,2,10,,94508,38,4,,2,50,,94502,38,4,,2,10,,94577,38,4,,2,10,,94553,38,4,,2,10,,94597,38,4,,2,11,,78412,38,4,,2,13,,94721,38,4,,2,52,,94640,38,4,,2,10,,94499,38,4,,2,10,,87307,38,4,,2,9,,94532,38,4,,2,8,,94592,38,4,,2,8,,94586,38,4,,2,48,,94627,38,4,,2,8,,94629,38,4,,2,8,,94606,38,4,,2,8,,94747,38,4,,2,8,,94535,38,4,,2,8,,94660,38,4,,2,8,,94550,38,4,,2,8,,94710,38,4,,2,1,,94764,1,,,2,47,,94558,38,4,,2,8,,94534,38,4,,2,6,,94667,38,4,,2,8,,94608,38,4,,2,1,,94748,1,,,2,3,,94636,38,4,,2,12,,94700,38,4,,2,10,,94591,38,4,,2,50,,94719,38,4,,2,10,,94665,38,4,,2,10,,94602,38,4,,2,10,,94701,38,4,,2,10,,94498,38,4,,2,10,,94757,38,4,,2,50,,94644,38,4,,2,10,,94574,38,4,,2,10,,94771,38,4,,2,10,,94527,38,4,,2,10,,94618,38,4,,2,10,,94573,38,4,,2,50,,94715,38,4,,2,10,,94663,38,4,,2,10,,94753,38,4,,2,10,,94588,38,4,,2,10,,94578,38,4,,2,10,,94500,38,4,,2,50,,94725,38,4,,2,10,,94767,38,4,,2,10,,80798,38,4,,2,10,,82972,38,4,,2,10,,94523,38,4,,2,10,,94505,38,4,,2,50,,94714,38,4,,2,15,,94517,38,4,,2,11,,94761,38,4,,2,8,,94559,38,4,,2,10,,94603,38,4,,2,10,,94610,38,4,,2,50,,94726,38,4,,2,10,,94645,38,4,,2,10,,94690,38,4,,2,11,,94538,38,4,,2,9,,94728,38,4,,2,10,,94524,38,4,,2,50,,94513,38,4,,2,10,,94503,38,4,,2,10,,94708,38,4,,2,10,,94579,38,4,,2,10,,94609,38,4,,2,10,,94713,38,4,,2,50,,94560,38,4,,2,10,,94695,38,4,,2,10,,94599,38,4,,2,10,,94671,38,4,,2,10,,94605,38,4,,2,10,,94525,38,4,,2,50,,94600,38,4,,2,10,,94683,38,4,,2,10,,94718,38,4,,2,10,,94699,38,4,,2,10,,94515,38,4,,2,10,,94650,38,4,,2,48,,90651,38,4,,2,1,,94514,1,,,2,5,,94679,38,4,,2,10,,94611,38,4,,2,9,,94674,38,4,,2,10,,94552,38,4,,2,10,,94551,38,4,,2,51,,94521,38,4,,2,10,,94545,38,4,,2,10,,94647,38,4,,2,10,,94572,38,4,,2,10,,94737,38,4,,2,10,,94580,38,4,,2,50,,94582,38,4,,2,10,,94595,38,4,,2,10,,94648,38,4,,2,10,,94744,38,4,,2,10,,94672,38,4,,2,9,,94664,38,4,,2,50,,94564,38,4,,2,10,,94643,38,4,,2,10,,94696,38,4,,2,10,,94575,38,4,,2,10,,94546,38,4,,2,10,,94743,38,4,,2,50,,94731,38,4,,2,10,,94554,38,4,,2,10,,94584,38,4,,2,10,,94755,38,4,,2,10,,94522,38,4,,2,10,,94675,38,4,,2,50,,94657,38,4,,2,10,,94666,38,4,,2,10,,94622,38,4,,2,10,,94569,38,4,,2,10,,94581,38,4,,2,7,,94717,1,,,2,10,,94677,38,4,,2,50,,94528,1,,,2,10,,94563,1,,,2,10,,94615,1,,,2,10,,94758,1,,,2,10,,94616,1,,,2,10,,94698,1,,,2
50401,'2',539,,94895,40,4,,2,20,,94877,40,4,,2,55,,94852,40,4,,2,15,,94803,40,4,,2,10,,78102,40,4,,2,10,,94962,38,4,,2,10,,94956,38,4,,2,50,,94931,38,4,,2,10,,94845,38,4,,2,10,,94965,38,4,,2,10,,95012,38,4,,2,10,,94948,38,4,,2,10,,94828,38,4,,2,50,,94851,38,4,,2,10,,94919,38,4,,2,12,,94878,38,4,,2,14,,94862,38,4,,2,13,,94882,38,4,,2,50,,94913,38,4,,2,10,,94976,38,4,,2,10,,94958,38,4,,2,10,,94941,38,4,,2,10,,94836,38,4,,2,10,,94783,38,4,,2,50,,95016,38,4,,2,10,,94775,38,4,,2,10,,94930,38,4,,2,10,,88526,38,4,,2,10,,94890,38,4,,2,10,,94829,38,4,,2,50,,94871,38,4,,2,10,,94796,38,4,,2,10,,94791,38,4,,2,10,,95003,38,4,,2,10,,94950,38,4,,2,10,,94859,38,4,,2,50,,94960,38,4,,2,10,,94926,38,4,,2,10,,94938,38,4,,2,10,,94831,38,4,,2,10,,94772,38,4,,2,10,,94834,38,4,,2,58,,94970,38,4,,2,12,,94916,38,4,,2,10,,94789,38,4,,2,10,,94802,38,4,,2,10,,94812,38,4,,2,50,,94966,38,4,,2,10,,94819,38,4,,2,10,,94840,38,4,,2,10,,94982,38,4,,2,10,,94844,38,4,,2,10,,94992,38,4,,2,50,,94781,38,4,,2,10,,94799,38,4,,2,10,,94910,38,4,,2,10,,94894,38,4,,2,10,,95017,38,4,,2,10,,94793,38,4,,2,50,,94817,38,4,,2,10,,94816,38,4,,2,10,,94928,38,4,,2,10,,94774,38,4,,2,10,,94901,38,4,,2,10,,94980,38,4,,2,50,,94858,38,4,,2,10,,94822,38,4,,2,10,,94782,38,4,,2,10,,94987,38,4,,2,10,,94940,38,4,,2,10,,94773,38,4,,2,50,,94808,38,4,,2,10,,94997,38,4,,2,10,,95022,38,4,,2,10,,94935,38,4,,2,10,,94879,38,4,,2,10,,94865,38,4,,2,50,,94827,38,4,,2,8,,95010,38,4,,2,4,,95032,38,4,,2,2,,94995,1,,,2,7,,94805,38,4,,2,10,,82680,38,4,,2,10,,94972,38,4,,2,10,,94978,38,4,,2,50,,94778,38,4,,2,10,,94790,38,4,,2,10,,94832,38,4,,2,9,,94927,38,4,,2,10,,94929,38,4,,2,10,,94959,38,4,,2,50,,94777,38,4,,2,10,,95018,38,4,,2,10,,94849,38,4,,2,10,,94854,38,4,,2,10,,94842,38,4,,2,10,,94892,38,4,,2,50,,94875,38,4,,2,10,,94925,38,4,,2,10,,94932,38,4,,2,10,,94964,38,4,,2,13,,88523,38,4,,2,51,,94943,38,4,,2,11,,94807,38,4,,2,10,,94806,38,4,,2,10,,95015,38,4,,2,10,,94920,38,4,,2,10,,94896,38,4,,2,50,,94861,38,4,,2,10,,94924,38,4,,2,10,,94983,38,4,,2,10,,94804,38,4,,2,10,,95020,38,4,,2,10,,94939,38,4,,2,50,,94874,38,4,,2,10,,94917,38,4,,2,10,,94946,38,4,,2,10,,94833,38,4,,2,10,,95024,38,4,,2,10,,94801,38,4,,2,49,,94911,38,4,,2,10,,94841,1,,,2,10,,94864,1,,,2,10,,94797,1,,,2,10,,94915,1,,,2,10,,94953,1,,,2,51,,95014,38,4,,2,2,,94838,1,,,2
50401,'3',906,,95237,38,4,,2,14,,95049,38,4,,2,16,,95119,38,4,,2,16,,95189,38,4,,2,50,,95090,38,4,,2,11,,95195,38,4,,2,9,,95171,38,4,,2,10,,95135,38,4,,2,10,,95200,38,4,,2,10,,95161,38,4,,2,50,,95210,38,4,,2,10,,95190,38,4,,2,10,,95043,38,4,,2,10,,95053,38,4,,2,10,,95097,38,4,,2,10,,95213,38,4,,2,50,,95234,38,4,,2,10,,95252,38,4,,2,10,,95233,38,4,,2,20,,95117,38,4,,2,10,,95073,38,4,,2,50,,95062,38,4,,2,10,,95206,38,4,,2,10,,95060,38,4,,2,10,,95080,38,4,,2,10,,95108,38,4,,2,10,,95094,38,4,,2,50,,95066,38,4,,2,10,,95223,38,4,,2,10,,95140,38,4,,2,10,,95167,38,4,,2,10,,95038,38,4,,2,10,,95048,38,4,,2,50,,95232,38,4,,2,10,,95100,38,4,,2,10,,95184,38,4,,2,10,,95105,38,4,,2,10,,95078,38,4,,2,10,,95186,38,4,,2,50,,95227,38,4,,2,10,,95095,38,4,,2,10,,95155,38,4,,2,10,,95238,38,4,,2,10,,95192,38,4,,2,10,,95180,38,4,,2,50,,95125,38,4,,2,10,,95103,38,4,,2,10,,95175,38,4,,2,10,,95085,38,4,,2,10,,95092,38,4,,2,10,,95248,38,4,,2,50,,95111,38,4,,2,10,,95181,38,4,,2,10,,95201,38,4,,2,10,,95036,38,4,,2,10,,95065,38,4,,2,10,,95046,38,4,,2,50,,95235,38,4,,2,10,,95086,38,4,,2,7,,95177,1,,,2,9,,95070,38,4,,2,10,,95081,38,4,,2,10,,95148,38,4,,2,7,,95120,38,4,,2,50,,95193,38,4,,2,10,,95072,38,4,,2,10,,95084,38,4,,2,10,,95228,38,4,,2,10,,95068,38,4,,2,10,,95168,38,4,,2,50,,95067,38,4,,2,10,,95188,38,4,,2,10,,95123,38,4,,2,10,,95128,38,4,,2,10,,95152,38,4,,2,10,,95198,38,4,,2,50,,95204,38,4,,2,10,,95222,38,4,,2,10,,87828,38,4,,2,12,,95178,38,4,,2,9,,95124,38,4,,2,10,,95050,38,4,,2,50,,95130,38,4,,2,10,,95074,38,4,,2,10,,95110,38,4,,2,10,,95138,38,4,,2,10,,95107,38,4,,2,10,,95211,38,4,,2,50,,95185,38,4,,2,10,,95207,38,4,,2,10,,95087,38,4,,2,10,,95115,38,4,,2,10,,95079,38,4,,2,10,,95121,38,4,,2,50,,95104,38,4,,2,10,,95069,38,4,,2,10,,95216,38,4,,2,10,,95129,38,4,,2,10,,95054,38,4,,2,10,,95061,38,4,,2,50,,95034,38,4,,2,10,,95064,38,4,,2,10,,95249,38,4,,2,2,,95174,1,,,2,13,,95044,38,4,,2,9,,95170,1,,,2,6,,95037,38,4,,2,44,,95134,1,,,2
50401,'5',604,,95407,40,4,,2,14,,95303,40,4,,2,14,,95373,40,4,,2,14,,95313,38,4,,2,54,,95284,38,4,,2,14,,95488,38,4,,2,14,,95499,38,4,,2,14,,95368,38,4,,2,14,,95282,38,4,,2,54,,95405,38,4,,2,14,,95438,38,4,,2,14,,95395,38,4,,2,14,,95369,38,4,,2,54,,95334,38,4,,2,14,,95276,38,4,,2,16,,95317,38,4,,2,16,,95470,38,4,,2,50,,95269,38,4,,2,11,,95298,38,4,,2,9,,95487,38,4,,2,10,,95424,38,4,,2,10,,95326,38,4,,2,10,,95479,38,4,,2,50,,95352,38,4,,2,10,,95504,38,4,,2,10,,95342,38,4,,2,10,,95283,38,4,,2,10,,95361,38,4,,2,10,,95376,38,4,,2,50,,95390,38,4,,2,10,,95473,38,4,,2,10,,95410,38,4,,2,13,,95323,38,4,,2,17,,95293,38,4,,2,50,,95497,38,4,,2,10,,95378,38,4,,2,10,,95480,38,4,,2,10,,95491,38,4,,2,10,,95290,38,4,,2,10,,95452,38,4,,2,50,,95494,38,4,,2,10,,95268,38,4,,2,10,,95339,38,4,,2,10,,95358,38,4,,2,10,,95259,38,4,,2,10,,95427,38,4,,2,50,,95367,38,4,,2,10,,95426,38,4,,2,10,,95461,38,4,,2,10,,95261,38,4,,2,10,,95330,38,4,,2,10,,95398,38,4,,2,50,,95477,38,4,,2,10,,95384,38,4,,2,10,,95297,38,4,,2,10,,95414,38,4,,2,10,,95459,38,4,,2,10,,95264,38,4,,2,50,,95462,38,4,,2,10,,95253,38,4,,2,10,,95489,38,4,,2,10,,95484,38,4,,2,10,,95372,38,4,,2,10,,95292,38,4,,2,50,,95302,38,4,,2,10,,95418,38,4,,2,10,,95285,38,4,,2,10,,95257,38,4,,2,10,,95311,38,4,,2,10,,95442,38,4,,2,50,,95402,38,4,,2,10,,95262,38,4,,2,7,,95258,1,,,2,8,,95381,38,4,,2,8,,95394,38,4,,2,10,,95325,38,4,,2,10,,95287,38,4,,2,50,,95411,38,4,,2,10,,95486,38,4,,2,10,,95496,38,4,,2,10,,95320,38,4,,2,10,,95305,38,4,,2,10,,95275,38,4,,2,50,,95312,38,4,,2,10,,95451,38,4,,2,10,,95412,38,4,,2,10,,95304,38,4,,2,10,,95469,38,4,,2,10,,95471,38,4,,2,50,,95333,38,4,,2,10,,95404,38,4,,2,10,,95476,38,4,,2,13,,95359,38,4,,2,8,,95365,38,4,,2,10,,95495,38,4,,2,50,,95265,38,4,,2,10,,95490,38,4,,2,10,,95472,38,4,,2,10,,84428,38,4,,2,10,,95271,38,4,,2,10,,95403,38,4,,2,50,,95434,38,4,,2,10,,95443,38,4,,2,10,,95278,38,4,,2,10,,95450,38,4,,2,10,,95347,38,4,,2,10,,95498,38,4,,2,50,,95318,38,4,,2,10,,95385,38,4,,2,10,,95449,38,4,,2,10,,95501,38,4,,2,10,,95386,38,4,,2,10,,95306,38,4,,2,50,,95371,38,4,,2,10,,86297,38,4,,2,10,,95374,38,4,,2,2,,95379,1,,,2,13,,95503,38,4,,2,9,,95401,1,,,2,4,,95343,38,4,,2,4,,79447,1,,,2,50,,95289,1,,,2
50402,'1',446,,95690,6,4,,2,6,,95670,1,0,46 5 41,2,4,,95697,6,4,,2,47,,95527,1,0,46 5 41,2,3,,87362,6,4,,2,7,,95715,1,0,46 5 41,2,3,,95761,6,4,,2,7,,95558,1,0,46 5 41,2,3,,95626,6,4,,2,7,,95757,1,0,46 5 41,2,3,,95526,6,4,,2,7,,95581,1,0,46 5 41,2,3,,95632,6,4,,2,7,,95516,1,0,46 5 41,2,48,,95576,1,0,46 5 41,2,5,,85672,6,4,,2,5,,95661,1,0,46 5 41,2,10,,95634,1,0,46 5 41,2,10,,95694,1,0,46 5 41,2,10,,95545,1,0,46 5 41,2,10,,95538,1,0,46 5 41,2,50,,95539,1,0,46 5 41,2,10,,95773,1,0,46 5 41,2,8,,95521,1,0,46 5 41,2,4,,95550,1,0,46 5 41,2,11,,95769,1,0,46 5 41,2,11,,95738,1,0,46 5 41,2,4,,95571,6,4,,2,2,,95755,1,0,46 5 41,2,7,,95663,1,0,46 5 41,2,47,,95735,6,4,,2,9,,95569,1,0,46 5 41,2,9,,95611,1,0,46 5 41,2,6,,95775,1,0,46 5 41,2,8,,95510,1,0,46 5 41,2,10,,95677,1,0,46 5 41,2,6,,95508,1,0,46 5 41,2,52,,95559,1,0,46 5 41,2,7,,95666,1,0,46 5 41,2,5,,95623,1,0,46 5 41,2,8,,95579,1,0,46 5 41,2,13,,95678,1,0,46 5 41,2,9,,95524,1,0,46 5 41,2,9,,95636,1,0,46 5 41,2,49,,95665,1,0,46 5 41,2,14,,95587,1,0,46 5 41,2,8,,95711,1,0,46 5 41,2,11,,95708,1,0,46 5 41,2,11,,95507,1,0,46 5 41,2,9,,95750,1,0,46 5 41,2,49,,95624,1,0,46 5 41,2,9,,95696,1,0,46 5 41,2,10,,83052,1,0,46 5 41,2,10,,95737,1,0,46 5 41,2,10,,95662,1,0,46 5 41,2,10,,77906,1,0,46 5 41,2,50,,95573,1,0,46 5 41,2,10,,95606,1,0,46 5 41,2,10,,95705,1,0,46 5 41,2,10,,95537,1,0,46 5 41,2,10,,95674,1,0,46 5 41,2,10,,95562,1,0,46 5 41,2,50,,95635,1,0,46 5 41,2,10,,95598,1,0,46 5 41,2,10,,95603,1,0,46 5 41,2,10,,95639,1,0,46 5 41,2,10,,95612,1,0,46 5 41,2,10,,95774,1,0,46 5 41,2,50,,90608,1,0,46 5 41,2,10,,95652,1,0,46 5 41,2,11,,95747,1,0,46 5 41,2,12,,95596,1,0,46 5 41,2,11,,95687,1,0,46 5 41,2,8,,95734,1,0,46 5 41,2,50,,95776,1,0,46 5 41,2,10,,95673,1,0,46 5 41,2,11,,95564,1,0,46 5 41,2,10,,95682,1,0,46 5 41,2,11,,95669,1,0,46 5 41,2,51,,95595,1,0,46 5 41,2,11,,95748,1,0,46 5 41,2,10,,95647,1,0,46 5 41,2,10,,95543,1,0,46 5 41,2,10,,95549,1,0,46 5 41,2,10,,95671,1,0,46 5 41,2,50,,95551,1,0,46 5 41,2,10,,95610,1,0,46 5 41,2,10,,95553,1,0,46 5 41,2,10,,95765,1,0,46 5 41,2,10,,95520,1,0,46 5 41,2,10,,95628,1,0,46 5 41,2,50,,95712,1,0,46 5 41,2,10,,95692,1,0,46 5 41,2,10,,95733,1,0,46 5 41,2,10,,95517,1,0,46 5 41,2,10,,95585,1,0,46 5 41,2,10,,95723,1,0,46 5 41,2,50,,95583,1,0,46 5 41,2,10,,95731,1,0,46 5 41,2,10,,95764,1,0,46 5 41,2,9,,95577,1,0,46 5 41,2,10,,95751,1,0,46 5 41,2,9,,95660,1,0,46 5 41,2,55,,95701,1,0,46 5 41,2,10,,95688,1,0,46 5 41,2,10,,95641,1,0,46 5 41,2,10,,95667,1,0,46 5 41,2,10,,95759,1,0,46 5 41,2,10,,95771,1,0,46 5 41,2,50,,95717,1,0,46 5 41,2,10,,95656,1,0,46 5 41,2,10,,95752,1,0,46 5 41,2,10,,95523,1,0,46 5 41,2,10,,95535,1,0,46 5 41,2,10,,95749,1,0,46 5 41,2,50,,95631,1,0,46 5 41,2,10,,95542,1,0,46 5 41,2,10,,95627,1,0,46 5 41,2,10,,95724,1,0,46 5 41,2,10,,95590,1,0,46 5 41,2,9,,95644,1,0,46 5 41,2,50,,95525,1,0,46 5 41,2,10,,95567,1,0,46 5 41,2,10,,95729,1,0,46 5 41,2,10,,95758,1,0,46 5 41,2,10,,95615,1,0,46 5 41,2,10,,95730,1,0,46 5 41,2,50,,95533,1,0,46 5 41,2,10,,95766,1,0,46 5 41,2,10,,95744,1,0,46 5 41,2,10,,95698,1,0,46 5 41,2,10,,95509,1,0,46 5 41,2,10,,95633,1,0,46 5 41,2,50,,95591,1,0,46 5 41,2,10,,95745,1,0,46 5 41,2,10,,95528,1,0,46 5 41,2,10,,95703,1,0,46 5 41,2,10,,95561,1,0,46 5 41,2,13,,95702,1,0,46 5 41,2
50402,'2',529,,79821,6,4,,2,2,,95911,1,0,46 5 41,2,10,,95889,1,0,46 5 41,2,8,,95981,6,4,,2,2,,95820,1,0,46 5 41,2,50,,95794,1,0,46 5 41,2,8,,95976,6,4,,2,2,,96011,1,0,46 5 41,2,10,,95916,1,0,46 5 41,2,10,,96007,1,0,46 5 41,2,15,,95932,1,0,46 5 41,2,10,,95813,1,0,46 5 41,2,50,,95991,1,0,46 5 41,2,10,,95989,1,0,46 5 41,2,10,,95823,1,0,46 5 41,2,10,,95824,1,0,46 5 41,2,10,,95928,1,0,46 5 41,2,9,,96037,1,0,46 5 41,2,4,,95782,1,0,46 5 41,2,50,,95829,1,0,46 5 41,2,10,,96027,1,0,46 5 41,2,10,,95841,6,4,,2,10,,95864,1,0,46 5 41,2,13,,95802,1,0,46 5 41,2,51,,95900,1,0,46 5 41,2,6,,95996,1,0,46 5 41,2,10,,95861,1,0,46 5 41,2,13,,95883,1,0,46 5 41,2,11,,95877,1,0,46 5 41,2,10,,95806,1,0,46 5 41,2,50,,95901,1,0,46 5 41,2,10,,95891,1,0,46 5 41,2,10,,95868,1,0,46 5 41,2,10,,96026,1,0,46 5 41,2,10,,95857,1,0,46 5 41,2,10,,95840,1,0,46 5 41,2,50,,95844,1,0,46 5 41,2,9,,95957,1,0,46 5 41,2,10,,96005,1,0,46 5 41,2,11,,95873,1,0,46 5 41,2,10,,95970,1,0,46 5 41,2,11,,95955,1,0,46 5 41,2,52,,95940,1,0,46 5 41,2,10,,95994,1,0,46 5 41,2,10,,95821,1,0,46 5 41,2,10,,95789,1,0,46 5 41,2,10,,95985,1,0,46 5 41,2,10,,96021,1,0,46 5 41,2,50,,95903,1,0,46 5 41,2,3,,95910,6,4,,2,7,,95866,1,0,46 5 41,2,9,,95797,1,0,46 5 41,2,7,,96031,1,0,46 5 41,2,10,,96038,1,0,46 5 41,2,13,,95984,1,0,46 5 41,2,49,,95965,1,0,46 5 41,2,10,,95954,1,0,46 5 41,2,10,,95930,1,0,46 5 41,2,10,,95890,1,0,46 5 41,2,10,,95807,1,0,46 5 41,2,10,,95914,1,0,46 5 41,2,50,,95973,1,0,46 5 41,2,10,,95906,1,0,46 5 41,2,10,,95969,1,0,46 5 41,2,10,,95999,1,0,46 5 41,2,10,,95878,1,0,46 5 41,2,10,,89337,1,0,46 5 41,2,50,,95998,1,0,46 5 41,2,10,,95888,1,0,46 5 41,2,10,,95859,1,0,46 5 41,2,10,,95799,1,0,46 5 41,2,10,,82625,1,0,46 5 41,2,10,,96004,1,0,46 5 41,2,50,,95972,1,0,46 5 41,2,10,,96022,1,0,46 5 41,2,10,,96017,1,0,46 5 41,2,10,,95855,1,0,46 5 41,2,10,,95858,1,0,46 5 41,2,10,,95862,1,0,46 5 41,2,50,,95843,1,0,46 5 41,2,10,,95983,1,0,46 5 41,2,10,,96029,1,0,46 5 41,2,10,,95860,1,0,46 5 41,2,8,,95997,1,0,46 5 41,2,9,,96014,1,0,46 5 41,2,50,,95966,1,0,46 5 41,2,10,,95809,1,0,46 5 41,2,10,,95854,1,0,46 5 41,2,10,,95836,1,0,46 5 41,2,9,,95826,1,0,46 5 41,2,10,,96032,1,0,46 5 41,2,53,,95795,1,0,46 5 41,2,10,,95863,1,0,46 5 41,2,12,,95817,1,0,46 5 41,2,10,,96025,1,0,46 5 41,2,10,,95810,1,0,46 5 41,2,10,,95907,1,0,46 5 41,2,50,,95971,1,0,46 5 41,2,10,,95943,1,0,46 5 41,2,10,,95958,1,0,46 5 41,2,10,,95942,1,0,46 5 41,2,10,,95832,1,0,46 5 41,2,10,,95953,1,0,46 5 41,2,50,,87577,1,0,46 5 41,2,10,,95956,1,0,46 5 41,2,10,,95908,1,0,46 5 41,2,10,,95948,1,0,46 5 41,2,10,,95834,1,0,46 5 41,2,10,,95849,1,0,46 5 41,2,50,,95897,1,0,46 5 41,2,9,,95899,1,0,46 5 41,2,11,,95946,1,0,46 5 41,2,11,,95870,1,0,46 5 41,2,10,,95818,1,0,46 5 41,2,10,,80904,1,0,46 5 41,2,50,,95920,1,0,46 5 41,2,10,,95936,1,0,46 5 41,2,10,,95980,1,0,46 5 41,2,10,,95827,1,0,46 5 41,2,10,,95791,1,0,46 5 41,2,10,,95963,1,0,46 5 41,2,50,,95893,1,0,46 5 41,2,10,,86695,1,0,46 5 41,2,10,,95838,1,0,46 5 41,2,10,,95962,1,0,46 5 41,2,10,,96001,1,0,46 5 41,2,10,,95828,1,0,46 5 41,2,50,,95938,1,0,46 5 41,2
50402,'3',732,,96254,1,0,46 5 41,2,14,,96248,1,0,46 5 41,2,54,,96206,1,0,46 5 41,2,14,,96065,1,0,46 5 41,2,14,,96142,1,0,46 5 41,2,14,,96046,1,0,46 5 41,2,14,,96167,1,0,46 5 41,2,50,,96158,1,0,46 5 41,2,8,,96082,6,4,,2,2,,96129,1,0,46 5 41,2,10,,96235,1,0,46 5 41,2,8,,96076,6,4,,2,2,,96089,1,0,46 5 41,2,10,,96103,1,0,46 5 41,2,10,,96256,1,0,46 5 41,2,50,,96135,1,0,46 5 41,2,10,,96052,1,0,46 5 41,2,10,,96125,1,0,46 5 41,2,10,,75922,1,0,46 5 41,2,10,,96123,1,0,46 5 41,2,10,,96255,1,0,46 5 41,2,50,,96178,1,0,46 5 41,2,10,,96140,1,0,46 5 41,2,10,,96174,1,0,46 5 41,2,10,,96204,1,0,46 5 41,2,10,,96242,1,0,46 5 41,2,10,,96213,1,0,46 5 41,2,50,,96071,1,0,46 5 41,2,10,,96195,1,0,46 5 41,2,10,,96237,1,0,46 5 41,2,8,,96100,6,4,,2,2,,96053,1,0,46 5 41,2,10,,96139,1,0,46 5 41,2,10,,96151,1,0,46 5 41,2,50,,96215,1,0,46 5 41,2,10,,96192,1,0,46 5 41,2,10,,96121,1,0,46 5 41,2,10,,96107,1,0,46 5 41,2,10,,96191,1,0,46 5 41,2,10,,88713,1,0,46 5 41,2,50,,96153,1,0,46 5 41,2,10,,96152,1,0,46 5 41,2,10,,96172,1,0,46 5 41,2,10,,96105,1,0,46 5 41,2,10,,96198,1,0,46 5 41,2,10,,96232,1,0,46 5 41,2,50,,96223,1,0,46 5 41,2,10,,96238,1,0,46 5 41,2,10,,96202,1,0,46 5 41,2,10,,96209,1,0,46 5 41,2,10,,96083,1,0,46 5 41,2,10,,77126,1,0,46 5 41,2,50,,96138,1,0,46 5 41,2,10,,96111,1,0,46 5 41,2,10,,96090,1,0,46 5 41,2,10,,96144,1,0,46 5 41,2,10,,96217,1,0,46 5 41,2,10,,96063,1,0,46 5 41,2,50,,96251,1,0,46 5 41,2,10,,96044,1,0,46 5 41,2,10,,96201,1,0,46 5 41,2,10,,96041,1,0,46 5 41,2,10,,89491,1,0,46 5 41,2,10,,96228,1,0,46 5 41,2,50,,96211,1,0,46 5 41,2,10,,96194,1,0,46 5 41,2,10,,96064,1,0,46 5 41,2,10,,96171,1,0,46 5 41,2,12,,96161,1,0,46 5 41,2,10,,96190,1,0,46 5 41,2,50,,96141,1,0,46 5 41,2,10,,96095,1,0,46 5 41,2,10,,96067,1,0,46 5 41,2,10,,96203,1,0,46 5 41,2,10,,96148,1,0,46 5 41,2,10,,96086,1,0,46 5 41,2,50,,96175,1,0,46 5 41,2,10,,88754,1,0,46 5 41,2,10,,96068,1,0,46 5 41,2,10,,96069,1,0,46 5 41,2,10,,96147,1,0,46 5 41,2,10,,96247,1,0,46 5 41,2,50,,96060,1,0,46 5 41,2,10,,96240,1,0,46 5 41,2,10,,96222,1,0,46 5 41,2,10,,96117,1,0,46 5 41,2,10,,96120,1,0,46 5 41,2,53,,96162,1,0,46 5 41,2,10,,96220,1,0,46 5 41,2,10,,96165,1,0,46 5 41,2,10,,78174,1,0,46 5 41,2,10,,96236,1,0,46 5 41,2,10,,96077,1,0,46 5 41,2,50,,96059,1,0,46 5 41,2,10,,96169,1,0,46 5 41,2,10,,96101,1,0,46 5 41,2,10,,96096,1,0,46 5 41,2,10,,96043,1,0,46 5 41,2,10,,80994,1,0,46 5 41,2,50,,96134,1,0,46 5 41,2,10,,96136,1,0,46 5 41,2,10,,96122,1,0,46 5 41,2,10,,96219,1,0,46 5 41,2,10,,96084,1,0,46 5 41,2,10,,96210,1,0,46 5 41,2,50,,96188,1,0,46 5 41,2,10,,96250,1,0,46 5 41,2,10,,96239,1,0,46 5 41,2,10,,96102,1,0,46 5 41,2,10,,96181,1,0,46 5 41,2,10,,96252,1,0,46 5 41,2,50,,96157,1,0,46 5 41,2,10,,96079,1,0,46 5 41,2,10,,96207,1,0,46 5 41,2
50402,'5',519,,96424,6,4,,2,2,,96509,1,0,46 5 41,2,18,,96351,6,4,,2,1,,96320,1,0,46 5 41,2,12,,96338,6,4,,2,2,,96272,1,0,46 5 41,2,54,,96437,1,0,46 5 41,2,14,,96432,1,0,46 5 41,2,14,,96298,1,0,46 5 41,2,14,,96466,1,0,46 5 41,2,54,,96274,1,0,46 5 41,2,14,,96430,1,0,46 5 41,2,14,,96328,1,0,46 5 41,2,14,,96398,1,0,46 5 41,2,54,,96278,1,0,46 5 41,2,14,,96403,1,0,46 5 41,2,14,,96469,1,0,46 5 41,2,14,,96273,1,0,46 5 41,2,14,,96292,1,0,46 5 41,2,50,,96416,1,0,46 5 41,2,8,,96440,6,4,,2,2,,96282,1,0,46 5 41,2,10,,96494,1,0,46 5 41,2,8,,96408,6,4,,2,2,,96507,1,0,46 5 41,2,10,,96305,1,0,46 5 41,2,10,,96377,1,0,46 5 41,2,50,,96409,1,0,46 5 41,2,10,,96404,1,0,46 5 41,2,10,,96481,1,0,46 5 41,2,10,,96372,1,0,46 5 41,2,10,,96419,1,0,46 5 41,2,10,,96442,1,0,46 5 41,2,50,,96271,1,0,46 5 41,2,10,,96461,1,0,46 5 41,2,10,,96396,1,0,46 5 41,2,10,,96473,1,0,46 5 41,2,10,,96339,1,0,46 5 41,2,10,,96402,1,0,46 5 41,2,50,,96304,1,0,46 5 41,2,10,,96380,1,0,46 5 41,2,10,,96452,1,0,46 5 41,2,8,,96511,6,4,,2,2,,96470,1,0,46 5 41,2,10,,96492,1,0,46 5 41,2,10,,96288,1,0,46 5 41,2,50,,96427,1,0,46 5 41,2,10,,96490,1,0,46 5 41,2,10,,96330,1,0,46 5 41,2,10,,96436,1,0,46 5 41,2,10,,96393,1,0,46 5 41,2,10,,91098,1,0,46 5 41,2,50,,96497,1,0,46 5 41,2,10,,96342,1,0,46 5 41,2,10,,96363,1,0,46 5 41,2,10,,96503,1,0,46 5 41,2,10,,96422,1,0,46 5 41,2,10,,96386,1,0,46 5 41,2,50,,96369,1,0,46 5 41,2,10,,96504,1,0,46 5 41,2,10,,96346,1,0,46 5 41,2,10,,96326,1,0,46 5 41,2,10,,96307,1,0,46 5 41,2,10,,96284,1,0,46 5 41,2,50,,96267,1,0,46 5 41,2,10,,96376,1,0,46 5 41,2,10,,96290,1,0,46 5 41,2,10,,96441,1,0,46 5 41,2,10,,96280,1,0,46 5 41,2,10,,96357,1,0,46 5 41,2,50,,96471,1,0,46 5 41,2,10,,96455,1,0,46 5 41,2,10,,96482,1,0,46 5 41,2,10,,96264,1,0,46 5 41,2,10,,96412,1,0,46 5 41,2,10,,96265,1,0,46 5 41,2,50,,96423,1,0,46 5 41,2,10,,96428,1,0,46 5 41,2,10,,96321,1,0,46 5 41,2,10,,96299,1,0,46 5 41,2,12,,96450,1,0,46 5 41,2,10,,96333,1,0,46 5 41,2,50,,96310,1,0,46 5 41,2,10,,96361,1,0,46 5 41,2,10,,96269,1,0,46 5 41,2,10,,96477,1,0,46 5 41,2,10,,96458,1,0,46 5 41,2,10,,96388,1,0,46 5 41,2,50,,96261,1,0,46 5 41,2,10,,96318,1,0,46 5 41,2,10,,96287,1,0,46 5 41,2,10,,96331,1,0,46 5 41,2,10,,96301,1,0,46 5 41,2,10,,96407,1,0,46 5 41,2,50,,96373,1,0,46 5 41,2,10,,96431,1,0,46 5 41,2,10,,96426,1,0,46 5 41,2,10,,96495,1,0,46 5 41,2,10,,96314,1,0,46 5 41,2,53,,96306,1,0,46 5 41,2,10,,96508,1,0,46 5 41,2,10,,96309,1,0,46 5 41,2,10,,96375,1,0,46 5 41,2,10,,96456,1,0,46 5 41,2,10,,96468,1,0,46 5 41,2,50,,96448,1,0,46 5 41,2,10,,96406,1,0,46 5 41,2,10,,96447,1,0,46 5 41,2,10,,96462,1,0,46 5 41,2,10,,96438,1,0,46 5 41,2,10,,96285,1,0,46 5 41,2,50,,96383,1,0,46 5 41,2,10,,96291,1,0,46 5 41,2,10,,96329,1,0,46 5 41,2,10,,96384,1,0,46 5 41,2,10,,96489,1,0,46 5 41,2,10,,96263,1,0,46 5 41,2,50,,96275,1,0,46 5 41,2,10,,96390,1,0,46 5 41,2,10,,96474,1,0,46 5 41,2,10,,96340,1,0,46 5 41,2,10,,96295,1,0,46 5 41,2,10,,96413,1,0,46 5 41,2,50,,96296,1,0,46 5 41,2,10,,96496,1,0,46 5 41,2,10,,96293,1,0,46 5 41,2
