30102,'1',2502,,123701,16,,,2,8,,123680,16,0,17,2,4,,123700,16,,,2,12,,123690,16,,,2,20,,123689,16,,,2,4,,123681,16,0,17,2,51,,123697,16,,,2,10,,123699,16,0,17,2,5,,123683,16,,,2,15,,123695,16,0,17,2,1,,123693,16,,,2,14,,123691,16,,,2,6,,123707,16,0,17,2,49,,123705,16,,,2,15,,123702,16,,,2,15,,123677,16,,,2,15,,123687,16,,,2,55,,123696,16,,,2,15,,123676,16,,,2,15,,123682,16,,,2,15,,123678,16,,,2,55,,123692,16,,,2,9,,123706,16,0,17,2,15,,123708,16,0,17,2,15,,123703,16,0,17,2,15,,123694,16,0,17,2
30102,'2',2509,,123714,16,,,2,11,,123728,16,0,17,2,9,,123736,16,,,2,14,,123710,16,0,17,2,13,,123735,16,,,2,55,,109867,16,,,2,15,,123722,16,,,2,5,,123737,16,0,17,2,10,,123733,16,,,2,5,,123713,16,0,17,2,10,,123718,16,,,2,47,,123719,16,0,17,2,8,,123726,16,,,2,15,,123709,16,,,2,15,,116524,16,,,2,15,,123720,16,,,2,55,,123712,16,,,2,15,,123731,16,,,2,15,,123717,16,,,2,15,,123738,16,,,2,55,,123734,16,0,17,2,15,,123723,16,0,17,2,15,,123721,16,0,17,2,15,,123711,16,0,17,2,49,,123727,16,0,17,2
30102,'3',2502,,123752,16,,,2,24,,123743,16,,,2,15,,123762,16,,,2,15,,123750,16,,,2,47,,123761,16,0,17,2,8,,123766,16,,,2,5,,123755,16,0,17,2,10,,123768,16,,,2,15,,123767,16,,,2,7,,123771,16,0,17,2,8,,123759,16,,,2,47,,123757,16,0,17,2,8,,123763,16,,,2,15,,123772,16,,,2,15,,123745,16,,,2,15,,123748,16,,,2,55,,123741,16,,,2,15,,123770,16,,,2,15,,123749,16,,,2,15,,123740,16,,,2,55,,123747,16,0,17,2,15,,123769,16,0,17,2,15,,123746,16,0,17,2,15,,123754,16,0,17,2,55,,123751,16,0,17,2
30102,'5',2502,,123776,16,,,2,24,,123793,16,,,2,15,,123800,16,,,2,15,,123799,16,,,2,47,,123794,16,0,17,2,8,,123780,16,,,2,5,,123777,16,0,17,2,10,,123779,16,,,2,15,,123791,16,,,2,7,,123801,16,0,17,2,8,,123788,16,,,2,47,,123792,16,0,17,2,8,,123785,16,,,2,15,,123773,16,,,2,15,,123790,16,,,2,15,,123803,16,,,2,55,,123781,16,,,2,15,,123784,16,,,2,15,,123782,16,,,2,15,,123786,16,,,2,55,,123783,16,0,17,2,15,,123778,16,0,17,2,15,,123502,16,0,17,2,15,,123775,16,0,17,2,55,,123802,16,0,17,2
50102,'1',520,,125421,16,0,30,2,10,,125328,16,0,30,2,10,,125395,16,0,30,2,10,,125317,16,0,30,2,50,,125425,16,0,30,2,10,,125347,16,0,30,2,10,,125375,16,0,30,2,10,,125405,16,0,30,2,10,,125410,16,0,30,2,10,,125345,16,0,30,2,50,,125404,16,0,30,2,10,,125378,16,0,30,2,10,,125323,16,0,30,2,10,,125394,16,0,30,2,10,,125319,16,0,30,2,11,,125312,16,0,30,2,51,,125365,16,0,30,2,11,,125315,16,0,30,2,10,,125356,16,0,30,2,10,,125433,16,0,30,2,10,,125406,16,0,30,2,10,,125353,16,0,30,2,50,,125341,16,0,30,2,10,,125434,16,0,30,2,10,,125431,16,0,30,2,10,,125377,16,0,30,2,10,,125329,16,0,30,2,10,,125322,16,0,30,2,50,,125423,16,0,30,2,10,,125313,16,0,30,2,10,,125358,16,0,30,2,10,,125435,16,0,30,2,10,,125369,16,0,30,2,10,,125408,16,0,30,2,50,,125402,16,0,30,2,10,,125419,16,0,30,2,10,,125381,16,0,30,2,10,,125409,16,0,30,2,10,,125407,16,0,30,2,10,,125354,16,0,30,2,50,,125413,16,0,30,2,10,,125334,16,0,30,2,10,,125314,16,0,30,2,10,,125327,16,0,30,2,10,,125348,16,0,30,2,10,,125310,16,0,30,2,50,,125391,16,0,30,2,10,,125339,16,0,30,2,10,,125376,16,0,30,2,10,,125344,16,0,30,2,10,,125422,16,0,30,2,10,,125370,16,0,30,2,50,,125311,16,0,30,2,10,,125361,16,0,30,2,10,,125383,16,0,30,2,10,,125393,16,0,30,2,10,,125336,16,0,30,2,10,,125338,16,0,30,2,50,,125427,16,0,30,2,10,,125412,16,0,30,2,10,,125411,16,0,30,2,10,,125436,16,0,30,2,10,,125415,16,0,30,2,10,,125316,16,0,30,2,50,,125373,16,0,30,2,10,,125337,16,0,30,2,10,,125368,16,0,30,2,10,,125400,16,0,30,2,10,,125340,16,0,30,2,10,,125379,16,0,30,2,50,,125359,16,0,30,2,10,,125390,16,0,30,2,10,,125367,16,0,17,2,10,,125342,16,0,30,2,10,,125385,16,0,30,2,10,,125360,16,0,30,2,50,,125321,16,0,30,2,10,,125387,16,0,30,2,10,,125397,16,0,30,2,10,,125350,16,0,30,2,10,,125372,16,0,30,2,10,,125335,16,0,30,2,50,,125384,16,0,30,2,10,,125332,16,0,30,2,10,,125331,16,0,30,2,9,,125424,16,0,30,2,10,,125426,16,0,30,2,10,,125437,16,0,30,2,50,,125420,16,0,30,2,10,,125351,16,0,30,2,10,,125398,16,0,30,2,10,,125371,16,0,30,2,10,,125355,16,0,30,2,10,,125418,16,0,30,2,50,,125309,16,0,30,2,10,,125330,16,0,30,2,5,,125386,16,0,17,2,5,,125382,16,0,30,2,10,,125364,16,0,30,2,10,,125352,16,0,30,2,10,,125429,16,0,30,2,50,,125389,16,0,30,2,6,,125362,16,0,30,2,7,,125396,16,0,17,2,8,,125324,16,0,30,2,9,,125388,16,0,30,2,10,,125325,16,0,30,2,10,,125380,16,0,30,2,50,,125349,16,0,30,2,10,,125366,16,0,30,2,10,,125308,16,0,30,2,10,,125432,16,0,30,2,5,,125403,16,0,17,2,5,,125392,16,0,30,2,10,,125363,16,0,30,2,50,,110404,16,0,30,2,10,,125416,16,0,30,2,10,,125374,16,0,30,2,10,,125326,16,0,30,2,10,,125399,16,0,30,2,10,,125357,16,0,30,2
50102,'2',522,,125462,16,0,30,2,9,,125552,16,0,30,2,9,,125460,16,0,30,2,10,,125450,16,0,30,2,50,,125554,16,0,30,2,10,,125505,16,0,30,2,10,,125458,16,0,30,2,10,,125538,16,0,30,2,10,,125547,16,0,30,2,10,,125451,16,0,30,2,50,,125507,16,0,30,2,10,,125517,16,0,30,2,10,,125457,16,0,30,2,10,,125440,16,0,30,2,10,,113907,16,0,30,2,10,,125571,16,0,30,2,50,,125445,16,0,30,2,12,,125512,16,0,30,2,12,,121730,16,0,30,2,12,,125489,16,0,30,2,11,,125477,16,0,30,2,10,,125570,16,0,30,2,50,,125473,16,0,30,2,10,,125568,16,0,30,2,10,,125553,16,0,30,2,10,,125483,16,0,30,2,10,,125537,16,0,30,2,10,,125479,16,0,30,2,50,,125567,16,0,30,2,10,,125540,16,0,30,2,10,,125497,16,0,30,2,10,,125515,16,0,30,2,10,,125543,16,0,30,2,11,,125495,16,0,30,2,50,,125534,16,0,30,2,11,,125556,16,0,30,2,11,,125480,16,0,30,2,9,,125494,16,0,30,2,9,,125558,16,0,30,2,9,,125469,16,0,30,2,49,,125529,16,0,30,2,9,,125541,16,0,30,2,9,,125453,16,0,30,2,9,,125519,16,0,30,2,9,,125560,16,0,30,2,9,,125530,16,0,30,2,49,,125504,16,0,30,2,9,,125481,16,0,30,2,9,,125533,16,0,30,2,9,,125566,16,0,30,2,9,,125488,16,0,30,2,9,,125514,16,0,30,2,9,,125498,16,0,30,2,49,,125500,16,0,30,2,9,,125468,16,0,30,2,9,,125465,16,0,30,2,9,,125442,16,0,30,2,9,,125564,16,0,30,2,9,,125486,16,0,30,2,9,,125524,16,0,30,2,49,,125490,16,0,30,2,9,,125525,16,0,30,2,9,,125511,16,0,30,2,9,,125572,16,0,30,2,9,,125459,16,0,30,2,9,,125470,16,0,30,2,49,,125563,16,0,30,2,9,,125516,16,0,30,2,9,,114993,16,0,30,2,9,,125448,16,0,30,2,9,,125532,16,0,30,2,9,,125518,16,0,30,2,9,,125544,16,0,30,2,49,,125452,16,0,30,2,9,,125513,16,0,30,2,9,,125550,16,0,30,2,9,,125548,16,0,30,2,9,,125561,16,0,30,2,9,,125502,16,0,30,2,9,,125522,16,0,30,2,49,,125527,16,0,30,2,9,,125493,16,0,30,2,9,,125559,16,0,30,2,9,,125444,16,0,30,2,9,,125499,16,0,30,2,9,,125443,16,0,30,2,49,,125438,16,0,30,2,8,,125471,16,0,30,2,9,,125562,16,0,30,2,9,,125503,16,0,30,2,9,,125557,16,0,30,2,10,,125472,16,0,30,2,10,,125569,16,0,30,2,50,,125467,16,0,30,2,5,,125478,16,0,17,2,5,,125565,16,0,30,2,10,,125454,16,0,30,2,10,,125574,16,0,30,2,10,,125496,16,0,30,2,10,,125539,16,0,30,2,50,,125476,16,0,30,2,10,,125575,16,0,30,2,10,,125484,16,0,30,2,10,,125546,16,0,30,2,10,,113867,16,0,30,2,10,,125535,16,0,30,2,50,,125441,16,0,30,2,8,,125439,16,0,30,2,7,,125528,16,0,17,2,8,,125485,16,0,30,2,10,,125523,16,0,30,2,10,,125455,16,0,30,2,10,,125447,16,0,30,2,50,,125482,16,0,30,2,10,,125521,16,0,30,2,10,,125463,16,0,30,2,10,,125508,16,0,30,2,5,,125526,16,0,17,2,5,,125501,16,0,30,2,5,,125464,16,0,17,2,5,,125461,16,0,30,2,50,,125545,16,0,30,2,10,,125510,16,0,30,2,10,,125446,16,0,30,2,12,,125573,16,0,30,2,13,,125549,16,0,30,2,50,,125456,16,0,17,2,3,,125449,16,0,17,2
50102,'3',522,,125680,16,0,30,2,10,,125643,16,0,30,2,10,,125599,16,0,30,2,10,,125684,16,0,30,2,50,,125677,16,0,30,2,10,,125578,16,0,30,2,10,,125583,16,0,30,2,10,,125669,16,0,30,2,10,,125624,16,0,30,2,10,,125605,16,0,30,2,50,,125639,16,0,30,2,10,,125689,16,0,30,2,10,,125582,16,0,30,2,10,,125609,16,0,30,2,10,,125671,16,0,30,2,10,,125612,16,0,30,2,51,,125700,16,0,30,2,11,,125617,16,0,30,2,11,,125673,16,0,30,2,10,,125646,16,0,30,2,10,,125637,16,0,30,2,8,,125696,16,0,30,2,50,,125642,16,0,30,2,10,,125631,16,0,30,2,10,,125641,16,0,30,2,10,,125576,16,0,30,2,10,,125685,16,0,30,2,10,,125604,16,0,30,2,50,,125703,16,0,30,2,10,,125579,16,0,30,2,10,,125588,16,0,30,2,10,,125663,16,0,30,2,10,,121822,16,0,30,2,11,,125668,16,0,30,2,50,,125613,16,0,30,2,10,,125672,16,0,30,2,12,,125619,16,0,30,2,10,,125666,16,0,30,2,10,,125675,16,0,30,2,10,,125608,16,0,30,2,50,,125652,16,0,30,2,10,,125598,16,0,30,2,10,,125662,16,0,30,2,10,,125679,16,0,30,2,10,,125628,16,0,30,2,10,,125701,16,0,30,2,50,,125587,16,0,30,2,10,,125695,16,0,30,2,10,,125627,16,0,30,2,10,,125632,16,0,30,2,10,,125657,16,0,30,2,10,,125592,16,0,30,2,50,,125697,16,0,30,2,10,,125702,16,0,30,2,10,,125591,16,0,30,2,10,,125629,16,0,30,2,10,,125649,16,0,30,2,10,,125647,16,0,30,2,50,,125594,16,0,30,2,10,,125589,16,0,30,2,10,,125635,16,0,30,2,10,,125618,16,0,30,2,10,,115066,16,0,30,2,10,,125704,16,0,30,2,50,,125590,16,0,30,2,10,,125585,16,0,30,2,10,,125692,16,0,30,2,10,,125665,16,0,30,2,10,,125596,16,0,30,2,10,,125678,16,0,30,2,50,,125606,16,0,30,2,10,,125682,16,0,30,2,10,,125611,16,0,30,2,10,,125674,16,0,30,2,10,,125693,16,0,30,2,10,,125686,16,0,30,2,50,,125616,16,0,30,2,10,,125581,16,0,30,2,10,,125688,16,0,30,2,10,,125602,16,0,30,2,10,,125687,16,0,30,2,9,,125667,16,0,30,2,49,,125676,16,0,30,2,8,,125615,16,0,30,2,9,,125638,16,0,30,2,10,,125694,16,0,30,2,10,,125607,16,0,30,2,10,,125648,16,0,30,2,50,,125661,16,0,30,2,10,,125690,16,0,30,2,10,,125683,16,0,30,2,10,,125681,16,0,30,2,6,,125664,16,0,17,2,4,,125645,16,0,30,2,10,,125622,16,0,30,2,50,,125653,16,0,30,2,10,,125626,16,0,30,2,10,,125586,16,0,30,2,10,,120955,16,0,30,2,10,,125630,16,0,30,2,10,,125580,16,0,30,2,50,,125610,16,0,30,2,10,,125659,16,0,30,2,7,,125597,16,0,30,2,10,,125640,16,0,30,2,10,,125698,16,0,30,2,10,,125656,16,0,30,2,10,,125636,16,0,30,2,50,,125623,16,0,30,2,10,,125595,16,0,30,2,10,,125601,16,0,30,2,5,,125614,16,0,17,2,5,,125621,16,0,30,2,10,,125705,16,0,30,2,10,,125584,16,0,30,2,50,,125625,16,0,30,2,10,,125650,16,0,30,2,10,,117478,16,0,30,2,11,,125634,16,0,30,2,12,,125633,16,0,30,2,50,,125660,16,0,17,2,16,,125654,16,0,17,2
50102,'5',522,,125715,16,0,30,2,10,,125751,16,0,30,2,10,,125801,16,0,30,2,10,,125744,16,0,30,2,50,,125833,16,0,30,2,10,,125807,16,0,30,2,10,,125802,16,0,30,2,10,,125804,16,0,30,2,10,,125775,16,0,30,2,10,,125780,16,0,30,2,50,,125710,16,0,30,2,10,,125837,16,0,30,2,10,,125746,16,0,30,2,10,,125816,16,0,30,2,10,,125763,16,0,30,2,10,,125734,16,0,30,2,51,,125776,16,0,30,2,11,,125771,16,0,30,2,11,,125794,16,0,30,2,10,,125828,16,0,30,2,10,,125838,16,0,30,2,8,,125760,16,0,30,2,50,,125811,16,0,30,2,10,,125792,16,0,30,2,10,,125757,16,0,30,2,10,,125750,16,0,30,2,10,,125749,16,0,30,2,10,,125831,16,0,30,2,50,,125813,16,0,30,2,10,,125747,16,0,30,2,10,,125791,16,0,30,2,10,,125790,16,0,30,2,10,,125835,16,0,30,2,11,,125773,16,0,30,2,50,,125778,16,0,30,2,10,,125711,16,0,30,2,12,,125762,16,0,30,2,10,,125743,16,0,30,2,10,,125708,16,0,30,2,10,,125815,16,0,30,2,50,,125817,16,0,30,2,10,,125752,16,0,30,2,10,,125793,16,0,30,2,10,,125718,16,0,30,2,10,,125739,16,0,30,2,10,,125774,16,0,30,2,50,,125735,16,0,30,2,10,,125748,16,0,30,2,10,,125808,16,0,30,2,10,,125727,16,0,30,2,10,,125707,16,0,30,2,10,,125827,16,0,30,2,50,,125742,16,0,30,2,10,,125822,16,0,30,2,10,,125834,16,0,30,2,10,,125765,16,0,30,2,10,,125803,16,0,30,2,10,,125781,16,0,30,2,50,,125720,16,0,30,2,10,,125728,16,0,30,2,10,,125733,16,0,30,2,10,,125809,16,0,30,2,10,,125732,16,0,30,2,10,,125796,16,0,30,2,50,,125737,16,0,30,2,10,,125798,16,0,30,2,10,,125806,16,0,30,2,10,,125758,16,0,30,2,10,,125714,16,0,30,2,10,,125754,16,0,30,2,50,,112121,16,0,30,2,10,,125787,16,0,30,2,10,,125782,16,0,30,2,10,,125755,16,0,30,2,10,,125777,16,0,30,2,10,,125819,16,0,30,2,50,,125812,16,0,30,2,10,,125726,16,0,30,2,10,,125770,16,0,30,2,10,,125768,16,0,30,2,10,,125832,16,0,30,2,9,,125814,16,0,30,2,49,,125767,16,0,30,2,8,,125721,16,0,30,2,9,,125723,16,0,30,2,10,,125823,16,0,30,2,10,,125759,16,0,30,2,10,,125785,16,0,30,2,50,,125772,16,0,30,2,10,,125756,16,0,30,2,10,,125821,16,0,30,2,10,,125783,16,0,30,2,6,,125713,16,0,17,2,4,,125745,16,0,30,2,10,,125753,16,0,30,2,50,,125789,16,0,30,2,10,,125824,16,0,30,2,10,,125724,16,0,30,2,10,,125788,16,0,30,2,10,,125706,16,0,30,2,10,,125764,16,0,30,2,50,,125719,16,0,30,2,10,,125784,16,0,30,2,7,,125799,16,0,30,2,10,,125830,16,0,30,2,10,,125740,16,0,30,2,10,,125716,16,0,30,2,10,,125717,16,0,30,2,50,,125797,16,0,30,2,10,,125826,16,0,30,2,10,,125829,16,0,30,2,5,,125820,16,0,17,2,5,,125805,16,0,30,2,10,,125725,16,0,30,2,10,,125800,16,0,30,2,50,,125795,16,0,30,2,10,,125741,16,0,30,2,10,,125722,16,0,30,2,11,,125729,16,0,30,2,12,,125736,16,0,30,2,50,,125761,16,0,17,2,16,,125818,16,0,17,2
50302,'1',514,,126375,18,0,32 8 19,2,12,,126469,18,0,32 8 19,2,10,,126383,18,0,32 8 19,2,10,,126434,18,0,32 8 19,2,10,,126433,18,0,32 8 19,2,53,,126488,18,0,32 8 19,2,8,,126421,18,0,32 8 19,2,6,,126506,18,0,32 8 19,2,6,,126445,18,0,32 8 19,2,7,,110381,18,0,32 8 19,2,10,,126500,18,0,32 8 19,2,5,,126476,18,0,32 8 19,2,5,,126514,18,0,32 8 19,2,45,,126479,18,0,32 8 19,2,7,,126403,18,0,32 8 19,2,8,,126498,18,0,32 8 19,2,6,,126507,18,0,32 8 19,2,5,,126393,18,0,32 8 19,2,5,,126408,18,0,32 8 19,2,6,,126424,18,0,32 8 19,2,6,,115562,18,0,32 8 19,2,6,,126478,18,0,32 8 19,2,6,,126459,18,0,32 8 19,2,46,,126516,18,0,32 8 19,2,6,,126451,18,0,32 8 19,2,6,,126503,18,0,32 8 19,2,6,,126485,18,0,32 8 19,2,6,,126481,18,0,32 8 19,2,6,,126415,18,0,32 8 19,2,6,,126419,18,0,32 8 19,2,6,,126404,18,0,32 8 19,2,6,,126430,18,0,32 8 19,2,6,,126465,18,0,32 8 19,2,46,,126426,18,0,32 8 19,2,6,,109684,18,0,32 8 19,2,6,,126436,18,0,32 8 19,2,6,,126420,18,0,32 8 19,2,6,,126399,18,0,32 8 19,2,6,,126489,18,0,32 8 19,2,6,,126518,18,0,32 8 19,2,6,,126456,18,0,32 8 19,2,6,,126509,18,0,32 8 19,2,7,,126504,18,0,32 8 19,2,50,,126389,18,0,32 8 19,2,10,,126398,18,0,32 8 19,2,10,,126382,18,0,32 8 19,2,10,,111368,18,0,32 8 19,2,10,,126475,18,0,32 8 19,2,10,,126486,18,0,32 8 19,2,50,,126455,18,0,32 8 19,2,10,,126449,18,0,32 8 19,2,10,,126413,18,0,32 8 19,2,10,,126452,18,0,32 8 19,2,10,,126423,18,0,32 8 19,2,10,,126497,18,0,32 8 19,2,50,,126429,18,0,32 8 19,2,10,,126458,18,0,32 8 19,2,10,,126371,18,0,32 8 19,2,10,,126480,18,0,32 8 19,2,10,,126438,18,0,32 8 19,2,10,,126402,18,0,32 8 19,2,50,,126387,18,0,32 8 19,2,10,,126521,18,0,32 8 19,2,10,,126502,18,0,32 8 19,2,10,,126373,18,0,32 8 19,2,10,,126410,18,0,32 8 19,2,10,,126495,18,0,32 8 19,2,50,,126508,18,0,32 8 19,2,10,,126418,18,0,32 8 19,2,10,,126473,18,0,32 8 19,2,10,,126460,18,0,32 8 19,2,10,,126417,18,0,32 8 19,2,8,,126446,18,0,32 8 19,2,51,,126510,18,0,32 8 19,2,3,,126483,18,0,32 8 19,2,6,,126390,18,0,32 8 19,2,6,,126397,18,0,32 8 19,2,6,,126515,18,0,32 8 19,2,6,,126470,18,0,32 8 19,2,6,,126474,18,0,32 8 19,2,6,,126462,18,0,32 8 19,2,6,,126457,18,0,32 8 19,2,6,,126374,18,0,32 8 19,2,46,,126379,18,0,32 8 19,2,6,,126411,18,0,32 8 19,2,6,,126381,18,0,32 8 19,2,6,,126428,18,0,32 8 19,2,6,,126440,18,0,32 8 19,2,6,,126431,18,0,32 8 19,2,6,,126395,18,0,32 8 19,2,6,,126392,18,0,32 8 19,2,6,,126425,18,0,32 8 19,2,6,,126439,18,0,32 8 19,2,46,,126432,18,0,32 8 19,2,6,,126377,18,0,32 8 19,2,6,,126466,18,0,32 8 19,2,6,,126414,18,0,32 8 19,2,6,,126394,18,0,32 8 19,2,6,,126386,18,0,32 8 19,2,6,,126453,18,0,32 8 19,2,6,,126463,18,0,32 8 19,2,6,,126441,18,0,32 8 19,2,6,,126472,18,0,32 8 19,2,46,,126447,18,0,32 8 19,2,6,,126372,18,0,32 8 19,2,6,,126407,18,0,32 8 19,2,6,,126471,18,0,32 8 19,2,6,,126490,18,0,32 8 19,2,6,,126511,18,0,32 8 19,2,7,,126454,18,0,32 8 19,2,7,,126376,18,0,32 8 19,2,7,,126464,18,0,32 8 19,2,47,,126520,18,0,32 8 19,2,7,,126388,18,0,32 8 19,2,5,,126435,18,0,32 8 19,2,7,,126450,18,0,32 8 19,2,6,,126491,18,0,32 8 19,2,8,,126513,18,0,32 8 19,2,8,,126380,18,0,32 8 19,2,8,,126448,18,0,32 8 19,2,8,,126400,18,0,32 8 19,2,48,,126422,18,0,32 8 19,2,8,,126467,18,0,32 8 19,2,8,,126501,18,0,32 8 19,2,8,,126384,18,0,32 8 19,2,8,,126405,18,0,32 8 19,2,8,,126444,18,0,32 8 19,2,8,,126391,18,0,32 8 19,2,48,,126468,18,0,32 8 19,2,8,,126461,18,0,32 8 19,2,8,,126401,18,0,32 8 19,2,8,,126385,18,0,32 8 19,2,8,,126443,18,0,32 8 19,2,8,,126494,18,0,32 8 19,2,8,,126499,18,0,32 8 19,2,9,,126442,18,0,32 8 19,2,49,,126396,18,0,32 8 19,2,9,,126409,18,0,32 8 19,2,8,,126493,18,0,32 8 19,2,10,,126505,18,0,32 8 19,2,10,,126517,18,0,32 8 19,2,10,,126487,18,0,32 8 19,2,50,,126492,18,0,32 8 19,2,10,,126406,18,0,32 8 19,2,10,,126484,18,0,32 8 19,2,10,,126496,18,0,32 8 19,2,10,,126482,18,0,32 8 19,2,10,,126477,18,0,32 8 19,2,50,,126412,18,0,32 8 19,2,10,,126427,18,0,32 8 19,2,10,,126416,18,0,32 8 19,2,10,,126512,18,0,32 8 19,2,14,,126378,18,0,32 8 19,2,57,,126519,18,0,32 8 19,2,17,,126437,18,0,32 8 19,2
50302,'2',441,,126633,18,0,32 8 19,2,10,,126624,18,0,32 8 19,2,50,,119310,18,0,32 8 19,2,10,,126538,18,0,32 8 19,2,8,,126530,18,0,32 8 19,2,8,,126562,18,0,32 8 19,2,9,,126628,18,0,32 8 19,2,10,,126605,18,0,32 8 19,2,10,,126570,18,0,32 8 19,2,50,,126629,18,0,32 8 19,2,10,,126604,18,0,32 8 19,2,10,,126592,18,0,32 8 19,2,10,,126616,18,0,32 8 19,2,10,,126601,18,0,32 8 19,2,10,,126552,18,0,32 8 19,2,50,,126563,18,0,32 8 19,2,10,,126631,18,0,32 8 19,2,10,,126646,18,0,32 8 19,2,10,,126589,18,0,32 8 19,2,10,,126637,18,0,32 8 19,2,10,,126544,18,0,32 8 19,2,50,,126621,18,0,32 8 19,2,12,,126571,18,0,32 8 19,2,12,,126523,18,0,32 8 19,2,10,,126540,18,0,32 8 19,2,9,,126617,18,0,32 8 19,2,9,,126600,18,0,32 8 19,2,49,,126549,18,0,32 8 19,2,10,,126630,18,0,32 8 19,2,10,,126529,18,0,32 8 19,2,10,,126564,18,0,32 8 19,2,10,,126585,18,0,32 8 19,2,10,,126642,18,0,32 8 19,2,50,,126643,18,0,32 8 19,2,10,,126620,18,0,32 8 19,2,10,,126546,18,0,32 8 19,2,10,,126545,18,0,32 8 19,2,10,,126652,18,0,32 8 19,2,10,,126614,18,0,32 8 19,2,50,,126644,18,0,32 8 19,2,10,,126567,18,0,32 8 19,2,10,,126550,18,0,32 8 19,2,11,,126578,18,0,32 8 19,2,5,,126627,18,0,32 8 19,2,5,,126528,18,0,32 8 19,2,10,,126533,18,0,32 8 19,2,50,,126581,18,0,32 8 19,2,10,,126573,18,0,32 8 19,2,7,,126575,18,0,32 8 19,2,5,,126557,18,0,32 8 19,2,10,,126560,18,0,32 8 19,2,10,,126655,18,0,32 8 19,2,50,,126597,18,0,32 8 19,2,5,,126558,18,0,32 8 19,2,5,,126622,18,0,32 8 19,2,10,,126579,18,0,32 8 19,2,8,,126569,18,0,32 8 19,2,8,,126648,18,0,32 8 19,2,8,,126525,18,0,32 8 19,2,8,,126548,18,0,32 8 19,2,48,,126531,18,0,32 8 19,2,8,,126522,18,0,32 8 19,2,8,,126645,18,0,32 8 19,2,8,,126638,18,0,32 8 19,2,8,,126611,18,0,32 8 19,2,8,,126590,18,0,32 8 19,2,8,,126619,18,0,32 8 19,2,8,,126591,18,0,32 8 19,2,48,,126607,18,0,32 8 19,2,8,,126657,18,0,32 8 19,2,8,,126568,18,0,32 8 19,2,8,,126634,18,0,32 8 19,2,8,,126539,18,0,32 8 19,2,8,,126626,18,0,32 8 19,2,8,,126647,18,0,32 8 19,2,48,,126583,18,0,32 8 19,2,8,,126524,18,0,32 8 19,2,8,,126536,18,0,32 8 19,2,8,,112405,18,0,32 8 19,2,8,,111586,18,0,32 8 19,2,8,,126559,18,0,32 8 19,2,8,,126588,18,0,32 8 19,2,8,,115036,18,0,32 8 19,2,48,,126615,18,0,32 8 19,2,8,,126640,18,0,32 8 19,2,8,,126602,18,0,32 8 19,2,8,,126654,18,0,32 8 19,2,8,,126582,18,0,32 8 19,2,8,,126561,18,0,32 8 19,2,8,,126595,18,0,32 8 19,2,48,,126553,18,0,32 8 19,2,8,,126598,18,0,32 8 19,2,8,,126599,18,0,32 8 19,2,8,,126534,18,0,32 8 19,2,8,,126577,18,0,32 8 19,2,8,,126527,18,0,32 8 19,2,8,,126610,18,0,32 8 19,2,9,,126576,18,0,32 8 19,2,49,,126580,18,0,32 8 19,2,9,,126584,18,0,32 8 19,2,8,,126650,18,0,32 8 19,2,9,,126547,18,0,32 8 19,2,9,,126649,18,0,32 8 19,2,10,,126635,18,0,32 8 19,2,50,,126532,18,0,32 8 19,2,10,,126542,18,0,32 8 19,2,10,,126639,18,0,32 8 19,2,10,,126574,18,0,32 8 19,2,10,,126594,18,0,32 8 19,2,10,,126606,18,0,32 8 19,2,50,,126572,18,0,32 8 19,2,10,,126618,18,0,32 8 19,2,10,,126612,18,0,32 8 19,2,10,,126554,18,0,32 8 19,2,10,,126603,18,0,32 8 19,2,10,,126632,18,0,32 8 19,2,50,,126651,18,0,32 8 19,2,11,,126608,18,0,32 8 19,2,11,,126586,18,0,32 8 19,2,10,,126613,18,0,32 8 19,2,10,,126587,18,0,32 8 19,2,10,,126551,18,0,32 8 19,2,50,,126541,18,0,32 8 19,2,10,,126535,18,0,32 8 19,2,10,,126543,18,0,32 8 19,2,10,,126625,18,0,32 8 19,2,10,,126609,18,0,32 8 19,2,10,,126656,18,0,32 8 19,2,50,,126526,18,0,32 8 19,2,10,,126623,18,0,32 8 19,2,10,,126537,18,0,32 8 19,2,10,,126556,18,0,32 8 19,2,10,,126555,18,0,32 8 19,2,10,,126636,18,0,32 8 19,2,50,,126596,18,0,32 8 19,2,10,,126641,18,0,32 8 19,2,10,,126565,18,0,32 8 19,2,10,,111498,18,0,32 8 19,2,10,,126653,18,0,32 8 19,2,8,,126566,18,0,32 8 19,2,8,,126593,18,0,32 8 19,2
50302,'3',509,,126699,18,0,32 8 19,2,11,,126733,18,0,32 8 19,2,10,,126666,18,0,32 8 19,2,10,,126673,18,0,32 8 19,2,10,,126724,18,0,32 8 19,2,50,,126682,18,0,32 8 19,2,10,,126758,18,0,32 8 19,2,10,,126662,18,0,32 8 19,2,10,,126688,18,0,32 8 19,2,10,,126762,18,0,32 8 19,2,10,,126692,18,0,32 8 19,2,50,,126748,18,0,32 8 19,2,10,,126669,18,0,32 8 19,2,10,,126766,18,0,32 8 19,2,10,,126730,18,0,32 8 19,2,10,,126771,18,0,32 8 19,2,10,,126768,18,0,32 8 19,2,52,,126678,18,0,32 8 19,2,12,,126770,18,0,32 8 19,2,11,,126725,18,0,32 8 19,2,11,,126700,18,0,32 8 19,2,9,,126751,18,0,32 8 19,2,8,,126671,18,0,32 8 19,2,48,,126729,18,0,32 8 19,2,10,,126683,18,0,32 8 19,2,10,,126767,18,0,32 8 19,2,10,,126679,18,0,32 8 19,2,10,,126745,18,0,32 8 19,2,10,,126701,18,0,32 8 19,2,50,,126769,18,0,32 8 19,2,10,,126728,18,0,32 8 19,2,10,,112614,18,0,32 8 19,2,10,,126674,18,0,32 8 19,2,10,,126696,18,0,32 8 19,2,10,,126722,18,0,32 8 19,2,50,,126735,18,0,32 8 19,2,10,,126753,18,0,32 8 19,2,10,,126727,18,0,32 8 19,2,10,,126743,18,0,32 8 19,2,10,,126712,18,0,32 8 19,2,10,,126742,18,0,32 8 19,2,50,,126736,18,0,32 8 19,2,9,,126685,18,0,32 8 19,2,9,,126705,18,0,32 8 19,2,10,,126721,18,0,32 8 19,2,9,,126744,18,0,32 8 19,2,9,,126706,18,0,32 8 19,2,10,,126726,18,0,32 8 19,2,50,,126763,18,0,32 8 19,2,10,,126756,18,0,32 8 19,2,10,,126677,18,0,32 8 19,2,10,,126665,18,0,32 8 19,2,10,,126675,18,0,32 8 19,2,10,,126676,18,0,32 8 19,2,50,,126740,18,0,32 8 19,2,10,,126667,18,0,32 8 19,2,10,,126689,18,0,32 8 19,2,10,,126697,18,0,32 8 19,2,10,,126732,18,0,32 8 19,2,10,,126749,18,0,32 8 19,2,50,,108420,18,0,32 8 19,2,10,,126708,18,0,32 8 19,2,10,,126714,18,0,32 8 19,2,10,,126750,18,0,32 8 19,2,10,,126710,18,0,32 8 19,2,10,,126711,18,0,32 8 19,2,50,,126773,18,0,32 8 19,2,10,,126659,18,0,32 8 19,2,10,,126741,18,0,32 8 19,2,10,,126693,18,0,32 8 19,2,10,,126684,18,0,32 8 19,2,10,,126680,18,0,32 8 19,2,50,,126661,18,0,32 8 19,2,10,,126694,18,0,32 8 19,2,10,,126746,18,0,32 8 19,2,10,,126772,18,0,32 8 19,2,10,,126765,18,0,32 8 19,2,10,,126761,18,0,32 8 19,2,50,,126734,18,0,32 8 19,2,10,,126754,18,0,32 8 19,2,10,,126764,18,0,32 8 19,2,10,,126668,18,0,32 8 19,2,10,,126760,18,0,32 8 19,2,10,,126731,18,0,32 8 19,2,50,,126779,18,0,32 8 19,2,11,,126709,18,0,32 8 19,2,11,,126737,18,0,32 8 19,2,12,,126717,18,0,32 8 19,2,10,,126719,18,0,32 8 19,2,50,,126707,18,0,32 8 19,2,10,,126663,18,0,32 8 19,2,10,,126670,18,0,32 8 19,2,10,,126739,18,0,32 8 19,2,10,,126759,18,0,32 8 19,2,10,,113315,18,0,32 8 19,2,50,,126774,18,0,32 8 19,2,10,,126702,18,0,32 8 19,2,10,,126738,18,0,32 8 19,2,10,,126691,18,0,32 8 19,2,10,,126660,18,0,32 8 19,2,10,,126687,18,0,32 8 19,2,50,,126686,18,0,32 8 19,2,10,,126747,18,0,32 8 19,2,12,,126718,18,0,32 8 19,2,11,,118820,18,0,32 8 19,2,6,,126777,18,0,32 8 19,2,10,,126713,18,0,32 8 19,2,50,,126690,18,0,32 8 19,2,10,,126672,18,0,32 8 19,2,10,,126716,18,0,32 8 19,2,10,,126698,18,0,32 8 19,2,10,,126715,18,0,32 8 19,2,10,,126703,18,0,32 8 19,2,50,,126775,18,0,32 8 19,2,10,,126704,18,0,32 8 19,2,10,,126755,18,0,32 8 19,2,10,,126681,18,0,32 8 19,2,10,,126757,18,0,32 8 19,2,10,,126723,18,0,32 8 19,2,50,,126664,18,0,32 8 19,2,10,,126695,18,0,32 8 19,2,10,,126752,18,0,32 8 19,2,10,,126658,18,0,32 8 19,2,10,,126776,18,0,32 8 19,2,13,,126778,18,0,32 8 19,2,54,,126720,18,0,32 8 19,2
50302,'5',509,,122246,18,0,32 8 19,2,11,,126803,18,0,32 8 19,2,10,,126879,18,0,32 8 19,2,10,,126871,18,0,32 8 19,2,10,,126857,18,0,32 8 19,2,50,,126891,18,0,32 8 19,2,10,,126814,18,0,32 8 19,2,10,,126833,18,0,32 8 19,2,10,,126797,18,0,32 8 19,2,10,,126888,18,0,32 8 19,2,10,,126885,18,0,32 8 19,2,50,,126828,18,0,32 8 19,2,10,,126856,18,0,32 8 19,2,10,,126810,18,0,32 8 19,2,10,,126780,18,0,32 8 19,2,10,,126817,18,0,32 8 19,2,10,,126886,18,0,32 8 19,2,52,,112772,18,0,32 8 19,2,12,,119835,18,0,32 8 19,2,11,,126860,18,0,32 8 19,2,11,,126822,18,0,32 8 19,2,9,,126820,18,0,32 8 19,2,8,,126787,18,0,32 8 19,2,48,,126830,18,0,32 8 19,2,10,,126832,18,0,32 8 19,2,10,,126845,18,0,32 8 19,2,10,,111071,18,0,32 8 19,2,10,,126865,18,0,32 8 19,2,10,,126883,18,0,32 8 19,2,50,,126872,18,0,32 8 19,2,10,,126876,18,0,32 8 19,2,10,,126796,18,0,32 8 19,2,10,,106095,18,0,32 8 19,2,10,,126864,18,0,32 8 19,2,10,,126878,18,0,32 8 19,2,50,,126866,18,0,32 8 19,2,10,,126808,18,0,32 8 19,2,10,,126873,18,0,32 8 19,2,10,,126839,18,0,32 8 19,2,10,,126875,18,0,32 8 19,2,10,,126818,18,0,32 8 19,2,50,,126802,18,0,32 8 19,2,9,,126868,18,0,32 8 19,2,9,,126896,18,0,32 8 19,2,10,,126782,18,0,32 8 19,2,9,,126867,18,0,32 8 19,2,9,,126846,18,0,32 8 19,2,10,,126881,18,0,32 8 19,2,50,,126854,18,0,32 8 19,2,10,,126819,18,0,32 8 19,2,10,,126882,18,0,32 8 19,2,10,,126852,18,0,32 8 19,2,10,,126783,18,0,32 8 19,2,10,,126791,18,0,32 8 19,2,50,,126847,18,0,32 8 19,2,10,,109086,18,0,32 8 19,2,10,,126823,18,0,32 8 19,2,10,,126893,18,0,32 8 19,2,10,,126829,18,0,32 8 19,2,10,,126855,18,0,32 8 19,2,50,,126853,18,0,32 8 19,2,10,,126835,18,0,32 8 19,2,10,,126840,18,0,32 8 19,2,10,,126825,18,0,32 8 19,2,10,,126858,18,0,32 8 19,2,10,,126877,18,0,32 8 19,2,50,,126880,18,0,32 8 19,2,10,,126849,18,0,32 8 19,2,10,,126834,18,0,32 8 19,2,10,,126859,18,0,32 8 19,2,10,,126815,18,0,32 8 19,2,10,,126807,18,0,32 8 19,2,50,,126824,18,0,32 8 19,2,10,,126841,18,0,32 8 19,2,10,,126869,18,0,32 8 19,2,10,,126874,18,0,32 8 19,2,10,,116124,18,0,32 8 19,2,10,,126827,18,0,32 8 19,2,50,,126842,18,0,32 8 19,2,10,,126844,18,0,32 8 19,2,10,,126781,18,0,32 8 19,2,10,,126826,18,0,32 8 19,2,10,,126812,18,0,32 8 19,2,10,,126801,18,0,32 8 19,2,50,,126884,18,0,32 8 19,2,11,,126894,18,0,32 8 19,2,11,,126813,18,0,32 8 19,2,12,,126821,18,0,32 8 19,2,10,,126811,18,0,32 8 19,2,50,,126806,18,0,32 8 19,2,10,,126799,18,0,32 8 19,2,10,,126890,18,0,32 8 19,2,10,,126892,18,0,32 8 19,2,10,,126805,18,0,32 8 19,2,10,,126870,18,0,32 8 19,2,50,,126836,18,0,32 8 19,2,10,,126831,18,0,32 8 19,2,10,,126785,18,0,32 8 19,2,10,,113446,18,0,32 8 19,2,10,,126850,18,0,32 8 19,2,10,,126862,18,0,32 8 19,2,50,,126809,18,0,32 8 19,2,10,,126790,18,0,32 8 19,2,12,,126887,18,0,32 8 19,2,11,,126895,18,0,32 8 19,2,6,,126838,18,0,32 8 19,2,10,,126837,18,0,32 8 19,2,50,,126798,18,0,32 8 19,2,10,,126804,18,0,32 8 19,2,10,,126848,18,0,32 8 19,2,10,,126792,18,0,32 8 19,2,10,,113407,18,0,32 8 19,2,10,,126851,18,0,32 8 19,2,50,,126889,18,0,32 8 19,2,10,,126861,18,0,32 8 19,2,10,,126800,18,0,32 8 19,2,10,,126793,18,0,32 8 19,2,10,,126784,18,0,32 8 19,2,10,,126863,18,0,32 8 19,2,50,,126843,18,0,32 8 19,2,10,,126816,18,0,32 8 19,2,10,,126788,18,0,32 8 19,2,10,,126794,18,0,32 8 19,2,10,,126789,18,0,32 8 19,2,13,,126786,18,0,32 8 19,2,54,,126795,18,0,32 8 19,2
