30101,'1',2526,,91264,1,0,17,2,10,,91275,1,0,16 40,2,10,,91269,1,0,17,2,9,,91257,1,0,17,2,47,,91255,1,0,16 40,2,14,,91271,1,0,16 40,2,20,,91253,1,0,16 40,2,20,,91259,1,0,16 40,2,60,,91251,1,0,16 40,2,20,,91267,1,0,16 40,2,20,,91262,1,0,16 40,2,60,,91274,1,0,16 40,2,20,,91254,1,0,16 40,2,20,,91268,1,0,17,2,60,,91256,1,0,17,2,20,,91258,1,0,17,2,20,,91265,1,0,17,2
30101,'2',2526,,91295,1,0,17,2,20,,91277,1,0,16 40,2,8,,91283,1,0,17,2,47,,91276,1,0,17,2,5,,91298,1,0,16 40,2,20,,91297,1,0,16 40,2,20,,91287,1,0,16 40,2,60,,91286,1,0,16 40,2,20,,91280,1,0,16 40,2,20,,91290,1,0,16 40,2,60,,91288,1,0,16 40,2,20,,91279,1,0,16 40,2,20,,91285,1,0,16 40,2,60,,91294,1,0,17,2,20,,91291,1,0,17,2,20,,91284,1,0,17,2
30101,'3',2515,,91306,1,0,17,2,9,,91323,1,0,17,2,8,,91319,1,0,17,2,4,,91312,1,0,16 40,2,13,,91313,1,0,17,2,8,,91302,1,0,17,2,44,,91300,1,0,16 40,2,20,,91308,1,0,16 40,2,20,,91305,1,0,16 40,2,60,,91309,1,0,16 40,2,20,,91303,1,0,16 40,2,20,,91316,1,0,16 40,2,60,,91307,1,0,16 40,2,20,,91314,1,0,16 40,2,20,,91304,1,0,16 40,2,60,,91321,1,0,17,2,20,,91322,1,0,17,2,20,,91315,1,0,17,2
30101,'5',2515,,91341,1,0,17,2,9,,87270,1,0,17,2,8,,91338,1,0,17,2,4,,91340,1,0,16 40,2,13,,91328,1,0,17,2,8,,91348,1,0,17,2,44,,91333,1,0,16 40,2,20,,91335,1,0,16 40,2,20,,91349,1,0,16 40,2,60,,91346,1,0,16 40,2,20,,91332,1,0,16 40,2,20,,91344,1,0,16 40,2,60,,91339,1,0,16 40,2,20,,91329,1,0,16 40,2,20,,91347,1,0,16 40,2,60,,91330,1,0,17,2,20,,91324,1,0,17,2,20,,91326,1,0,17,2
30102,'1',2556,,91377,63,4,,2,60,,91368,63,4,,2,20,,91355,63,4,,2,14,,91364,63,4,,2,60,,91354,63,4,,2,20,,91362,63,4,,2,20,,91352,63,4,,2,60,,91369,63,4,,2,20,,91358,63,4,,2,20,,91359,63,4,,2,60,,91375,63,4,,2,20,,91365,63,4,,2,20,,91351,63,4,,2
30102,'2',2606,,91397,63,4,,2,12,,91394,63,4,,2,22,,91386,63,4,,2,60,,91408,63,4,,2,20,,91391,63,4,,2,20,,91402,63,4,,2,60,,91401,63,4,,2,20,,91407,63,4,,2,20,,91387,63,4,,2,60,,91384,63,4,,2,20,,91400,63,4,,2,20,,91403,63,4,,2
30102,'3',2601,,91431,63,4,,2,12,,91415,63,4,,2,22,,91424,63,4,,2,20,,91432,63,4,,2,60,,91420,63,4,,2,20,,91422,63,4,,2,20,,91409,63,4,,2,60,,91411,63,4,,2,20,,91410,63,4,,2,20,,82311,63,4,,2,60,,91423,63,4,,2,20,,91429,63,4,,2
30102,'5',2601,,91451,63,4,,2,12,,91442,63,4,,2,22,,91462,63,4,,2,20,,91460,63,4,,2,60,,91457,63,4,,2,20,,91455,63,4,,2,20,,91438,63,4,,2,60,,91440,63,4,,2,20,,87157,63,4,,2,20,,91449,63,4,,2,60,,91452,63,4,,2,20,,91453,63,4,,2
50101,'1',500,,92527,1,0,16 40,2,15,,92416,1,0,16 40,2,15,,92415,1,0,16 40,2,15,,92495,1,0,16 40,2,55,,77945,1,0,16 40,2,10,,92490,1,0,16 40,2,10,,92424,1,0,16 40,2,10,,92445,1,0,16 40,2,10,,92534,1,0,16 40,2,10,,92461,1,0,16 40,2,50,,92468,1,0,16 40,2,10,,92507,1,0,16 40,2,10,,92508,1,0,16 40,2,10,,92494,1,0,16 40,2,10,,92435,1,0,16 40,2,10,,92501,1,0,16 40,2,50,,92541,1,0,16 40,2,10,,92539,1,0,16 40,2,10,,92473,1,0,16 40,2,10,,92542,1,0,16 40,2,10,,92469,1,0,16 40,2,10,,92423,1,0,16 40,2,50,,92535,1,0,16 40,2,10,,92491,1,0,16 40,2,10,,92479,1,0,16 40,2,10,,92518,1,0,16 40,2,10,,92438,1,0,16 40,2,10,,92521,1,0,16 40,2,50,,92525,1,0,16 40,2,10,,92434,1,0,16 40,2,10,,92443,1,0,16 40,2,10,,92426,1,0,16 40,2,10,,92446,1,0,16 40,2,10,,92504,1,0,16 40,2,50,,92452,1,0,16 40,2,10,,92457,1,0,16 40,2,10,,92533,1,0,16 40,2,10,,92470,1,0,16 40,2,10,,92532,1,0,16 40,2,10,,92467,1,0,16 40,2,50,,92514,1,0,16 40,2,10,,92413,1,0,16 40,2,10,,92414,1,0,16 40,2,10,,92466,1,0,16 40,2,10,,92487,1,0,16 40,2,10,,92477,1,0,16 40,2,50,,92454,1,0,16 40,2,10,,92455,1,0,16 40,2,10,,92503,1,0,16 40,2,10,,92448,1,0,16 40,2,10,,92462,1,0,16 40,2,10,,92484,1,0,16 40,2,50,,92509,1,0,16 40,2,10,,92493,1,0,16 40,2,10,,92520,1,0,16 40,2,10,,92505,1,0,16 40,2,10,,92453,1,0,16 40,2,10,,92420,1,0,16 40,2,50,,92480,1,0,16 40,2,10,,92496,1,0,16 40,2,10,,92436,1,0,16 40,2,10,,92451,1,0,16 40,2,10,,92537,1,0,16 40,2,10,,92444,1,0,16 40,2,50,,92544,1,0,16 40,2,10,,92463,1,0,16 40,2,10,,92498,1,0,16 40,2,10,,92517,1,0,16 40,2,10,,92522,1,0,16 40,2,10,,92437,1,0,16 40,2,50,,92476,1,0,16 40,2,10,,92502,1,0,16 40,2,10,,92523,1,0,16 40,2,10,,92506,1,0,16 40,2,10,,92524,1,0,16 40,2,10,,92500,1,0,16 40,2,50,,92418,1,0,16 40,2,10,,92464,1,0,16 40,2,10,,92417,1,0,16 40,2,10,,92482,1,0,16 40,2,10,,92536,1,0,16 40,2,10,,92460,1,0,16 40,2,50,,82491,1,0,16 40,2,10,,92526,1,0,16 40,2,10,,92516,1,0,16 40,2,10,,92511,1,0,16 40,2,10,,92483,1,0,16 40,2,10,,92474,1,0,16 40,2,50,,92441,1,0,16 40,2,10,,92519,1,0,16 40,2,10,,92513,1,0,16 40,2,10,,89051,1,0,16 40,2,10,,92431,1,0,16 40,2,5,,92472,1,0,17,2,5,,92440,1,0,16 40,2,50,,92450,1,0,16 40,2,10,,92439,1,0,16 40,2,10,,92421,1,0,16 40,2,10,,92489,1,0,16 40,2,11,,92459,1,0,16 40,2,11,,92531,1,0,16 40,2,51,,92512,1,0,16 40,2,10,,92481,1,0,16 40,2,10,,92488,1,0,16 40,2,10,,92486,1,0,16 40,2,10,,92515,1,0,16 40,2,10,,92538,1,0,16 40,2,50,,92530,1,0,16 40,2,10,,78653,1,0,16 40,2,10,,92433,1,0,16 40,2,5,,92428,1,0,17,2,5,,92492,1,0,16 40,2,10,,92422,1,0,16 40,2,10,,92458,1,0,16 40,2,50,,92465,1,0,16 40,2,10,,92419,1,0,16 40,2,10,,92471,1,0,16 40,2,10,,92540,1,0,16 40,2,10,,92499,1,0,16 40,2,10,,92528,1,0,16 40,2,50,,92497,1,0,16 40,2,10,,92475,1,0,16 40,2,10,,92427,1,0,16 40,2
50101,'2',500,,92671,1,0,16 40,2,10,,92653,1,0,16 40,2,10,,92595,1,0,16 40,2,10,,92561,1,0,16 40,2,10,,92611,1,0,16 40,2,10,,92662,1,0,16 40,2,50,,92607,1,0,16 40,2,10,,92644,1,0,16 40,2,10,,92661,1,0,16 40,2,10,,92592,1,0,16 40,2,10,,92642,1,0,16 40,2,10,,92658,1,0,16 40,2,50,,92584,1,0,16 40,2,10,,92664,1,0,16 40,2,10,,92578,1,0,16 40,2,10,,92617,1,0,16 40,2,10,,92651,1,0,16 40,2,10,,92562,1,0,16 40,2,50,,92637,1,0,16 40,2,10,,92668,1,0,16 40,2,10,,92548,1,0,16 40,2,10,,92654,1,0,16 40,2,10,,92656,1,0,16 40,2,10,,92545,1,0,16 40,2,50,,92633,1,0,16 40,2,10,,92621,1,0,16 40,2,10,,92596,1,0,16 40,2,10,,92640,1,0,16 40,2,10,,92570,1,0,16 40,2,10,,92670,1,0,16 40,2,50,,92557,1,0,16 40,2,10,,92650,1,0,16 40,2,10,,92675,1,0,16 40,2,10,,92665,1,0,16 40,2,10,,92581,1,0,16 40,2,10,,92631,1,0,16 40,2,50,,92682,1,0,16 40,2,9,,92683,1,0,16 40,2,9,,92615,1,0,16 40,2,9,,92572,1,0,16 40,2,9,,92569,1,0,16 40,2,9,,92626,1,0,16 40,2,9,,92593,1,0,16 40,2,49,,92619,1,0,16 40,2,9,,92641,1,0,16 40,2,9,,92639,1,0,16 40,2,9,,92625,1,0,16 40,2,9,,92608,1,0,16 40,2,9,,92667,1,0,16 40,2,9,,92549,1,0,16 40,2,49,,92618,1,0,16 40,2,9,,92666,1,0,16 40,2,9,,92636,1,0,16 40,2,9,,92585,1,0,16 40,2,9,,92612,1,0,16 40,2,9,,92620,1,0,16 40,2,49,,92546,1,0,16 40,2,9,,92598,1,0,16 40,2,9,,92628,1,0,16 40,2,9,,92586,1,0,16 40,2,9,,92566,1,0,16 40,2,9,,92605,1,0,16 40,2,9,,92643,1,0,16 40,2,49,,92613,1,0,16 40,2,9,,92567,1,0,16 40,2,9,,92571,1,0,16 40,2,9,,92600,1,0,16 40,2,9,,92588,1,0,16 40,2,9,,92660,1,0,16 40,2,9,,92599,1,0,16 40,2,49,,92609,1,0,16 40,2,9,,92553,1,0,16 40,2,9,,92559,1,0,16 40,2,9,,92573,1,0,16 40,2,9,,92563,1,0,16 40,2,9,,92560,1,0,16 40,2,49,,92590,1,0,16 40,2,9,,92649,1,0,16 40,2,9,,92630,1,0,16 40,2,9,,92616,1,0,16 40,2,9,,92564,1,0,16 40,2,9,,92591,1,0,16 40,2,9,,92679,1,0,16 40,2,49,,92587,1,0,16 40,2,9,,92677,1,0,16 40,2,9,,92647,1,0,16 40,2,9,,92624,1,0,16 40,2,9,,92610,1,0,16 40,2,9,,92678,1,0,16 40,2,9,,92577,1,0,16 40,2,49,,92632,1,0,16 40,2,9,,92655,1,0,16 40,2,10,,92547,1,0,16 40,2,5,,92565,1,0,17,2,5,,92669,1,0,16 40,2,10,,92676,1,0,16 40,2,10,,92558,1,0,16 40,2,50,,92554,1,0,16 40,2,10,,92582,1,0,16 40,2,10,,92602,1,0,16 40,2,10,,92657,1,0,16 40,2,10,,92623,1,0,16 40,2,5,,92638,1,0,17,2,5,,92583,1,0,16 40,2,50,,92580,1,0,16 40,2,10,,82678,1,0,16 40,2,10,,92674,1,0,16 40,2,10,,92635,1,0,16 40,2,10,,92552,1,0,16 40,2,10,,92601,1,0,16 40,2,50,,92648,1,0,16 40,2,10,,92594,1,0,16 40,2,10,,92574,1,0,16 40,2,10,,92614,1,0,16 40,2,10,,92589,1,0,16 40,2,10,,92550,1,0,16 40,2,50,,92568,1,0,16 40,2,10,,92579,1,0,16 40,2,10,,92680,1,0,16 40,2,10,,92659,1,0,16 40,2,5,,92597,1,0,17,2,5,,78098,1,0,16 40,2,10,,92551,1,0,16 40,2,50,,92604,1,0,16 40,2,10,,92576,1,0,16 40,2,10,,92627,1,0,16 40,2,10,,85854,1,0,16 40,2,10,,92555,1,0,16 40,2,10,,92673,1,0,16 40,2,50,,76954,1,0,16 40,2,10,,92629,1,0,16 40,2,10,,92556,1,0,16 40,2
50101,'3',500,,92763,1,0,16 40,2,10,,92686,1,0,16 40,2,10,,92708,1,0,16 40,2,10,,92746,1,0,16 40,2,10,,92707,1,0,16 40,2,10,,92779,1,0,16 40,2,50,,92734,1,0,16 40,2,10,,92706,1,0,16 40,2,10,,92688,1,0,16 40,2,10,,92750,1,0,16 40,2,10,,92755,1,0,16 40,2,10,,92739,1,0,16 40,2,50,,92789,1,0,16 40,2,10,,92814,1,0,16 40,2,10,,92782,1,0,16 40,2,10,,92811,1,0,16 40,2,10,,92729,1,0,16 40,2,10,,92685,1,0,16 40,2,50,,92716,1,0,16 40,2,10,,92733,1,0,16 40,2,10,,92786,1,0,16 40,2,10,,92775,1,0,16 40,2,10,,92809,1,0,16 40,2,10,,92816,1,0,16 40,2,50,,92712,1,0,16 40,2,10,,92769,1,0,16 40,2,10,,92710,1,0,16 40,2,10,,92773,1,0,16 40,2,10,,92793,1,0,16 40,2,10,,92776,1,0,16 40,2,50,,92802,1,0,16 40,2,10,,92732,1,0,16 40,2,10,,88698,1,0,16 40,2,10,,92749,1,0,16 40,2,10,,92727,1,0,16 40,2,10,,92740,1,0,16 40,2,50,,92737,1,0,16 40,2,10,,92752,1,0,16 40,2,10,,92761,1,0,16 40,2,10,,92777,1,0,16 40,2,10,,92794,1,0,16 40,2,10,,92780,1,0,16 40,2,50,,92731,1,0,16 40,2,10,,92702,1,0,16 40,2,10,,92783,1,0,16 40,2,10,,92757,1,0,16 40,2,10,,92790,1,0,16 40,2,10,,92807,1,0,16 40,2,50,,92705,1,0,16 40,2,10,,92721,1,0,16 40,2,10,,92694,1,0,16 40,2,10,,92797,1,0,16 40,2,10,,92788,1,0,16 40,2,10,,92762,1,0,16 40,2,50,,92768,1,0,16 40,2,10,,92805,1,0,16 40,2,10,,92725,1,0,16 40,2,10,,92771,1,0,16 40,2,10,,92751,1,0,16 40,2,10,,92792,1,0,16 40,2,50,,92693,1,0,16 40,2,10,,92703,1,0,16 40,2,10,,92700,1,0,16 40,2,10,,92758,1,0,16 40,2,10,,92738,1,0,16 40,2,10,,92774,1,0,16 40,2,50,,92745,1,0,16 40,2,10,,92711,1,0,16 40,2,10,,92778,1,0,16 40,2,10,,92767,1,0,16 40,2,10,,92754,1,0,16 40,2,10,,92697,1,0,16 40,2,50,,92722,1,0,16 40,2,10,,92696,1,0,16 40,2,10,,92695,1,0,16 40,2,10,,92796,1,0,16 40,2,10,,92726,1,0,16 40,2,10,,92690,1,0,16 40,2,50,,92704,1,0,16 40,2,10,,92753,1,0,16 40,2,10,,92810,1,0,16 40,2,10,,92699,1,0,16 40,2,10,,92766,1,0,16 40,2,10,,92748,1,0,16 40,2,50,,92803,1,0,16 40,2,10,,92692,1,0,16 40,2,10,,92713,1,0,16 40,2,10,,92813,1,0,16 40,2,10,,92714,1,0,16 40,2,10,,92728,1,0,16 40,2,50,,92730,1,0,16 40,2,10,,92736,1,0,16 40,2,10,,92735,1,0,16 40,2,10,,92785,1,0,16 40,2,5,,92698,1,0,17,2,5,,92723,1,0,16 40,2,5,,92765,1,0,17,2,5,,92800,1,0,16 40,2,50,,92724,1,0,16 40,2,10,,92718,1,0,16 40,2,10,,92770,1,0,16 40,2,10,,92691,1,0,16 40,2,10,,92743,1,0,16 40,2,9,,92772,1,0,16 40,2,9,,92764,1,0,16 40,2,49,,92684,1,0,16 40,2,10,,92687,1,0,16 40,2,10,,92795,1,0,16 40,2,10,,92799,1,0,16 40,2,10,,92798,1,0,16 40,2,10,,92812,1,0,16 40,2,50,,92719,1,0,16 40,2,10,,92759,1,0,16 40,2,10,,92720,1,0,16 40,2,10,,92760,1,0,16 40,2,10,,92784,1,0,16 40,2,10,,92804,1,0,16 40,2,50,,92787,1,0,16 40,2,10,,92791,1,0,16 40,2,10,,92715,1,0,16 40,2,10,,92806,1,0,16 40,2,10,,92747,1,0,16 40,2,12,,92741,1,0,16 40,2,52,,92744,1,0,16 40,2
50101,'5',500,,92888,1,0,16 40,2,10,,92946,1,0,16 40,2,10,,92818,1,0,16 40,2,10,,92933,1,0,16 40,2,10,,92838,1,0,16 40,2,10,,92859,1,0,16 40,2,50,,92837,1,0,16 40,2,10,,92900,1,0,16 40,2,10,,92845,1,0,16 40,2,10,,92939,1,0,16 40,2,10,,92876,1,0,16 40,2,10,,92943,1,0,16 40,2,50,,92835,1,0,16 40,2,10,,92930,1,0,16 40,2,10,,92905,1,0,16 40,2,10,,92907,1,0,16 40,2,10,,92870,1,0,16 40,2,10,,86294,1,0,16 40,2,50,,92882,1,0,16 40,2,10,,92932,1,0,16 40,2,10,,92836,1,0,16 40,2,10,,92840,1,0,16 40,2,10,,92867,1,0,16 40,2,10,,92892,1,0,16 40,2,50,,92914,1,0,16 40,2,10,,92863,1,0,16 40,2,10,,92940,1,0,16 40,2,10,,92924,1,0,16 40,2,10,,92894,1,0,16 40,2,10,,92918,1,0,16 40,2,50,,92925,1,0,16 40,2,10,,92822,1,0,16 40,2,10,,92926,1,0,16 40,2,10,,92861,1,0,16 40,2,10,,92866,1,0,16 40,2,10,,92938,1,0,16 40,2,50,,92936,1,0,16 40,2,10,,92852,1,0,16 40,2,10,,92928,1,0,16 40,2,10,,92862,1,0,16 40,2,10,,92895,1,0,16 40,2,10,,92833,1,0,16 40,2,50,,92916,1,0,16 40,2,10,,92829,1,0,16 40,2,10,,92872,1,0,16 40,2,10,,92885,1,0,16 40,2,10,,92896,1,0,16 40,2,10,,92904,1,0,16 40,2,50,,92827,1,0,16 40,2,10,,92890,1,0,16 40,2,10,,92817,1,0,16 40,2,10,,92917,1,0,16 40,2,10,,92857,1,0,16 40,2,10,,92891,1,0,16 40,2,50,,92915,1,0,16 40,2,10,,92854,1,0,16 40,2,10,,92937,1,0,16 40,2,10,,92851,1,0,16 40,2,10,,92875,1,0,16 40,2,10,,92847,1,0,16 40,2,50,,79276,1,0,16 40,2,10,,92830,1,0,16 40,2,10,,92922,1,0,16 40,2,10,,92825,1,0,16 40,2,10,,92858,1,0,16 40,2,10,,92849,1,0,16 40,2,50,,92934,1,0,16 40,2,10,,92853,1,0,16 40,2,10,,92947,1,0,16 40,2,10,,92902,1,0,16 40,2,10,,92898,1,0,16 40,2,10,,92942,1,0,16 40,2,50,,92843,1,0,16 40,2,10,,92945,1,0,16 40,2,10,,92842,1,0,16 40,2,10,,92931,1,0,16 40,2,10,,92913,1,0,16 40,2,10,,92909,1,0,16 40,2,50,,92893,1,0,16 40,2,10,,92821,1,0,16 40,2,10,,92921,1,0,16 40,2,10,,92841,1,0,16 40,2,10,,92899,1,0,16 40,2,10,,92846,1,0,16 40,2,50,,92844,1,0,16 40,2,10,,92828,1,0,16 40,2,10,,92874,1,0,16 40,2,10,,92883,1,0,16 40,2,10,,92903,1,0,16 40,2,10,,92941,1,0,16 40,2,50,,92884,1,0,16 40,2,10,,92832,1,0,16 40,2,10,,92824,1,0,16 40,2,10,,92877,1,0,16 40,2,5,,92834,1,0,17,2,5,,92855,1,0,16 40,2,5,,92911,1,0,17,2,5,,92865,1,0,16 40,2,50,,92820,1,0,16 40,2,10,,92923,1,0,16 40,2,10,,92826,1,0,16 40,2,10,,92881,1,0,16 40,2,10,,92860,1,0,16 40,2,9,,92871,1,0,16 40,2,9,,92879,1,0,16 40,2,49,,92823,1,0,16 40,2,10,,92869,1,0,16 40,2,10,,92880,1,0,16 40,2,10,,92850,1,0,16 40,2,10,,92887,1,0,16 40,2,10,,92864,1,0,16 40,2,50,,92910,1,0,16 40,2,10,,92831,1,0,16 40,2,10,,92868,1,0,16 40,2,10,,92848,1,0,16 40,2,10,,92920,1,0,16 40,2,10,,92873,1,0,16 40,2,50,,92919,1,0,16 40,2,10,,92897,1,0,16 40,2,10,,92901,1,0,16 40,2,10,,92935,1,0,16 40,2,10,,92886,1,0,16 40,2,12,,92929,1,0,16 40,2,52,,92839,1,0,16 40,2
50102,'1',500,,92964,8,4,,2,15,,93032,8,4,,2,15,,93018,8,4,,2,15,,92952,8,4,,2,55,,93055,8,4,,2,9,,92972,8,4,,2,10,,92991,8,4,,2,6,,92962,8,4,,2,2,,93075,64,4,,2,10,,92970,64,4,,2,10,,92983,64,4,,2,10,,92965,64,4,,2,50,,93053,64,4,,2,10,,92996,64,4,,2,10,,93025,64,4,,2,10,,93011,64,4,,2,10,,93034,64,4,,2,10,,92953,64,4,,2,50,,92976,64,4,,2,10,,93070,64,4,,2,10,,92971,64,4,,2,7,,93061,8,4,,2,3,,92995,64,4,,2,10,,92959,64,4,,2,12,,92989,64,4,,2,52,,93042,64,4,,2,16,,92993,64,4,,2,12,,92988,64,4,,2,10,,78637,64,4,,2,10,,92985,64,4,,2,50,,93072,64,4,,2,10,,92973,64,4,,2,10,,93047,64,4,,2,12,,93031,64,4,,2,10,,92975,64,4,,2,50,,93008,64,4,,2,10,,92963,64,4,,2,10,,92978,64,4,,2,10,,92984,64,4,,2,10,,93028,64,4,,2,10,,93063,64,4,,2,50,,92986,64,4,,2,10,,92994,64,4,,2,10,,92961,64,4,,2,10,,93010,64,4,,2,10,,92954,64,4,,2,10,,93069,64,4,,2,50,,93049,64,4,,2,10,,93062,64,4,,2,10,,93030,64,4,,2,10,,92982,64,4,,2,10,,93035,64,4,,2,10,,93009,64,4,,2,50,,92956,64,4,,2,10,,92992,64,4,,2,10,,93029,64,4,,2,10,,93021,64,4,,2,10,,92998,64,4,,2,10,,93019,64,4,,2,50,,92999,64,4,,2,10,,93060,64,4,,2,10,,92981,64,4,,2,10,,93058,64,4,,2,10,,92977,64,4,,2,10,,93013,64,4,,2,50,,93050,64,4,,2,10,,93066,64,4,,2,13,,93038,64,4,,2,10,,92974,64,4,,2,14,,93074,64,4,,2,2,,93026,8,4,,2,51,,92968,64,4,,2,10,,93045,64,4,,2,10,,93044,64,4,,2,10,,92990,64,4,,2,10,,92950,64,4,,2,10,,93005,64,4,,2,50,,93000,64,4,,2,10,,93051,64,4,,2,10,,93007,64,4,,2,10,,93001,64,4,,2,10,,92967,64,4,,2,16,,92969,64,4,,2,50,,93039,64,4,,2,10,,93014,64,4,,2,10,,93036,64,4,,2,10,,92979,64,4,,2,10,,93073,64,4,,2,10,,93023,64,4,,2,50,,93012,64,4,,2,10,,93048,64,4,,2,7,,93017,64,4,,2,10,,93040,64,4,,2,5,,88247,64,4,,2,6,,93006,64,4,,2,10,,93046,64,4,,2,50,,92966,64,4,,2,10,,93033,64,4,,2,10,,93002,64,4,,2,10,,93068,64,4,,2,10,,93016,64,4,,2,10,,93064,64,4,,2,50,,92951,64,4,,2,10,,92957,64,4,,2,10,,93037,64,4,,2,10,,93043,64,4,,2,10,,93071,64,4,,2,10,,93054,64,4,,2,50,,92949,64,4,,2,10,,92948,64,4,,2,5,,93067,64,4,,2,11,,87466,64,4,,2,4,,92987,64,4,,2,10,,93024,64,4,,2,10,,93065,64,4,,2,50,,93041,64,4,,2,10,,93022,64,4,,2,10,,93056,64,4,,2,10,,92955,64,4,,2,10,,93059,64,4,,2,10,,93015,64,4,,2,50,,92980,64,4,,2,10,,93003,64,4,,2,10,,92997,64,4,,2,10,,92958,64,4,,2,10,,93027,64,4,,2,10,,93020,64,4,,2
50102,'2',451,,93112,8,4,,2,50,,93084,8,4,,2,10,,93085,8,4,,2,10,,93120,8,4,,2,10,,93122,8,4,,2,10,,93134,8,4,,2,10,,93137,8,4,,2,50,,93183,8,4,,2,10,,93104,8,4,,2,10,,93079,64,4,,2,9,,93194,64,4,,2,9,,93082,64,4,,2,10,,93088,64,4,,2,10,,93180,64,4,,2,50,,93111,64,4,,2,10,,93155,64,4,,2,10,,93176,64,4,,2,10,,93161,64,4,,2,10,,93141,64,4,,2,10,,93195,64,4,,2,50,,93139,64,4,,2,10,,93158,64,4,,2,10,,93174,64,4,,2,10,,93199,64,4,,2,10,,93126,64,4,,2,53,,93197,64,4,,2,14,,93136,64,4,,2,8,,93157,8,4,,2,8,,93131,64,4,,2,8,,93144,8,4,,2,7,,93164,64,4,,2,53,,93149,64,4,,2,10,,93096,64,4,,2,10,,93113,64,4,,2,10,,93102,64,4,,2,10,,93115,64,4,,2,10,,93191,64,4,,2,50,,93146,64,4,,2,10,,93087,64,4,,2,10,,93150,64,4,,2,10,,93184,64,4,,2,10,,84134,64,4,,2,10,,93116,64,4,,2,50,,93123,64,4,,2,5,,93133,8,4,,2,9,,93154,64,4,,2,14,,93208,64,4,,2,6,,93172,8,4,,2,7,,93167,64,4,,2,7,,93205,8,4,,2,7,,93100,64,4,,2,49,,93162,64,4,,2,9,,93076,64,4,,2,9,,93207,64,4,,2,9,,93187,64,4,,2,9,,93186,64,4,,2,9,,93118,64,4,,2,9,,93169,64,4,,2,49,,93094,64,4,,2,9,,93135,64,4,,2,9,,93097,64,4,,2,9,,93098,64,4,,2,9,,93153,64,4,,2,9,,93211,64,4,,2,49,,93099,64,4,,2,9,,93114,64,4,,2,9,,93152,64,4,,2,9,,93165,64,4,,2,9,,93089,64,4,,2,9,,93215,64,4,,2,9,,93202,64,4,,2,49,,93148,64,4,,2,9,,93108,64,4,,2,9,,93179,64,4,,2,9,,93107,64,4,,2,9,,93128,64,4,,2,9,,93125,64,4,,2,9,,93190,64,4,,2,49,,93178,64,4,,2,9,,93206,64,4,,2,9,,93119,64,4,,2,9,,93173,64,4,,2,9,,93080,64,4,,2,9,,93203,64,4,,2,49,,93182,64,4,,2,9,,93142,64,4,,2,9,,93163,64,4,,2,9,,93210,64,4,,2,9,,93117,64,4,,2,9,,93156,64,4,,2,9,,93078,64,4,,2,49,,93151,64,4,,2,9,,93103,64,4,,2,9,,93193,64,4,,2,9,,93181,64,4,,2,9,,93166,64,4,,2,9,,93145,64,4,,2,9,,93212,64,4,,2,49,,93091,64,4,,2,9,,93105,64,4,,2,9,,93090,64,4,,2,6,,93106,64,4,,2,7,,93204,64,4,,2,6,,93214,64,4,,2,7,,93121,64,4,,2,50,,93196,64,4,,2,10,,93185,64,4,,2,10,,93168,64,4,,2,10,,93132,64,4,,2,10,,93140,64,4,,2,10,,93127,64,4,,2,50,,93083,64,4,,2,10,,93189,64,4,,2,10,,93130,64,4,,2,10,,93143,64,4,,2,10,,93192,64,4,,2,10,,93170,64,4,,2,50,,93093,64,4,,2,10,,93081,64,4,,2,10,,93124,64,4,,2,6,,93077,64,4,,2,12,,93147,64,4,,2,7,,93160,64,4,,2,10,,93175,64,4,,2,50,,93171,64,4,,2,10,,93200,64,4,,2,10,,93095,64,4,,2,10,,93188,64,4,,2,10,,93086,64,4,,2,10,,93177,64,4,,2,50,,93198,64,4,,2,10,,93129,64,4,,2,10,,93092,64,4,,2,10,,93101,64,4,,2,12,,93209,64,4,,2,53,,93110,64,4,,2
50102,'3',451,,93259,8,4,,2,50,,93270,8,4,,2,10,,93266,8,4,,2,10,,93264,8,4,,2,10,,93310,8,4,,2,10,,93311,8,4,,2,10,,93320,8,4,,2,50,,93291,8,4,,2,10,,93338,8,4,,2,9,,93230,64,4,,2,10,,93236,64,4,,2,10,,93241,64,4,,2,10,,85143,64,4,,2,50,,93245,64,4,,2,10,,93263,64,4,,2,10,,93271,64,4,,2,10,,93289,64,4,,2,10,,93250,64,4,,2,10,,93240,64,4,,2,50,,93238,64,4,,2,10,,93303,64,4,,2,10,,93329,64,4,,2,10,,93286,64,4,,2,10,,93293,64,4,,2,10,,80294,64,4,,2,55,,93229,64,4,,2,6,,93284,8,4,,2,8,,93307,64,4,,2,13,,93256,64,4,,2,6,,93308,8,4,,2,7,,93253,64,4,,2,13,,93298,64,4,,2,48,,93220,64,4,,2,10,,93288,64,4,,2,10,,93332,64,4,,2,10,,93269,64,4,,2,10,,93287,64,4,,2,10,,93337,64,4,,2,50,,93314,64,4,,2,10,,93218,64,4,,2,10,,93246,64,4,,2,10,,93216,64,4,,2,10,,79000,64,4,,2,10,,93283,64,4,,2,52,,93290,64,4,,2,12,,93282,64,4,,2,13,,93335,64,4,,2,6,,93333,8,4,,2,6,,93233,64,4,,2,10,,93219,64,4,,2,50,,93302,64,4,,2,10,,93313,64,4,,2,10,,93331,64,4,,2,10,,93315,64,4,,2,10,,93223,64,4,,2,10,,93277,64,4,,2,50,,93261,64,4,,2,10,,93226,64,4,,2,10,,76208,64,4,,2,10,,93281,64,4,,2,10,,85003,64,4,,2,10,,93319,64,4,,2,50,,93306,64,4,,2,10,,93292,64,4,,2,10,,93222,64,4,,2,10,,84202,64,4,,2,10,,93328,64,4,,2,10,,87834,64,4,,2,50,,93325,64,4,,2,10,,93234,64,4,,2,10,,93231,64,4,,2,10,,93296,64,4,,2,10,,93242,64,4,,2,10,,93278,64,4,,2,50,,93322,64,4,,2,10,,93221,64,4,,2,10,,93272,64,4,,2,10,,93316,64,4,,2,10,,93235,64,4,,2,10,,93262,64,4,,2,50,,93334,64,4,,2,10,,93299,64,4,,2,10,,93248,64,4,,2,10,,93232,64,4,,2,10,,93285,64,4,,2,10,,93255,64,4,,2,50,,93326,64,4,,2,10,,93340,64,4,,2,10,,93339,64,4,,2,10,,93305,64,4,,2,10,,93318,64,4,,2,10,,82321,64,4,,2,50,,93317,64,4,,2,5,,93304,64,4,,2,6,,93243,64,4,,2,6,,93301,64,4,,2,8,,93258,64,4,,2,10,,93276,64,4,,2,10,,93273,64,4,,2,50,,93260,64,4,,2,10,,93227,64,4,,2,10,,93295,64,4,,2,10,,93237,64,4,,2,10,,93321,64,4,,2,10,,93249,64,4,,2,50,,93312,64,4,,2,10,,93323,64,4,,2,10,,80255,64,4,,2,10,,93279,64,4,,2,10,,93257,64,4,,2,10,,93265,64,4,,2,50,,93297,64,4,,2,10,,93309,64,4,,2,10,,93267,64,4,,2,4,,93252,64,4,,2,10,,93274,64,4,,2,10,,93225,64,4,,2,10,,93275,64,4,,2,50,,93244,64,4,,2,10,,93217,64,4,,2,10,,93239,64,4,,2,10,,93324,64,4,,2,10,,93280,64,4,,2,10,,93327,64,4,,2,50,,93336,64,4,,2,10,,93251,64,4,,2,10,,93254,64,4,,2,10,,93300,64,4,,2,11,,93247,64,4,,2,12,,93228,64,4,,2
50102,'5',451,,93438,8,4,,2,50,,93366,8,4,,2,10,,93454,8,4,,2,10,,93467,8,4,,2,10,,93356,8,4,,2,10,,93381,8,4,,2,10,,93367,8,4,,2,50,,93348,8,4,,2,10,,88909,8,4,,2,9,,93456,64,4,,2,10,,93349,64,4,,2,10,,93441,64,4,,2,10,,93355,64,4,,2,50,,93362,64,4,,2,10,,93423,64,4,,2,10,,93433,64,4,,2,10,,93412,64,4,,2,10,,93445,64,4,,2,10,,93408,64,4,,2,50,,93378,64,4,,2,10,,93468,64,4,,2,10,,93347,64,4,,2,10,,93466,64,4,,2,10,,93424,64,4,,2,10,,93376,64,4,,2,55,,93414,64,4,,2,6,,93384,8,4,,2,8,,93390,64,4,,2,13,,93442,64,4,,2,6,,93358,8,4,,2,7,,75492,64,4,,2,13,,93401,64,4,,2,48,,93419,64,4,,2,10,,93461,64,4,,2,10,,93447,64,4,,2,10,,93426,64,4,,2,10,,93377,64,4,,2,10,,93388,64,4,,2,50,,93450,64,4,,2,10,,93346,64,4,,2,10,,93350,64,4,,2,10,,93380,64,4,,2,10,,93363,64,4,,2,10,,93459,64,4,,2,52,,93430,64,4,,2,12,,93439,64,4,,2,13,,93418,64,4,,2,6,,91178,8,4,,2,6,,93383,64,4,,2,10,,93431,64,4,,2,50,,93446,64,4,,2,10,,93351,64,4,,2,10,,93404,64,4,,2,10,,93344,64,4,,2,10,,93395,64,4,,2,10,,93449,64,4,,2,50,,93368,64,4,,2,10,,93428,64,4,,2,10,,93405,64,4,,2,10,,93440,64,4,,2,10,,93429,64,4,,2,10,,93397,64,4,,2,50,,81937,64,4,,2,10,,93371,64,4,,2,10,,93400,64,4,,2,10,,93413,64,4,,2,10,,93436,64,4,,2,10,,93415,64,4,,2,50,,93417,64,4,,2,10,,93391,64,4,,2,10,,93372,64,4,,2,10,,93359,64,4,,2,10,,93421,64,4,,2,10,,93354,64,4,,2,50,,93451,64,4,,2,10,,93342,64,4,,2,10,,93345,64,4,,2,10,,93407,64,4,,2,10,,93353,64,4,,2,10,,93385,64,4,,2,50,,93465,64,4,,2,10,,93403,64,4,,2,10,,93370,64,4,,2,10,,93392,64,4,,2,10,,93448,64,4,,2,10,,93406,64,4,,2,50,,93375,64,4,,2,10,,93374,64,4,,2,10,,93464,64,4,,2,10,,93409,64,4,,2,10,,93434,64,4,,2,10,,93394,64,4,,2,50,,93460,64,4,,2,5,,93458,64,4,,2,6,,93437,64,4,,2,6,,93443,64,4,,2,8,,93364,64,4,,2,10,,93396,64,4,,2,10,,93386,64,4,,2,50,,93457,64,4,,2,10,,93422,64,4,,2,10,,93453,64,4,,2,10,,93369,64,4,,2,10,,93343,64,4,,2,10,,93360,64,4,,2,50,,93452,64,4,,2,10,,93361,64,4,,2,10,,93357,64,4,,2,10,,93382,64,4,,2,10,,93410,64,4,,2,10,,93455,64,4,,2,50,,87990,64,4,,2,10,,93365,64,4,,2,10,,93393,64,4,,2,4,,93398,64,4,,2,10,,93411,64,4,,2,10,,93389,64,4,,2,10,,93463,64,4,,2,50,,93402,64,4,,2,10,,93399,64,4,,2,10,,93427,64,4,,2,10,,93416,64,4,,2,10,,93462,64,4,,2,10,,93387,64,4,,2,50,,93425,64,4,,2,10,,93373,64,4,,2,10,,82351,64,4,,2,10,,93352,64,4,,2,11,,93444,64,4,,2,12,,93432,64,4,,2
