30402,'1',2609,,123924,7,0,5 6 7,2,10,,123923,7,0,5 6 7,2,10,,123934,7,0,5 6 7,2,10,,123922,7,0,5 6 7,2,10,,123920,7,0,5 6 7,2,10,,123919,7,0,5 6 7,2,50,,123932,7,0,5 6 7,2,10,,123928,7,0,5 6 7,2,10,,123931,7,0,5 6 7,2,10,,123918,7,0,5 6 7,2,10,,123921,7,0,5 6 7,2,10,,123935,7,0,5 6 7,2,50,,123936,7,0,5 6 7,2,10,,123915,7,0,5 6 7,2,10,,123916,7,0,5 6 7,2,10,,123937,7,0,5 6 7,2,6,,123926,7,0,5 6 7,2,11,,123929,7,0,14,2,50,,123927,7,0,14,2,10,,123925,7,0,14,2,10,,123917,7,0,14,2,10,,123933,7,0,14,2,14,,123930,7,0,14,2
30402,'2',2602,,123960,7,0,14,2,10,,123942,7,0,14,2,17,,123939,7,0,5 6 7,2,10,,123961,7,0,5 6 7,2,10,,123947,7,0,5 6 7,2,10,,123958,7,0,5 6 7,2,50,,123938,7,0,5 6 7,2,10,,123950,7,0,5 6 7,2,10,,123944,7,0,5 6 7,2,10,,123953,7,0,5 6 7,2,10,,123949,7,0,5 6 7,2,10,,123957,7,0,5 6 7,2,50,,123941,7,0,5 6 7,2,10,,123959,7,0,5 6 7,2,10,,123952,7,0,5 6 7,2,10,,123946,7,0,5 6 7,2,10,,123954,7,0,5 6 7,2,10,,123940,7,0,5 6 7,2,53,,123943,7,0,5 6 7,2,7,,123945,7,0,14,2,10,,123948,7,0,14,2,10,,123951,7,0,14,2,10,,123955,7,0,14,2,10,,123956,7,0,14,2
30402,'3',506,,124001,7,0,21,2,21,,124013,7,0,21,2,16,,124005,7,0,21,2,13,,123997,7,0,21,2,54,,123992,7,0,21,2,14,,123973,7,0,21,2,14,,124010,7,0,21,2,14,,123969,7,0,21,2,54,,123990,7,0,21,2,14,,119646,7,0,21,2,14,,123964,7,0,21,2,14,,124000,7,0,21,2,54,,124004,7,0,21,2,1830,,123991,7,0,5 6 7,2,10,,123999,7,0,5 6 7,2,10,,123972,7,0,5 6 7,2,50,,123965,7,0,5 6 7,2,10,,123987,7,0,5 6 7,2,10,,124012,7,0,5 6 7,2,10,,123989,7,0,5 6 7,2,10,,123970,7,0,5 6 7,2,10,,123998,7,0,5 6 7,2,50,,123967,7,0,5 6 7,2,10,,123994,7,0,5 6 7,2,11,,123963,7,0,5 6 7,2,4,,124002,7,0,14,2,10,,123962,7,0,14,2,10,,123978,7,0,14,2,10,,123983,7,0,14,2,50,,123979,7,0,14,2,10,,123996,7,0,14,2,10,,123982,7,0,14,2,10,,123988,7,0,14,2,10,,123974,7,0,14,2
30402,'5',2632,,124032,7,0,5 6 7,2,10,,124020,7,0,5 6 7,2,10,,124033,7,0,5 6 7,2,50,,124028,7,0,5 6 7,2,10,,124021,7,0,5 6 7,2,10,,124023,7,0,5 6 7,2,10,,124022,7,0,5 6 7,2,10,,124025,7,0,5 6 7,2,10,,124018,7,0,5 6 7,2,50,,124029,7,0,5 6 7,2,10,,124024,7,0,5 6 7,2,11,,124027,7,0,5 6 7,2,4,,124016,7,0,14,2,10,,121069,7,0,14,2,10,,124026,7,0,14,2,10,,124014,7,0,14,2,50,,124015,7,0,14,2,10,,124017,7,0,14,2,10,,124030,7,0,14,2,10,,124019,7,0,14,2,10,,124031,7,0,14,2
30502,'1',2519,,124119,7,0,5 41,2,20,,124118,7,0,5 41,2,20,,124112,7,0,5 41,2,60,,124117,7,0,5 41,2,20,,124120,7,0,5 41,2,4,,124113,7,,,2,16,,124122,7,0,5 41,2,60,,124123,7,0,5 41,2,30,,124114,7,0,5 41,2,55,,124121,7,,,2,15,,124116,7,0,5 41,2,20,,124115,7,,,2
30502,'2',2509,,124131,7,0,5 41,2,5,,124141,7,,,2,6,,124132,7,,,2,9,,124127,7,0,5 41,2,20,,124128,7,0,5 41,2,10,,124124,7,,,2,50,,124130,7,0,5 41,2,4,,124135,7,,,2,16,,124125,7,0,5 41,2,20,,124126,7,0,5 41,2,60,,124136,7,0,5 41,2,20,,124133,7,0,5 41,2,20,,124139,7,0,5 41,2,60,,124140,7,0,5 41,2,30,,124138,7,0,5 41,2,9,,124137,7,,,2,70,,124129,7,,,2,30,,124134,7,,,2
30502,'3',455,,124170,7,0,5 41,2,57,,124169,7,0,5 41,2,17,,124159,7,0,5 41,2,15,,124145,7,0,5 41,2,15,,124152,7,0,5 41,2,55,,124171,7,0,5 41,2,10,,124147,7,0,5 41,2,10,,124154,7,0,5 41,2,10,,124175,7,0,5 41,2,10,,124157,7,0,5 41,2,50,,124164,7,0,5 41,2,10,,124151,7,0,5 41,2,10,,124176,7,0,5 41,2,10,,124155,7,0,5 41,2,10,,124143,7,0,5 41,2,1769,,124161,7,0,5 41,2,10,,124174,7,0,5 41,2,5,,124167,7,,,2,15,,124172,7,0,5 41,2,11,,124166,7,,,2,49,,124163,7,0,5 41,2,10,,124148,7,0,5 41,2,11,,124173,7,,,2,6,,124165,7,,,2,13,,124158,7,0,5 41,2,60,,124156,7,0,5 41,2,20,,124168,7,0,5 41,2,20,,124146,7,0,5 41,2,60,,124142,7,0,5 41,2,20,,124150,7,,,2,30,,124149,7,,,2,70,,124144,7,,,2,20,,124153,7,,,2
30502,'5',2513,,124185,7,0,5 41,2,10,,124189,7,0,5 41,2,10,,124183,7,,,2,10,,124180,7,0,5 41,2,60,,124192,7,0,5 41,2,20,,124178,7,0,5 41,2,5,,124191,7,,,2,5,,114411,7,,,2,10,,124179,7,0,5 41,2,60,,124186,7,0,5 41,2,20,,124182,7,0,5 41,2,20,,124177,7,0,5 41,2,70,,124190,7,0,5 41,2,9,,124188,7,,,2,30,,124187,7,,,2,70,,124181,7,,,2,30,,124184,7,,,2
50402,'1',455,,127965,7,0,21,2,50,,127947,7,0,21,2,10,,127980,7,0,21,2,10,,127950,7,0,21,2,10,,128034,7,0,21,2,10,,127992,7,0,21,2,10,,127993,7,0,21,2,46,,127935,6,0,21,2,10,,128114,6,0,21,2,10,,127916,6,0,21,2,10,,128021,6,0,21,2,10,,127975,6,0,21,2,10,,127963,6,0,21,2,50,,128148,6,0,21,2,11,,128084,6,0,21,2,8,,127970,6,0,21,2,9,,128156,6,0,21,2,6,,128135,6,0,21,2,6,,128136,6,0,21,2,7,,128053,6,0,21,2,6,,128176,6,0,21,2,46,,128090,6,0,21,2,13,,128009,6,0,21,2,6,,128039,6,0,21,2,5,,128095,6,0,21,2,12,,127940,6,0,21,2,11,,128075,6,0,21,2,9,,128071,6,0,21,2,48,,128023,6,0,21,2,8,,128018,6,0,21,2,8,,128073,6,0,21,2,8,,127995,6,0,21,2,8,,128100,6,0,21,2,8,,128155,6,0,21,2,8,,128125,6,0,21,2,48,,128130,6,0,21,2,8,,127973,6,0,21,2,8,,128163,6,0,21,2,8,,127912,6,0,21,2,9,,128116,6,,,2,5,,128028,6,0,21,2,9,,128181,6,0,21,2,8,,127958,6,0,21,2,49,,127968,6,0,21,2,10,,127934,6,0,21,2,10,,127953,6,0,21,2,10,,127933,6,0,21,2,10,,127972,6,0,21,2,10,,112931,6,0,21,2,50,,128040,6,0,21,2,10,,128131,6,0,21,2,10,,128157,6,0,21,2,10,,128056,6,0,21,2,10,,128104,6,0,21,2,10,,128112,6,0,21,2,50,,128006,6,0,21,2,10,,128170,6,0,21,2,10,,127960,6,0,21,2,10,,128086,6,0,21,2,10,,128153,6,0,21,2,10,,127910,6,0,21,2,50,,127988,6,0,21,2,11,,128036,6,0,21,2,10,,128017,6,0,21,2,10,,127964,6,0,21,2,10,,128106,6,0,21,2,10,,128029,6,0,21,2,50,,127966,6,0,21,2,10,,128161,6,0,21,2,10,,128026,6,0,21,2,11,,128070,6,0,21,2,12,,127948,6,0,21,2,11,,128105,6,0,21,2,50,,128138,6,0,21,2,10,,128184,6,0,21,2,10,,128052,6,0,21,2,10,,128128,6,0,21,2,10,,127977,6,0,21,2,10,,128012,6,0,21,2,50,,128010,6,0,21,2,10,,128143,6,0,21,2,10,,127911,6,0,21,2,10,,128159,6,0,21,2,10,,128150,6,0,21,2,10,,127996,6,0,21,2,50,,128027,6,0,21,2,10,,128050,6,0,21,2,10,,128120,6,0,21,2,10,,128051,6,0,21,2,10,,127928,6,0,21,2,10,,127931,6,0,21,2,50,,128145,6,0,21,2,10,,127929,6,0,21,2,10,,128142,6,0,21,2,9,,122444,6,0,21,2,10,,127976,6,0,21,2,8,,128035,6,0,21,2,48,,128109,6,0,21,2,10,,128133,6,0,21,2,10,,127936,6,0,21,2,9,,128129,6,0,21,2,10,,128123,6,0,21,2,10,,128168,6,0,21,2,50,,128060,6,0,21,2,10,,127969,6,0,21,2,10,,128074,6,0,21,2,10,,127989,6,0,21,2,10,,128108,6,0,21,2,10,,128043,6,0,21,2,50,,127945,6,0,21,2,10,,128054,6,0,21,2,10,,109133,6,0,21,2,10,,127927,6,0,21,2,10,,128058,6,0,21,2,9,,107088,6,0,21,2,50,,128082,6,0,21,2,10,,128107,6,0,21,2,10,,128164,6,0,21,2,10,,128144,6,0,21,2,10,,112201,6,0,21,2,10,,128087,6,0,21,2,50,,114700,6,0,21,2,10,,128092,6,0,21,2,10,,127906,6,0,21,2,10,,128091,6,0,21,2,10,,128045,6,0,21,2,10,,128007,6,0,21,2,50,,128041,6,0,21,2,10,,127918,6,0,21,2,10,,128119,6,0,21,2,10,,128165,6,0,21,2,10,,128020,6,0,21,2,10,,128088,6,0,21,2,50,,128173,6,0,21,2
50402,'2',506,,128352,7,0,21,2,15,,128424,7,0,21,2,10,,128305,7,0,21,2,10,,128205,7,0,21,2,10,,128370,7,0,21,2,50,,128190,6,0,21,2,10,,128194,6,0,21,2,10,,128434,6,0,21,2,15,,128437,6,0,21,2,10,,128431,6,0,21,2,10,,128203,6,0,21,2,50,,128423,6,0,21,2,10,,128343,6,0,21,2,10,,128379,6,0,21,2,10,,128235,6,0,21,2,10,,128397,6,0,21,2,10,,128281,6,0,21,2,50,,128303,6,0,21,2,12,,128336,6,0,21,2,10,,128223,6,0,21,2,11,,128301,6,0,21,2,13,,128198,6,0,21,2,55,,128385,6,0,21,2,13,,128212,6,0,21,2,11,,128329,6,0,21,2,10,,128219,6,0,21,2,10,,128342,6,0,21,2,50,,128376,6,0,21,2,10,,128335,6,0,21,2,10,,128244,6,0,21,2,10,,128433,6,0,21,2,10,,128276,6,0,21,2,10,,128348,6,0,21,2,50,,128268,6,0,21,2,10,,128249,6,0,21,2,10,,128294,6,0,21,2,10,,128399,6,0,21,2,10,,128261,6,0,21,2,12,,128408,6,0,21,2,50,,128208,6,0,21,2,10,,128322,6,0,21,2,10,,128238,6,0,21,2,10,,128417,6,0,21,2,10,,128345,6,0,21,2,10,,128266,6,0,21,2,50,,128375,6,0,21,2,10,,128298,6,0,21,2,7,,128396,6,0,21,2,7,,128201,6,0,21,2,14,,128220,6,0,21,2,10,,128337,6,0,21,2,50,,128247,6,0,21,2,10,,128438,6,0,21,2,10,,128358,6,0,21,2,10,,128349,6,0,21,2,10,,128419,6,0,21,2,10,,128271,6,0,21,2,50,,128360,6,0,21,2,10,,128350,6,0,21,2,10,,128326,6,0,21,2,10,,128427,6,0,21,2,10,,128232,6,0,21,2,10,,128225,6,0,21,2,50,,128270,6,0,21,2,10,,128442,6,0,21,2,10,,128380,6,0,21,2,10,,128254,6,0,21,2,10,,128210,6,0,21,2,10,,128388,6,0,21,2,50,,128387,6,0,21,2,10,,128286,6,0,21,2,10,,116674,6,0,21,2,10,,128312,6,0,21,2,10,,128404,6,0,21,2,10,,128368,6,0,21,2,50,,128429,6,0,21,2,10,,128302,6,0,21,2,10,,128253,6,0,21,2,10,,128364,6,0,21,2,10,,128384,6,0,21,2,10,,128338,6,0,21,2,50,,128366,6,0,21,2,10,,128196,6,0,21,2,10,,128311,6,0,21,2,10,,128369,6,0,21,2,8,,128236,6,0,21,2,8,,128299,6,0,21,2,8,,128401,6,0,21,2,50,,128199,6,0,21,2,10,,128436,6,0,21,2,10,,110635,6,0,21,2,10,,128390,6,0,21,2,10,,128280,6,0,21,2,10,,128443,6,0,21,2,50,,128204,6,0,21,2,10,,128195,6,0,21,2,10,,128282,6,0,21,2,10,,128320,6,0,21,2,10,,128300,6,0,21,2,10,,128341,6,0,21,2,50,,128373,6,0,21,2,10,,128317,6,0,21,2,10,,128297,6,0,21,2,10,,118503,6,0,21,2,10,,128374,6,0,21,2,10,,128406,6,0,21,2,49,,128285,6,0,21,2,10,,128242,6,0,21,2,12,,128378,6,0,21,2,10,,128272,6,0,21,2,10,,128412,6,0,21,2,10,,128214,6,0,21,2,50,,128377,6,0,21,2,10,,128315,6,0,21,2,10,,128193,6,0,21,2,10,,122913,6,0,21,2,10,,128251,6,0,21,2,10,,128279,6,0,21,2,50,,128239,6,0,21,2,10,,128262,6,0,21,2,10,,128327,6,0,21,2,10,,121645,6,0,21,2,10,,128394,6,0,21,2,10,,128441,6,0,21,2
50402,'3',816,,128575,6,0,21,2,14,,128641,6,0,21,2,8,,128464,6,0,21,2,8,,128469,6,0,21,2,54,,128624,6,0,21,2,14,,128483,6,0,21,2,8,,128525,6,0,21,2,8,,128590,6,0,21,2,15,,128584,6,0,21,2,8,,128492,6,0,21,2,52,,128481,6,0,21,2,12,,128617,6,0,21,2,10,,128505,6,0,21,2,10,,128544,6,0,21,2,10,,128646,6,0,21,2,10,,128521,6,0,21,2,50,,128517,6,0,21,2,10,,128607,6,0,21,2,10,,128644,6,0,21,2,10,,128645,6,0,21,2,10,,128506,6,0,21,2,10,,128547,6,0,21,2,51,,128598,6,0,21,2,10,,128473,6,0,21,2,10,,128610,6,0,21,2,10,,128524,6,0,21,2,13,,128458,6,0,21,2,54,,128502,6,0,21,2,11,,128581,6,0,21,2,10,,128603,6,0,21,2,10,,128654,6,0,21,2,10,,128631,6,0,21,2,10,,128661,6,0,21,2,50,,128642,6,0,21,2,10,,128539,6,0,21,2,10,,128477,6,0,21,2,10,,128553,6,0,21,2,10,,128540,6,0,21,2,10,,128526,6,0,21,2,50,,128566,6,0,21,2,10,,128648,6,0,21,2,10,,128499,6,0,21,2,10,,128445,6,0,21,2,10,,128533,6,0,21,2,10,,128453,6,0,21,2,50,,128488,6,0,21,2,10,,128595,6,0,21,2,10,,128465,6,0,21,2,10,,128614,6,0,21,2,10,,128602,6,0,21,2,10,,128448,6,0,21,2,50,,128594,6,0,21,2,10,,128562,6,0,21,2,10,,128600,6,0,21,2,10,,109998,6,0,21,2,10,,128605,6,0,21,2,10,,128650,6,0,21,2,50,,128519,6,0,21,2,10,,128470,6,0,21,2,10,,128475,6,0,21,2,10,,128447,6,0,21,2,10,,128546,6,0,21,2,10,,128643,6,0,21,2,50,,128597,6,0,21,2,10,,128557,6,0,21,2,10,,128482,6,0,21,2,10,,128501,6,0,21,2,10,,128560,6,0,21,2,8,,128487,6,0,21,2,49,,128460,6,0,21,2,10,,128637,6,0,21,2,10,,128550,6,0,21,2,10,,128514,6,0,21,2,10,,128486,6,0,21,2,10,,128446,6,0,21,2,50,,128523,6,0,21,2,10,,128542,6,0,21,2,10,,128468,6,0,21,2,10,,128580,6,0,21,2,10,,128455,6,0,21,2,10,,128515,6,0,21,2,50,,114195,6,0,21,2,10,,128585,6,0,21,2,10,,128633,6,0,21,2,10,,128507,6,0,21,2,10,,128490,6,0,21,2,10,,128466,6,0,21,2,49,,128657,6,0,21,2,10,,128619,6,0,21,2,10,,128530,6,0,21,2,10,,128513,6,0,21,2,10,,128508,6,0,21,2,10,,128558,6,0,21,2,50,,128478,6,0,21,2,10,,128567,6,0,21,2,10,,128659,6,0,21,2,10,,128463,6,0,21,2,10,,117483,6,0,21,2,10,,128634,6,0,21,2,50,,128493,6,0,21,2,10,,128627,6,0,21,2,10,,128588,6,0,21,2,10,,128616,6,0,21,2,10,,128636,6,0,21,2,10,,128450,6,0,21,2,50,,118762,6,0,21,2,10,,128559,6,0,21,2
50402,'5',505,,128885,6,0,21,2,21,,128803,6,0,21,2,16,,128672,7,0,21,2,14,,128799,7,0,21,2,54,,128916,6,0,21,2,14,,128693,6,0,21,2,14,,128744,6,0,21,2,14,,128805,6,0,21,2,54,,128687,6,0,21,2,14,,128820,6,0,21,2,14,,128787,6,0,21,2,14,,128755,6,0,21,2,54,,128768,6,0,21,2,14,,128840,6,0,21,2,14,,128681,6,0,21,2,8,,128698,6,0,21,2,8,,128773,6,0,21,2,54,,128832,6,0,21,2,14,,128831,6,0,21,2,8,,128824,6,0,21,2,8,,128708,6,0,21,2,15,,128752,6,0,21,2,8,,128781,6,0,21,2,52,,128682,6,0,21,2,12,,128689,6,0,21,2,10,,128798,6,0,21,2,10,,128852,6,0,21,2,10,,128835,6,0,21,2,10,,128754,6,0,21,2,50,,128819,6,0,21,2,10,,128668,6,0,21,2,10,,128847,6,0,21,2,10,,128886,6,0,21,2,10,,128730,6,0,21,2,10,,128893,6,0,21,2,51,,128678,6,0,21,2,10,,128907,6,0,21,2,10,,128875,6,0,21,2,10,,128747,6,0,21,2,13,,128671,6,0,21,2,54,,128779,6,0,21,2,11,,128783,6,0,21,2,10,,128721,6,0,21,2,10,,128812,6,0,21,2,10,,128761,6,0,21,2,10,,128866,6,0,21,2,50,,128785,6,0,21,2,10,,128759,6,0,21,2,10,,128837,6,0,21,2,10,,128697,6,0,21,2,10,,128834,6,0,21,2,10,,128716,6,0,21,2,50,,128913,6,0,21,2,10,,128796,6,0,21,2,10,,128767,6,0,21,2,10,,128718,6,0,21,2,10,,128858,6,0,21,2,10,,128723,6,0,21,2,50,,128669,6,0,21,2,10,,128906,6,0,21,2,10,,128775,6,0,21,2,10,,128842,6,0,21,2,10,,128897,6,0,21,2,10,,128898,6,0,21,2,50,,128838,6,0,21,2,10,,128793,6,0,21,2,10,,128813,6,0,21,2,10,,128891,6,0,21,2,10,,128915,6,0,21,2,10,,128706,6,0,21,2,50,,128778,6,0,21,2,10,,128742,6,0,21,2,10,,128895,6,0,21,2,10,,128883,6,0,21,2,10,,128736,6,0,21,2,10,,128881,6,0,21,2,50,,128774,6,0,21,2,10,,128766,6,0,21,2,10,,128839,6,0,21,2,10,,128880,6,0,21,2,10,,128727,6,0,21,2,8,,128753,6,0,21,2,49,,128770,6,0,21,2,10,,128676,6,0,21,2,10,,128726,6,0,21,2,10,,128901,6,0,21,2,10,,128822,6,0,21,2,10,,128666,6,0,21,2,50,,128899,6,0,21,2,10,,128818,6,0,21,2,10,,128794,6,0,21,2,10,,128765,6,0,21,2,10,,128771,6,0,21,2,10,,128833,6,0,21,2,50,,128699,6,0,21,2,10,,128662,6,0,21,2,10,,128717,6,0,21,2,10,,128743,6,0,21,2,10,,128850,6,0,21,2,10,,128729,6,0,21,2,49,,128696,6,0,21,2,10,,128688,6,0,21,2,10,,128821,6,0,21,2,10,,128902,6,0,21,2,10,,128860,6,0,21,2,10,,128908,6,0,21,2,50,,128846,6,0,21,2,10,,128720,6,0,21,2,10,,128705,6,0,21,2,10,,128756,6,0,21,2,10,,128917,6,0,21,2,10,,128675,6,0,21,2,50,,128780,6,0,21,2,10,,128710,6,0,21,2,10,,128715,6,0,21,2,10,,128776,6,0,21,2,10,,128882,6,0,21,2,10,,128737,6,0,21,2,50,,128797,6,0,21,2,10,,128849,6,0,21,2
50502,'1',426,,129681,7,0,5 41,2,13,,129743,7,0,5 41,2,5,,129741,7,0,5 41,2,5,,129664,7,0,5 41,2,10,,129716,7,0,5 41,2,50,,129640,7,0,5 41,2,10,,129646,7,0,5 41,2,10,,129687,7,0,5 41,2,10,,129620,7,0,5 41,2,10,,129742,7,0,5 41,2,10,,129596,6,0,5 41,2,50,,129600,6,0,5 41,2,10,,129704,6,0,5 41,2,10,,129679,6,0,5 41,2,10,,129584,6,0,5 41,2,10,,129737,6,0,5 41,2,10,,129751,6,0,5 41,2,50,,129601,6,0,5 41,2,5,,129606,6,0,5 41,2,5,,129700,6,0,5 41,2,10,,129713,6,0,5 41,2,10,,129693,6,0,5 41,2,10,,129730,6,0,5 41,2,7,,129758,6,0,5 41,2,46,,129639,6,0,5 41,2,6,,129661,6,0,5 41,2,6,,129694,6,0,5 41,2,6,,129663,6,0,5 41,2,6,,129723,6,0,5 41,2,6,,129697,6,0,5 41,2,6,,129725,6,0,5 41,2,6,,129750,6,0,5 41,2,6,,114727,6,0,5 41,2,6,,129707,6,0,5 41,2,46,,129659,6,0,5 41,2,6,,129633,6,0,5 41,2,6,,129734,6,0,5 41,2,6,,129593,6,0,5 41,2,6,,129726,6,0,5 41,2,6,,129678,6,0,5 41,2,6,,129603,6,0,5 41,2,6,,129602,6,0,5 41,2,6,,129583,6,0,5 41,2,6,,129706,6,0,5 41,2,46,,129669,6,0,5 41,2,6,,129609,6,0,5 41,2,6,,129644,6,0,5 41,2,6,,129712,6,0,5 41,2,6,,129614,6,0,5 41,2,6,,129632,6,0,5 41,2,6,,129618,6,0,5 41,2,6,,129720,6,0,5 41,2,6,,129670,6,0,5 41,2,6,,129607,6,0,5 41,2,46,,129621,6,0,5 41,2,6,,129623,6,0,5 41,2,6,,129759,6,0,5 41,2,6,,129736,6,0,5 41,2,6,,129764,6,0,5 41,2,6,,129676,6,0,5 41,2,6,,129671,6,0,5 41,2,6,,129649,6,0,5 41,2,6,,129718,6,0,5 41,2,6,,129613,6,0,5 41,2,46,,129745,6,0,5 41,2,6,,129654,6,0,5 41,2,6,,129643,6,0,5 41,2,6,,129611,6,0,5 41,2,6,,129683,6,0,5 41,2,6,,129666,6,0,5 41,2,6,,129637,6,0,5 41,2,6,,129685,6,0,5 41,2,6,,129761,6,0,5 41,2,6,,129631,6,0,5 41,2,46,,129673,6,0,5 41,2,6,,129615,6,0,5 41,2,6,,129638,6,0,5 41,2,6,,129739,6,0,5 41,2,6,,129605,6,0,5 41,2,6,,129754,6,0,5 41,2,6,,129604,6,0,5 41,2,6,,129658,6,0,5 41,2,6,,129724,6,0,5 41,2,6,,129686,6,0,5 41,2,46,,129755,6,0,5 41,2,6,,129757,6,0,5 41,2,6,,129682,6,0,5 41,2,6,,129608,6,0,5 41,2,6,,129660,6,0,5 41,2,6,,129668,6,0,5 41,2,3,,129617,6,0,5 41,2,3,,129587,6,0,5 41,2,6,,129748,6,0,5 41,2,6,,129588,6,0,5 41,2,6,,129599,6,0,5 41,2,46,,129652,6,0,5 41,2,6,,129616,6,0,5 41,2,6,,129728,6,0,5 41,2,6,,129592,6,0,5 41,2,6,,129651,6,0,5 41,2,6,,129696,6,0,5 41,2,6,,129692,6,0,5 41,2,6,,129702,6,0,5 41,2,6,,129674,6,0,5 41,2,6,,129722,6,0,5 41,2,46,,129715,6,0,5 41,2,6,,129698,6,0,5 41,2,6,,129586,6,0,5 41,2,6,,129612,6,0,5 41,2,6,,129641,6,0,5 41,2,6,,129740,6,0,5 41,2,6,,129597,6,0,5 41,2,6,,129626,6,0,5 41,2,6,,112922,6,0,5 41,2,6,,129738,6,0,5 41,2,46,,129746,6,0,5 41,2,6,,129589,6,0,5 41,2,6,,129657,6,0,5 41,2,6,,129727,6,0,5 41,2,6,,129630,6,0,5 41,2,6,,129585,6,0,5 41,2,6,,129610,6,0,5 41,2,6,,129598,6,0,5 41,2,6,,129653,6,0,5 41,2,6,,129647,6,0,5 41,2,46,,129677,6,0,5 41,2,6,,129689,6,0,5 41,2,6,,129760,6,0,5 41,2,6,,129762,6,0,5 41,2,6,,129765,6,0,5 41,2,6,,129717,6,0,5 41,2,6,,129747,6,0,5 41,2,6,,129710,6,0,5 41,2,6,,129594,6,0,5 41,2,6,,129735,6,0,5 41,2,46,,129733,6,0,5 41,2,10,,129688,6,0,5 41,2,4,,129675,6,0,34,2,5,,129622,6,0,34,2,5,,129763,6,0,5 41,2,4,,129667,6,0,34,2,6,,129590,6,0,34,2,5,,129695,6,0,5 41,2,10,,129711,6,0,5 41,2,4,,129714,6,0,34,2,46,,129648,6,0,5 41,2,5,,129672,6,0,34,2,5,,129684,6,0,5 41,2,10,,129691,6,0,5 41,2,3,,129756,6,0,34,2,7,,129719,6,0,5 41,2,10,,129690,6,0,5 41,2,10,,129591,6,0,5 41,2,50,,129655,6,0,5 41,2,10,,129650,6,0,5 41,2,10,,129721,6,0,5 41,2,10,,129752,6,0,5 41,2,10,,129634,6,0,5 41,2,10,,129645,6,0,5 41,2,51,,129708,6,0,5 41,2,12,,129731,6,0,5 41,2,10,,129595,6,0,5 41,2,10,,129665,6,0,5 41,2,10,,129628,6,0,5 41,2,10,,129635,6,0,5 41,2,50,,129642,6,0,5 41,2,10,,129729,6,0,5 41,2,10,,129749,6,0,5 41,2,10,,129744,6,0,5 41,2,10,,129703,6,0,5 41,2,10,,129662,6,0,5 41,2,50,,129627,6,0,5 41,2,10,,129753,6,0,5 41,2,10,,129680,6,0,5 41,2,10,,129624,6,0,5 41,2,11,,129709,6,0,34,2,9,,129625,6,0,5 41,2,51,,129705,6,0,34,2,15,,129619,6,0,5 41,2,21,,129732,6,0,34,2,9,,129699,6,0,5 41,2
50502,'2',502,,129931,7,0,5 41,2,6,,129794,7,0,5 41,2,10,,129824,7,0,5 41,2,10,,129893,7,0,5 41,2,10,,129815,7,0,5 41,2,10,,129805,7,0,5 41,2,10,,129785,7,0,5 41,2,50,,129842,6,0,5 41,2,10,,129879,6,0,5 41,2,10,,129817,6,0,5 41,2,10,,129819,6,0,5 41,2,10,,129891,6,0,5 41,2,10,,129777,6,0,5 41,2,50,,114928,6,0,5 41,2,10,,129892,6,0,5 41,2,10,,129832,6,0,5 41,2,10,,129796,6,0,5 41,2,10,,129890,6,0,5 41,2,10,,117382,6,0,5 41,2,51,,129933,6,0,5 41,2,6,,129862,6,0,5 41,2,6,,129869,6,0,5 41,2,6,,129774,6,0,5 41,2,6,,129848,6,0,5 41,2,6,,129843,6,0,5 41,2,6,,129845,6,0,5 41,2,6,,129902,6,0,5 41,2,6,,129896,6,0,5 41,2,46,,129781,6,0,5 41,2,6,,129916,6,0,5 41,2,6,,113846,6,0,5 41,2,6,,129823,6,0,5 41,2,6,,129793,6,0,5 41,2,6,,129789,6,0,5 41,2,6,,129907,6,0,5 41,2,6,,129836,6,0,5 41,2,6,,129806,6,0,5 41,2,6,,129857,6,0,5 41,2,46,,129828,6,0,5 41,2,6,,129841,6,0,5 41,2,6,,129871,6,0,5 41,2,6,,129847,6,0,5 41,2,6,,129880,6,0,5 41,2,6,,129766,6,0,5 41,2,6,,129834,6,0,5 41,2,6,,129802,6,0,5 41,2,6,,129856,6,0,5 41,2,6,,129792,6,0,5 41,2,46,,129930,6,0,5 41,2,6,,129870,6,0,5 41,2,6,,129922,6,0,5 41,2,6,,129912,6,0,5 41,2,6,,129787,6,0,5 41,2,6,,129844,6,0,5 41,2,6,,129827,6,0,5 41,2,6,,129772,6,0,5 41,2,6,,129919,6,0,5 41,2,6,,129800,6,0,5 41,2,46,,129797,6,0,5 41,2,8,,129904,6,0,5 41,2,6,,129932,6,0,5 41,2,6,,129923,6,0,5 41,2,6,,129915,6,0,5 41,2,6,,129786,6,0,5 41,2,6,,109306,6,0,5 41,2,6,,129816,6,0,5 41,2,6,,129918,6,0,5 41,2,6,,129875,6,0,5 41,2,46,,129920,6,0,5 41,2,6,,129900,6,0,5 41,2,6,,129860,6,0,5 41,2,6,,129812,6,0,5 41,2,6,,129790,6,0,5 41,2,6,,129821,6,0,5 41,2,6,,129782,6,0,5 41,2,6,,129850,6,0,5 41,2,6,,129906,6,0,5 41,2,6,,129881,6,0,5 41,2,46,,129886,6,0,5 41,2,6,,129878,6,0,5 41,2,6,,129822,6,0,5 41,2,6,,129898,6,0,5 41,2,6,,129826,6,0,5 41,2,6,,129804,6,0,5 41,2,6,,129901,6,0,5 41,2,6,,129877,6,0,5 41,2,6,,129830,6,0,5 41,2,6,,129783,6,0,5 41,2,46,,129889,6,0,5 41,2,6,,129776,6,0,5 41,2,6,,129775,6,0,5 41,2,6,,129899,6,0,5 41,2,6,,129799,6,0,5 41,2,6,,129773,6,0,5 41,2,6,,129853,6,0,5 41,2,6,,129917,6,0,5 41,2,6,,129771,6,0,5 41,2,6,,129863,6,0,5 41,2,46,,129865,6,0,5 41,2,6,,129855,6,0,5 41,2,6,,129767,6,0,5 41,2,6,,129833,6,0,5 41,2,6,,129835,6,0,5 41,2,6,,129897,6,0,5 41,2,6,,129927,6,0,5 41,2,6,,129838,6,0,5 41,2,6,,129929,6,0,5 41,2,6,,129858,6,0,5 41,2,46,,129820,6,0,5 41,2,6,,129839,6,0,5 41,2,6,,129921,6,0,5 41,2,6,,115037,6,0,5 41,2,6,,121626,6,0,5 41,2,6,,129829,6,0,5 41,2,6,,129925,6,0,5 41,2,8,,129813,6,0,34,2,4,,129866,6,0,5 41,2,6,,129885,6,0,5 41,2,46,,129867,6,0,5 41,2,8,,129913,6,0,34,2,4,,129910,6,0,5 41,2,6,,129928,6,0,5 41,2,6,,129778,6,0,5 41,2,6,,129807,6,0,5 41,2,8,,129903,6,0,5 41,2,6,,129780,6,0,34,2,2,,129811,6,0,5 41,2,8,,129924,6,0,5 41,2,46,,129814,6,0,34,2,2,,129851,6,0,5 41,2,10,,129784,6,0,5 41,2,7,,129861,6,0,34,2,3,,129895,6,0,5 41,2,7,,129849,6,0,34,2,3,,129837,6,0,5 41,2,10,,112421,6,0,5 41,2,10,,129883,6,0,5 41,2,50,,129779,6,0,5 41,2,7,,129926,6,0,34,2,3,,129770,6,0,5 41,2,10,,129873,6,0,5 41,2,10,,129803,6,0,5 41,2,10,,129876,6,0,5 41,2,10,,129801,6,0,5 41,2,50,,129909,6,0,5 41,2,10,,129868,6,0,5 41,2,10,,129769,6,0,5 41,2,10,,129874,6,0,5 41,2,10,,129864,6,0,5 41,2,10,,129788,6,0,5 41,2,50,,129831,6,0,5 41,2,10,,129884,6,0,5 41,2,10,,129810,6,0,5 41,2,10,,112461,6,0,5 41,2,10,,129791,6,0,5 41,2,10,,129894,6,0,5 41,2,50,,129825,6,0,5 41,2,10,,129818,6,0,5 41,2,10,,129908,6,0,5 41,2,10,,129852,6,0,5 41,2,10,,129808,6,0,5 41,2,10,,129914,6,0,5 41,2,52,,129882,6,0,5 41,2,8,,129809,6,0,5 41,2,10,,129840,6,0,5 41,2,12,,129854,6,0,5 41,2,5,,118551,6,0,34,2,10,,129887,6,0,5 41,2
50502,'3',754,,130064,6,0,5 41,2,50,,130020,6,0,5 41,2,10,,130032,6,0,5 41,2,10,,130046,6,0,5 41,2,10,,129941,6,0,5 41,2,10,,129952,6,0,5 41,2,10,,130006,6,0,5 41,2,46,,129984,6,0,5 41,2,7,,130065,6,0,5 41,2,6,,130063,6,0,5 41,2,6,,130078,6,0,5 41,2,6,,130025,6,0,5 41,2,6,,129994,6,0,5 41,2,6,,130069,6,0,5 41,2,6,,130054,6,0,5 41,2,6,,114179,6,0,5 41,2,6,,130035,6,0,5 41,2,46,,123008,6,0,5 41,2,6,,129937,6,0,5 41,2,6,,129977,6,0,5 41,2,6,,130024,6,0,5 41,2,6,,129960,6,0,5 41,2,6,,129980,6,0,5 41,2,6,,129988,6,0,5 41,2,6,,129947,6,0,5 41,2,6,,130007,6,0,5 41,2,6,,129971,6,0,5 41,2,46,,130074,6,0,5 41,2,6,,130030,6,0,5 41,2,6,,130072,6,0,5 41,2,6,,130043,6,0,5 41,2,6,,130071,6,0,5 41,2,6,,130039,6,0,5 41,2,6,,130066,6,0,5 41,2,6,,129963,6,0,5 41,2,6,,130060,6,0,5 41,2,6,,129981,6,0,5 41,2,46,,130037,6,0,5 41,2,6,,129953,6,0,5 41,2,6,,130000,6,0,5 41,2,6,,130047,6,0,5 41,2,6,,110780,6,0,5 41,2,6,,130008,6,0,5 41,2,6,,109417,6,0,5 41,2,6,,130004,6,0,5 41,2,6,,129961,6,0,5 41,2,6,,130028,6,0,5 41,2,46,,130012,6,0,5 41,2,6,,130052,6,0,5 41,2,6,,130038,6,0,5 41,2,6,,129974,6,0,5 41,2,6,,129989,6,0,5 41,2,6,,130023,6,0,5 41,2,6,,120940,6,0,5 41,2,6,,130068,6,0,5 41,2,6,,129979,6,0,5 41,2,6,,130073,6,0,5 41,2,46,,130036,6,0,5 41,2,6,,130033,6,0,5 41,2,6,,129958,6,0,5 41,2,6,,130044,6,0,5 41,2,6,,129968,6,0,5 41,2,6,,130045,6,0,5 41,2,6,,130010,6,0,5 41,2,6,,130042,6,0,5 41,2,6,,129967,6,0,5 41,2,6,,130058,6,0,5 41,2,46,,129969,6,0,5 41,2,6,,130022,6,0,5 41,2,6,,129940,6,0,5 41,2,6,,129983,6,0,5 41,2,6,,130016,6,0,5 41,2,6,,130067,6,0,5 41,2,6,,130021,6,0,5 41,2,6,,129942,6,0,5 41,2,6,,129985,6,0,5 41,2,6,,130017,6,0,5 41,2,46,,130031,6,0,5 41,2,6,,130005,6,0,5 41,2,6,,129950,6,0,5 41,2,6,,130048,6,0,5 41,2,6,,111768,6,0,5 41,2,6,,129955,6,0,5 41,2,6,,129945,6,0,5 41,2,6,,129946,6,0,5 41,2,6,,129965,6,0,5 41,2,6,,129956,6,0,5 41,2,46,,102243,6,0,5 41,2,6,,130050,6,0,5 41,2,6,,129966,6,0,5 41,2,6,,130040,6,0,5 41,2,6,,129997,6,0,5 41,2,6,,130014,6,0,5 41,2,6,,129962,6,0,5 41,2,6,,129995,6,0,5 41,2,6,,129949,6,0,5 41,2,6,,130059,6,0,5 41,2,46,,129951,6,0,5 41,2,6,,130041,6,0,5 41,2,6,,129998,6,0,5 41,2,6,,129973,6,0,5 41,2,6,,129975,6,0,5 41,2,6,,130051,6,0,5 41,2,6,,130026,6,0,5 41,2,6,,129990,6,0,5 41,2,6,,129964,6,0,5 41,2,6,,129936,6,0,5 41,2,46,,129999,6,0,5 41,2,6,,129948,6,0,5 41,2,9,,130062,6,0,5 41,2,6,,130001,6,0,34,2,4,,130077,6,0,5 41,2,6,,129993,6,0,34,2,4,,129957,6,0,5 41,2,10,,129987,6,0,5 41,2,6,,129991,6,0,34,2,4,,130011,6,0,5 41,2,46,,129938,6,0,34,2,4,,117958,6,0,5 41,2,10,,130070,6,0,5 41,2,6,,129944,6,0,34,2,4,,130061,6,0,5 41,2,10,,129959,6,0,5 41,2,10,,130013,6,0,5 41,2,10,,130053,6,0,5 41,2,50,,130034,6,0,5 41,2,10,,130076,6,0,5 41,2,10,,130029,6,0,5 41,2,10,,129934,6,0,5 41,2,10,,130055,6,0,5 41,2,13,,129972,6,0,5 41,2,51,,112604,6,0,5 41,2,10,,129976,6,0,5 41,2,10,,129939,6,0,5 41,2,10,,130019,6,0,5 41,2,6,,129982,6,0,34,2,4,,130049,6,0,5 41,2,50,,129978,6,0,5 41,2,10,,130018,6,0,5 41,2,10,,130027,6,0,5 41,2,10,,130003,6,0,5 41,2,10,,129992,6,0,5 41,2,10,,130057,6,0,5 41,2,50,,130015,6,0,5 41,2,10,,130002,6,0,5 41,2,10,,130075,6,0,5 41,2,10,,129943,6,0,5 41,2,13,,129970,6,0,5 41,2,7,,129954,6,0,34,2,5,,129986,6,0,5 41,2
50502,'5',452,,130212,7,0,5 41,2,62,,130079,7,0,5 41,2,15,,130132,7,0,5 41,2,15,,130179,7,0,5 41,2,15,,130131,7,0,5 41,2,55,,130200,6,0,5 41,2,10,,130189,6,0,5 41,2,10,,130104,6,0,5 41,2,10,,130238,6,0,5 41,2,10,,130185,6,0,5 41,2,50,,130210,6,0,5 41,2,10,,130160,6,0,5 41,2,10,,130183,6,0,5 41,2,10,,130096,6,0,5 41,2,10,,130190,6,0,5 41,2,10,,130121,6,0,5 41,2,50,,130211,6,0,5 41,2,10,,130128,6,0,5 41,2,10,,130242,6,0,5 41,2,10,,130243,6,0,5 41,2,10,,130226,6,0,5 41,2,10,,130102,6,0,5 41,2,46,,130246,6,0,5 41,2,7,,130161,6,0,5 41,2,6,,130204,6,0,5 41,2,6,,130178,6,0,5 41,2,6,,130145,6,0,5 41,2,6,,130146,6,0,5 41,2,6,,130198,6,0,5 41,2,6,,130172,6,0,5 41,2,6,,130125,6,0,5 41,2,6,,130092,6,0,5 41,2,46,,130195,6,0,5 41,2,6,,130191,6,0,5 41,2,6,,121161,6,0,5 41,2,6,,130126,6,0,5 41,2,6,,130133,6,0,5 41,2,6,,130085,6,0,5 41,2,6,,130141,6,0,5 41,2,6,,130234,6,0,5 41,2,6,,130188,6,0,5 41,2,6,,130101,6,0,5 41,2,46,,130155,6,0,5 41,2,6,,130166,6,0,5 41,2,6,,130086,6,0,5 41,2,6,,130184,6,0,5 41,2,6,,130232,6,0,5 41,2,6,,130093,6,0,5 41,2,6,,130223,6,0,5 41,2,6,,130127,6,0,5 41,2,6,,130090,6,0,5 41,2,6,,130218,6,0,5 41,2,46,,130091,6,0,5 41,2,6,,130216,6,0,5 41,2,6,,130148,6,0,5 41,2,6,,130138,6,0,5 41,2,6,,130158,6,0,5 41,2,6,,130192,6,0,5 41,2,6,,130221,6,0,5 41,2,6,,130108,6,0,5 41,2,6,,130224,6,0,5 41,2,6,,130230,6,0,5 41,2,46,,118847,6,0,5 41,2,6,,130154,6,0,5 41,2,6,,130082,6,0,5 41,2,6,,130202,6,0,5 41,2,6,,130167,6,0,5 41,2,6,,130197,6,0,5 41,2,6,,130157,6,0,5 41,2,6,,130231,6,0,5 41,2,6,,130163,6,0,5 41,2,6,,130088,6,0,5 41,2,46,,130186,6,0,5 41,2,6,,130219,6,0,5 41,2,6,,130151,6,0,5 41,2,6,,130193,6,0,5 41,2,6,,130169,6,0,5 41,2,6,,130170,6,0,5 41,2,6,,130194,6,0,5 41,2,6,,130116,6,0,5 41,2,6,,130152,6,0,5 41,2,6,,130156,6,0,5 41,2,46,,130124,6,0,5 41,2,6,,130119,6,0,5 41,2,6,,130105,6,0,5 41,2,6,,130236,6,0,5 41,2,6,,130220,6,0,5 41,2,6,,130207,6,0,5 41,2,6,,130107,6,0,5 41,2,6,,130208,6,0,5 41,2,6,,130087,6,0,5 41,2,6,,130114,6,0,5 41,2,46,,130137,6,0,5 41,2,6,,130239,6,0,5 41,2,6,,130094,6,0,5 41,2,6,,130139,6,0,5 41,2,6,,114326,6,0,5 41,2,6,,130213,6,0,5 41,2,6,,130143,6,0,5 41,2,6,,130222,6,0,5 41,2,6,,130215,6,0,5 41,2,6,,130110,6,0,5 41,2,46,,130153,6,0,5 41,2,6,,130229,6,0,5 41,2,6,,130175,6,0,5 41,2,6,,130233,6,0,5 41,2,6,,130244,6,0,5 41,2,6,,130115,6,0,5 41,2,6,,130097,6,0,5 41,2,6,,130209,6,0,5 41,2,6,,130182,6,0,5 41,2,6,,130111,6,0,5 41,2,46,,130235,6,0,5 41,2,6,,130162,6,0,5 41,2,6,,130083,6,0,5 41,2,6,,130203,6,0,5 41,2,6,,130140,6,0,5 41,2,6,,130149,6,0,5 41,2,6,,130176,6,0,5 41,2,6,,130118,6,0,5 41,2,6,,130196,6,0,5 41,2,6,,130173,6,0,5 41,2,46,,130134,6,0,5 41,2,6,,130159,6,0,5 41,2,9,,130165,6,0,5 41,2,6,,130187,6,0,34,2,4,,130199,6,0,5 41,2,6,,130241,6,0,34,2,4,,130164,6,0,5 41,2,10,,130130,6,0,5 41,2,6,,130122,6,0,34,2,4,,130227,6,0,5 41,2,46,,130098,6,0,34,2,4,,130206,6,0,5 41,2,10,,130123,6,0,5 41,2,6,,130089,6,0,34,2,4,,130201,6,0,5 41,2,10,,130100,6,0,5 41,2,10,,130225,6,0,5 41,2,10,,123510,6,0,5 41,2,50,,130240,6,0,5 41,2,10,,130106,6,0,5 41,2,10,,130142,6,0,5 41,2,10,,130081,6,0,5 41,2,10,,130168,6,0,5 41,2,13,,130214,6,0,5 41,2,51,,130099,6,0,5 41,2,10,,130217,6,0,5 41,2,10,,130245,6,0,5 41,2,10,,130103,6,0,5 41,2,6,,130205,6,0,34,2,4,,130144,6,0,5 41,2,50,,130180,6,0,5 41,2,10,,130109,6,0,5 41,2,10,,130177,6,0,5 41,2,10,,130080,6,0,5 41,2,10,,130112,6,0,5 41,2,10,,130120,6,0,5 41,2,50,,130147,6,0,5 41,2,10,,130113,6,0,5 41,2,10,,130150,6,0,5 41,2,10,,130095,6,0,5 41,2,13,,130129,6,0,5 41,2,7,,130228,6,0,34,2,5,,130181,6,0,5 41,2
