30402,'1',2656,,91579,50,4,,2,50,,91581,50,4,,2,10,,91583,50,4,,2,10,,91589,50,4,,2,10,,91584,50,4,,2,10,,91585,50,4,,2,10,,91574,50,4,,2,50,,91593,50,4,,2,10,,91582,50,4,,2,10,,91576,50,4,,2,10,,91595,50,4,,2,10,,91594,50,4,,2,10,,91592,50,4,,2,50,,91588,50,4,,2,10,,91573,50,4,,2,10,,91578,50,4,,2,6,,91575,50,4,,2
30402,'2',2716,,91606,50,4,,2,10,,91610,50,4,,2,10,,91604,50,4,,2,10,,91608,50,4,,2,10,,91601,50,4,,2,50,,91597,50,4,,2,10,,91600,50,4,,2,10,,90101,50,4,,2,10,,91602,50,4,,2,10,,91617,50,4,,2,10,,91596,50,4,,2,50,,91615,50,4,,2,10,,91616,50,4,,2,10,,91607,50,4,,2,10,,91609,50,4,,2,10,,91611,50,4,,2,13,,91614,50,4,,2
30402,'3',513,,91665,40,4,,2,14,,91625,40,4,,2,14,,91669,40,4,,2,12,,91662,40,4,,2,56,,91668,38,4,,2,14,,91634,40,4,,2,5,,91626,38,4,,2,14,,91618,38,4,,2,14,,91649,38,4,,2,54,,91640,38,4,,2,14,,91631,38,4,,2,14,,91661,38,4,,2,14,,91651,38,4,,2,54,,91644,38,4,,2,1913,,91657,50,4,,2,10,,91659,50,4,,2,10,,91628,50,4,,2,10,,91663,50,4,,2,10,,91666,50,4,,2,50,,91648,50,4,,2,10,,91643,50,4,,2,10,,91636,50,4,,2,10,,91632,50,4,,2,10,,91664,50,4,,2,10,,91635,50,4,,2,51,,91627,50,4,,2
30402,'5',2719,,91687,50,4,,2,10,,91674,50,4,,2,10,,91688,50,4,,2,10,,91683,50,4,,2,10,,91680,50,4,,2,50,,91684,50,4,,2,10,,91677,50,4,,2,10,,91672,50,4,,2,10,,91673,50,4,,2,10,,91678,50,4,,2,10,,91676,50,4,,2,51,,91679,50,4,,2
30502,'1',2603,,91782,41,4,,2,20,,91778,41,4,,2,20,,91779,41,4,,2,60,,91772,41,4,,2,20,,91775,41,4,,2,20,,91776,41,4,,2,60,,91773,41,4,,2,30,,91774,41,4,,2,70,,91781,41,4,,2
30502,'2',2553,,91785,41,4,,2,60,,91790,41,4,,2,20,,91786,41,4,,2,20,,91787,41,4,,2,60,,91792,41,4,,2,20,,91796,41,4,,2,20,,91784,41,4,,2,60,,91795,41,4,,2,20,,91788,41,4,,2,20,,91783,41,4,,2,70,,91793,41,4,,2
30502,'3',513,,91828,32,0,5 41,2,15,,91800,32,0,5 41,2,11,,91804,41,0,5 41,2,17,,91812,41,0,5 41,2,57,,91817,41,0,5 41,2,15,,91827,41,0,5 41,2,15,,91813,41,0,5 41,2,15,,91825,41,0,5 41,2,50,,91821,41,0,5 41,2,10,,91820,41,0,5 41,2,10,,91832,41,0,5 41,2,10,,91807,41,0,5 41,2,10,,91814,41,0,5 41,2,10,,87883,41,0,5 41,2,50,,91816,41,0,5 41,2,10,,91824,41,0,5 41,2,10,,91810,41,0,5 41,2,1729,,91829,41,4,,2,50,,91831,41,4,,2,20,,91826,41,4,,2,20,,91801,41,4,,2,10,,91803,41,4,,2,70,,91805,41,4,,2,20,,91823,41,4,,2,60,,91811,41,4,,2,20,,91806,41,4,,2,20,,91819,41,4,,2
30502,'5',2557,,91843,41,4,,2,50,,91844,41,4,,2,20,,91838,41,4,,2,20,,79306,41,4,,2,60,,91835,41,4,,2,20,,91839,41,4,,2,20,,91833,41,4,,2,60,,91837,41,4,,2,20,,83635,41,4,,2,30,,91834,41,4,,2
50402,'1',453,,95707,40,4,,2,55,,95618,40,4,,2,15,,95530,40,4,,2,10,,95536,40,4,,2,11,,95670,38,0,46 5 41,2,11,,95527,38,0,46 5 41,2,50,,95715,38,0,46 5 41,2,10,,95558,38,0,46 5 41,2,10,,95757,38,0,46 5 41,2,10,,95581,38,0,46 5 41,2,10,,95516,38,0,46 5 41,2,8,,95576,38,0,46 5 41,2,50,,95661,38,0,46 5 41,2,10,,95634,38,0,46 5 41,2,10,,95694,38,0,46 5 41,2,10,,95545,38,0,46 5 41,2,2,,95541,40,0,46 5 41,2,8,,95538,38,0,46 5 41,2,10,,95539,38,0,46 5 41,2,50,,95773,38,0,46 5 41,2,8,,95604,40,0,46 5 41,2,2,,95521,38,0,46 5 41,2,4,,95550,38,0,46 5 41,2,14,,95769,38,0,46 5 41,2,11,,95738,38,0,46 5 41,2,6,,95755,38,0,46 5 41,2,7,,95663,38,0,46 5 41,2,47,,95637,38,0,46 5 41,2,9,,95569,38,0,46 5 41,2,9,,95611,38,0,46 5 41,2,6,,95775,38,0,46 5 41,2,8,,95510,38,0,46 5 41,2,10,,95677,38,0,46 5 41,2,6,,95508,38,0,46 5 41,2,52,,95559,38,0,46 5 41,2,7,,95666,38,0,46 5 41,2,5,,95623,38,0,46 5 41,2,11,,95579,38,0,46 5 41,2,13,,95678,38,0,46 5 41,2,9,,95524,38,0,46 5 41,2,9,,95636,38,0,46 5 41,2,49,,95665,38,0,46 5 41,2,14,,95587,38,0,46 5 41,2,8,,95711,38,0,46 5 41,2,11,,95708,38,0,46 5 41,2,11,,95507,38,0,46 5 41,2,9,,95750,38,0,46 5 41,2,49,,95624,38,0,46 5 41,2,9,,95696,38,0,46 5 41,2,10,,83052,38,0,46 5 41,2,10,,95737,38,0,46 5 41,2,10,,95662,38,0,46 5 41,2,10,,77906,38,0,46 5 41,2,50,,95573,38,0,46 5 41,2,10,,95606,38,0,46 5 41,2,10,,95705,38,0,46 5 41,2,10,,95537,38,0,46 5 41,2,10,,95674,38,0,46 5 41,2,10,,95562,38,0,46 5 41,2,50,,95635,38,0,46 5 41,2,10,,95598,38,0,46 5 41,2,10,,95603,38,0,46 5 41,2,10,,95639,38,0,46 5 41,2,10,,95612,38,0,46 5 41,2,10,,95774,38,0,46 5 41,2,50,,90608,38,0,46 5 41,2,12,,95652,38,0,46 5 41,2,13,,95747,38,0,46 5 41,2,9,,95621,40,0,46 5 41,2,3,,95596,38,0,46 5 41,2,11,,95687,38,0,46 5 41,2,48,,95734,38,0,46 5 41,2,10,,95776,38,0,46 5 41,2,10,,95673,38,0,46 5 41,2,11,,95564,38,0,46 5 41,2,10,,95682,38,0,46 5 41,2,11,,95669,38,0,46 5 41,2,51,,95595,38,0,46 5 41,2,11,,95748,38,0,46 5 41,2,10,,95647,38,0,46 5 41,2,10,,95543,38,0,46 5 41,2,10,,95549,38,0,46 5 41,2,10,,95671,38,0,46 5 41,2,50,,95551,38,0,46 5 41,2,10,,95610,38,0,46 5 41,2,10,,95553,38,0,46 5 41,2,10,,95765,38,0,46 5 41,2,10,,95520,38,0,46 5 41,2,10,,95628,38,0,46 5 41,2,50,,95712,38,0,46 5 41,2,10,,95692,38,0,46 5 41,2,10,,95733,38,0,46 5 41,2,10,,95517,38,0,46 5 41,2,10,,95585,38,0,46 5 41,2,10,,95723,38,0,46 5 41,2,48,,95583,38,0,46 5 41,2,7,,95731,38,0,46 5 41,2,7,,95764,38,0,46 5 41,2,9,,95577,38,0,46 5 41,2,9,,95751,38,0,46 5 41,2,9,,95660,38,0,46 5 41,2,55,,95701,38,0,46 5 41,2,10,,95688,38,0,46 5 41,2,10,,95641,38,0,46 5 41,2,10,,95667,38,0,46 5 41,2,10,,95759,38,0,46 5 41,2,10,,95771,38,0,46 5 41,2,50,,95717,38,0,46 5 41,2,10,,95656,38,0,46 5 41,2,10,,95752,38,0,46 5 41,2,10,,95523,38,0,46 5 41,2,7,,95535,38,0,46 5 41,2,7,,95749,38,0,46 5 41,2,10,,95631,38,0,46 5 41,2,50,,95542,38,0,46 5 41,2,10,,95627,38,0,46 5 41,2,10,,95724,38,0,46 5 41,2,10,,95590,38,0,46 5 41,2,9,,95644,38,0,46 5 41,2,10,,95525,38,0,46 5 41,2,50,,95567,38,0,46 5 41,2,10,,95729,38,0,46 5 41,2,10,,95758,38,0,46 5 41,2,10,,95615,38,0,46 5 41,2,10,,95730,38,0,46 5 41,2,10,,95533,38,0,46 5 41,2,50,,95766,38,0,46 5 41,2,10,,95744,38,0,46 5 41,2,10,,95698,38,0,46 5 41,2,10,,95509,38,0,46 5 41,2,10,,95633,38,0,46 5 41,2,10,,95591,38,0,46 5 41,2,50,,95745,38,0,46 5 41,2,10,,95528,38,0,46 5 41,2,10,,95703,38,0,46 5 41,2,10,,95561,38,0,46 5 41,2,13,,95702,38,0,46 5 41,2
50402,'2',443,,95945,40,4,,2,60,,96030,40,4,,2,12,,95856,40,4,,2,19,,95796,40,4,,2,7,,95816,40,4,,2,13,,95919,40,0,46 5 41,2,50,,96039,40,0,46 5 41,2,5,,95978,40,0,46 5 41,2,9,,95911,38,0,46 5 41,2,10,,95889,38,0,46 5 41,2,10,,95820,38,0,46 5 41,2,10,,95794,38,0,46 5 41,2,10,,96011,38,0,46 5 41,2,50,,95916,38,0,46 5 41,2,10,,96007,38,0,46 5 41,2,15,,95932,38,0,46 5 41,2,10,,95813,38,0,46 5 41,2,10,,95991,38,0,46 5 41,2,50,,95989,38,0,46 5 41,2,10,,95823,38,0,46 5 41,2,10,,95824,38,0,46 5 41,2,10,,95928,38,0,46 5 41,2,9,,96037,38,0,46 5 41,2,4,,95782,38,0,46 5 41,2,11,,95829,38,0,46 5 41,2,52,,96027,38,0,46 5 41,2,13,,96035,38,0,46 5 41,2,12,,95864,38,0,46 5 41,2,13,,95802,38,0,46 5 41,2,11,,95900,38,0,46 5 41,2,46,,95996,38,0,46 5 41,2,10,,95861,38,0,46 5 41,2,13,,95883,38,0,46 5 41,2,11,,95877,38,0,46 5 41,2,10,,95806,38,0,46 5 41,2,10,,95901,38,0,46 5 41,2,50,,95891,38,0,46 5 41,2,10,,95868,38,0,46 5 41,2,10,,96026,38,0,46 5 41,2,10,,95857,38,0,46 5 41,2,10,,95840,38,0,46 5 41,2,10,,95844,38,0,46 5 41,2,49,,95957,38,0,46 5 41,2,10,,96005,38,0,46 5 41,2,5,,95879,40,0,46 5 41,2,9,,95873,38,0,46 5 41,2,13,,95970,38,0,46 5 41,2,11,,95955,38,0,46 5 41,2,52,,95940,38,0,46 5 41,2,10,,95994,38,0,46 5 41,2,10,,95821,38,0,46 5 41,2,10,,95789,38,0,46 5 41,2,10,,95985,38,0,46 5 41,2,10,,96021,38,0,46 5 41,2,50,,95903,38,0,46 5 41,2,10,,95866,38,0,46 5 41,2,9,,95797,38,0,46 5 41,2,7,,96031,38,0,46 5 41,2,10,,96038,38,0,46 5 41,2,13,,95984,38,0,46 5 41,2,49,,95965,38,0,46 5 41,2,10,,95954,38,0,46 5 41,2,10,,95930,38,0,46 5 41,2,10,,95890,38,0,46 5 41,2,10,,95807,38,0,46 5 41,2,10,,95914,38,0,46 5 41,2,50,,95973,38,0,46 5 41,2,10,,95906,38,0,46 5 41,2,10,,95969,38,0,46 5 41,2,10,,95999,38,0,46 5 41,2,10,,95878,38,0,46 5 41,2,10,,89337,38,0,46 5 41,2,50,,95998,38,0,46 5 41,2,10,,95888,38,0,46 5 41,2,10,,95859,38,0,46 5 41,2,10,,95799,38,0,46 5 41,2,10,,82625,38,0,46 5 41,2,10,,96004,38,0,46 5 41,2,50,,95972,38,0,46 5 41,2,10,,96022,38,0,46 5 41,2,10,,96017,38,0,46 5 41,2,10,,95855,38,0,46 5 41,2,10,,95858,38,0,46 5 41,2,10,,95862,38,0,46 5 41,2,50,,95843,38,0,46 5 41,2,10,,95983,38,0,46 5 41,2,10,,96029,38,0,46 5 41,2,10,,95860,38,0,46 5 41,2,8,,95997,38,0,46 5 41,2,9,,96014,38,0,46 5 41,2,50,,95966,38,0,46 5 41,2,10,,95809,38,0,46 5 41,2,10,,95854,38,0,46 5 41,2,7,,95836,38,0,46 5 41,2,9,,95826,38,0,46 5 41,2,10,,96032,38,0,46 5 41,2,53,,95795,38,0,46 5 41,2,10,,95863,38,0,46 5 41,2,12,,95817,38,0,46 5 41,2,10,,96025,38,0,46 5 41,2,10,,95810,38,0,46 5 41,2,10,,95907,38,0,46 5 41,2,50,,95971,38,0,46 5 41,2,10,,95943,38,0,46 5 41,2,10,,95958,38,0,46 5 41,2,9,,95942,38,0,46 5 41,2,10,,95832,38,0,46 5 41,2,10,,95953,38,0,46 5 41,2,50,,87577,38,0,46 5 41,2,10,,95956,38,0,46 5 41,2,10,,95908,38,0,46 5 41,2,10,,95948,38,0,46 5 41,2,10,,95834,38,0,46 5 41,2,10,,95849,38,0,46 5 41,2,50,,95897,38,0,46 5 41,2,9,,95899,38,0,46 5 41,2,11,,95946,38,0,46 5 41,2,11,,95870,38,0,46 5 41,2,10,,95818,38,0,46 5 41,2,10,,80904,38,0,46 5 41,2,50,,95920,38,0,46 5 41,2,10,,95936,38,0,46 5 41,2,10,,95980,38,0,46 5 41,2,10,,95827,38,0,46 5 41,2,10,,95791,38,0,46 5 41,2,10,,95963,38,0,46 5 41,2,50,,95893,38,0,46 5 41,2,10,,86695,38,0,46 5 41,2,10,,95838,38,0,46 5 41,2,10,,95962,38,0,46 5 41,2,10,,96001,38,0,46 5 41,2,10,,95828,38,0,46 5 41,2,50,,95938,38,0,46 5 41,2
50402,'3',820,,96254,38,0,46 5 41,2,14,,96248,38,0,46 5 41,2,14,,96206,38,0,46 5 41,2,54,,96065,38,0,46 5 41,2,14,,96142,38,0,46 5 41,2,8,,96078,40,0,46 5 41,2,8,,96046,38,0,46 5 41,2,8,,96088,40,0,46 5 41,2,10,,96167,38,0,46 5 41,2,50,,96158,38,0,46 5 41,2,10,,96129,38,0,46 5 41,2,10,,96235,38,0,46 5 41,2,10,,96089,38,0,46 5 41,2,10,,96103,38,0,46 5 41,2,10,,96256,38,0,46 5 41,2,50,,96135,38,0,46 5 41,2,10,,96052,38,0,46 5 41,2,10,,96125,38,0,46 5 41,2,10,,75922,38,0,46 5 41,2,10,,96123,38,0,46 5 41,2,10,,96255,38,0,46 5 41,2,50,,96178,38,0,46 5 41,2,10,,96140,38,0,46 5 41,2,10,,96174,38,0,46 5 41,2,10,,96204,38,0,46 5 41,2,13,,96242,38,0,46 5 41,2,13,,96213,38,0,46 5 41,2,50,,96071,38,0,46 5 41,2,10,,96195,38,0,46 5 41,2,10,,96237,38,0,46 5 41,2,10,,96053,38,0,46 5 41,2,10,,96139,38,0,46 5 41,2,10,,96151,38,0,46 5 41,2,50,,96215,38,0,46 5 41,2,10,,96192,38,0,46 5 41,2,10,,96121,38,0,46 5 41,2,10,,96107,38,0,46 5 41,2,10,,96191,38,0,46 5 41,2,10,,88713,38,0,46 5 41,2,50,,96153,38,0,46 5 41,2,10,,96152,38,0,46 5 41,2,10,,96172,38,0,46 5 41,2,10,,96105,38,0,46 5 41,2,10,,96198,38,0,46 5 41,2,10,,96232,38,0,46 5 41,2,50,,96223,38,0,46 5 41,2,10,,96238,38,0,46 5 41,2,10,,96202,38,0,46 5 41,2,10,,96209,38,0,46 5 41,2,10,,96083,38,0,46 5 41,2,10,,77126,38,0,46 5 41,2,50,,96138,38,0,46 5 41,2,10,,96111,38,0,46 5 41,2,10,,96090,38,0,46 5 41,2,10,,96144,38,0,46 5 41,2,10,,96217,38,0,46 5 41,2,10,,96063,38,0,46 5 41,2,50,,96251,38,0,46 5 41,2,10,,96044,38,0,46 5 41,2,10,,96201,38,0,46 5 41,2,10,,96041,38,0,46 5 41,2,10,,89491,38,0,46 5 41,2,10,,96228,38,0,46 5 41,2,50,,96211,38,0,46 5 41,2,10,,96194,38,0,46 5 41,2,10,,96064,38,0,46 5 41,2,10,,96171,38,0,46 5 41,2,9,,96161,38,0,46 5 41,2,7,,96190,38,0,46 5 41,2,50,,96141,38,0,46 5 41,2,10,,96095,38,0,46 5 41,2,10,,96067,38,0,46 5 41,2,10,,96203,38,0,46 5 41,2,10,,96148,38,0,46 5 41,2,10,,96086,38,0,46 5 41,2,50,,96175,38,0,46 5 41,2,10,,88754,38,0,46 5 41,2,10,,96068,38,0,46 5 41,2,10,,96069,38,0,46 5 41,2,10,,96147,38,0,46 5 41,2,10,,96247,38,0,46 5 41,2,50,,96060,38,0,46 5 41,2,10,,96240,38,0,46 5 41,2,10,,96222,38,0,46 5 41,2,10,,96117,38,0,46 5 41,2,7,,96120,38,0,46 5 41,2,10,,96162,38,0,46 5 41,2,10,,96220,38,0,46 5 41,2,50,,96165,38,0,46 5 41,2,10,,78174,38,0,46 5 41,2,10,,96236,38,0,46 5 41,2,10,,96077,38,0,46 5 41,2,10,,96059,38,0,46 5 41,2,10,,96169,38,0,46 5 41,2,50,,96101,38,0,46 5 41,2,10,,96096,38,0,46 5 41,2,10,,96043,38,0,46 5 41,2,10,,80994,38,0,46 5 41,2,10,,96134,38,0,46 5 41,2,10,,96136,38,0,46 5 41,2,50,,96122,38,0,46 5 41,2,10,,96219,38,0,46 5 41,2,10,,96084,38,0,46 5 41,2,10,,96210,38,0,46 5 41,2,10,,96188,38,0,46 5 41,2,10,,96250,38,0,46 5 41,2,50,,96239,38,0,46 5 41,2,10,,96102,38,0,46 5 41,2,10,,96181,38,0,46 5 41,2,10,,96252,38,0,46 5 41,2,10,,96157,38,0,46 5 41,2,10,,96079,38,0,46 5 41,2,50,,96207,38,0,46 5 41,2
50402,'5',513,,96479,40,4,,2,14,,96302,40,4,,2,14,,96478,40,4,,2,12,,96488,40,4,,2,56,,96509,38,0,46 5 41,2,14,,96400,40,0,46 5 41,2,5,,96320,38,0,46 5 41,2,14,,96272,38,0,46 5 41,2,14,,96437,38,0,46 5 41,2,54,,96432,38,0,46 5 41,2,14,,96298,38,0,46 5 41,2,14,,96466,38,0,46 5 41,2,14,,96274,38,0,46 5 41,2,54,,96430,38,0,46 5 41,2,14,,96328,38,0,46 5 41,2,14,,96398,38,0,46 5 41,2,14,,96278,38,0,46 5 41,2,54,,96403,38,0,46 5 41,2,14,,96469,38,0,46 5 41,2,4,,96410,40,0,46 5 41,2,12,,96273,38,0,46 5 41,2,4,,96483,40,0,46 5 41,2,14,,96292,38,0,46 5 41,2,50,,96416,38,0,46 5 41,2,10,,96282,38,0,46 5 41,2,10,,96494,38,0,46 5 41,2,10,,96507,38,0,46 5 41,2,10,,96305,38,0,46 5 41,2,10,,96377,38,0,46 5 41,2,50,,96409,38,0,46 5 41,2,10,,96404,38,0,46 5 41,2,10,,96481,38,0,46 5 41,2,10,,96372,38,0,46 5 41,2,10,,96419,38,0,46 5 41,2,10,,96442,38,0,46 5 41,2,50,,96271,38,0,46 5 41,2,10,,96461,38,0,46 5 41,2,10,,96396,38,0,46 5 41,2,10,,96473,38,0,46 5 41,2,13,,96339,38,0,46 5 41,2,13,,96402,38,0,46 5 41,2,50,,96304,38,0,46 5 41,2,10,,96380,38,0,46 5 41,2,10,,96452,38,0,46 5 41,2,10,,96470,38,0,46 5 41,2,10,,96492,38,0,46 5 41,2,10,,96288,38,0,46 5 41,2,50,,96427,38,0,46 5 41,2,10,,96490,38,0,46 5 41,2,10,,96330,38,0,46 5 41,2,10,,96436,38,0,46 5 41,2,10,,96393,38,0,46 5 41,2,10,,91098,38,0,46 5 41,2,50,,96497,38,0,46 5 41,2,10,,96342,38,0,46 5 41,2,10,,96363,38,0,46 5 41,2,10,,96503,38,0,46 5 41,2,10,,96422,38,0,46 5 41,2,10,,96386,38,0,46 5 41,2,50,,96369,38,0,46 5 41,2,10,,96504,38,0,46 5 41,2,10,,96346,38,0,46 5 41,2,10,,96326,38,0,46 5 41,2,10,,96307,38,0,46 5 41,2,10,,96284,38,0,46 5 41,2,50,,96267,38,0,46 5 41,2,10,,96376,38,0,46 5 41,2,10,,96290,38,0,46 5 41,2,10,,96441,38,0,46 5 41,2,10,,96280,38,0,46 5 41,2,10,,96357,38,0,46 5 41,2,50,,96471,38,0,46 5 41,2,10,,96455,38,0,46 5 41,2,10,,96482,38,0,46 5 41,2,10,,96264,38,0,46 5 41,2,10,,96412,38,0,46 5 41,2,10,,96265,38,0,46 5 41,2,50,,96423,38,0,46 5 41,2,10,,96428,38,0,46 5 41,2,10,,96321,38,0,46 5 41,2,10,,96299,38,0,46 5 41,2,9,,96450,38,0,46 5 41,2,7,,96333,38,0,46 5 41,2,50,,96310,38,0,46 5 41,2,10,,96361,38,0,46 5 41,2,10,,96269,38,0,46 5 41,2,10,,96477,38,0,46 5 41,2,10,,96458,38,0,46 5 41,2,10,,96388,38,0,46 5 41,2,50,,96261,38,0,46 5 41,2,10,,96318,38,0,46 5 41,2,10,,96287,38,0,46 5 41,2,10,,96331,38,0,46 5 41,2,10,,96301,38,0,46 5 41,2,10,,96407,38,0,46 5 41,2,50,,96373,38,0,46 5 41,2,10,,96431,38,0,46 5 41,2,10,,96426,38,0,46 5 41,2,10,,96495,38,0,46 5 41,2,7,,96314,38,0,46 5 41,2,10,,96306,38,0,46 5 41,2,10,,96508,38,0,46 5 41,2,50,,96309,38,0,46 5 41,2,10,,96375,38,0,46 5 41,2,10,,96456,38,0,46 5 41,2,10,,96468,38,0,46 5 41,2,10,,96448,38,0,46 5 41,2,10,,96406,38,0,46 5 41,2,50,,96447,38,0,46 5 41,2,10,,96462,38,0,46 5 41,2,10,,96438,38,0,46 5 41,2,10,,96285,38,0,46 5 41,2,10,,96383,38,0,46 5 41,2,10,,96291,38,0,46 5 41,2,50,,96329,38,0,46 5 41,2,10,,96384,38,0,46 5 41,2,10,,96489,38,0,46 5 41,2,10,,96263,38,0,46 5 41,2,10,,96275,38,0,46 5 41,2,10,,96390,38,0,46 5 41,2,50,,96474,38,0,46 5 41,2,10,,96340,38,0,46 5 41,2,10,,96295,38,0,46 5 41,2,10,,96413,38,0,46 5 41,2,10,,96296,38,0,46 5 41,2,10,,96496,38,0,46 5 41,2,50,,96293,38,0,46 5 41,2
50502,'1',514,,97243,41,4,,2,13,,97277,41,4,,2,5,,97248,41,4,,2,5,,97274,41,4,,2,10,,97252,41,4,,2,10,,97211,41,4,,2,50,,97230,41,4,,2,10,,97224,41,4,,2,10,,97214,41,4,,2,10,,97330,41,4,,2,10,,97218,40,0,5 41,2,10,,97219,40,0,5 41,2,50,,97304,40,0,5 41,2,10,,97206,40,0,5 41,2,10,,97365,40,0,5 41,2,5,,97357,32,0,5 41,2,5,,97208,40,0,5 41,2,5,,97231,32,0,5 41,2,5,,97315,40,0,5 41,2,10,,97346,40,0,5 41,2,45,,97344,40,0,5 41,2,5,,97227,40,0,5 41,2,8,,97203,32,0,5 41,2,2,,97292,40,0,5 41,2,9,,97296,32,0,5 41,2,4,,97355,40,0,5 41,2,12,,97289,40,0,5 41,2,5,,97271,32,0,5 41,2,2,,97263,40,0,5 41,2,6,,97367,40,0,5 41,2,46,,97360,40,0,5 41,2,6,,97293,40,0,5 41,2,6,,97241,40,0,5 41,2,6,,97301,40,0,5 41,2,6,,97332,40,0,5 41,2,6,,97372,40,0,5 41,2,6,,97373,40,0,5 41,2,6,,97235,40,0,5 41,2,6,,97364,40,0,5 41,2,6,,97284,40,0,5 41,2,46,,97328,40,0,5 41,2,6,,97280,40,0,5 41,2,6,,97262,40,0,5 41,2,6,,97371,40,0,5 41,2,8,,97297,40,0,5 41,2,8,,97329,40,0,5 41,2,6,,69902,40,0,5 41,2,6,,97354,40,0,5 41,2,6,,97215,40,0,5 41,2,6,,97351,40,0,5 41,2,46,,97250,40,0,5 41,2,6,,97225,40,0,5 41,2,6,,97369,40,0,5 41,2,6,,97278,40,0,5 41,2,6,,97303,40,0,5 41,2,6,,97316,40,0,5 41,2,6,,97349,40,0,5 41,2,6,,97298,40,0,5 41,2,6,,97245,40,0,5 41,2,6,,97324,40,0,5 41,2,46,,97242,40,0,5 41,2,6,,97221,40,0,5 41,2,6,,97327,40,0,5 41,2,6,,97302,40,0,5 41,2,6,,97213,40,0,5 41,2,6,,97314,40,0,5 41,2,6,,97275,40,0,5 41,2,6,,97300,40,0,5 41,2,6,,86512,40,0,5 41,2,6,,87423,40,0,5 41,2,46,,97356,40,0,5 41,2,6,,97290,40,0,5 41,2,6,,97334,40,0,5 41,2,6,,97287,40,0,5 41,2,6,,97264,40,0,5 41,2,6,,97237,40,0,5 41,2,6,,97238,40,0,5 41,2,6,,97342,40,0,5 41,2,6,,97233,40,0,5 41,2,6,,97270,40,0,5 41,2,46,,97362,40,0,5 41,2,6,,97272,40,0,5 41,2,6,,97265,40,0,5 41,2,6,,80689,40,0,5 41,2,6,,97291,40,0,5 41,2,6,,97285,40,0,5 41,2,6,,97340,40,0,5 41,2,6,,97258,40,0,5 41,2,6,,97322,40,0,5 41,2,6,,97259,40,0,5 41,2,46,,97306,40,0,5 41,2,6,,97352,40,0,5 41,2,6,,97299,40,0,5 41,2,6,,97348,40,0,5 41,2,9,,97212,40,0,5 41,2,3,,97249,40,0,5 41,2,6,,97341,40,0,5 41,2,6,,97247,40,0,5 41,2,6,,97318,40,0,5 41,2,6,,97286,40,0,5 41,2,46,,97305,40,0,5 41,2,6,,97256,40,0,5 41,2,6,,97276,40,0,5 41,2,6,,97226,40,0,5 41,2,6,,97228,40,0,5 41,2,6,,97261,40,0,5 41,2,6,,97204,40,0,5 41,2,6,,97336,40,0,5 41,2,6,,97254,40,0,5 41,2,6,,97239,40,0,5 41,2,46,,97232,40,0,5 41,2,6,,97253,40,0,5 41,2,6,,97200,40,0,5 41,2,6,,97311,40,0,5 41,2,6,,97234,40,0,5 41,2,6,,97196,40,0,5 41,2,6,,97267,40,0,5 41,2,6,,97312,40,0,5 41,2,6,,97244,40,0,5 41,2,6,,97198,40,0,5 41,2,46,,97236,40,0,5 41,2,6,,97358,40,0,5 41,2,6,,97368,40,0,5 41,2,6,,86579,40,0,5 41,2,6,,97335,40,0,5 41,2,6,,97207,40,0,5 41,2,6,,97255,40,0,5 41,2,6,,97209,40,0,5 41,2,6,,97257,40,0,5 41,2,6,,97223,40,0,5 41,2,46,,88329,40,0,5 41,2,6,,97370,40,0,5 41,2,6,,97321,40,0,5 41,2,6,,97350,40,0,5 41,2,6,,97269,40,0,5 41,2,6,,97307,40,0,5 41,2,6,,97326,40,0,5 41,2,6,,97201,40,0,5 41,2,6,,97251,40,0,5 41,2,6,,97339,40,0,5 41,2,46,,97345,40,0,5 41,2,10,,97338,40,0,5 41,2,11,,97205,40,0,5 41,2,9,,97283,40,0,5 41,2,10,,97313,40,0,5 41,2,10,,97294,40,0,5 41,2,50,,97309,40,0,5 41,2,10,,97361,40,0,5 41,2,10,,97343,40,0,5 41,2,10,,97281,40,0,5 41,2,10,,97366,40,0,5 41,2,10,,97325,40,0,5 41,2,50,,97288,40,0,5 41,2,10,,97319,40,0,5 41,2,10,,97222,40,0,5 41,2,10,,97310,40,0,5 41,2,10,,97246,40,0,5 41,2,9,,78595,40,0,5 41,2,49,,97260,40,0,5 41,2,10,,97353,40,0,5 41,2,10,,97333,40,0,5 41,2,10,,97210,40,0,5 41,2,10,,97295,40,0,5 41,2,10,,97359,40,0,5 41,2,50,,97229,40,0,5 41,2,10,,97197,40,0,5 41,2,10,,97240,40,0,5 41,2,10,,83888,40,0,5 41,2,10,,97282,40,0,5 41,2,10,,97217,40,0,5 41,2,50,,97220,40,0,5 41,2,10,,97363,40,0,5 41,2,10,,97337,40,0,5 41,2,20,,97317,40,0,5 41,2,66,,97320,40,0,5 41,2,30,,97199,40,0,5 41,2
50502,'2',501,,97454,32,4,,2,26,,97446,32,4,,2,10,,97485,32,4,,2,8,,97517,41,4,,2,6,,97465,41,4,,2,50,,97498,41,4,,2,10,,97510,41,4,,2,10,,97418,41,4,,2,10,,97489,41,4,,2,10,,97472,41,4,,2,10,,97532,40,0,5 41,2,50,,97493,40,0,5 41,2,10,,97415,40,0,5 41,2,10,,97475,40,0,5 41,2,10,,97405,40,0,5 41,2,10,,78938,40,0,5 41,2,10,,97494,40,0,5 41,2,50,,97533,40,0,5 41,2,5,,97507,32,0,5 41,2,5,,97482,40,0,5 41,2,5,,97500,32,0,5 41,2,5,,84115,40,0,5 41,2,5,,97531,32,0,5 41,2,7,,97396,40,0,5 41,2,5,,97525,32,0,5 41,2,7,,97543,40,0,5 41,2,6,,97468,32,0,5 41,2,7,,97464,40,0,5 41,2,46,,78693,40,0,5 41,2,6,,97490,40,0,5 41,2,6,,97455,40,0,5 41,2,6,,82639,40,0,5 41,2,6,,97430,40,0,5 41,2,6,,97461,40,0,5 41,2,6,,97438,40,0,5 41,2,6,,97385,40,0,5 41,2,6,,97451,40,0,5 41,2,6,,97522,40,0,5 41,2,46,,97449,40,0,5 41,2,6,,97466,40,0,5 41,2,6,,97503,40,0,5 41,2,6,,97380,40,0,5 41,2,6,,97401,40,0,5 41,2,6,,97441,40,0,5 41,2,6,,97397,40,0,5 41,2,6,,97390,40,0,5 41,2,6,,97420,40,0,5 41,2,6,,97391,40,0,5 41,2,46,,97408,40,0,5 41,2,6,,97462,40,0,5 41,2,6,,97518,40,0,5 41,2,6,,97410,40,0,5 41,2,6,,97398,40,0,5 41,2,6,,97428,40,0,5 41,2,6,,97423,40,0,5 41,2,6,,97540,40,0,5 41,2,6,,97477,40,0,5 41,2,6,,97387,40,0,5 41,2,46,,97539,40,0,5 41,2,6,,97523,40,0,5 41,2,6,,97471,40,0,5 41,2,8,,97514,40,0,5 41,2,6,,97528,40,0,5 41,2,7,,97425,32,0,5 41,2,3,,97447,40,0,5 41,2,6,,97427,40,0,5 41,2,8,,97504,40,0,5 41,2,46,,97488,40,0,5 41,2,8,,97536,40,0,5 41,2,6,,97400,40,0,5 41,2,6,,97470,40,0,5 41,2,6,,97424,40,0,5 41,2,6,,97432,40,0,5 41,2,6,,97409,40,0,5 41,2,6,,97445,40,0,5 41,2,6,,97442,40,0,5 41,2,6,,97496,40,0,5 41,2,46,,97519,40,0,5 41,2,6,,97529,40,0,5 41,2,6,,97497,40,0,5 41,2,6,,97402,40,0,5 41,2,6,,97478,40,0,5 41,2,6,,97512,40,0,5 41,2,6,,97421,40,0,5 41,2,6,,97457,40,0,5 41,2,6,,97429,40,0,5 41,2,6,,97377,40,0,5 41,2,46,,97376,40,0,5 41,2,6,,97433,40,0,5 41,2,6,,97386,40,0,5 41,2,6,,97535,40,0,5 41,2,6,,97506,40,0,5 41,2,6,,97515,40,0,5 41,2,6,,97467,40,0,5 41,2,6,,97459,40,0,5 41,2,6,,97537,40,0,5 41,2,6,,97481,40,0,5 41,2,46,,97450,40,0,5 41,2,6,,97426,40,0,5 41,2,6,,97406,40,0,5 41,2,6,,97407,40,0,5 41,2,6,,97534,40,0,5 41,2,6,,97434,40,0,5 41,2,6,,97469,40,0,5 41,2,6,,97419,40,0,5 41,2,6,,97393,40,0,5 41,2,6,,97379,40,0,5 41,2,46,,97526,40,0,5 41,2,6,,97463,40,0,5 41,2,6,,97486,40,0,5 41,2,6,,97508,40,0,5 41,2,6,,97509,40,0,5 41,2,6,,97439,40,0,5 41,2,6,,97422,40,0,5 41,2,6,,97448,40,0,5 41,2,6,,97403,40,0,5 41,2,6,,97443,40,0,5 41,2,46,,97516,40,0,5 41,2,6,,97495,40,0,5 41,2,6,,97375,40,0,5 41,2,6,,97499,40,0,5 41,2,6,,97474,40,0,5 41,2,6,,97394,40,0,5 41,2,6,,97412,40,0,5 41,2,12,,97521,40,0,5 41,2,6,,97505,40,0,5 41,2,46,,97383,40,0,5 41,2,12,,97458,40,0,5 41,2,6,,97417,40,0,5 41,2,6,,97524,40,0,5 41,2,6,,97392,40,0,5 41,2,8,,97444,40,0,5 41,2,8,,97460,40,0,5 41,2,9,,97473,40,0,5 41,2,48,,97382,40,0,5 41,2,10,,97501,40,0,5 41,2,10,,97378,40,0,5 41,2,10,,97492,40,0,5 41,2,10,,97384,40,0,5 41,2,10,,97381,40,0,5 41,2,50,,97388,40,0,5 41,2,10,,97530,40,0,5 41,2,10,,97545,40,0,5 41,2,10,,97414,40,0,5 41,2,10,,97491,40,0,5 41,2,10,,97437,40,0,5 41,2,50,,97374,40,0,5 41,2,10,,97479,40,0,5 41,2,10,,97513,40,0,5 41,2,8,,97502,40,0,5 41,2,10,,97440,40,0,5 41,2,7,,97435,40,0,5 41,2,7,,97431,40,0,5 41,2,50,,97395,40,0,5 41,2,10,,97544,40,0,5 41,2,10,,97538,40,0,5 41,2,10,,97413,40,0,5 41,2,10,,97476,40,0,5 41,2,10,,97483,40,0,5 41,2,50,,97416,40,0,5 41,2,10,,97520,40,0,5 41,2,10,,78105,40,0,5 41,2,10,,97511,40,0,5 41,2,10,,97453,40,0,5 41,2,12,,97527,40,0,5 41,2,48,,97487,40,0,5 41,2,10,,97436,40,0,5 41,2,12,,97452,40,0,5 41,2,15,,97456,40,0,5 41,2
50502,'3',838,,97552,40,0,5 41,2,10,,97562,40,0,5 41,2,10,,97637,40,0,5 41,2,45,,97681,32,0,5 41,2,5,,97607,40,0,5 41,2,10,,97674,40,0,5 41,2,10,,97658,40,0,5 41,2,5,,97566,32,0,5 41,2,5,,97546,40,0,5 41,2,7,,97647,32,0,5 41,2,2,,97580,40,0,5 41,2,9,,97625,40,0,5 41,2,46,,97616,40,0,5 41,2,6,,97655,40,0,5 41,2,6,,97597,40,0,5 41,2,6,,97683,40,0,5 41,2,6,,97636,40,0,5 41,2,6,,97642,40,0,5 41,2,6,,97614,40,0,5 41,2,6,,97686,40,0,5 41,2,6,,97581,40,0,5 41,2,6,,97684,40,0,5 41,2,46,,97677,40,0,5 41,2,6,,97646,40,0,5 41,2,6,,97553,40,0,5 41,2,6,,97601,40,0,5 41,2,6,,97657,40,0,5 41,2,6,,97654,40,0,5 41,2,6,,97639,40,0,5 41,2,6,,97691,40,0,5 41,2,6,,97574,40,0,5 41,2,6,,97598,40,0,5 41,2,46,,97631,40,0,5 41,2,6,,97613,40,0,5 41,2,6,,97573,40,0,5 41,2,6,,97603,40,0,5 41,2,6,,97695,40,0,5 41,2,8,,97668,32,0,5 41,2,1,,97632,40,0,5 41,2,6,,97549,40,0,5 41,2,8,,97602,40,0,5 41,2,5,,97582,32,0,5 41,2,3,,97551,40,0,5 41,2,46,,97612,40,0,5 41,2,6,,97659,40,0,5 41,2,6,,97595,40,0,5 41,2,6,,97610,40,0,5 41,2,6,,97567,40,0,5 41,2,6,,97638,40,0,5 41,2,6,,97596,40,0,5 41,2,6,,97640,40,0,5 41,2,6,,97678,40,0,5 41,2,6,,97555,40,0,5 41,2,46,,97666,40,0,5 41,2,6,,97550,40,0,5 41,2,6,,97608,40,0,5 41,2,6,,97599,40,0,5 41,2,6,,97688,40,0,5 41,2,6,,97680,40,0,5 41,2,6,,97560,40,0,5 41,2,6,,97600,40,0,5 41,2,6,,97593,40,0,5 41,2,6,,97586,40,0,5 41,2,46,,97557,40,0,5 41,2,6,,97590,40,0,5 41,2,6,,97569,40,0,5 41,2,6,,97660,40,0,5 41,2,6,,97693,40,0,5 41,2,6,,97563,40,0,5 41,2,6,,97694,40,0,5 41,2,6,,82302,40,0,5 41,2,6,,97624,40,0,5 41,2,6,,97594,40,0,5 41,2,46,,97665,40,0,5 41,2,6,,97662,40,0,5 41,2,6,,97648,40,0,5 41,2,6,,97656,40,0,5 41,2,6,,97589,40,0,5 41,2,6,,97667,40,0,5 41,2,6,,97604,40,0,5 41,2,6,,97628,40,0,5 41,2,6,,97622,40,0,5 41,2,6,,97650,40,0,5 41,2,46,,97565,40,0,5 41,2,6,,97606,40,0,5 41,2,6,,97675,40,0,5 41,2,6,,97618,40,0,5 41,2,6,,97663,40,0,5 41,2,6,,97623,40,0,5 41,2,6,,97649,40,0,5 41,2,6,,97578,40,0,5 41,2,6,,97652,40,0,5 41,2,6,,97592,40,0,5 41,2,46,,97617,40,0,5 41,2,6,,97559,40,0,5 41,2,6,,97630,40,0,5 41,2,6,,97579,40,0,5 41,2,6,,97635,40,0,5 41,2,6,,97672,40,0,5 41,2,6,,97605,40,0,5 41,2,6,,97671,40,0,5 41,2,6,,97619,40,0,5 41,2,6,,97692,40,0,5 41,2,46,,97571,40,0,5 41,2,6,,97609,40,0,5 41,2,6,,97568,40,0,5 41,2,6,,97554,40,0,5 41,2,6,,97591,40,0,5 41,2,6,,97643,40,0,5 41,2,6,,89631,40,0,5 41,2,6,,97634,40,0,5 41,2,6,,77675,40,0,5 41,2,2,,97670,40,0,5 41,2,6,,97583,40,0,5 41,2,49,,97577,40,0,5 41,2,10,,97556,40,0,5 41,2,10,,97575,40,0,5 41,2,10,,97576,40,0,5 41,2,10,,97564,40,0,5 41,2,10,,97587,40,0,5 41,2,50,,97661,40,0,5 41,2,10,,97570,40,0,5 41,2,10,,97633,40,0,5 41,2,10,,97644,40,0,5 41,2,10,,97615,40,0,5 41,2,10,,97653,40,0,5 41,2,50,,97690,40,0,5 41,2,10,,97676,40,0,5 41,2,10,,97689,40,0,5 41,2,10,,97585,40,0,5 41,2,10,,82800,40,0,5 41,2,10,,97679,40,0,5 41,2,50,,97626,40,0,5 41,2,10,,97673,40,0,5 41,2,10,,97682,40,0,5 41,2,10,,97588,40,0,5 41,2,10,,97627,40,0,5 41,2,10,,97669,40,0,5 41,2,50,,97645,40,0,5 41,2,10,,97584,40,0,5 41,2,10,,97687,40,0,5 41,2,10,,88785,40,0,5 41,2,10,,97620,40,0,5 41,2,10,,97651,40,0,5 41,2,50,,97611,40,0,5 41,2,10,,97547,40,0,5 41,2,13,,97561,40,0,5 41,2,12,,97548,40,0,5 41,2
50502,'5',514,,97752,32,0,5 41,2,22,,97802,41,4,,2,14,,97759,32,0,5 41,2,8,,97838,41,4,,2,55,,97776,41,4,,2,15,,97862,41,4,,2,15,,97804,41,4,,2,15,,97696,40,0,5 41,2,50,,97708,40,0,5 41,2,10,,97841,40,0,5 41,2,10,,97809,40,0,5 41,2,10,,97733,40,0,5 41,2,10,,97860,40,0,5 41,2,10,,97699,40,0,5 41,2,50,,97818,40,0,5 41,2,10,,97850,40,0,5 41,2,10,,97738,40,0,5 41,2,10,,97736,40,0,5 41,2,10,,97783,40,0,5 41,2,10,,97715,40,0,5 41,2,45,,97784,32,0,5 41,2,5,,97829,40,0,5 41,2,10,,97852,40,0,5 41,2,10,,97854,40,0,5 41,2,5,,97825,32,0,5 41,2,5,,97728,40,0,5 41,2,7,,97758,32,0,5 41,2,2,,97800,40,0,5 41,2,9,,97816,40,0,5 41,2,46,,97766,40,0,5 41,2,6,,97851,40,0,5 41,2,6,,97749,40,0,5 41,2,6,,97747,40,0,5 41,2,6,,97739,40,0,5 41,2,6,,97726,40,0,5 41,2,6,,97740,40,0,5 41,2,6,,97855,40,0,5 41,2,6,,97771,40,0,5 41,2,6,,97722,40,0,5 41,2,46,,97757,40,0,5 41,2,6,,97727,40,0,5 41,2,6,,97824,40,0,5 41,2,6,,97723,40,0,5 41,2,6,,97837,40,0,5 41,2,6,,97732,40,0,5 41,2,6,,97795,40,0,5 41,2,6,,97697,40,0,5 41,2,6,,97707,40,0,5 41,2,6,,97712,40,0,5 41,2,46,,97847,40,0,5 41,2,6,,97796,40,0,5 41,2,6,,97753,40,0,5 41,2,6,,97812,40,0,5 41,2,6,,97774,40,0,5 41,2,8,,97797,32,0,5 41,2,1,,97815,40,0,5 41,2,6,,97770,40,0,5 41,2,8,,97805,40,0,5 41,2,5,,97798,32,0,5 41,2,3,,97701,40,0,5 41,2,46,,76246,40,0,5 41,2,6,,97842,40,0,5 41,2,6,,97700,40,0,5 41,2,6,,97769,40,0,5 41,2,6,,97820,40,0,5 41,2,6,,97754,40,0,5 41,2,6,,90543,40,0,5 41,2,6,,97716,40,0,5 41,2,6,,97832,40,0,5 41,2,6,,97725,40,0,5 41,2,46,,97787,40,0,5 41,2,6,,97748,40,0,5 41,2,6,,97734,40,0,5 41,2,6,,97721,40,0,5 41,2,6,,97720,40,0,5 41,2,6,,97791,40,0,5 41,2,6,,97751,40,0,5 41,2,6,,97817,40,0,5 41,2,6,,97858,40,0,5 41,2,6,,97756,40,0,5 41,2,46,,97737,40,0,5 41,2,6,,97750,40,0,5 41,2,6,,97823,40,0,5 41,2,6,,97741,40,0,5 41,2,6,,85354,40,0,5 41,2,6,,97814,40,0,5 41,2,6,,97859,40,0,5 41,2,6,,97813,40,0,5 41,2,6,,97822,40,0,5 41,2,6,,97742,40,0,5 41,2,46,,97779,40,0,5 41,2,6,,97849,40,0,5 41,2,6,,97714,40,0,5 41,2,6,,97706,40,0,5 41,2,6,,97755,40,0,5 41,2,6,,97848,40,0,5 41,2,6,,97835,40,0,5 41,2,6,,97767,40,0,5 41,2,6,,97724,40,0,5 41,2,6,,97761,40,0,5 41,2,46,,97861,40,0,5 41,2,6,,97853,40,0,5 41,2,6,,97765,40,0,5 41,2,6,,97846,40,0,5 41,2,6,,97785,40,0,5 41,2,6,,97781,40,0,5 41,2,6,,97772,40,0,5 41,2,6,,97792,40,0,5 41,2,6,,97844,40,0,5 41,2,6,,97831,40,0,5 41,2,46,,97703,40,0,5 41,2,6,,97711,40,0,5 41,2,6,,97810,40,0,5 41,2,6,,97778,40,0,5 41,2,6,,97819,40,0,5 41,2,6,,97808,40,0,5 41,2,6,,97702,40,0,5 41,2,6,,78337,40,0,5 41,2,6,,97719,40,0,5 41,2,6,,97760,40,0,5 41,2,46,,97863,40,0,5 41,2,6,,97762,40,0,5 41,2,6,,97698,40,0,5 41,2,6,,97806,40,0,5 41,2,6,,97803,40,0,5 41,2,6,,97843,40,0,5 41,2,6,,97789,40,0,5 41,2,6,,97807,40,0,5 41,2,6,,97826,40,0,5 41,2,2,,97845,40,0,5 41,2,6,,97735,40,0,5 41,2,49,,97729,40,0,5 41,2,10,,97857,40,0,5 41,2,10,,97746,40,0,5 41,2,10,,97743,40,0,5 41,2,10,,97709,40,0,5 41,2,10,,97710,40,0,5 41,2,50,,97768,40,0,5 41,2,10,,97731,40,0,5 41,2,10,,97788,40,0,5 41,2,10,,97840,40,0,5 41,2,10,,97834,40,0,5 41,2,10,,97704,40,0,5 41,2,50,,97763,40,0,5 41,2,10,,97786,40,0,5 41,2,10,,97773,40,0,5 41,2,10,,97730,40,0,5 41,2,10,,97782,40,0,5 41,2,10,,97811,40,0,5 41,2,50,,97744,40,0,5 41,2,10,,97777,40,0,5 41,2,10,,97794,40,0,5 41,2,10,,97833,40,0,5 41,2,10,,97705,40,0,5 41,2,10,,97713,40,0,5 41,2,50,,97717,40,0,5 41,2,10,,97780,40,0,5 41,2,10,,97828,40,0,5 41,2,10,,97799,40,0,5 41,2,10,,97839,40,0,5 41,2,10,,97775,40,0,5 41,2,50,,97801,40,0,5 41,2,10,,97836,40,0,5 41,2,13,,97745,40,0,5 41,2,12,,97830,40,0,5 41,2
