30402,'1',2618,,123924,18,0,5 6 7,2,10,,123923,18,0,5 6 7,2,10,,123934,18,0,5 6 7,2,10,,123922,18,0,5 6 7,2,10,,123920,18,0,5 6 7,2,50,,123919,18,0,5 6 7,2,10,,123932,18,0,5 6 7,2,10,,123928,18,0,5 6 7,2,10,,123931,18,0,5 6 7,2,10,,123918,18,0,5 6 7,2,10,,123921,18,0,5 6 7,2,50,,123935,18,0,5 6 7,2,10,,123936,18,0,5 6 7,2,10,,123915,18,0,5 6 7,2,10,,123916,18,0,5 6 7,2,10,,123937,18,0,5 6 7,2,6,,123926,18,0,5 6 7,2
30402,'2',2638,,123939,18,0,5 6 7,2,10,,123961,18,0,5 6 7,2,10,,123947,18,0,5 6 7,2,50,,123958,18,0,5 6 7,2,10,,123938,18,0,5 6 7,2,10,,123950,18,0,5 6 7,2,10,,123944,18,0,5 6 7,2,10,,123953,18,0,5 6 7,2,10,,123949,18,0,5 6 7,2,50,,123957,18,0,5 6 7,2,10,,123941,18,0,5 6 7,2,10,,123959,18,0,5 6 7,2,10,,123952,18,0,5 6 7,2,10,,123946,18,0,5 6 7,2,10,,123954,18,0,5 6 7,2,50,,123940,18,0,5 6 7,2,13,,123943,18,0,5 6 7,2
30402,'3',433,,124006,8,0,5 6 7,2,14,,123968,8,0,5 6 7,2,7,,123986,8,0,21,2,47,,124007,8,0,5 6 7,2,7,,123971,8,0,21,2,5,,124008,8,0,5 6 7,2,6,,124001,18,0,21,2,10,,124009,6,0,5 6 7,2,5,,123995,8,0,21,2,6,,124013,18,0,21,2,3,,124003,8,0,5 6 7,2,5,,123981,6,0,5 6 7,2,8,,124005,18,0,21,2,46,,123980,6,0,5 6 7,2,7,,123997,18,0,21,2,7,,123966,6,0,5 6 7,2,7,,123992,18,0,21,2,7,,123993,6,0,5 6 7,2,7,,123973,18,0,21,2,7,,124011,6,0,5 6 7,2,7,,124010,18,0,21,2,7,,123984,6,0,5 6 7,2,47,,123969,18,0,21,2,7,,123985,6,0,5 6 7,2,7,,123990,18,0,21,2,7,,123977,6,0,5 6 7,2,7,,119646,18,0,21,2,14,,123964,18,0,21,2,54,,124000,18,0,21,2,14,,124004,18,0,21,2,1826,,123991,18,0,5 6 7,2,10,,123999,18,0,5 6 7,2,50,,123972,18,0,5 6 7,2,10,,123965,18,0,5 6 7,2,10,,123987,18,0,5 6 7,2,10,,124012,18,0,5 6 7,2,10,,123989,18,0,5 6 7,2,10,,123970,18,0,5 6 7,2,50,,123998,18,0,5 6 7,2,10,,123967,18,0,5 6 7,2,10,,123994,18,0,5 6 7,2,11,,123963,18,0,5 6 7,2
30402,'5',2641,,124032,18,0,5 6 7,2,10,,124020,18,0,5 6 7,2,50,,124033,18,0,5 6 7,2,10,,124028,18,0,5 6 7,2,10,,124021,18,0,5 6 7,2,10,,124023,18,0,5 6 7,2,10,,124022,18,0,5 6 7,2,10,,124025,18,0,5 6 7,2,50,,124018,18,0,5 6 7,2,10,,124029,18,0,5 6 7,2,10,,124024,18,0,5 6 7,2,11,,124027,18,0,5 6 7,2
50302,'1',530,,126375,33,0,32 8 19,2,12,,126469,33,0,32 8 19,2,10,,126383,33,0,32 8 19,2,50,,126434,33,0,32 8 19,2,10,,126433,33,0,32 8 19,2,13,,126488,33,0,32 8 19,2,8,,126421,33,0,32 8 19,2,6,,126506,33,0,32 8 19,2,6,,126445,33,0,32 8 19,2,7,,110381,33,0,32 8 19,2,50,,126500,33,0,32 8 19,2,5,,126476,33,0,32 8 19,2,5,,126514,33,0,32 8 19,2,5,,126479,33,0,32 8 19,2,7,,126403,33,0,32 8 19,2,9,,126498,33,0,32 8 19,2,7,,126507,33,0,32 8 19,2,5,,126393,33,0,32 8 19,2,5,,126408,33,0,32 8 19,2,6,,126424,33,0,32 8 19,2,46,,115562,33,0,32 8 19,2,6,,126478,33,0,32 8 19,2,6,,126459,33,0,32 8 19,2,6,,126516,33,0,32 8 19,2,6,,126451,33,0,32 8 19,2,6,,126503,33,0,32 8 19,2,6,,126485,33,0,32 8 19,2,6,,126481,33,0,32 8 19,2,6,,126415,33,0,32 8 19,2,6,,126419,33,0,32 8 19,2,46,,126404,33,0,32 8 19,2,6,,126430,33,0,32 8 19,2,6,,126465,33,0,32 8 19,2,6,,126426,33,0,32 8 19,2,6,,109684,33,0,32 8 19,2,6,,126436,33,0,32 8 19,2,6,,126420,33,0,32 8 19,2,6,,126399,33,0,32 8 19,2,6,,126489,33,0,32 8 19,2,6,,126518,33,0,32 8 19,2,46,,126456,33,0,32 8 19,2,6,,126509,33,0,32 8 19,2,7,,126504,33,0,32 8 19,2,10,,126389,33,0,32 8 19,2,10,,126398,33,0,32 8 19,2,10,,126382,33,0,32 8 19,2,10,,111368,33,0,32 8 19,2,50,,126475,33,0,32 8 19,2,10,,126486,33,0,32 8 19,2,10,,126455,33,0,32 8 19,2,10,,126449,33,0,32 8 19,2,10,,126413,33,0,32 8 19,2,10,,126452,33,0,32 8 19,2,50,,126423,33,0,32 8 19,2,10,,126497,33,0,32 8 19,2,10,,126429,33,0,32 8 19,2,10,,126458,33,0,32 8 19,2,10,,126371,33,0,32 8 19,2,10,,126480,33,0,32 8 19,2,50,,126438,33,0,32 8 19,2,10,,126402,33,0,32 8 19,2,10,,126387,33,0,32 8 19,2,10,,126521,33,0,32 8 19,2,10,,126502,33,0,32 8 19,2,10,,126373,33,0,32 8 19,2,50,,126410,33,0,32 8 19,2,10,,126495,33,0,32 8 19,2,10,,126508,33,0,32 8 19,2,10,,126418,33,0,32 8 19,2,10,,126473,33,0,32 8 19,2,10,,126460,33,0,32 8 19,2,51,,126417,33,0,32 8 19,2,9,,126446,33,0,32 8 19,2,11,,126510,33,0,32 8 19,2,3,,126483,33,0,32 8 19,2,6,,126390,33,0,32 8 19,2,6,,126397,33,0,32 8 19,2,6,,126515,33,0,32 8 19,2,6,,126470,33,0,32 8 19,2,6,,126474,33,0,32 8 19,2,46,,126462,33,0,32 8 19,2,6,,126457,33,0,32 8 19,2,6,,126374,33,0,32 8 19,2,6,,126379,33,0,32 8 19,2,6,,126411,33,0,32 8 19,2,6,,126381,33,0,32 8 19,2,6,,126428,33,0,32 8 19,2,6,,126440,33,0,32 8 19,2,6,,126431,33,0,32 8 19,2,6,,126395,33,0,32 8 19,2,46,,126392,33,0,32 8 19,2,6,,126425,33,0,32 8 19,2,6,,126439,33,0,32 8 19,2,6,,126432,33,0,32 8 19,2,6,,126377,33,0,32 8 19,2,6,,126466,33,0,32 8 19,2,6,,126414,33,0,32 8 19,2,6,,126394,33,0,32 8 19,2,6,,126386,33,0,32 8 19,2,6,,126453,33,0,32 8 19,2,46,,126463,33,0,32 8 19,2,6,,126441,33,0,32 8 19,2,6,,126472,33,0,32 8 19,2,6,,126447,33,0,32 8 19,2,6,,126372,33,0,32 8 19,2,6,,126407,33,0,32 8 19,2,6,,126471,33,0,32 8 19,2,6,,126490,33,0,32 8 19,2,6,,126511,33,0,32 8 19,2,47,,126454,33,0,32 8 19,2,7,,126376,33,0,32 8 19,2,7,,126464,33,0,32 8 19,2,7,,126520,33,0,32 8 19,2,7,,126388,33,0,32 8 19,2,6,,126435,33,0,32 8 19,2,7,,126450,33,0,32 8 19,2,6,,126491,33,0,32 8 19,2,7,,126513,33,0,32 8 19,2,48,,126380,33,0,32 8 19,2,8,,126448,33,0,32 8 19,2,8,,126400,33,0,32 8 19,2,8,,126422,33,0,32 8 19,2,8,,126467,33,0,32 8 19,2,8,,126501,33,0,32 8 19,2,8,,126384,33,0,32 8 19,2,8,,126405,33,0,32 8 19,2,48,,126444,33,0,32 8 19,2,8,,126391,33,0,32 8 19,2,8,,126468,33,0,32 8 19,2,8,,126461,33,0,32 8 19,2,8,,126401,33,0,32 8 19,2,8,,126385,33,0,32 8 19,2,8,,126443,33,0,32 8 19,2,48,,126494,33,0,32 8 19,2,8,,126499,33,0,32 8 19,2,9,,126442,33,0,32 8 19,2,9,,126396,33,0,32 8 19,2,7,,126409,33,0,32 8 19,2,7,,126493,33,0,32 8 19,2,8,,126505,33,0,32 8 19,2,50,,126517,33,0,32 8 19,2,10,,126487,33,0,32 8 19,2,10,,126492,33,0,32 8 19,2,10,,126406,33,0,32 8 19,2,10,,126484,33,0,32 8 19,2,10,,126496,33,0,32 8 19,2,50,,126482,33,0,32 8 19,2,10,,126477,33,0,32 8 19,2,10,,126412,33,0,32 8 19,2,10,,126427,33,0,32 8 19,2,10,,126416,33,0,32 8 19,2,10,,126512,33,0,32 8 19,2,54,,126378,33,0,32 8 19,2,17,,126519,33,0,32 8 19,2,17,,126437,33,0,32 8 19,2
50302,'2',454,,126633,33,0,32 8 19,2,50,,126624,33,0,32 8 19,2,10,,119310,33,0,32 8 19,2,10,,126538,33,0,32 8 19,2,8,,126530,33,0,32 8 19,2,8,,126562,33,0,32 8 19,2,9,,126628,33,0,32 8 19,2,10,,126605,33,0,32 8 19,2,50,,126570,33,0,32 8 19,2,10,,126629,33,0,32 8 19,2,10,,126604,33,0,32 8 19,2,10,,126592,33,0,32 8 19,2,10,,126616,33,0,32 8 19,2,10,,126601,33,0,32 8 19,2,50,,126552,33,0,32 8 19,2,10,,126563,33,0,32 8 19,2,10,,126631,33,0,32 8 19,2,10,,126646,33,0,32 8 19,2,10,,126589,33,0,32 8 19,2,10,,126637,33,0,32 8 19,2,50,,126544,33,0,32 8 19,2,10,,126621,33,0,32 8 19,2,12,,126571,33,0,32 8 19,2,14,,126523,33,0,32 8 19,2,11,,126540,33,0,32 8 19,2,49,,126617,33,0,32 8 19,2,9,,126600,33,0,32 8 19,2,9,,126549,33,0,32 8 19,2,10,,126630,33,0,32 8 19,2,10,,126529,33,0,32 8 19,2,10,,126564,33,0,32 8 19,2,50,,126585,33,0,32 8 19,2,10,,126642,33,0,32 8 19,2,10,,126643,33,0,32 8 19,2,10,,126620,33,0,32 8 19,2,10,,126546,33,0,32 8 19,2,10,,126545,33,0,32 8 19,2,50,,126652,33,0,32 8 19,2,10,,126614,33,0,32 8 19,2,10,,126644,33,0,32 8 19,2,10,,126567,33,0,32 8 19,2,10,,126550,33,0,32 8 19,2,11,,126578,33,0,32 8 19,2,5,,126627,33,0,32 8 19,2,45,,126528,33,0,32 8 19,2,10,,126533,33,0,32 8 19,2,10,,126581,33,0,32 8 19,2,10,,126573,33,0,32 8 19,2,8,,126575,33,0,32 8 19,2,5,,126557,33,0,32 8 19,2,10,,126560,33,0,32 8 19,2,50,,126655,33,0,32 8 19,2,10,,126597,33,0,32 8 19,2,5,,126558,33,0,32 8 19,2,5,,126622,33,0,32 8 19,2,10,,126579,33,0,32 8 19,2,8,,126569,33,0,32 8 19,2,8,,126648,33,0,32 8 19,2,48,,126525,33,0,32 8 19,2,8,,126548,33,0,32 8 19,2,8,,126531,33,0,32 8 19,2,8,,126522,33,0,32 8 19,2,8,,126645,33,0,32 8 19,2,8,,126638,33,0,32 8 19,2,8,,126611,33,0,32 8 19,2,8,,126590,33,0,32 8 19,2,48,,126619,33,0,32 8 19,2,8,,126591,33,0,32 8 19,2,8,,126607,33,0,32 8 19,2,8,,126657,33,0,32 8 19,2,8,,126568,33,0,32 8 19,2,8,,126634,33,0,32 8 19,2,8,,126539,33,0,32 8 19,2,48,,126626,33,0,32 8 19,2,8,,126647,33,0,32 8 19,2,8,,126583,33,0,32 8 19,2,8,,126524,33,0,32 8 19,2,8,,126536,33,0,32 8 19,2,8,,112405,33,0,32 8 19,2,8,,111586,33,0,32 8 19,2,8,,126559,33,0,32 8 19,2,48,,126588,33,0,32 8 19,2,8,,115036,33,0,32 8 19,2,8,,126615,33,0,32 8 19,2,8,,126640,33,0,32 8 19,2,8,,126602,33,0,32 8 19,2,8,,126654,33,0,32 8 19,2,8,,126582,33,0,32 8 19,2,48,,126561,33,0,32 8 19,2,8,,126595,33,0,32 8 19,2,8,,126553,33,0,32 8 19,2,8,,126598,33,0,32 8 19,2,8,,126599,33,0,32 8 19,2,8,,126534,33,0,32 8 19,2,8,,126577,33,0,32 8 19,2,8,,126527,33,0,32 8 19,2,48,,126610,33,0,32 8 19,2,9,,126576,33,0,32 8 19,2,9,,126580,33,0,32 8 19,2,9,,126584,33,0,32 8 19,2,11,,126650,33,0,32 8 19,2,9,,126547,33,0,32 8 19,2,49,,126649,33,0,32 8 19,2,10,,126635,33,0,32 8 19,2,10,,126532,33,0,32 8 19,2,10,,126542,33,0,32 8 19,2,10,,126639,33,0,32 8 19,2,10,,126574,33,0,32 8 19,2,50,,126594,33,0,32 8 19,2,10,,126606,33,0,32 8 19,2,10,,126572,33,0,32 8 19,2,10,,126618,33,0,32 8 19,2,10,,126612,33,0,32 8 19,2,10,,126554,33,0,32 8 19,2,50,,126603,33,0,32 8 19,2,10,,126632,33,0,32 8 19,2,10,,126651,33,0,32 8 19,2,11,,126608,33,0,32 8 19,2,8,,126586,33,0,32 8 19,2,8,,126613,33,0,32 8 19,2,10,,126587,33,0,32 8 19,2,50,,126551,33,0,32 8 19,2,10,,126541,33,0,32 8 19,2,10,,126535,33,0,32 8 19,2,10,,126543,33,0,32 8 19,2,10,,126625,33,0,32 8 19,2,10,,126609,33,0,32 8 19,2,50,,126656,33,0,32 8 19,2,10,,126526,33,0,32 8 19,2,10,,126623,33,0,32 8 19,2,10,,126537,33,0,32 8 19,2,10,,126556,33,0,32 8 19,2,10,,126555,33,0,32 8 19,2,50,,126636,33,0,32 8 19,2,10,,126596,33,0,32 8 19,2,10,,126641,33,0,32 8 19,2,10,,126565,33,0,32 8 19,2,10,,111498,33,0,32 8 19,2,10,,126653,33,0,32 8 19,2,48,,126566,33,0,32 8 19,2,8,,126593,33,0,32 8 19,2
50302,'3',522,,126699,33,0,32 8 19,2,11,,126733,33,0,32 8 19,2,10,,126666,33,0,32 8 19,2,10,,126673,33,0,32 8 19,2,50,,126724,33,0,32 8 19,2,10,,126682,33,0,32 8 19,2,10,,126758,33,0,32 8 19,2,10,,126662,33,0,32 8 19,2,10,,126688,33,0,32 8 19,2,10,,126762,33,0,32 8 19,2,50,,126692,33,0,32 8 19,2,10,,126748,33,0,32 8 19,2,10,,126669,33,0,32 8 19,2,10,,126766,33,0,32 8 19,2,10,,126730,33,0,32 8 19,2,10,,126771,33,0,32 8 19,2,50,,126768,33,0,32 8 19,2,12,,126678,33,0,32 8 19,2,13,,126770,33,0,32 8 19,2,13,,126725,33,0,32 8 19,2,11,,126700,33,0,32 8 19,2,49,,126751,33,0,32 8 19,2,8,,126671,33,0,32 8 19,2,8,,126729,33,0,32 8 19,2,10,,126683,33,0,32 8 19,2,10,,126767,33,0,32 8 19,2,10,,126679,33,0,32 8 19,2,10,,126745,33,0,32 8 19,2,50,,126701,33,0,32 8 19,2,10,,126769,33,0,32 8 19,2,10,,126728,33,0,32 8 19,2,10,,112614,33,0,32 8 19,2,10,,126674,33,0,32 8 19,2,10,,126696,33,0,32 8 19,2,50,,126722,33,0,32 8 19,2,10,,126735,33,0,32 8 19,2,10,,126753,33,0,32 8 19,2,10,,126727,33,0,32 8 19,2,10,,126743,33,0,32 8 19,2,10,,126712,33,0,32 8 19,2,50,,126742,33,0,32 8 19,2,10,,126736,33,0,32 8 19,2,9,,126685,33,0,32 8 19,2,10,,126705,33,0,32 8 19,2,13,,126721,33,0,32 8 19,2,9,,126744,33,0,32 8 19,2,49,,126706,33,0,32 8 19,2,10,,126726,33,0,32 8 19,2,10,,126763,33,0,32 8 19,2,10,,126756,33,0,32 8 19,2,10,,126677,33,0,32 8 19,2,10,,126665,33,0,32 8 19,2,50,,126675,33,0,32 8 19,2,10,,126676,33,0,32 8 19,2,10,,126740,33,0,32 8 19,2,10,,126667,33,0,32 8 19,2,10,,126689,33,0,32 8 19,2,10,,126697,33,0,32 8 19,2,50,,126732,33,0,32 8 19,2,10,,126749,33,0,32 8 19,2,10,,108420,33,0,32 8 19,2,10,,126708,33,0,32 8 19,2,10,,126714,33,0,32 8 19,2,10,,126750,33,0,32 8 19,2,50,,126710,33,0,32 8 19,2,10,,126711,33,0,32 8 19,2,10,,126773,33,0,32 8 19,2,10,,126659,33,0,32 8 19,2,10,,126741,33,0,32 8 19,2,10,,126693,33,0,32 8 19,2,50,,126684,33,0,32 8 19,2,10,,126680,33,0,32 8 19,2,10,,126661,33,0,32 8 19,2,10,,126694,33,0,32 8 19,2,10,,126746,33,0,32 8 19,2,10,,126772,33,0,32 8 19,2,50,,126765,33,0,32 8 19,2,10,,126761,33,0,32 8 19,2,10,,126734,33,0,32 8 19,2,10,,126754,33,0,32 8 19,2,10,,126764,33,0,32 8 19,2,10,,126668,33,0,32 8 19,2,50,,126760,33,0,32 8 19,2,10,,126731,33,0,32 8 19,2,10,,126779,33,0,32 8 19,2,10,,126709,33,0,32 8 19,2,8,,126737,33,0,32 8 19,2,12,,126717,33,0,32 8 19,2,50,,126719,33,0,32 8 19,2,10,,126707,33,0,32 8 19,2,10,,126663,33,0,32 8 19,2,10,,126670,33,0,32 8 19,2,10,,126739,33,0,32 8 19,2,10,,126759,33,0,32 8 19,2,50,,113315,33,0,32 8 19,2,10,,126774,33,0,32 8 19,2,10,,126702,33,0,32 8 19,2,10,,126738,33,0,32 8 19,2,10,,126691,33,0,32 8 19,2,10,,126660,33,0,32 8 19,2,50,,126687,33,0,32 8 19,2,10,,126686,33,0,32 8 19,2,10,,126747,33,0,32 8 19,2,11,,126718,33,0,32 8 19,2,9,,118820,33,0,32 8 19,2,6,,126777,33,0,32 8 19,2,50,,126713,33,0,32 8 19,2,10,,126690,33,0,32 8 19,2,10,,126672,33,0,32 8 19,2,10,,126716,33,0,32 8 19,2,10,,126698,33,0,32 8 19,2,10,,126715,33,0,32 8 19,2,50,,126703,33,0,32 8 19,2,10,,126775,33,0,32 8 19,2,10,,126704,33,0,32 8 19,2,10,,126755,33,0,32 8 19,2,10,,126681,33,0,32 8 19,2,10,,126757,33,0,32 8 19,2,50,,126723,33,0,32 8 19,2,10,,126664,33,0,32 8 19,2,10,,126695,33,0,32 8 19,2,10,,126752,33,0,32 8 19,2,10,,126658,33,0,32 8 19,2,10,,126776,33,0,32 8 19,2,53,,126778,33,0,32 8 19,2,14,,126720,33,0,32 8 19,2
50302,'5',522,,122246,33,0,32 8 19,2,11,,126803,33,0,32 8 19,2,10,,126879,33,0,32 8 19,2,10,,126871,33,0,32 8 19,2,50,,126857,33,0,32 8 19,2,10,,126891,33,0,32 8 19,2,10,,126814,33,0,32 8 19,2,10,,126833,33,0,32 8 19,2,10,,126797,33,0,32 8 19,2,10,,126888,33,0,32 8 19,2,50,,126885,33,0,32 8 19,2,10,,126828,33,0,32 8 19,2,10,,126856,33,0,32 8 19,2,10,,126810,33,0,32 8 19,2,10,,126780,33,0,32 8 19,2,10,,126817,33,0,32 8 19,2,50,,126886,33,0,32 8 19,2,12,,112772,33,0,32 8 19,2,13,,119835,33,0,32 8 19,2,13,,126860,33,0,32 8 19,2,11,,126822,33,0,32 8 19,2,49,,126820,33,0,32 8 19,2,8,,126787,33,0,32 8 19,2,8,,126830,33,0,32 8 19,2,10,,126832,33,0,32 8 19,2,10,,126845,33,0,32 8 19,2,10,,111071,33,0,32 8 19,2,10,,126865,33,0,32 8 19,2,50,,126883,33,0,32 8 19,2,10,,126872,33,0,32 8 19,2,10,,126876,33,0,32 8 19,2,10,,126796,33,0,32 8 19,2,10,,106095,33,0,32 8 19,2,10,,126864,33,0,32 8 19,2,50,,126878,33,0,32 8 19,2,10,,126866,33,0,32 8 19,2,10,,126808,33,0,32 8 19,2,10,,126873,33,0,32 8 19,2,10,,126839,33,0,32 8 19,2,10,,126875,33,0,32 8 19,2,50,,126818,33,0,32 8 19,2,10,,126802,33,0,32 8 19,2,9,,126868,33,0,32 8 19,2,10,,126896,33,0,32 8 19,2,13,,126782,33,0,32 8 19,2,9,,126867,33,0,32 8 19,2,49,,126846,33,0,32 8 19,2,10,,126881,33,0,32 8 19,2,10,,126854,33,0,32 8 19,2,10,,126819,33,0,32 8 19,2,10,,126882,33,0,32 8 19,2,10,,126852,33,0,32 8 19,2,50,,126783,33,0,32 8 19,2,10,,126791,33,0,32 8 19,2,10,,126847,33,0,32 8 19,2,10,,109086,33,0,32 8 19,2,10,,126823,33,0,32 8 19,2,10,,126893,33,0,32 8 19,2,50,,126829,33,0,32 8 19,2,10,,126855,33,0,32 8 19,2,10,,126853,33,0,32 8 19,2,10,,126835,33,0,32 8 19,2,10,,126840,33,0,32 8 19,2,10,,126825,33,0,32 8 19,2,50,,126858,33,0,32 8 19,2,10,,126877,33,0,32 8 19,2,10,,126880,33,0,32 8 19,2,10,,126849,33,0,32 8 19,2,10,,126834,33,0,32 8 19,2,10,,126859,33,0,32 8 19,2,50,,126815,33,0,32 8 19,2,10,,126807,33,0,32 8 19,2,10,,126824,33,0,32 8 19,2,10,,126841,33,0,32 8 19,2,10,,126869,33,0,32 8 19,2,10,,126874,33,0,32 8 19,2,50,,116124,33,0,32 8 19,2,10,,126827,33,0,32 8 19,2,10,,126842,33,0,32 8 19,2,10,,126844,33,0,32 8 19,2,10,,126781,33,0,32 8 19,2,10,,126826,33,0,32 8 19,2,50,,126812,33,0,32 8 19,2,10,,126801,33,0,32 8 19,2,10,,126884,33,0,32 8 19,2,10,,126894,33,0,32 8 19,2,8,,126813,33,0,32 8 19,2,12,,126821,33,0,32 8 19,2,50,,126811,33,0,32 8 19,2,10,,126806,33,0,32 8 19,2,10,,126799,33,0,32 8 19,2,10,,126890,33,0,32 8 19,2,10,,126892,33,0,32 8 19,2,10,,126805,33,0,32 8 19,2,50,,126870,33,0,32 8 19,2,10,,126836,33,0,32 8 19,2,10,,126831,33,0,32 8 19,2,10,,126785,33,0,32 8 19,2,10,,113446,33,0,32 8 19,2,10,,126850,33,0,32 8 19,2,50,,126862,33,0,32 8 19,2,10,,126809,33,0,32 8 19,2,10,,126790,33,0,32 8 19,2,11,,126887,33,0,32 8 19,2,9,,126895,33,0,32 8 19,2,6,,126838,33,0,32 8 19,2,50,,126837,33,0,32 8 19,2,10,,126798,33,0,32 8 19,2,10,,126804,33,0,32 8 19,2,10,,126848,33,0,32 8 19,2,10,,126792,33,0,32 8 19,2,10,,113407,33,0,32 8 19,2,50,,126851,33,0,32 8 19,2,10,,126889,33,0,32 8 19,2,10,,126861,33,0,32 8 19,2,10,,126800,33,0,32 8 19,2,10,,126793,33,0,32 8 19,2,10,,126784,33,0,32 8 19,2,50,,126863,33,0,32 8 19,2,10,,126843,33,0,32 8 19,2,10,,126816,33,0,32 8 19,2,10,,126788,33,0,32 8 19,2,10,,126794,33,0,32 8 19,2,10,,126789,33,0,32 8 19,2,53,,126786,33,0,32 8 19,2,14,,126795,33,0,32 8 19,2
50402,'1',409,,128166,8,0,46 5 41,2,15,,128140,8,0,46 5 41,2,15,,127922,8,0,46 5 41,2,1,,128011,8,0,21,2,9,,128059,8,0,46 5 41,2,5,,128158,8,0,21,2,46,,119188,6,0,46 5 41,2,8,,127965,18,0,21,2,3,,127924,6,0,46 5 41,2,7,,127947,18,0,21,2,3,,127974,6,0,46 5 41,2,7,,127980,18,0,21,2,3,,128139,6,0,46 5 41,2,7,,127950,18,0,21,2,3,,128055,6,0,46 5 41,2,7,,128034,18,0,21,2,3,,128115,6,0,46 5 41,2,7,,127992,18,0,21,2,43,,128179,6,0,46 5 41,2,7,,127993,18,0,21,2,1,,127961,6,0,46 5 41,2,5,,127935,17,0,21,2,5,,128008,6,0,46 5 41,2,5,,128114,17,0,21,2,5,,128178,6,0,46 5 41,2,5,,127916,17,0,21,2,5,,128004,6,0,46 5 41,2,5,,128021,17,0,21,2,5,,128014,6,0,46 5 41,2,2,,128127,8,0,46 5 41,2,3,,127975,17,0,21,2,5,,128110,6,0,46 5 41,2,45,,127963,17,0,21,2,5,,128096,6,0,46 5 41,2,5,,128148,17,0,21,2,5,,128099,6,0,46 5 41,2,2,,128033,8,0,46 5 41,2,4,,128084,17,0,21,2,2,,128098,6,0,46 5 41,2,4,,128154,6,0,46 5 41,2,4,,127970,17,0,21,2,5,,128015,8,0,21,2,3,,128172,6,0,46 5 41,2,2,,128156,17,0,21,2,6,,128135,17,0,21,2,3,,128078,6,0,46 5 41,2,3,,128136,17,0,21,2,43,,128149,6,0,46 5 41,2,4,,128053,17,0,21,2,3,,128180,6,0,46 5 41,2,3,,128176,17,0,21,2,4,,127914,6,0,46 5 41,2,2,,128090,17,0,21,2,7,,127919,6,0,46 5 41,2,6,,128009,17,0,21,2,3,,127979,6,0,46 5 41,2,1,,127997,6,0,17 3 14,2,2,,128039,17,0,21,2,3,,127967,6,0,46 5 41,2,2,,128095,17,0,21,2,6,,128032,6,0,46 5 41,2,5,,127938,6,0,17 3 14,2,1,,127940,17,0,21,2,4,,128113,6,0,46 5 41,2,3,,127978,6,0,17 3 14,2,43,,128126,6,0,46 5 41,2,1,,128075,17,0,21,2,5,,127971,6,0,17 3 14,2,4,,128071,17,0,21,2,2,,128066,6,0,46 5 41,2,2,,127915,6,0,17 3 14,2,4,,128023,17,0,21,2,1,,109715,6,0,46 5 41,2,5,,128047,6,0,46 5 41,2,1,,128079,6,0,17 3 14,2,1,,128018,17,0,21,2,7,,128081,6,0,46 5 41,2,1,,128073,17,0,21,2,8,,127995,17,0,21,2,4,,128117,6,0,46 5 41,2,4,,128100,17,0,21,2,2,,128031,6,0,17 3 14,2,3,,127956,6,0,46 5 41,2,44,,128155,17,0,21,2,5,,127951,6,0,46 5 41,2,3,,128125,17,0,21,2,6,,128182,6,0,46 5 41,2,2,,128130,17,0,21,2,8,,127973,17,0,21,2,4,,128151,6,0,46 5 41,2,4,,128163,17,0,21,2,4,,128042,6,0,46 5 41,2,4,,127912,17,0,21,2,7,,128024,6,0,46 5 41,2,7,,128028,17,0,21,2,4,,128072,6,0,46 5 41,2,45,,128181,17,0,21,2,4,,128083,6,0,46 5 41,2,4,,127958,17,0,21,2,5,,128094,6,0,46 5 41,2,4,,127968,17,0,21,2,5,,128160,6,0,46 5 41,2,5,,127934,17,0,21,2,5,,128169,6,0,46 5 41,2,5,,127953,17,0,21,2,5,,127932,6,0,46 5 41,2,5,,127933,17,0,21,2,5,,128003,6,0,46 5 41,2,45,,127972,17,0,21,2,5,,127923,6,0,46 5 41,2,5,,112931,17,0,21,2,5,,121317,6,0,46 5 41,2,5,,128040,17,0,21,2,5,,128111,6,0,46 5 41,2,5,,128131,17,0,21,2,5,,127999,6,0,46 5 41,2,5,,128157,17,0,21,2,5,,128077,6,0,46 5 41,2,5,,128056,17,0,21,2,5,,128146,6,0,46 5 41,2,45,,128104,17,0,21,2,5,,128122,6,0,46 5 41,2,5,,128112,17,0,21,2,5,,128101,6,0,46 5 41,2,5,,128006,17,0,21,2,5,,128002,6,0,46 5 41,2,5,,128170,17,0,21,2,5,,128000,6,0,46 5 41,2,5,,127960,17,0,21,2,5,,128132,6,0,46 5 41,2,5,,128086,17,0,21,2,5,,128174,6,0,46 5 41,2,45,,128153,17,0,21,2,5,,128069,6,0,46 5 41,2,5,,127910,17,0,21,2,5,,128022,6,0,46 5 41,2,5,,127988,17,0,21,2,5,,128103,6,0,46 5 41,2,6,,128036,17,0,21,2,5,,127982,6,0,46 5 41,2,5,,128017,17,0,21,2,4,,128046,8,0,46 5 41,2,3,,128177,6,0,46 5 41,2,4,,127964,17,0,21,2,4,,127921,8,0,21,2,43,,127930,6,0,46 5 41,2,3,,128106,17,0,21,2,5,,128089,6,0,46 5 41,2,5,,128029,17,0,21,2,5,,128062,6,0,46 5 41,2,5,,127966,17,0,21,2,5,,127981,6,0,46 5 41,2,5,,128161,17,0,21,2,6,,128068,6,0,46 5 41,2,4,,128026,17,0,21,2,6,,127990,6,0,46 5 41,2,5,,128070,17,0,21,2,46,,128064,6,0,46 5 41,2,6,,127948,17,0,21,2,5,,127954,6,0,46 5 41,2,6,,128105,17,0,21,2,5,,127908,6,0,46 5 41,2,5,,128138,17,0,21,2,5,,128061,6,0,46 5 41,2,5,,128184,17,0,21,2,5,,127984,6,0,46 5 41,2,5,,128052,17,0,21,2,5,,127937,6,0,46 5 41,2,5,,128128,17,0,21,2,45,,128063,6,0,46 5 41,2,5,,127977,17,0,21,2,5,,127946,6,0,46 5 41,2,5,,128012,17,0,21,2,5,,127987,6,0,46 5 41,2,5,,128010,17,0,21,2,5,,128067,6,0,46 5 41,2,5,,128143,17,0,21,2,5,,127998,6,0,46 5 41,2,5,,127911,17,0,21,2,5,,128134,6,0,46 5 41,2,5,,128159,17,0,21,2,45,,127943,6,0,46 5 41,2,5,,128150,17,0,21,2,5,,128137,6,0,46 5 41,2,5,,127996,17,0,21,2,5,,128038,6,0,46 5 41,2,5,,128027,17,0,21,2,5,,128025,6,0,46 5 41,2,5,,128050,17,0,21,2,5,,128175,6,0,46 5 41,2,5,,128120,17,0,21,2,5,,128097,6,0,46 5 41,2,5,,128051,17,0,21,2,45,,127986,6,0,46 5 41,2,5,,127928,17,0,21,2,5,,127920,6,0,46 5 41,2,5,,127931,17,0,21,2,4,,127957,6,0,46 5 41,2,5,,128145,17,0,21,2,3,,128183,6,0,46 5 41,2,4,,127929,17,0,21,2,5,,116358,6,0,46 5 41,2,5,,128142,17,0,21,2,5,,127925,6,0,46 5 41,2,4,,122444,17,0,21,2,5,,128152,6,0,46 5 41,2,45,,127976,17,0,21,2,8,,128035,17,0,21,2,2,,128085,6,0,46 5 41,2,6,,128109,17,0,21,2,4,,128013,6,0,46 5 41,2,6,,128133,17,0,21,2,4,,128102,6,0,46 5 41,2,6,,127936,17,0,21,2,4,,127985,6,0,46 5 41,2,5,,128129,17,0,21,2,5,,127949,6,0,46 5 41,2,5,,128123,17,0,21,2,45,,128057,6,0,46 5 41,2,5,,128168,17,0,21,2,5,,127909,6,0,46 5 41,2,5,,128060,17,0,21,2,5,,128121,6,0,46 5 41,2,5,,127969,17,0,21,2,5,,128037,6,0,46 5 41,2,5,,128074,17,0,21,2,5,,128167,6,0,46 5 41,2,5,,127989,17,0,21,2,5,,120533,6,0,46 5 41,2,5,,128108,17,0,21,2,45,,121279,6,0,46 5 41,2,5,,128043,17,0,21,2,5,,128030,6,0,46 5 41,2,5,,127945,17,0,21,2,5,,127991,6,0,46 5 41,2,5,,128054,17,0,21,2,5,,128093,6,0,46 5 41,2,5,,109133,17,0,21,2,5,,128147,6,0,46 5 41,2,5,,127927,17,0,21,2,5,,127952,6,0,46 5 41,2,5,,128058,17,0,21,2,44,,128005,6,0,46 5 41,2,5,,107088,17,0,21,2,5,,127913,6,0,46 5 41,2,5,,128082,17,0,21,2,5,,128065,6,0,46 5 41,2,5,,128107,17,0,21,2,5,,127944,6,0,46 5 41,2,5,,128164,17,0,21,2,5,,127983,6,0,46 5 41,2,5,,128144,17,0,21,2,5,,127959,6,0,46 5 41,2,5,,112201,17,0,21,2,45,,128048,6,0,46 5 41,2,5,,128087,17,0,21,2,5,,127941,6,0,46 5 41,2,5,,114700,17,0,21,2,5,,128141,6,0,46 5 41,2,5,,128092,17,0,21,2,5,,127955,6,0,46 5 41,2,5,,127906,17,0,21,2,5,,128016,6,0,46 5 41,2,5,,128091,17,0,21,2,5,,128044,6,0,46 5 41,2,5,,128045,17,0,21,2,45,,128118,6,0,46 5 41,2,5,,128007,17,0,21,2,5,,128019,6,0,46 5 41,2,5,,128041,17,0,21,2,5,,128080,6,0,46 5 41,2,5,,127918,17,0,21,2,5,,128076,6,0,46 5 41,2,5,,128119,17,0,21,2,5,,127907,6,0,46 5 41,2,5,,128165,17,0,21,2,5,,128185,6,0,46 5 41,2,5,,128020,17,0,21,2,48,,128124,6,0,46 5 41,2,2,,128088,17,0,21,2,10,,128173,17,0,21,2
50402,'2',406,,128353,8,0,46 5 41,2,20,,128215,8,0,46 5 41,2,12,,128386,8,0,46 5 41,2,10,,128216,8,0,21,2,9,,128395,8,0,46 5 41,2,47,,128283,8,0,46 5 41,2,5,,128347,8,0,21,2,5,,128313,8,0,46 5 41,2,5,,128352,18,0,21,2,5,,128206,8,0,46 5 41,2,5,,128414,8,0,46 5 41,2,5,,128424,18,0,21,2,5,,128191,6,0,46 5 41,2,5,,128305,18,0,21,2,5,,128278,6,0,46 5 41,2,5,,128205,18,0,21,2,5,,128245,6,0,46 5 41,2,45,,128370,18,0,21,2,5,,128420,6,0,46 5 41,2,5,,128190,17,0,21,2,5,,128324,6,0,46 5 41,2,5,,128194,17,0,21,2,5,,128307,6,0,46 5 41,2,5,,128434,17,0,21,2,5,,128356,6,0,46 5 41,2,5,,128392,8,0,21,2,5,,128437,17,0,21,2,5,,128255,6,0,46 5 41,2,5,,128431,17,0,21,2,45,,128421,6,0,46 5 41,2,5,,128203,17,0,21,2,5,,128275,6,0,46 5 41,2,5,,128423,17,0,21,2,5,,128217,6,0,46 5 41,2,5,,128343,17,0,21,2,5,,128426,6,0,46 5 41,2,5,,128379,17,0,21,2,5,,128355,6,0,46 5 41,2,5,,128235,17,0,21,2,5,,128224,6,0,46 5 41,2,5,,128397,17,0,21,2,44,,128319,6,0,46 5 41,2,4,,128213,6,0,46 5 41,2,2,,128281,17,0,21,2,8,,128258,6,0,46 5 41,2,2,,128303,17,0,21,2,8,,128333,6,0,46 5 41,2,5,,128336,17,0,21,2,6,,128357,6,0,46 5 41,2,5,,128223,17,0,21,2,5,,128265,6,0,46 5 41,2,4,,128233,8,0,21,2,3,,128301,17,0,21,2,46,,128308,6,0,46 5 41,2,7,,128198,17,0,21,2,4,,128257,6,0,46 5 41,2,6,,128439,6,0,46 5 41,2,5,,128385,17,0,21,2,5,,128354,6,0,46 5 41,2,4,,128328,8,0,21,2,4,,128212,17,0,21,2,5,,114821,6,0,46 5 41,2,6,,128329,17,0,21,2,5,,128289,6,0,46 5 41,2,5,,128219,17,0,21,2,45,,128264,6,0,46 5 41,2,5,,128342,17,0,21,2,5,,128274,6,0,46 5 41,2,5,,128376,17,0,21,2,5,,128228,6,0,46 5 41,2,5,,128335,17,0,21,2,5,,128292,6,0,46 5 41,2,5,,128244,17,0,21,2,5,,128330,6,0,46 5 41,2,5,,128433,17,0,21,2,5,,128200,6,0,46 5 41,2,5,,128276,17,0,21,2,45,,128432,6,0,46 5 41,2,5,,128348,17,0,21,2,5,,128218,6,0,46 5 41,2,5,,128268,17,0,21,2,4,,128411,6,0,46 5 41,2,6,,128249,17,0,21,2,4,,128340,6,0,46 5 41,2,3,,113189,8,0,46 5 41,2,3,,128294,17,0,21,2,5,,128243,6,0,46 5 41,2,5,,128399,17,0,21,2,5,,128248,6,0,46 5 41,2,5,,128261,17,0,21,2,46,,128371,6,0,46 5 41,2,7,,128408,17,0,21,2,5,,128346,6,0,46 5 41,2,5,,128208,17,0,21,2,5,,128295,6,0,46 5 41,2,5,,128322,17,0,21,2,5,,128293,6,0,46 5 41,2,5,,128238,17,0,21,2,5,,128440,6,0,46 5 41,2,5,,128417,17,0,21,2,5,,128359,6,0,46 5 41,2,45,,128345,17,0,21,2,5,,128362,6,0,46 5 41,2,5,,128266,17,0,21,2,5,,128398,6,0,46 5 41,2,5,,128375,17,0,21,2,5,,128430,6,0,46 5 41,2,5,,128298,17,0,21,2,4,,128250,6,0,46 5 41,2,3,,128396,17,0,21,2,4,,122692,6,0,46 5 41,2,3,,128201,17,0,21,2,7,,128273,6,0,46 5 41,2,7,,128220,17,0,21,2,1,,128230,8,0,21,2,45,,128246,6,0,46 5 41,2,4,,128337,17,0,21,2,5,,128222,6,0,46 5 41,2,5,,128247,17,0,21,2,5,,128269,6,0,46 5 41,2,5,,128438,17,0,21,2,5,,128260,6,0,46 5 41,2,5,,128358,17,0,21,2,5,,128207,6,0,46 5 41,2,5,,128349,17,0,21,2,5,,128361,6,0,46 5 41,2,5,,128419,17,0,21,2,45,,128321,6,0,46 5 41,2,5,,128271,17,0,21,2,5,,128221,6,0,46 5 41,2,5,,128360,17,0,21,2,5,,128189,6,0,46 5 41,2,5,,128350,17,0,21,2,5,,128188,6,0,46 5 41,2,5,,128326,17,0,21,2,5,,128197,6,0,46 5 41,2,5,,128427,17,0,21,2,5,,128287,6,0,46 5 41,2,5,,128232,17,0,21,2,45,,128381,6,0,46 5 41,2,5,,128225,17,0,21,2,5,,128393,6,0,46 5 41,2,5,,128270,17,0,21,2,5,,128365,6,0,46 5 41,2,5,,128442,17,0,21,2,5,,128318,6,0,46 5 41,2,5,,128380,17,0,21,2,5,,128291,6,0,46 5 41,2,5,,128254,17,0,21,2,5,,128296,6,0,46 5 41,2,5,,128210,17,0,21,2,45,,128400,6,0,46 5 41,2,5,,128388,17,0,21,2,5,,128367,6,0,46 5 41,2,5,,128387,17,0,21,2,5,,128332,6,0,46 5 41,2,5,,128286,17,0,21,2,5,,128409,6,0,46 5 41,2,5,,116674,17,0,21,2,5,,128323,6,0,46 5 41,2,5,,128312,17,0,21,2,5,,128410,6,0,46 5 41,2,5,,128404,17,0,21,2,45,,128267,6,0,46 5 41,2,5,,128368,17,0,21,2,5,,128290,6,0,46 5 41,2,5,,128429,17,0,21,2,5,,128309,6,0,46 5 41,2,5,,128302,17,0,21,2,5,,128435,6,0,46 5 41,2,5,,128253,17,0,21,2,5,,128240,6,0,46 5 41,2,5,,128364,17,0,21,2,3,,114050,6,0,46 5 41,2,4,,128384,17,0,21,2,45,,128418,6,0,46 5 41,2,5,,128338,17,0,21,2,5,,128192,6,0,46 5 41,2,5,,128366,17,0,21,2,5,,128277,6,0,46 5 41,2,5,,128196,17,0,21,2,5,,128284,6,0,46 5 41,2,5,,128311,17,0,21,2,5,,128402,6,0,46 5 41,2,5,,128369,17,0,21,2,4,,128259,6,0,46 5 41,2,4,,128236,17,0,21,2,6,,128314,6,0,46 5 41,2,42,,128299,17,0,21,2,8,,128401,17,0,21,2,3,,128229,6,0,46 5 41,2,7,,128199,17,0,21,2,3,,128310,6,0,46 5 41,2,7,,128436,17,0,21,2,5,,128226,6,0,46 5 41,2,5,,110635,17,0,21,2,5,,128407,6,0,46 5 41,2,5,,128390,17,0,21,2,5,,128425,6,0,46 5 41,2,5,,128280,17,0,21,2,45,,128304,6,0,46 5 41,2,5,,128443,17,0,21,2,5,,128428,6,0,46 5 41,2,5,,128204,17,0,21,2,5,,128316,6,0,46 5 41,2,5,,128195,17,0,21,2,5,,128403,6,0,46 5 41,2,5,,128282,17,0,21,2,5,,120814,6,0,46 5 41,2,5,,128320,17,0,21,2,5,,128263,6,0,46 5 41,2,5,,128300,17,0,21,2,45,,128416,6,0,46 5 41,2,5,,128341,17,0,21,2,5,,128256,6,0,46 5 41,2,5,,128373,17,0,21,2,5,,128187,6,0,46 5 41,2,5,,128317,17,0,21,2,5,,128391,6,0,46 5 41,2,5,,128297,17,0,21,2,5,,128306,6,0,46 5 41,2,5,,118503,17,0,21,2,5,,128413,6,0,46 5 41,2,5,,128374,17,0,21,2,45,,128383,6,0,46 5 41,2,5,,128406,17,0,21,2,5,,128202,6,0,46 5 41,2,4,,128285,17,0,21,2,5,,128237,6,0,46 5 41,2,5,,128242,17,0,21,2,6,,128382,6,0,46 5 41,2,6,,128378,17,0,21,2,5,,128209,6,0,46 5 41,2,5,,128272,17,0,21,2,5,,128405,6,0,46 5 41,2,45,,128412,17,0,21,2,5,,128231,6,0,46 5 41,2,5,,128214,17,0,21,2,5,,128389,6,0,46 5 41,2,5,,128377,17,0,21,2,5,,128363,6,0,46 5 41,2,5,,128315,17,0,21,2,5,,128227,6,0,46 5 41,2,5,,128193,17,0,21,2,5,,128372,6,0,46 5 41,2,5,,122913,17,0,21,2,5,,128241,6,0,46 5 41,2,45,,128251,17,0,21,2,5,,128339,6,0,46 5 41,2,5,,128279,17,0,21,2,5,,128334,6,0,46 5 41,2,5,,128239,17,0,21,2,5,,128344,6,0,46 5 41,2,5,,128262,17,0,21,2,5,,128234,6,0,46 5 41,2,5,,128327,17,0,21,2,5,,128186,6,0,46 5 41,2,5,,121645,17,0,21,2,5,,128331,6,0,46 5 41,2,45,,128394,17,0,21,2,5,,128415,6,0,46 5 41,2,5,,128441,17,0,21,2,5,,128422,6,0,46 5 41,2
50402,'3',740,,128655,6,0,46 5 41,2,14,,128620,6,0,46 5 41,2,54,,128578,6,0,46 5 41,2,14,,128587,6,0,46 5 41,2,7,,128575,17,0,21,2,7,,128628,6,0,46 5 41,2,2,,128457,8,0,21,2,2,,128653,8,0,46 5 41,2,3,,128641,17,0,21,2,7,,128496,6,0,46 5 41,2,2,,128464,17,0,21,2,4,,123097,8,0,46 5 41,2,44,,128469,17,0,21,2,5,,128569,6,0,46 5 41,2,10,,128527,6,0,46 5 41,2,2,,128624,17,0,21,2,8,,128495,6,0,46 5 41,2,3,,128538,8,0,21,2,3,,128483,17,0,21,2,4,,128543,6,0,46 5 41,2,4,,128525,17,0,21,2,6,,128485,6,0,46 5 41,2,2,,128590,17,0,21,2,8,,128640,6,0,46 5 41,2,47,,128584,17,0,21,2,3,,128541,6,0,46 5 41,2,5,,128492,17,0,21,2,5,,128534,6,0,46 5 41,2,7,,128481,17,0,21,2,3,,128656,6,0,46 5 41,2,9,,128617,17,0,21,2,1,,128601,6,0,46 5 41,2,9,,128505,17,0,21,2,1,,128625,6,0,46 5 41,2,9,,128544,17,0,21,2,1,,128592,6,0,46 5 41,2,49,,128646,17,0,21,2,1,,128529,6,0,46 5 41,2,9,,128521,17,0,21,2,1,,128591,6,0,46 5 41,2,9,,128517,17,0,21,2,1,,128454,6,0,46 5 41,2,9,,128607,17,0,21,2,1,,128622,6,0,46 5 41,2,9,,128644,17,0,21,2,1,,128528,6,0,46 5 41,2,9,,128645,17,0,21,2,1,,128545,6,0,46 5 41,2,49,,128506,17,0,21,2,1,,128612,6,0,46 5 41,2,9,,128547,17,0,21,2,1,,128452,6,0,46 5 41,2,9,,128598,17,0,21,2,1,,128563,6,0,46 5 41,2,9,,128473,17,0,21,2,1,,128651,6,0,46 5 41,2,9,,128610,17,0,21,2,1,,128635,6,0,46 5 41,2,9,,128524,17,0,21,2,1,,128565,6,0,46 5 41,2,50,,128549,6,0,46 5 41,2,2,,128458,17,0,21,2,8,,128461,6,0,46 5 41,2,4,,128613,8,0,21,2,2,,128502,17,0,21,2,4,,128456,6,0,46 5 41,2,7,,128581,17,0,21,2,3,,128554,6,0,46 5 41,2,7,,128603,17,0,21,2,3,,128536,6,0,46 5 41,2,7,,128654,17,0,21,2,3,,128593,6,0,46 5 41,2,47,,128631,17,0,21,2,3,,128555,6,0,46 5 41,2,7,,128661,17,0,21,2,3,,128498,6,0,46 5 41,2,7,,128642,17,0,21,2,3,,128579,6,0,46 5 41,2,7,,128539,17,0,21,2,3,,123195,6,0,46 5 41,2,7,,128477,17,0,21,2,3,,128632,6,0,46 5 41,2,7,,128553,17,0,21,2,3,,128576,6,0,46 5 41,2,47,,128540,17,0,21,2,3,,128444,6,0,46 5 41,2,7,,128526,17,0,21,2,3,,128512,6,0,46 5 41,2,7,,128566,17,0,21,2,3,,128658,6,0,46 5 41,2,7,,128648,17,0,21,2,3,,128647,6,0,46 5 41,2,7,,128499,17,0,21,2,3,,128520,6,0,46 5 41,2,7,,128445,17,0,21,2,3,,128462,6,0,46 5 41,2,47,,128533,17,0,21,2,3,,128467,6,0,46 5 41,2,7,,128453,17,0,21,2,3,,128604,6,0,46 5 41,2,7,,128488,17,0,21,2,3,,128471,6,0,46 5 41,2,7,,128595,17,0,21,2,3,,128459,6,0,46 5 41,2,7,,128465,17,0,21,2,3,,128608,6,0,46 5 41,2,7,,128614,17,0,21,2,3,,128638,6,0,46 5 41,2,47,,128602,17,0,21,2,3,,128571,6,0,46 5 41,2,7,,128448,17,0,21,2,3,,128518,6,0,46 5 41,2,7,,128594,17,0,21,2,3,,128551,6,0,46 5 41,2,7,,128562,17,0,21,2,3,,128582,6,0,46 5 41,2,7,,128600,17,0,21,2,3,,128572,6,0,46 5 41,2,7,,109998,17,0,21,2,3,,128509,6,0,46 5 41,2,47,,128605,17,0,21,2,3,,128630,6,0,46 5 41,2,7,,128650,17,0,21,2,3,,128489,6,0,46 5 41,2,7,,128519,17,0,21,2,3,,128629,6,0,46 5 41,2,7,,128470,17,0,21,2,3,,128494,6,0,46 5 41,2,7,,128475,17,0,21,2,3,,128577,6,0,46 5 41,2,7,,128447,17,0,21,2,5,,128596,6,0,46 5 41,2,45,,128546,17,0,21,2,5,,128561,6,0,46 5 41,2,5,,128643,17,0,21,2,5,,128626,6,0,46 5 41,2,4,,128597,17,0,21,2,6,,128532,6,0,46 5 41,2,4,,128557,17,0,21,2,6,,128522,6,0,46 5 41,2,4,,128482,17,0,21,2,6,,128500,6,0,46 5 41,2,4,,128501,17,0,21,2,6,,128479,6,0,46 5 41,2,44,,128560,17,0,21,2,6,,128611,6,0,46 5 41,2,2,,128487,17,0,21,2,8,,128476,6,0,46 5 41,2,1,,128460,17,0,21,2,9,,128451,6,0,46 5 41,2,1,,128637,17,0,21,2,9,,128606,6,0,46 5 41,2,1,,128550,17,0,21,2,9,,128586,6,0,46 5 41,2,1,,128514,17,0,21,2,9,,128583,6,0,46 5 41,2,1,,128486,17,0,21,2,49,,128570,6,0,46 5 41,2,1,,128446,17,0,21,2,9,,128537,6,0,46 5 41,2,1,,128523,17,0,21,2,9,,128599,6,0,46 5 41,2,1,,128542,17,0,21,2,9,,128623,6,0,46 5 41,2,1,,128468,17,0,21,2,9,,128531,6,0,46 5 41,2,1,,128580,17,0,21,2,9,,128556,6,0,46 5 41,2,1,,128455,17,0,21,2,50,,128515,17,0,21,2,2,,128574,6,0,46 5 41,2,8,,114195,17,0,21,2,2,,120270,6,0,46 5 41,2,8,,128585,17,0,21,2,2,,128511,6,0,46 5 41,2,8,,128633,17,0,21,2,2,,115145,6,0,46 5 41,2,8,,128507,17,0,21,2,2,,128516,6,0,46 5 41,2,8,,128490,17,0,21,2,42,,128503,6,0,46 5 41,2,8,,128466,17,0,21,2,2,,128510,6,0,46 5 41,2,7,,128657,17,0,21,2,3,,128652,6,0,46 5 41,2,7,,128619,17,0,21,2,3,,128474,6,0,46 5 41,2,7,,128530,17,0,21,2,3,,128504,6,0,46 5 41,2,7,,128513,17,0,21,2,3,,128573,6,0,46 5 41,2,7,,128508,17,0,21,2,43,,128568,6,0,46 5 41,2,7,,128558,17,0,21,2,3,,128564,6,0,46 5 41,2,7,,128478,17,0,21,2,3,,128660,6,0,46 5 41,2,7,,128567,17,0,21,2,3,,128535,6,0,46 5 41,2,7,,128659,17,0,21,2,3,,128618,6,0,46 5 41,2,7,,128463,17,0,21,2,3,,128449,6,0,46 5 41,2,7,,117483,17,0,21,2,43,,128472,6,0,46 5 41,2,7,,128634,17,0,21,2,3,,128497,6,0,46 5 41,2,7,,128493,17,0,21,2,3,,128621,6,0,46 5 41,2,7,,128627,17,0,21,2,3,,128548,6,0,46 5 41,2,7,,128588,17,0,21,2,3,,128589,6,0,46 5 41,2,7,,128616,17,0,21,2,3,,128649,6,0,46 5 41,2,7,,128636,17,0,21,2,43,,128609,6,0,46 5 41,2,7,,128450,17,0,21,2,3,,128639,6,0,46 5 41,2,7,,118762,17,0,21,2,3,,128491,6,0,46 5 41,2,7,,128559,17,0,21,2,3,,128615,6,0,46 5 41,2
50402,'5',433,,128695,8,0,46 5 41,2,14,,128845,8,0,46 5 41,2,7,,128740,8,0,21,2,47,,128816,8,0,46 5 41,2,7,,128854,8,0,21,2,5,,128704,8,0,46 5 41,2,5,,128885,17,0,21,2,11,,128843,6,0,46 5 41,2,5,,128903,8,0,21,2,5,,128803,17,0,21,2,4,,128665,8,0,46 5 41,2,5,,128865,6,0,46 5 41,2,7,,128672,18,0,21,2,47,,128714,6,0,46 5 41,2,7,,128799,18,0,21,2,7,,128758,6,0,46 5 41,2,7,,128916,17,0,21,2,7,,128829,6,0,46 5 41,2,7,,128693,17,0,21,2,7,,128713,6,0,46 5 41,2,7,,128744,17,0,21,2,7,,128703,6,0,46 5 41,2,47,,128805,17,0,21,2,7,,128867,6,0,46 5 41,2,7,,128687,17,0,21,2,7,,128725,6,0,46 5 41,2,7,,128820,17,0,21,2,7,,128728,6,0,46 5 41,2,7,,128787,17,0,21,2,7,,128807,6,0,46 5 41,2,47,,128755,17,0,21,2,7,,128909,6,0,46 5 41,2,7,,128768,17,0,21,2,7,,128732,6,0,46 5 41,2,7,,128840,17,0,21,2,7,,128731,6,0,46 5 41,2,1,,128792,8,0,21,2,3,,128712,8,0,46 5 41,2,3,,128681,17,0,21,2,7,,128692,6,0,46 5 41,2,2,,128698,17,0,21,2,4,,128844,8,0,46 5 41,2,44,,128773,17,0,21,2,5,,128890,6,0,46 5 41,2,10,,128869,6,0,46 5 41,2,2,,128832,17,0,21,2,8,,128879,6,0,46 5 41,2,3,,128674,8,0,21,2,3,,128831,17,0,21,2,4,,128757,6,0,46 5 41,2,4,,128824,17,0,21,2,6,,128702,6,0,46 5 41,2,2,,128708,17,0,21,2,8,,128876,6,0,46 5 41,2,47,,128752,17,0,21,2,3,,128748,6,0,46 5 41,2,5,,128781,17,0,21,2,5,,128795,6,0,46 5 41,2,7,,128682,17,0,21,2,3,,128872,6,0,46 5 41,2,9,,128689,17,0,21,2,1,,128870,6,0,46 5 41,2,9,,128798,17,0,21,2,1,,128859,6,0,46 5 41,2,9,,128852,17,0,21,2,1,,128745,6,0,46 5 41,2,49,,128835,17,0,21,2,1,,128855,6,0,46 5 41,2,9,,128754,17,0,21,2,1,,128751,6,0,46 5 41,2,9,,128819,17,0,21,2,1,,128911,6,0,46 5 41,2,9,,128668,17,0,21,2,1,,128701,6,0,46 5 41,2,9,,128847,17,0,21,2,1,,128871,6,0,46 5 41,2,9,,128886,17,0,21,2,1,,128683,6,0,46 5 41,2,49,,128730,17,0,21,2,1,,128739,6,0,46 5 41,2,9,,128893,17,0,21,2,1,,128664,6,0,46 5 41,2,9,,128678,17,0,21,2,1,,128900,6,0,46 5 41,2,9,,128907,17,0,21,2,1,,128826,6,0,46 5 41,2,9,,128875,17,0,21,2,1,,128700,6,0,46 5 41,2,9,,128747,17,0,21,2,1,,128790,6,0,46 5 41,2,50,,128694,6,0,46 5 41,2,2,,128671,17,0,21,2,8,,128810,6,0,46 5 41,2,4,,128862,8,0,21,2,2,,128779,17,0,21,2,4,,128817,6,0,46 5 41,2,7,,128783,17,0,21,2,3,,115270,6,0,46 5 41,2,7,,128721,17,0,21,2,3,,128764,6,0,46 5 41,2,7,,128812,17,0,21,2,3,,128889,6,0,46 5 41,2,47,,128761,17,0,21,2,3,,128828,6,0,46 5 41,2,7,,128866,17,0,21,2,3,,128848,6,0,46 5 41,2,7,,128785,17,0,21,2,3,,128735,6,0,46 5 41,2,7,,128759,17,0,21,2,3,,128777,6,0,46 5 41,2,7,,128837,17,0,21,2,3,,128686,6,0,46 5 41,2,7,,128697,17,0,21,2,3,,128719,6,0,46 5 41,2,47,,128834,17,0,21,2,3,,115442,6,0,46 5 41,2,7,,128716,17,0,21,2,3,,116968,6,0,46 5 41,2,7,,128913,17,0,21,2,3,,128711,6,0,46 5 41,2,7,,128796,17,0,21,2,3,,128823,6,0,46 5 41,2,7,,128767,17,0,21,2,3,,128814,6,0,46 5 41,2,7,,128718,17,0,21,2,3,,128786,6,0,46 5 41,2,47,,128858,17,0,21,2,3,,128801,6,0,46 5 41,2,7,,128723,17,0,21,2,3,,128746,6,0,46 5 41,2,7,,128669,17,0,21,2,3,,128811,6,0,46 5 41,2,7,,128906,17,0,21,2,3,,128809,6,0,46 5 41,2,7,,128775,17,0,21,2,3,,128873,6,0,46 5 41,2,7,,128842,17,0,21,2,3,,128806,6,0,46 5 41,2,47,,128897,17,0,21,2,3,,128863,6,0,46 5 41,2,7,,128898,17,0,21,2,3,,128690,6,0,46 5 41,2,7,,128838,17,0,21,2,3,,128878,6,0,46 5 41,2,7,,128793,17,0,21,2,3,,128830,6,0,46 5 41,2,7,,128813,17,0,21,2,3,,128738,6,0,46 5 41,2,7,,128891,17,0,21,2,3,,128788,6,0,46 5 41,2,47,,128915,17,0,21,2,3,,128800,6,0,46 5 41,2,7,,128706,17,0,21,2,3,,128904,6,0,46 5 41,2,7,,128778,17,0,21,2,3,,128864,6,0,46 5 41,2,7,,128742,17,0,21,2,3,,128724,6,0,46 5 41,2,7,,128895,17,0,21,2,3,,128868,6,0,46 5 41,2,7,,128883,17,0,21,2,5,,128741,6,0,46 5 41,2,45,,128736,17,0,21,2,5,,128912,6,0,46 5 41,2,5,,128881,17,0,21,2,5,,128772,6,0,46 5 41,2,4,,128774,17,0,21,2,6,,128887,6,0,46 5 41,2,4,,128766,17,0,21,2,6,,128815,6,0,46 5 41,2,4,,128839,17,0,21,2,6,,128841,6,0,46 5 41,2,4,,128880,17,0,21,2,6,,128734,6,0,46 5 41,2,44,,128727,17,0,21,2,6,,128910,6,0,46 5 41,2,2,,128753,17,0,21,2,8,,128685,6,0,46 5 41,2,1,,128770,17,0,21,2,9,,128789,6,0,46 5 41,2,1,,128676,17,0,21,2,9,,128861,6,0,46 5 41,2,1,,128726,17,0,21,2,9,,128905,6,0,46 5 41,2,1,,128901,17,0,21,2,9,,128763,6,0,46 5 41,2,1,,128822,17,0,21,2,49,,128808,6,0,46 5 41,2,1,,128666,17,0,21,2,9,,128884,6,0,46 5 41,2,1,,128899,17,0,21,2,9,,128804,6,0,46 5 41,2,1,,128818,17,0,21,2,9,,128760,6,0,46 5 41,2,1,,128794,17,0,21,2,9,,128853,6,0,46 5 41,2,1,,128765,17,0,21,2,9,,128892,6,0,46 5 41,2,1,,128771,17,0,21,2,50,,128833,17,0,21,2,2,,128888,6,0,46 5 41,2,8,,128699,17,0,21,2,2,,128667,6,0,46 5 41,2,8,,128662,17,0,21,2,2,,128749,6,0,46 5 41,2,8,,128717,17,0,21,2,2,,128851,6,0,46 5 41,2,8,,128743,17,0,21,2,2,,128769,6,0,46 5 41,2,8,,128850,17,0,21,2,42,,128663,6,0,46 5 41,2,8,,128729,17,0,21,2,2,,128762,6,0,46 5 41,2,7,,128696,17,0,21,2,3,,128894,6,0,46 5 41,2,7,,128688,17,0,21,2,3,,128670,6,0,46 5 41,2,7,,128821,17,0,21,2,3,,128856,6,0,46 5 41,2,7,,128902,17,0,21,2,3,,128877,6,0,46 5 41,2,7,,128860,17,0,21,2,43,,128827,6,0,46 5 41,2,7,,128908,17,0,21,2,3,,128680,6,0,46 5 41,2,7,,128846,17,0,21,2,3,,128896,6,0,46 5 41,2,7,,128720,17,0,21,2,3,,128784,6,0,46 5 41,2,7,,128705,17,0,21,2,3,,128782,6,0,46 5 41,2,7,,128756,17,0,21,2,3,,128857,6,0,46 5 41,2,7,,128917,17,0,21,2,43,,128707,6,0,46 5 41,2,7,,128675,17,0,21,2,3,,128802,6,0,46 5 41,2,7,,128780,17,0,21,2,3,,128691,6,0,46 5 41,2,7,,128710,17,0,21,2,3,,128673,6,0,46 5 41,2,7,,128715,17,0,21,2,3,,128722,6,0,46 5 41,2,7,,128776,17,0,21,2,3,,128684,6,0,46 5 41,2,7,,128882,17,0,21,2,43,,128874,6,0,46 5 41,2,7,,128737,17,0,21,2,3,,128836,6,0,46 5 41,2,7,,128797,17,0,21,2,3,,128677,6,0,46 5 41,2,7,,128849,17,0,21,2,3,,128750,6,0,46 5 41,2
50802,'1',1631,,133769,6,0,17,2,20,,133765,6,0,17,2,50,,133772,6,0,17,2,10,,133768,6,0,17,2,10,,133777,6,0,17,2,10,,133776,6,0,17,2,20,,133771,6,0,17,2
