30401,'1',2705,,91466,45,0,34,2,10,,81335,45,0,34,2,10,,91468,45,0,34,2,10,,87414,45,0,34,2,10,,91467,45,0,34,2,10,,91479,45,0,34,2,50,,91471,45,0,34,2,10,,91480,45,0,34,2,10,,91477,45,0,34,2,10,,91483,45,0,34,2,10,,91478,45,0,34,2,10,,91476,45,0,34,2,50,,84626,45,0,34,2,10,,91472,45,0,34,2,10,,91470,45,0,34,2,15,,91475,45,0,34,2
30401,'2',2712,,91491,45,0,34,2,10,,91486,45,0,34,2,10,,91497,45,0,34,2,10,,91499,45,0,34,2,10,,91489,45,0,34,2,50,,91494,45,0,34,2,10,,91484,45,0,34,2,10,,91495,45,0,34,2,10,,91496,45,0,34,2,10,,91502,45,0,34,2,10,,91501,45,0,34,2,50,,91507,45,0,34,2,10,,91498,45,0,34,2,10,,91500,45,0,34,2,10,,91490,45,0,34,2,12,,91487,45,0,34,2
30401,'3',456,,91515,5,0,34,2,61,,91535,5,0,34,2,16,,91522,5,0,34,2,14,,91537,5,0,34,2,54,,91544,32,0,34,2,14,,91508,32,0,34,2,14,,91509,32,0,34,2,14,,91536,32,0,34,2,14,,91532,32,0,34,2,54,,91547,32,0,34,2,14,,91534,32,0,34,2,14,,91533,32,0,34,2,14,,91514,32,0,34,2,1961,,91525,45,0,34,2,10,,91550,45,0,34,2,10,,91520,45,0,34,2,10,,91538,45,0,34,2,10,,83514,45,0,34,2,50,,91531,45,0,34,2,10,,91521,45,0,34,2,10,,91510,45,0,34,2,10,,91546,45,0,34,2,10,,91512,45,0,34,2,10,,78205,45,0,34,2,50,,91545,45,0,34,2,10,,75756,45,0,34,2,10,,91523,45,0,34,2,10,,91513,45,0,34,2
30401,'5',2714,,91572,45,0,34,2,10,,91571,45,0,34,2,10,,91564,45,0,34,2,10,,91554,45,0,34,2,10,,91558,45,0,34,2,50,,91563,45,0,34,2,10,,91553,45,0,34,2,10,,91570,45,0,34,2,10,,91555,45,0,34,2,10,,91559,45,0,34,2,10,,91561,45,0,34,2,50,,91562,45,0,34,2,10,,91566,45,0,34,2,10,,91568,45,0,34,2,10,,91567,45,0,34,2
30501,'1',2542,,91693,37,0,34,2,60,,91695,37,0,34,2,15,,91692,37,0,34,2,15,,91694,37,0,34,2,15,,91698,37,0,34,2,60,,91699,37,0,34,2,20,,78677,37,0,34,2,20,,91700,37,0,34,2,60,,91701,37,0,34,2,20,,91705,37,0,34,2
30501,'2',2554,,91708,37,0,34,2,48,,91710,37,0,34,2,15,,91717,37,0,34,2,20,,91713,37,0,34,2,20,,91707,37,0,34,2,60,,91715,37,0,34,2,20,,91706,37,0,34,2,20,,91719,37,0,34,2,60,,91718,37,0,34,2,20,,90868,37,0,34,2,70,,91716,37,0,34,2,30,,91711,37,0,34,2
30501,'3',444,,91724,4,0,34,2,57,,91734,4,0,34,2,17,,91723,4,0,34,2,15,,91727,4,0,34,2,15,,91722,4,0,34,2,52,,91743,37,0,34,2,11,,91744,4,0,34,2,4,,91745,37,0,34,2,15,,91735,37,0,34,2,14,,91748,37,0,34,2,5,,91751,4,0,34,2,51,,91726,37,0,34,2,9,,83388,4,0,34,2,6,,91752,37,0,34,2,15,,91755,37,0,34,2,9,,91746,4,0,34,2,6,,91729,37,0,34,2,55,,91742,37,0,34,2,10,,91738,37,0,34,2,10,,91736,37,0,34,2,10,,91732,37,0,34,2,10,,91739,37,0,34,2,1709,,91733,37,0,34,2,10,,91747,37,0,34,2,50,,91737,37,0,34,2,10,,91750,37,0,34,2,12,,91754,37,0,34,2,20,,91749,37,0,34,2,60,,91731,37,0,34,2,20,,91741,37,0,34,2,10,,91721,37,0,34,2,70,,91753,37,0,34,2,30,,91740,37,0,34,2,70,,91756,37,0,34,2,20,,91730,37,0,34,2
30501,'5',2549,,91761,37,0,34,2,51,,91769,37,0,34,2,9,,91766,37,0,34,2,10,,91757,37,0,34,2,12,,91759,37,0,34,2,17,,80568,37,0,34,2,63,,91764,37,0,34,2,20,,91758,37,0,34,2,20,,91767,37,0,34,2,60,,91765,37,0,34,2,27,,91763,37,0,34,2,73,,91768,37,0,34,2,30,,91760,37,0,34,2
50401,'1',442,,94697,5,0,34,2,10,,94530,5,0,34,2,50,,89047,5,0,34,2,10,,94659,5,0,34,2,10,,94734,5,0,34,2,10,,76182,5,0,34,2,10,,94593,5,0,34,2,8,,94656,32,0,34,2,50,,94763,5,0,34,2,10,,94625,32,0,34,2,10,,80779,32,0,34,2,10,,94704,32,0,34,2,10,,94607,32,0,34,2,10,,94727,32,0,34,2,50,,94711,32,0,34,2,8,,94520,32,0,34,2,6,,94756,5,0,34,2,8,,94668,32,0,34,2,3,,94635,5,0,34,2,8,,94735,32,0,34,2,4,,94742,5,0,34,2,8,,94589,32,0,34,2,13,,94720,32,0,34,2,44,,94613,5,0,34,2,7,,94646,32,0,34,2,12,,94506,32,0,34,2,10,,94504,32,0,34,2,10,,94722,32,0,34,2,8,,94750,32,0,34,2,8,,94658,32,0,34,2,48,,94519,32,0,34,2,8,,94741,32,0,34,2,8,,94729,32,0,34,2,8,,94566,32,0,34,2,8,,82598,32,0,34,2,8,,94642,32,0,34,2,8,,94507,32,0,34,2,48,,94692,32,0,34,2,8,,94754,32,0,34,2,8,,94769,32,0,34,2,6,,94759,32,0,34,2,9,,94738,32,0,34,2,8,,94536,32,0,34,2,9,,94570,32,0,34,2,10,,94723,32,0,34,2,50,,94649,32,0,34,2,10,,94537,32,0,34,2,10,,94730,32,0,34,2,10,,94637,32,0,34,2,10,,94511,32,0,34,2,10,,94681,32,0,34,2,50,,94694,32,0,34,2,10,,94709,32,0,34,2,10,,94568,32,0,34,2,10,,94604,32,0,34,2,10,,94590,32,0,34,2,10,,94501,32,0,34,2,50,,94561,32,0,34,2,10,,94531,32,0,34,2,10,,94682,32,0,34,2,10,,94632,32,0,34,2,10,,94716,32,0,34,2,10,,94706,32,0,34,2,50,,94653,32,0,34,2,10,,94724,32,0,34,2,10,,94739,32,0,34,2,10,,94687,32,0,34,2,10,,94594,32,0,34,2,10,,94510,32,0,34,2,50,,94562,32,0,34,2,11,,94516,32,0,34,2,12,,94571,32,0,34,2,11,,94633,32,0,34,2,10,,94509,32,0,34,2,50,,94651,32,0,34,2,10,,94619,32,0,34,2,10,,94512,32,0,34,2,10,,94680,32,0,34,2,10,,94542,32,0,34,2,10,,94678,32,0,34,2,50,,94768,32,0,34,2,10,,94693,32,0,34,2,10,,94684,32,0,34,2,10,,94533,32,0,34,2,10,,94686,32,0,34,2,10,,94576,32,0,34,2,50,,94596,32,0,34,2,10,,84716,32,0,34,2,10,,94587,32,0,34,2,10,,94555,32,0,34,2,10,,94749,32,0,34,2,10,,90614,32,0,34,2,50,,94583,32,0,34,2,10,,94752,32,0,34,2,10,,94541,32,0,34,2,10,,94688,32,0,34,2,8,,94689,32,0,34,2,8,,94623,32,0,34,2,10,,94705,32,0,34,2,50,,77963,32,0,34,2,9,,94638,32,0,34,2,10,,94733,32,0,34,2,10,,94762,32,0,34,2,10,,94585,32,0,34,2,10,,94529,32,0,34,2,50,,94549,32,0,34,2,10,,94539,32,0,34,2,10,,94518,32,0,34,2,10,,76031,32,0,34,2,10,,94685,32,0,34,2,10,,94630,32,0,34,2,50,,94540,32,0,34,2,10,,94639,32,0,34,2,10,,94641,32,0,34,2,9,,94612,32,0,34,2,10,,94673,32,0,34,2,10,,94766,32,0,34,2,50,,94620,32,0,34,2,10,,94631,32,0,34,2,10,,94567,32,0,34,2,10,,94676,32,0,34,2,10,,94732,32,0,34,2,10,,94626,32,0,34,2,50,,94670,32,0,34,2,10,,94624,32,0,34,2,10,,94617,32,0,34,2,10,,94543,32,0,34,2,10,,94655,32,0,34,2,10,,94621,32,0,34,2,50,,94548,32,0,34,2,10,,94557,32,0,34,2,10,,94547,32,0,34,2,10,,94526,32,0,34,2,10,,94746,32,0,34,2,10,,94565,32,0,34,2,50,,94601,32,0,34,2,10,,94760,32,0,34,2,10,,94614,32,0,34,2,10,,94765,32,0,34,2,10,,94652,32,0,34,2,10,,90034,32,0,34,2
50401,'2',457,,94923,5,0,34,2,55,,94788,5,0,34,2,10,,94998,5,0,34,2,10,,95011,5,0,34,2,10,,95021,5,0,34,2,10,,94908,32,0,34,2,50,,94870,5,0,34,2,10,,94937,32,0,34,2,15,,94933,32,0,34,2,10,,94855,32,0,34,2,10,,94914,32,0,34,2,10,,95002,32,0,34,2,50,,94986,32,0,34,2,10,,94779,32,0,34,2,10,,94873,32,0,34,2,10,,94918,32,0,34,2,10,,94963,32,0,34,2,10,,89447,32,0,34,2,50,,94843,32,0,34,2,10,,94897,32,0,34,2,11,,95004,32,0,34,2,13,,94794,32,0,34,2,14,,95007,32,0,34,2,53,,94994,32,0,34,2,10,,94945,32,0,34,2,10,,94792,32,0,34,2,10,,95028,32,0,34,2,10,,95005,32,0,34,2,10,,95030,32,0,34,2,50,,90813,32,0,34,2,10,,94787,32,0,34,2,10,,94810,32,0,34,2,10,,94899,32,0,34,2,10,,94907,32,0,34,2,10,,94814,32,0,34,2,50,,94996,32,0,34,2,10,,94989,32,0,34,2,10,,94893,32,0,34,2,10,,94988,32,0,34,2,10,,94981,32,0,34,2,10,,94846,32,0,34,2,50,,94905,32,0,34,2,10,,94880,32,0,34,2,10,,95008,32,0,34,2,10,,94979,32,0,34,2,10,,94815,32,0,34,2,10,,94968,32,0,34,2,43,,94951,5,0,34,2,10,,95023,32,0,34,2,14,,95025,32,0,34,2,10,,94811,32,0,34,2,10,,94826,32,0,34,2,10,,95009,32,0,34,2,50,,94889,32,0,34,2,10,,78767,32,0,34,2,10,,94955,32,0,34,2,10,,89422,32,0,34,2,10,,94863,32,0,34,2,10,,94991,32,0,34,2,50,,94969,32,0,34,2,10,,95001,32,0,34,2,10,,94887,32,0,34,2,10,,94825,32,0,34,2,10,,94813,32,0,34,2,10,,94884,32,0,34,2,50,,94850,32,0,34,2,10,,94904,32,0,34,2,10,,94934,32,0,34,2,10,,94821,32,0,34,2,10,,94961,32,0,34,2,10,,95029,32,0,34,2,50,,94869,32,0,34,2,10,,94912,32,0,34,2,10,,94909,32,0,34,2,10,,95000,32,0,34,2,10,,94820,32,0,34,2,10,,94947,32,0,34,2,50,,94795,32,0,34,2,10,,94984,32,0,34,2,10,,94993,32,0,34,2,10,,94800,32,0,34,2,10,,94954,32,0,34,2,10,,94847,32,0,34,2,50,,94888,32,0,34,2,10,,94903,32,0,34,2,8,,94835,32,0,34,2,8,,94944,32,0,34,2,9,,94818,32,0,34,2,10,,94902,32,0,34,2,50,,94872,32,0,34,2,10,,94883,32,0,34,2,10,,94999,32,0,34,2,10,,94866,32,0,34,2,10,,94785,32,0,34,2,10,,94848,32,0,34,2,50,,95013,32,0,34,2,10,,94936,32,0,34,2,10,,94824,32,0,34,2,10,,94830,32,0,34,2,10,,94860,32,0,34,2,10,,94975,32,0,34,2,50,,94798,32,0,34,2,10,,95006,32,0,34,2,10,,94856,32,0,34,2,10,,80972,32,0,34,2,10,,94839,32,0,34,2,10,,94922,32,0,34,2,50,,94990,32,0,34,2,12,,94784,32,0,34,2,10,,94837,32,0,34,2,10,,94967,32,0,34,2,10,,95026,32,0,34,2,10,,94900,32,0,34,2,50,,94898,32,0,34,2,10,,95019,32,0,34,2,10,,94876,32,0,34,2,10,,94868,32,0,34,2,10,,94971,32,0,34,2,10,,94809,32,0,34,2,50,,94921,32,0,34,2,10,,95031,32,0,34,2,10,,94853,32,0,34,2,10,,94952,32,0,34,2,10,,94973,32,0,34,2,10,,94885,32,0,34,2,50,,94949,32,0,34,2,10,,94906,32,0,34,2,10,,94881,32,0,34,2,10,,95027,32,0,34,2,10,,94776,32,0,34,2,10,,94891,32,0,34,2,7,,94857,32,0,34,2
50401,'3',807,,95076,32,0,34,2,14,,85946,32,0,34,2,6,,95196,5,0,34,2,8,,95245,32,0,34,2,14,,95035,32,0,34,2,54,,95041,32,0,34,2,5,,95118,5,0,34,2,10,,95082,32,0,34,2,14,,95158,32,0,34,2,5,,95149,32,0,34,2,15,,95059,32,0,34,2,52,,95163,32,0,34,2,10,,95063,32,0,34,2,10,,95244,32,0,34,2,10,,95242,32,0,34,2,10,,95146,32,0,34,2,10,,95202,32,0,34,2,50,,95096,32,0,34,2,10,,95187,32,0,34,2,10,,95127,32,0,34,2,10,,95154,32,0,34,2,10,,95114,32,0,34,2,10,,90932,32,0,34,2,50,,95147,32,0,34,2,10,,95144,32,0,34,2,10,,95250,32,0,34,2,12,,95136,32,0,34,2,14,,95056,32,0,34,2,51,,95109,32,0,34,2,10,,95160,32,0,34,2,10,,95093,32,0,34,2,10,,95052,32,0,34,2,10,,95251,32,0,34,2,10,,95214,32,0,34,2,50,,95157,32,0,34,2,10,,95051,32,0,34,2,10,,95131,32,0,34,2,10,,95047,32,0,34,2,10,,95220,32,0,34,2,10,,95209,32,0,34,2,50,,95203,32,0,34,2,10,,95215,32,0,34,2,10,,95218,32,0,34,2,10,,95126,32,0,34,2,10,,95143,32,0,34,2,10,,95089,32,0,34,2,50,,95172,32,0,34,2,10,,95091,32,0,34,2,10,,95229,32,0,34,2,10,,95221,32,0,34,2,10,,95132,32,0,34,2,10,,95055,32,0,34,2,50,,95224,32,0,34,2,10,,95045,32,0,34,2,10,,95183,32,0,34,2,10,,95247,32,0,34,2,10,,95165,32,0,34,2,10,,95042,32,0,34,2,50,,76586,32,0,34,2,10,,95159,32,0,34,2,10,,95230,32,0,34,2,10,,95141,32,0,34,2,10,,95225,32,0,34,2,10,,95212,32,0,34,2,50,,95039,32,0,34,2,10,,95231,32,0,34,2,10,,95166,32,0,34,2,10,,78188,32,0,34,2,9,,95173,32,0,34,2,9,,95033,32,0,34,2,10,,95058,32,0,34,2,50,,95075,32,0,34,2,10,,95182,32,0,34,2,10,,95083,32,0,34,2,10,,95246,32,0,34,2,10,,95169,32,0,34,2,10,,95071,32,0,34,2,50,,95151,32,0,34,2,10,,95153,32,0,34,2,10,,95142,32,0,34,2,10,,95102,32,0,34,2,10,,95219,32,0,34,2,10,,95040,32,0,34,2,50,,76003,32,0,34,2,10,,95088,32,0,34,2,10,,95226,32,0,34,2,10,,95197,32,0,34,2,10,,95099,32,0,34,2,10,,95057,32,0,34,2,50,,95112,32,0,34,2,10,,95098,32,0,34,2,10,,75925,32,0,34,2,10,,95077,32,0,34,2,10,,95156,32,0,34,2,10,,95194,32,0,34,2,50,,95191,32,0,34,2,10,,95199,32,0,34,2,10,,95205,32,0,34,2,10,,95239,32,0,34,2,10,,95145,32,0,34,2,10,,95176,32,0,34,2,50,,95243,32,0,34,2,10,,95113,32,0,34,2,10,,95150,32,0,34,2,10,,95122,32,0,34,2,10,,95162,32,0,34,2,10,,95240,32,0,34,2,50,,95133,32,0,34,2,10,,95179,32,0,34,2,10,,95208,32,0,34,2,10,,95101,32,0,34,2,10,,95241,32,0,34,2,10,,95164,32,0,34,2
50401,'5',456,,95465,5,0,34,2,61,,95387,5,0,34,2,16,,95327,5,0,34,2,14,,95396,5,0,34,2,54,,95351,32,0,34,2,14,,95309,32,0,34,2,14,,95397,32,0,34,2,14,,95340,32,0,34,2,14,,95429,32,0,34,2,54,,95274,32,0,34,2,14,,95255,32,0,34,2,14,,95446,32,0,34,2,14,,95408,32,0,34,2,54,,95294,32,0,34,2,14,,95413,32,0,34,2,6,,95400,5,0,34,2,8,,95288,32,0,34,2,14,,95467,32,0,34,2,54,,95364,32,0,34,2,5,,95409,5,0,34,2,10,,95431,32,0,34,2,14,,95291,32,0,34,2,5,,95388,32,0,34,2,15,,95420,32,0,34,2,52,,95321,32,0,34,2,10,,95256,32,0,34,2,10,,95399,32,0,34,2,10,,95332,32,0,34,2,10,,95296,32,0,34,2,10,,95356,32,0,34,2,50,,95260,32,0,34,2,10,,95354,32,0,34,2,10,,95460,32,0,34,2,10,,95454,32,0,34,2,10,,95444,32,0,34,2,10,,95360,32,0,34,2,50,,95357,32,0,34,2,10,,95316,32,0,34,2,10,,95366,32,0,34,2,12,,95337,32,0,34,2,14,,95435,32,0,34,2,51,,95406,32,0,34,2,10,,95336,32,0,34,2,10,,95345,32,0,34,2,10,,95279,32,0,34,2,10,,95307,32,0,34,2,10,,95456,32,0,34,2,50,,95322,32,0,34,2,10,,95362,32,0,34,2,10,,95383,32,0,34,2,10,,95466,32,0,34,2,10,,95493,32,0,34,2,10,,95440,32,0,34,2,50,,95380,32,0,34,2,10,,95437,32,0,34,2,10,,95447,32,0,34,2,10,,95433,32,0,34,2,10,,95348,32,0,34,2,10,,95263,32,0,34,2,50,,95457,32,0,34,2,10,,95430,32,0,34,2,10,,95319,32,0,34,2,10,,95315,32,0,34,2,10,,95425,32,0,34,2,10,,95500,32,0,34,2,50,,95463,32,0,34,2,10,,95416,32,0,34,2,10,,95328,32,0,34,2,10,,95280,32,0,34,2,10,,95341,32,0,34,2,10,,76025,32,0,34,2,50,,95439,32,0,34,2,10,,95445,32,0,34,2,10,,95324,32,0,34,2,10,,95355,32,0,34,2,10,,95382,32,0,34,2,10,,95331,32,0,34,2,50,,95475,32,0,34,2,10,,95363,32,0,34,2,10,,95266,32,0,34,2,10,,95277,32,0,34,2,9,,95441,32,0,34,2,9,,95393,32,0,34,2,10,,95502,32,0,34,2,50,,95421,32,0,34,2,10,,95335,32,0,34,2,10,,95370,32,0,34,2,10,,95375,32,0,34,2,10,,95478,32,0,34,2,10,,95419,32,0,34,2,50,,95482,32,0,34,2,10,,95389,32,0,34,2,10,,95422,32,0,34,2,10,,95436,32,0,34,2,10,,95338,32,0,34,2,10,,95448,32,0,34,2,50,,95492,32,0,34,2,10,,95474,32,0,34,2,10,,95377,32,0,34,2,10,,95415,32,0,34,2,10,,95428,32,0,34,2,10,,95432,32,0,34,2,50,,95286,32,0,34,2,10,,95295,32,0,34,2,10,,95483,32,0,34,2,10,,95349,32,0,34,2,10,,95314,32,0,34,2,10,,95350,32,0,34,2,50,,95464,32,0,34,2,10,,95458,32,0,34,2,10,,95299,32,0,34,2,10,,95273,32,0,34,2,10,,95455,32,0,34,2,10,,95267,32,0,34,2,50,,95301,32,0,34,2,10,,95481,32,0,34,2,10,,95391,32,0,34,2,10,,95353,32,0,34,2,10,,95423,32,0,34,2,10,,95281,32,0,34,2,50,,95300,32,0,34,2,10,,95453,32,0,34,2,10,,95417,32,0,34,2,10,,95270,32,0,34,2,10,,95308,32,0,34,2,10,,95329,32,0,34,2
50501,'1',415,,96553,4,0,34,2,11,,96545,4,0,34,2,5,,96560,4,0,34,2,5,,96590,4,0,34,2,10,,96597,4,0,34,2,10,,96622,4,0,34,2,50,,96574,4,0,34,2,10,,96641,4,0,34,2,11,,96645,4,0,34,2,11,,96521,4,0,34,2,12,,96635,4,0,34,2,7,,96571,4,0,34,2,49,,96542,36,0,34,2,12,,96605,36,0,34,2,10,,96609,36,0,34,2,10,,96616,35,0,34,2,10,,96525,35,0,34,2,10,,96578,35,0,34,2,46,,96648,4,0,34,2,4,,96613,35,0,34,2,10,,96676,35,0,34,2,10,,96544,35,0,34,2,10,,96659,35,0,34,2,3,,96552,4,0,34,2,7,,96699,35,0,34,2,3,,96700,4,0,34,2,7,,96586,35,0,34,2,50,,96581,35,0,34,2,8,,96644,4,0,34,2,4,,96671,35,0,34,2,6,,96636,4,0,34,2,3,,96604,35,0,34,2,6,,96550,35,0,34,2,6,,96696,35,0,34,2,6,,96601,35,0,34,2,6,,96570,35,0,34,2,6,,96551,35,0,34,2,46,,96665,35,0,34,2,6,,96642,35,0,34,2,6,,96608,35,0,34,2,6,,96614,35,0,34,2,6,,96654,35,0,34,2,6,,96584,35,0,34,2,6,,96653,35,0,34,2,6,,96670,35,0,34,2,6,,96517,35,0,34,2,6,,96591,35,0,34,2,46,,96557,35,0,34,2,6,,96623,35,0,34,2,6,,96596,35,0,34,2,6,,96686,35,0,34,2,5,,96587,4,0,34,2,4,,96673,35,0,34,2,6,,96538,35,0,34,2,6,,96533,35,0,34,2,6,,96594,35,0,34,2,6,,96606,35,0,34,2,46,,96690,35,0,34,2,6,,96658,35,0,34,2,6,,75386,35,0,34,2,6,,96693,35,0,34,2,6,,96657,35,0,34,2,6,,85595,35,0,34,2,6,,96650,35,0,34,2,6,,96612,35,0,34,2,6,,96627,35,0,34,2,6,,96566,35,0,34,2,46,,96577,35,0,34,2,6,,96535,35,0,34,2,6,,96655,35,0,34,2,6,,96526,35,0,34,2,6,,96540,35,0,34,2,6,,96633,35,0,34,2,6,,96518,35,0,34,2,6,,96618,35,0,34,2,6,,96603,35,0,34,2,6,,96559,35,0,34,2,46,,96532,35,0,34,2,6,,96685,35,0,34,2,6,,96646,35,0,34,2,6,,96527,35,0,34,2,6,,96523,35,0,34,2,6,,96675,35,0,34,2,6,,96547,35,0,34,2,6,,96681,35,0,34,2,6,,96588,35,0,34,2,6,,96695,35,0,34,2,46,,96619,35,0,34,2,6,,96569,35,0,34,2,6,,96600,35,0,34,2,6,,96530,35,0,34,2,2,,96698,4,0,34,2,4,,96680,35,0,34,2,6,,96625,35,0,34,2,6,,96543,35,0,34,2,6,,96565,35,0,34,2,6,,96576,35,0,34,2,6,,96666,35,0,34,2,46,,81348,35,0,34,2,8,,96692,35,0,34,2,9,,96656,35,0,34,2,6,,96555,35,0,34,2,6,,96662,4,0,34,2,3,,96697,35,0,34,2,6,,96541,35,0,34,2,6,,96516,35,0,34,2,6,,96677,35,0,34,2,6,,96694,35,0,34,2,46,,96593,35,0,34,2,6,,96583,35,0,34,2,6,,96610,35,0,34,2,6,,96682,35,0,34,2,6,,96539,35,0,34,2,6,,96520,35,0,34,2,6,,96558,35,0,34,2,6,,96582,35,0,34,2,6,,96564,35,0,34,2,6,,96534,35,0,34,2,46,,96669,35,0,34,2,6,,96563,35,0,34,2,6,,96630,35,0,34,2,6,,96674,35,0,34,2,6,,96549,35,0,34,2,6,,96595,35,0,34,2,6,,96651,35,0,34,2,6,,96660,35,0,34,2,6,,96607,35,0,34,2,6,,96572,35,0,34,2,46,,96592,35,0,34,2,6,,96688,35,0,34,2,6,,96652,35,0,34,2,6,,96611,35,0,34,2,6,,96548,35,0,34,2,6,,96634,35,0,34,2,6,,96679,35,0,34,2,6,,96529,35,0,34,2,6,,96691,35,0,34,2,6,,96575,35,0,34,2,46,,96672,35,0,34,2,6,,96536,35,0,34,2,6,,96537,35,0,34,2,6,,96643,35,0,34,2,6,,96664,35,0,34,2,6,,96615,35,0,34,2,6,,96579,35,0,34,2,6,,85614,35,0,34,2,6,,96621,35,0,34,2,6,,96573,35,0,34,2,46,,96647,35,0,34,2,8,,96668,35,0,34,2,7,,96684,35,0,34,2,7,,96663,35,0,34,2,10,,96667,35,0,34,2,10,,96561,35,0,34,2,10,,96519,35,0,34,2,50,,96531,35,0,34,2,10,,96631,35,0,34,2,10,,96524,35,0,34,2,10,,96522,35,0,34,2,10,,96617,35,0,34,2,10,,96649,35,0,34,2,50,,96638,35,0,34,2,10,,96629,35,0,34,2,13,,96580,35,0,34,2,11,,96554,35,0,34,2,10,,96546,35,0,34,2,50,,78548,35,0,34,2,10,,96639,35,0,34,2,10,,96602,35,0,34,2,10,,96678,35,0,34,2,10,,96624,35,0,34,2,10,,96562,35,0,34,2,50,,96626,35,0,34,2,10,,96687,35,0,34,2,10,,96661,35,0,34,2,10,,96528,35,0,34,2,10,,96556,35,0,34,2,10,,96589,35,0,34,2,50,,96637,35,0,34,2,10,,96585,35,0,34,2,10,,96689,35,0,34,2,10,,96620,35,0,34,2,10,,96567,35,0,34,2
50501,'2',451,,96855,4,0,34,2,6,,96829,4,0,34,2,50,,96777,4,0,34,2,10,,96760,4,0,34,2,10,,96728,4,0,34,2,10,,96752,4,0,34,2,10,,96766,4,0,34,2,9,,96806,4,0,34,2,2,,96811,36,0,34,2,55,,96768,36,0,34,2,10,,96791,36,0,34,2,10,,96724,36,0,34,2,10,,96845,35,0,34,2,10,,96719,35,0,34,2,50,,96769,35,0,34,2,10,,96868,35,0,34,2,10,,96792,35,0,34,2,10,,96751,35,0,34,2,10,,96817,35,0,34,2,10,,86837,35,0,34,2,47,,96778,4,0,34,2,6,,96732,35,0,34,2,10,,96754,4,0,34,2,2,,96802,35,0,34,2,9,,96863,4,0,34,2,1,,96776,35,0,34,2,11,,96823,4,0,34,2,2,,96862,35,0,34,2,7,,96810,4,0,34,2,5,,96851,35,0,34,2,48,,96870,35,0,34,2,6,,96781,35,0,34,2,6,,96712,35,0,34,2,6,,96782,35,0,34,2,6,,96815,35,0,34,2,6,,96749,35,0,34,2,6,,96826,35,0,34,2,6,,96859,35,0,34,2,6,,96757,35,0,34,2,6,,96763,35,0,34,2,46,,96709,35,0,34,2,6,,96722,35,0,34,2,6,,96729,35,0,34,2,6,,96723,35,0,34,2,6,,96803,35,0,34,2,6,,96717,35,0,34,2,6,,96841,35,0,34,2,6,,96750,35,0,34,2,6,,96731,35,0,34,2,6,,96814,35,0,34,2,46,,96828,35,0,34,2,6,,96780,35,0,34,2,6,,96716,35,0,34,2,6,,96753,35,0,34,2,6,,96872,35,0,34,2,6,,96741,35,0,34,2,6,,96773,35,0,34,2,6,,96701,35,0,34,2,6,,90181,35,0,34,2,6,,96835,35,0,34,2,46,,96853,35,0,34,2,6,,96805,35,0,34,2,6,,96820,35,0,34,2,6,,96865,35,0,34,2,6,,96819,35,0,34,2,6,,96706,35,0,34,2,8,,96838,35,0,34,2,6,,96795,4,0,34,2,4,,96756,35,0,34,2,6,,96748,35,0,34,2,45,,96702,35,0,34,2,6,,96799,35,0,34,2,6,,96831,35,0,34,2,6,,96794,35,0,34,2,6,,96801,35,0,34,2,6,,96800,35,0,34,2,6,,96747,35,0,34,2,6,,96765,35,0,34,2,6,,96833,35,0,34,2,6,,96842,35,0,34,2,46,,96775,35,0,34,2,6,,96714,35,0,34,2,6,,96798,35,0,34,2,6,,96759,35,0,34,2,6,,96866,35,0,34,2,6,,96848,35,0,34,2,6,,96715,35,0,34,2,6,,96734,35,0,34,2,6,,96858,35,0,34,2,6,,96745,35,0,34,2,46,,96861,35,0,34,2,6,,96840,35,0,34,2,6,,96761,35,0,34,2,6,,96816,35,0,34,2,6,,96796,35,0,34,2,6,,96812,35,0,34,2,6,,96844,35,0,34,2,6,,96793,35,0,34,2,6,,96736,35,0,34,2,6,,96824,35,0,34,2,46,,96867,35,0,34,2,6,,96783,35,0,34,2,6,,96821,35,0,34,2,6,,96772,35,0,34,2,6,,96710,35,0,34,2,6,,96843,35,0,34,2,6,,96725,35,0,34,2,6,,96767,35,0,34,2,6,,96713,35,0,34,2,6,,96704,35,0,34,2,46,,96864,35,0,34,2,6,,78931,35,0,34,2,6,,96718,35,0,34,2,6,,96787,35,0,34,2,6,,96743,35,0,34,2,6,,96744,35,0,34,2,6,,96708,35,0,34,2,6,,96742,35,0,34,2,6,,96727,35,0,34,2,6,,96726,35,0,34,2,46,,96846,35,0,34,2,6,,96856,35,0,34,2,6,,96703,35,0,34,2,6,,96834,35,0,34,2,6,,96808,35,0,34,2,6,,96779,35,0,34,2,6,,96857,35,0,34,2,6,,96860,35,0,34,2,6,,96797,35,0,34,2,6,,96849,35,0,34,2,46,,96809,35,0,34,2,6,,96789,35,0,34,2,6,,96758,35,0,34,2,6,,96738,35,0,34,2,6,,96735,35,0,34,2,6,,96764,35,0,34,2,8,,96707,35,0,34,2,9,,96739,35,0,34,2,9,,96740,35,0,34,2,48,,96854,35,0,34,2,10,,96721,35,0,34,2,10,,96836,35,0,34,2,10,,96705,35,0,34,2,10,,96832,35,0,34,2,10,,96830,35,0,34,2,50,,96869,35,0,34,2,10,,96852,35,0,34,2,10,,80943,35,0,34,2,10,,96825,35,0,34,2,10,,96822,35,0,34,2,10,,96774,35,0,34,2,50,,96827,35,0,34,2,10,,96847,35,0,34,2,10,,96818,35,0,34,2,8,,96770,35,0,34,2,7,,96839,35,0,34,2,9,,96813,35,0,34,2,52,,96790,35,0,34,2,10,,96733,35,0,34,2,10,,96807,35,0,34,2,10,,96804,35,0,34,2,10,,96771,35,0,34,2,10,,96711,35,0,34,2,50,,96788,35,0,34,2,10,,75808,35,0,34,2,10,,96746,35,0,34,2,10,,96837,35,0,34,2,10,,96784,35,0,34,2,10,,96755,35,0,34,2,50,,96720,35,0,34,2,10,,96871,35,0,34,2,9,,96737,35,0,34,2,14,,96786,35,0,34,2,13,,96850,35,0,34,2
50501,'3',850,,96898,35,0,34,2,4,,97006,4,0,34,2,46,,96934,35,0,34,2,7,,97007,4,0,34,2,3,,96996,35,0,34,2,10,,96964,35,0,34,2,6,,96915,4,0,34,2,6,,97009,4,0,34,2,1,,96995,35,0,34,2,6,,96987,4,0,34,2,7,,96932,35,0,34,2,10,,96947,4,0,34,2,1,,96949,35,0,34,2,46,,97015,35,0,34,2,6,,96875,35,0,34,2,6,,96979,35,0,34,2,6,,96965,35,0,34,2,6,,96890,35,0,34,2,6,,97002,35,0,34,2,6,,96978,35,0,34,2,6,,96970,35,0,34,2,6,,96881,35,0,34,2,6,,96950,35,0,34,2,46,,96935,35,0,34,2,6,,97022,35,0,34,2,6,,96999,35,0,34,2,6,,96886,35,0,34,2,6,,96906,35,0,34,2,6,,96879,35,0,34,2,6,,96960,35,0,34,2,6,,96926,35,0,34,2,6,,96939,35,0,34,2,6,,96945,35,0,34,2,46,,97004,35,0,34,2,6,,96903,35,0,34,2,6,,96993,35,0,34,2,8,,96958,35,0,34,2,6,,96940,35,0,34,2,7,,96894,4,0,34,2,1,,96994,35,0,34,2,6,,97013,35,0,34,2,9,,96983,35,0,34,2,6,,97014,35,0,34,2,46,,96971,35,0,34,2,6,,96909,35,0,34,2,6,,96921,35,0,34,2,6,,96877,35,0,34,2,6,,96937,35,0,34,2,6,,82294,35,0,34,2,6,,96901,35,0,34,2,6,,96895,35,0,34,2,6,,96923,35,0,34,2,6,,96968,35,0,34,2,46,,96941,35,0,34,2,6,,96889,35,0,34,2,6,,96927,35,0,34,2,6,,96997,35,0,34,2,6,,96874,35,0,34,2,6,,96910,35,0,34,2,6,,96878,35,0,34,2,6,,96955,35,0,34,2,6,,96988,35,0,34,2,6,,96912,35,0,34,2,46,,97020,35,0,34,2,6,,90322,35,0,34,2,6,,96908,35,0,34,2,6,,96967,35,0,34,2,6,,96953,35,0,34,2,6,,96973,35,0,34,2,6,,96972,35,0,34,2,6,,97016,35,0,34,2,6,,96933,35,0,34,2,6,,97018,35,0,34,2,46,,96922,35,0,34,2,6,,96951,35,0,34,2,6,,96931,35,0,34,2,6,,96984,35,0,34,2,6,,96904,35,0,34,2,6,,96976,35,0,34,2,6,,87765,35,0,34,2,6,,96888,35,0,34,2,6,,96917,35,0,34,2,6,,97017,35,0,34,2,46,,96946,35,0,34,2,6,,96884,35,0,34,2,6,,96896,35,0,34,2,6,,96974,35,0,34,2,6,,96980,35,0,34,2,6,,96928,35,0,34,2,6,,96924,35,0,34,2,6,,96948,35,0,34,2,6,,96899,35,0,34,2,6,,96905,35,0,34,2,46,,96936,35,0,34,2,6,,96943,35,0,34,2,6,,96892,35,0,34,2,6,,97001,35,0,34,2,6,,96982,35,0,34,2,6,,96985,35,0,34,2,6,,96938,35,0,34,2,6,,96966,35,0,34,2,6,,97000,35,0,34,2,6,,96986,35,0,34,2,46,,97021,35,0,34,2,6,,96907,35,0,34,2,6,,97010,35,0,34,2,6,,96929,35,0,34,2,6,,97005,35,0,34,2,6,,96880,35,0,34,2,6,,96969,35,0,34,2,6,,96944,35,0,34,2,6,,96992,35,0,34,2,5,,96900,35,0,34,2,48,,96916,35,0,34,2,8,,96959,35,0,34,2,10,,97019,35,0,34,2,10,,96919,35,0,34,2,10,,96981,35,0,34,2,10,,78157,35,0,34,2,50,,96952,35,0,34,2,10,,96913,35,0,34,2,10,,96990,35,0,34,2,10,,97003,35,0,34,2,10,,96998,35,0,34,2,10,,96925,35,0,34,2,50,,96963,35,0,34,2,10,,96893,35,0,34,2,10,,96885,35,0,34,2,7,,96883,35,0,34,2,7,,97008,35,0,34,2,8,,96897,35,0,34,2,9,,96942,35,0,34,2,50,,96920,35,0,34,2,10,,96989,35,0,34,2,10,,96930,35,0,34,2,10,,96961,35,0,34,2,10,,96977,35,0,34,2,10,,96876,35,0,34,2,50,,96918,35,0,34,2,10,,96887,35,0,34,2,10,,96891,35,0,34,2,10,,96975,35,0,34,2,10,,97012,35,0,34,2,10,,96873,35,0,34,2,50,,96911,35,0,34,2,10,,96956,35,0,34,2,10,,96882,35,0,34,2,20,,96957,35,0,34,2
50501,'5',439,,97038,4,0,34,2,62,,97057,4,0,34,2,15,,97154,4,0,34,2,15,,97178,4,0,34,2,15,,97062,4,0,34,2,54,,97187,36,0,34,2,12,,97145,4,0,34,2,9,,97122,36,0,34,2,11,,97134,4,0,34,2,4,,97143,36,0,34,2,15,,97100,35,0,34,2,53,,97129,4,0,34,2,2,,97088,35,0,34,2,15,,97104,35,0,34,2,11,,97128,4,0,34,2,4,,97177,35,0,34,2,14,,97098,35,0,34,2,50,,97099,35,0,34,2,10,,97080,35,0,34,2,10,,97055,35,0,34,2,10,,97060,35,0,34,2,10,,97112,35,0,34,2,10,,97109,35,0,34,2,4,,97023,4,0,34,2,46,,97191,35,0,34,2,7,,97139,4,0,34,2,3,,97026,35,0,34,2,10,,97165,35,0,34,2,6,,97148,4,0,34,2,6,,88002,4,0,34,2,1,,97113,35,0,34,2,6,,97065,4,0,34,2,7,,97078,35,0,34,2,10,,97127,4,0,34,2,1,,97186,35,0,34,2,46,,97024,35,0,34,2,6,,97130,35,0,34,2,6,,97044,35,0,34,2,6,,97090,35,0,34,2,6,,97185,35,0,34,2,6,,97124,35,0,34,2,6,,97155,35,0,34,2,6,,97093,35,0,34,2,6,,97049,35,0,34,2,6,,97077,35,0,34,2,46,,97025,35,0,34,2,6,,97043,35,0,34,2,6,,97140,35,0,34,2,6,,97070,35,0,34,2,6,,97144,35,0,34,2,6,,97121,35,0,34,2,6,,97153,35,0,34,2,6,,97056,35,0,34,2,6,,97172,35,0,34,2,6,,97183,35,0,34,2,46,,97151,35,0,34,2,6,,97050,35,0,34,2,6,,97076,35,0,34,2,8,,97119,35,0,34,2,6,,97190,35,0,34,2,7,,97082,4,0,34,2,1,,97084,35,0,34,2,6,,97067,35,0,34,2,9,,97053,35,0,34,2,6,,97041,35,0,34,2,46,,97035,35,0,34,2,6,,97116,35,0,34,2,6,,97089,35,0,34,2,6,,97163,35,0,34,2,6,,97175,35,0,34,2,6,,97149,35,0,34,2,6,,97106,35,0,34,2,6,,97074,35,0,34,2,6,,97095,35,0,34,2,6,,97166,35,0,34,2,46,,97108,35,0,34,2,6,,97162,35,0,34,2,6,,97073,35,0,34,2,6,,97097,35,0,34,2,6,,97027,35,0,34,2,6,,97171,35,0,34,2,6,,97068,35,0,34,2,6,,97123,35,0,34,2,6,,97138,35,0,34,2,6,,97083,35,0,34,2,46,,97034,35,0,34,2,6,,97063,35,0,34,2,6,,97058,35,0,34,2,6,,97181,35,0,34,2,6,,97042,35,0,34,2,6,,97072,35,0,34,2,6,,97180,35,0,34,2,6,,97061,35,0,34,2,6,,97131,35,0,34,2,6,,97111,35,0,34,2,46,,97091,35,0,34,2,6,,97168,35,0,34,2,6,,97115,35,0,34,2,6,,97085,35,0,34,2,6,,97029,35,0,34,2,6,,97152,35,0,34,2,6,,97179,35,0,34,2,6,,77296,35,0,34,2,6,,97064,35,0,34,2,6,,97141,35,0,34,2,46,,97059,35,0,34,2,6,,97107,35,0,34,2,6,,97156,35,0,34,2,6,,97054,35,0,34,2,6,,97146,35,0,34,2,6,,97103,35,0,34,2,6,,97147,35,0,34,2,6,,97118,35,0,34,2,6,,97195,35,0,34,2,6,,97079,35,0,34,2,46,,97120,35,0,34,2,6,,97030,35,0,34,2,6,,97126,35,0,34,2,6,,97096,35,0,34,2,6,,97188,35,0,34,2,6,,97158,35,0,34,2,6,,80371,35,0,34,2,6,,97157,35,0,34,2,6,,97193,35,0,34,2,6,,97189,35,0,34,2,46,,97136,35,0,34,2,6,,97135,35,0,34,2,6,,97176,35,0,34,2,6,,97117,35,0,34,2,6,,97028,35,0,34,2,6,,97032,35,0,34,2,6,,97051,35,0,34,2,6,,97164,35,0,34,2,6,,97137,35,0,34,2,5,,97132,35,0,34,2,48,,97192,35,0,34,2,8,,97110,35,0,34,2,10,,97069,35,0,34,2,10,,97066,35,0,34,2,10,,97046,35,0,34,2,10,,97086,35,0,34,2,50,,97075,35,0,34,2,10,,97114,35,0,34,2,10,,97033,35,0,34,2,10,,97167,35,0,34,2,10,,97142,35,0,34,2,10,,97031,35,0,34,2,50,,97170,35,0,34,2,10,,97101,35,0,34,2,10,,97182,35,0,34,2,7,,97037,35,0,34,2,7,,97150,35,0,34,2,8,,97036,35,0,34,2,9,,97102,35,0,34,2,50,,97081,35,0,34,2,10,,97094,35,0,34,2,10,,97173,35,0,34,2,10,,97194,35,0,34,2,10,,97174,35,0,34,2,10,,97133,35,0,34,2,50,,97052,35,0,34,2,10,,97159,35,0,34,2,10,,97048,35,0,34,2,10,,97105,35,0,34,2,10,,97040,35,0,34,2,10,,97161,35,0,34,2,49,,97047,35,0,34,2,11,,97092,35,0,34,2,10,,97039,35,0,34,2
