30402,'1',2618,,91579,17,0,5 6 7,2,10,,91581,17,0,5 6 7,2,10,,91583,17,0,5 6 7,2,10,,91589,17,0,5 6 7,2,10,,91584,17,0,5 6 7,2,50,,91585,17,0,5 6 7,2,10,,91574,17,0,5 6 7,2,10,,91593,17,0,5 6 7,2,10,,91582,17,0,5 6 7,2,10,,91576,17,0,5 6 7,2,10,,91595,17,0,5 6 7,2,50,,91594,17,0,5 6 7,2,10,,91592,17,0,5 6 7,2,10,,91588,17,0,5 6 7,2,10,,91573,17,0,5 6 7,2,10,,91578,17,0,5 6 7,2,6,,91575,17,0,5 6 7,2
30402,'2',2638,,91606,17,0,5 6 7,2,10,,91610,17,0,5 6 7,2,10,,91604,17,0,5 6 7,2,50,,91608,17,0,5 6 7,2,10,,91601,17,0,5 6 7,2,10,,91597,17,0,5 6 7,2,10,,91600,17,0,5 6 7,2,10,,90101,17,0,5 6 7,2,10,,91602,17,0,5 6 7,2,50,,91617,17,0,5 6 7,2,10,,91596,17,0,5 6 7,2,10,,91615,17,0,5 6 7,2,10,,91616,17,0,5 6 7,2,10,,91607,17,0,5 6 7,2,10,,91609,17,0,5 6 7,2,50,,91611,17,0,5 6 7,2,13,,91614,17,0,5 6 7,2
30402,'3',433,,91665,7,0,5 6 7,2,14,,91625,7,0,5 6 7,2,7,,91654,7,0,21,2,47,,91669,7,0,5 6 7,2,7,,91645,7,0,21,2,5,,91662,7,0,5 6 7,2,6,,91652,17,0,21,2,10,,91668,5,0,5 6 7,2,5,,91638,7,0,21,2,6,,91641,17,0,21,2,3,,91634,7,0,5 6 7,2,5,,91626,5,0,5 6 7,2,8,,91623,17,0,21,2,46,,91618,5,0,5 6 7,2,7,,91670,17,0,21,2,7,,91649,5,0,5 6 7,2,7,,91650,17,0,21,2,7,,91640,5,0,5 6 7,2,7,,91624,17,0,21,2,7,,91631,5,0,5 6 7,2,7,,91647,17,0,21,2,7,,91661,5,0,5 6 7,2,47,,81689,17,0,21,2,7,,91651,5,0,5 6 7,2,7,,91658,17,0,21,2,7,,91644,5,0,5 6 7,2,7,,91622,17,0,21,2,14,,91630,17,0,21,2,54,,91621,17,0,21,2,14,,91633,17,0,21,2,1826,,91657,17,0,5 6 7,2,10,,91659,17,0,5 6 7,2,50,,91628,17,0,5 6 7,2,10,,91663,17,0,5 6 7,2,10,,91666,17,0,5 6 7,2,10,,91648,17,0,5 6 7,2,10,,91643,17,0,5 6 7,2,10,,91636,17,0,5 6 7,2,50,,91632,17,0,5 6 7,2,10,,91664,17,0,5 6 7,2,10,,91635,17,0,5 6 7,2,11,,91627,17,0,5 6 7,2
30402,'5',2641,,91687,17,0,5 6 7,2,10,,91674,17,0,5 6 7,2,50,,91688,17,0,5 6 7,2,10,,91683,17,0,5 6 7,2,10,,91680,17,0,5 6 7,2,10,,91684,17,0,5 6 7,2,10,,91677,17,0,5 6 7,2,10,,91672,17,0,5 6 7,2,50,,91673,17,0,5 6 7,2,10,,91678,17,0,5 6 7,2,10,,91676,17,0,5 6 7,2,11,,91679,17,0,5 6 7,2
50302,'1',529,,94052,32,0,32 8 19,2,12,,93988,32,0,32 8 19,2,10,,94042,32,0,32 8 19,2,50,,94041,32,0,32 8 19,2,10,,94120,32,0,32 8 19,2,13,,94009,32,0,32 8 19,2,14,,94101,32,0,32 8 19,2,6,,94090,32,0,32 8 19,2,7,,86556,32,0,32 8 19,2,50,,79674,32,0,32 8 19,2,10,,94066,32,0,32 8 19,2,5,,94047,32,0,32 8 19,2,7,,93989,32,0,32 8 19,2,10,,94099,32,0,32 8 19,2,10,,94068,32,0,32 8 19,2,6,,93998,32,0,32 8 19,2,6,,94087,32,0,32 8 19,2,46,,94116,32,0,32 8 19,2,6,,94020,32,0,32 8 19,2,6,,94029,32,0,32 8 19,2,6,,94082,32,0,32 8 19,2,6,,94113,32,0,32 8 19,2,6,,94007,32,0,32 8 19,2,6,,94062,32,0,32 8 19,2,6,,94073,32,0,32 8 19,2,6,,94105,32,0,32 8 19,2,6,,94078,32,0,32 8 19,2,46,,94005,32,0,32 8 19,2,6,,94121,32,0,32 8 19,2,6,,94088,32,0,32 8 19,2,6,,94057,32,0,32 8 19,2,6,,94044,32,0,32 8 19,2,6,,94123,32,0,32 8 19,2,6,,94010,32,0,32 8 19,2,6,,94085,32,0,32 8 19,2,6,,94081,32,0,32 8 19,2,6,,94128,32,0,32 8 19,2,46,,94043,32,0,32 8 19,2,6,,93994,32,0,32 8 19,2,7,,94000,32,0,32 8 19,2,10,,94100,32,0,32 8 19,2,10,,94130,32,0,32 8 19,2,10,,94040,32,0,32 8 19,2,10,,94023,32,0,32 8 19,2,50,,94079,32,0,32 8 19,2,10,,94131,32,0,32 8 19,2,10,,94129,32,0,32 8 19,2,10,,94086,32,0,32 8 19,2,10,,94080,32,0,32 8 19,2,10,,94114,32,0,32 8 19,2,50,,94127,32,0,32 8 19,2,10,,94054,32,0,32 8 19,2,10,,94067,32,0,32 8 19,2,10,,94017,32,0,32 8 19,2,10,,94072,32,0,32 8 19,2,10,,94038,32,0,32 8 19,2,50,,94109,32,0,32 8 19,2,10,,94034,32,0,32 8 19,2,10,,94016,32,0,32 8 19,2,10,,94094,32,0,32 8 19,2,10,,94026,32,0,32 8 19,2,10,,93995,32,0,32 8 19,2,50,,94001,32,0,32 8 19,2,10,,94098,32,0,32 8 19,2,10,,94058,32,0,32 8 19,2,10,,94107,32,0,32 8 19,2,10,,94119,32,0,32 8 19,2,10,,94103,32,0,32 8 19,2,51,,94003,32,0,32 8 19,2,14,,94045,32,0,32 8 19,2,9,,94069,32,0,32 8 19,2,6,,94033,32,0,32 8 19,2,6,,94077,32,0,32 8 19,2,6,,94093,32,0,32 8 19,2,6,,94013,32,0,32 8 19,2,48,,94050,32,0,32 8 19,2,8,,94056,32,0,32 8 19,2,8,,94074,32,0,32 8 19,2,6,,89064,32,0,32 8 19,2,6,,94076,32,0,32 8 19,2,6,,93997,32,0,32 8 19,2,6,,94048,32,0,32 8 19,2,6,,94111,32,0,32 8 19,2,6,,94089,32,0,32 8 19,2,6,,79538,32,0,32 8 19,2,46,,94014,32,0,32 8 19,2,6,,94046,32,0,32 8 19,2,6,,94095,32,0,32 8 19,2,6,,94084,32,0,32 8 19,2,6,,94021,32,0,32 8 19,2,6,,94092,32,0,32 8 19,2,6,,94108,32,0,32 8 19,2,6,,93992,32,0,32 8 19,2,6,,94070,32,0,32 8 19,2,6,,94071,32,0,32 8 19,2,46,,94083,32,0,32 8 19,2,6,,94049,32,0,32 8 19,2,6,,94018,32,0,32 8 19,2,18,,94012,32,0,32 8 19,2,6,,94055,32,0,32 8 19,2,6,,94039,32,0,32 8 19,2,6,,94004,32,0,32 8 19,2,6,,94075,32,0,32 8 19,2,44,,94112,32,0,32 8 19,2,4,,94008,32,0,32 8 19,2,7,,94106,32,0,32 8 19,2,7,,94091,32,0,32 8 19,2,7,,94022,32,0,32 8 19,2,6,,94104,32,0,32 8 19,2,7,,94037,32,0,32 8 19,2,6,,94019,32,0,32 8 19,2,7,,93999,32,0,32 8 19,2,48,,94053,32,0,32 8 19,2,8,,94118,32,0,32 8 19,2,8,,93987,32,0,32 8 19,2,8,,94060,32,0,32 8 19,2,8,,94011,32,0,32 8 19,2,8,,93993,32,0,32 8 19,2,8,,94015,32,0,32 8 19,2,8,,94102,32,0,32 8 19,2,48,,94117,32,0,32 8 19,2,8,,94002,32,0,32 8 19,2,8,,94031,32,0,32 8 19,2,8,,93996,32,0,32 8 19,2,8,,94035,32,0,32 8 19,2,8,,94063,32,0,32 8 19,2,8,,94122,32,0,32 8 19,2,48,,94032,32,0,32 8 19,2,8,,93991,32,0,32 8 19,2,9,,94024,32,0,32 8 19,2,9,,94096,32,0,32 8 19,2,7,,94027,32,0,32 8 19,2,7,,94097,32,0,32 8 19,2,8,,94125,32,0,32 8 19,2,10,,94030,32,0,32 8 19,2,50,,93990,32,0,32 8 19,2,10,,94006,32,0,32 8 19,2,10,,94124,32,0,32 8 19,2,10,,94110,32,0,32 8 19,2,10,,94061,32,0,32 8 19,2,10,,94028,32,0,32 8 19,2,50,,94051,32,0,32 8 19,2,10,,94025,32,0,32 8 19,2,10,,94126,32,0,32 8 19,2,10,,94065,32,0,32 8 19,2,10,,93986,32,0,32 8 19,2,10,,94036,32,0,32 8 19,2,50,,94115,32,0,32 8 19,2,11,,94059,32,0,32 8 19,2,18,,94064,32,0,32 8 19,2
50302,'2',454,,94235,32,0,32 8 19,2,65,,94188,32,0,32 8 19,2,17,,94223,32,0,32 8 19,2,13,,94199,32,0,32 8 19,2,55,,94169,32,0,32 8 19,2,15,,94195,32,0,32 8 19,2,10,,94134,32,0,32 8 19,2,10,,94136,32,0,32 8 19,2,10,,94232,32,0,32 8 19,2,10,,94132,32,0,32 8 19,2,50,,94178,32,0,32 8 19,2,10,,94162,32,0,32 8 19,2,10,,94181,32,0,32 8 19,2,10,,94201,32,0,32 8 19,2,10,,94158,32,0,32 8 19,2,10,,94231,32,0,32 8 19,2,50,,94220,32,0,32 8 19,2,10,,94140,32,0,32 8 19,2,12,,94159,32,0,32 8 19,2,13,,94166,32,0,32 8 19,2,11,,94245,32,0,32 8 19,2,49,,94258,32,0,32 8 19,2,9,,77519,32,0,32 8 19,2,9,,94133,32,0,32 8 19,2,10,,94156,32,0,32 8 19,2,10,,94149,32,0,32 8 19,2,10,,94196,32,0,32 8 19,2,50,,94210,32,0,32 8 19,2,10,,94174,32,0,32 8 19,2,10,,94247,32,0,32 8 19,2,10,,94214,32,0,32 8 19,2,10,,94250,32,0,32 8 19,2,10,,94177,32,0,32 8 19,2,50,,94168,32,0,32 8 19,2,10,,94194,32,0,32 8 19,2,10,,94143,32,0,32 8 19,2,10,,94197,32,0,32 8 19,2,10,,94221,32,0,32 8 19,2,11,,94151,32,0,32 8 19,2,50,,94239,32,0,32 8 19,2,10,,94249,32,0,32 8 19,2,10,,94139,32,0,32 8 19,2,5,,94208,32,0,32 8 19,2,8,,94180,32,0,32 8 19,2,10,,94259,32,0,32 8 19,2,10,,94138,32,0,32 8 19,2,48,,94204,32,0,32 8 19,2,8,,94233,32,0,32 8 19,2,16,,94237,32,0,32 8 19,2,8,,94192,32,0,32 8 19,2,8,,76490,32,0,32 8 19,2,8,,94207,32,0,32 8 19,2,48,,94228,32,0,32 8 19,2,8,,94248,32,0,32 8 19,2,8,,94256,32,0,32 8 19,2,8,,94191,32,0,32 8 19,2,8,,94209,32,0,32 8 19,2,8,,94179,32,0,32 8 19,2,8,,94167,32,0,32 8 19,2,8,,94226,32,0,32 8 19,2,48,,94243,32,0,32 8 19,2,8,,94182,32,0,32 8 19,2,8,,94165,32,0,32 8 19,2,8,,94153,32,0,32 8 19,2,8,,94148,32,0,32 8 19,2,8,,94155,32,0,32 8 19,2,8,,94224,32,0,32 8 19,2,48,,94175,32,0,32 8 19,2,8,,94154,32,0,32 8 19,2,8,,94183,32,0,32 8 19,2,8,,94184,32,0,32 8 19,2,8,,94255,32,0,32 8 19,2,8,,94225,32,0,32 8 19,2,8,,94164,32,0,32 8 19,2,8,,94227,32,0,32 8 19,2,48,,94203,32,0,32 8 19,2,8,,94213,32,0,32 8 19,2,8,,94157,32,0,32 8 19,2,8,,94163,32,0,32 8 19,2,8,,94219,32,0,32 8 19,2,8,,94150,32,0,32 8 19,2,8,,94251,32,0,32 8 19,2,48,,94222,32,0,32 8 19,2,8,,94137,32,0,32 8 19,2,8,,94173,32,0,32 8 19,2,8,,94257,32,0,32 8 19,2,16,,94170,32,0,32 8 19,2,8,,94261,32,0,32 8 19,2,8,,94200,32,0,32 8 19,2,48,,94186,32,0,32 8 19,2,9,,94202,32,0,32 8 19,2,9,,94253,32,0,32 8 19,2,9,,94142,32,0,32 8 19,2,11,,94234,32,0,32 8 19,2,9,,94135,32,0,32 8 19,2,49,,94205,32,0,32 8 19,2,10,,94218,32,0,32 8 19,2,10,,94236,32,0,32 8 19,2,10,,94176,32,0,32 8 19,2,10,,94141,32,0,32 8 19,2,10,,79964,32,0,32 8 19,2,50,,94260,32,0,32 8 19,2,10,,94187,32,0,32 8 19,2,10,,94229,32,0,32 8 19,2,10,,94160,32,0,32 8 19,2,10,,94189,32,0,32 8 19,2,10,,94147,32,0,32 8 19,2,50,,94172,32,0,32 8 19,2,10,,94242,32,0,32 8 19,2,10,,94185,32,0,32 8 19,2,11,,94146,32,0,32 8 19,2,8,,94161,32,0,32 8 19,2,8,,94254,32,0,32 8 19,2,10,,94216,32,0,32 8 19,2,50,,94244,32,0,32 8 19,2,10,,94252,32,0,32 8 19,2,10,,94238,32,0,32 8 19,2,10,,94206,32,0,32 8 19,2,10,,94171,32,0,32 8 19,2,10,,94190,32,0,32 8 19,2,50,,94230,32,0,32 8 19,2,10,,94240,32,0,32 8 19,2,10,,94144,32,0,32 8 19,2,10,,94193,32,0,32 8 19,2,10,,94241,32,0,32 8 19,2,10,,94152,32,0,32 8 19,2,50,,94198,32,0,32 8 19,2,10,,94145,32,0,32 8 19,2,10,,94246,32,0,32 8 19,2,10,,94215,32,0,32 8 19,2,10,,94262,32,0,32 8 19,2,10,,94217,32,0,32 8 19,2,48,,94211,32,0,32 8 19,2,8,,94212,32,0,32 8 19,2
50302,'3',522,,94286,32,0,32 8 19,2,21,,94346,32,0,32 8 19,2,60,,94294,32,0,32 8 19,2,20,,94324,32,0,32 8 19,2,20,,80283,32,0,32 8 19,2,10,,94360,32,0,32 8 19,2,50,,94358,32,0,32 8 19,2,10,,94289,32,0,32 8 19,2,10,,94316,32,0,32 8 19,2,10,,94287,32,0,32 8 19,2,10,,94359,32,0,32 8 19,2,10,,94342,32,0,32 8 19,2,50,,94370,32,0,32 8 19,2,12,,94306,32,0,32 8 19,2,13,,94355,32,0,32 8 19,2,12,,94296,32,0,32 8 19,2,11,,94335,32,0,32 8 19,2,49,,94268,32,0,32 8 19,2,8,,94269,32,0,32 8 19,2,8,,94277,32,0,32 8 19,2,10,,94323,32,0,32 8 19,2,10,,94366,32,0,32 8 19,2,10,,94276,32,0,32 8 19,2,10,,75434,32,0,32 8 19,2,50,,94339,32,0,32 8 19,2,10,,94350,32,0,32 8 19,2,10,,94308,32,0,32 8 19,2,10,,94275,32,0,32 8 19,2,10,,94353,32,0,32 8 19,2,10,,94352,32,0,32 8 19,2,50,,94301,32,0,32 8 19,2,10,,94376,32,0,32 8 19,2,10,,94272,32,0,32 8 19,2,10,,94321,32,0,32 8 19,2,10,,94364,32,0,32 8 19,2,10,,94263,32,0,32 8 19,2,50,,94329,32,0,32 8 19,2,10,,94283,32,0,32 8 19,2,9,,94291,32,0,32 8 19,2,10,,94303,32,0,32 8 19,2,13,,94373,32,0,32 8 19,2,9,,94327,32,0,32 8 19,2,49,,80244,32,0,32 8 19,2,10,,94305,32,0,32 8 19,2,10,,94266,32,0,32 8 19,2,10,,94363,32,0,32 8 19,2,10,,94348,32,0,32 8 19,2,10,,94313,32,0,32 8 19,2,50,,94297,32,0,32 8 19,2,10,,94300,32,0,32 8 19,2,10,,94341,32,0,32 8 19,2,10,,94331,32,0,32 8 19,2,10,,94336,32,0,32 8 19,2,10,,94338,32,0,32 8 19,2,50,,94340,32,0,32 8 19,2,10,,94278,32,0,32 8 19,2,10,,94343,32,0,32 8 19,2,10,,94375,32,0,32 8 19,2,10,,94362,32,0,32 8 19,2,10,,94288,32,0,32 8 19,2,50,,94298,32,0,32 8 19,2,10,,94337,32,0,32 8 19,2,10,,94334,32,0,32 8 19,2,10,,94267,32,0,32 8 19,2,10,,94332,32,0,32 8 19,2,10,,94328,32,0,32 8 19,2,50,,94281,32,0,32 8 19,2,10,,94304,32,0,32 8 19,2,10,,94292,32,0,32 8 19,2,10,,94368,32,0,32 8 19,2,10,,94295,32,0,32 8 19,2,10,,85132,32,0,32 8 19,2,50,,94369,32,0,32 8 19,2,10,,94318,32,0,32 8 19,2,10,,94326,32,0,32 8 19,2,10,,94361,32,0,32 8 19,2,10,,94357,32,0,32 8 19,2,60,,94345,32,0,32 8 19,2,10,,94293,32,0,32 8 19,2,10,,94284,32,0,32 8 19,2,10,,94265,32,0,32 8 19,2,8,,94319,32,0,32 8 19,2,12,,94290,32,0,32 8 19,2,50,,94309,32,0,32 8 19,2,10,,94307,32,0,32 8 19,2,10,,94280,32,0,32 8 19,2,10,,94330,32,0,32 8 19,2,10,,94302,32,0,32 8 19,2,10,,94354,32,0,32 8 19,2,50,,67251,32,0,32 8 19,2,10,,94317,32,0,32 8 19,2,10,,94314,32,0,32 8 19,2,10,,82258,32,0,32 8 19,2,10,,94365,32,0,32 8 19,2,10,,94372,32,0,32 8 19,2,50,,94274,32,0,32 8 19,2,10,,94349,32,0,32 8 19,2,10,,94285,32,0,32 8 19,2,11,,94367,32,0,32 8 19,2,10,,94270,32,0,32 8 19,2,6,,94356,32,0,32 8 19,2,50,,94371,32,0,32 8 19,2,10,,94282,32,0,32 8 19,2,10,,94333,32,0,32 8 19,2,10,,94299,32,0,32 8 19,2,10,,94279,32,0,32 8 19,2,10,,94374,32,0,32 8 19,2,50,,94311,32,0,32 8 19,2,10,,94310,32,0,32 8 19,2,10,,94351,32,0,32 8 19,2,10,,94315,32,0,32 8 19,2,10,,87007,32,0,32 8 19,2,10,,94312,32,0,32 8 19,2,50,,94322,32,0,32 8 19,2,10,,94347,32,0,32 8 19,2,12,,94320,32,0,32 8 19,2,8,,94344,32,0,32 8 19,2,10,,94273,32,0,32 8 19,2,10,,94325,32,0,32 8 19,2,53,,94271,32,0,32 8 19,2,14,,94264,32,0,32 8 19,2
50302,'5',522,,94492,32,0,32 8 19,2,21,,94378,32,0,32 8 19,2,60,,94422,32,0,32 8 19,2,20,,94379,32,0,32 8 19,2,20,,94484,32,0,32 8 19,2,10,,94488,32,0,32 8 19,2,50,,94377,32,0,32 8 19,2,10,,94397,32,0,32 8 19,2,10,,94472,32,0,32 8 19,2,10,,94412,32,0,32 8 19,2,10,,94409,32,0,32 8 19,2,10,,94450,32,0,32 8 19,2,50,,94407,32,0,32 8 19,2,12,,94477,32,0,32 8 19,2,13,,94404,32,0,32 8 19,2,12,,94427,32,0,32 8 19,2,11,,94402,32,0,32 8 19,2,49,,94475,32,0,32 8 19,2,8,,94444,32,0,32 8 19,2,8,,94480,32,0,32 8 19,2,10,,94494,32,0,32 8 19,2,10,,94390,32,0,32 8 19,2,10,,94413,32,0,32 8 19,2,10,,94451,32,0,32 8 19,2,50,,94446,32,0,32 8 19,2,10,,94401,32,0,32 8 19,2,10,,94386,32,0,32 8 19,2,10,,87277,32,0,32 8 19,2,10,,94447,32,0,32 8 19,2,10,,94489,32,0,32 8 19,2,50,,94388,32,0,32 8 19,2,10,,94430,32,0,32 8 19,2,10,,94405,32,0,32 8 19,2,10,,94433,32,0,32 8 19,2,10,,94460,32,0,32 8 19,2,10,,94497,32,0,32 8 19,2,50,,94439,32,0,32 8 19,2,10,,94429,32,0,32 8 19,2,9,,94396,32,0,32 8 19,2,10,,94417,32,0,32 8 19,2,13,,94399,32,0,32 8 19,2,9,,94414,32,0,32 8 19,2,49,,94465,32,0,32 8 19,2,10,,94432,32,0,32 8 19,2,10,,94392,32,0,32 8 19,2,10,,94464,32,0,32 8 19,2,10,,94495,32,0,32 8 19,2,10,,94381,32,0,32 8 19,2,50,,94481,32,0,32 8 19,2,10,,94385,32,0,32 8 19,2,10,,94435,32,0,32 8 19,2,10,,94462,32,0,32 8 19,2,10,,94426,32,0,32 8 19,2,10,,94420,32,0,32 8 19,2,50,,94408,32,0,32 8 19,2,10,,94483,32,0,32 8 19,2,10,,94387,32,0,32 8 19,2,10,,94487,32,0,32 8 19,2,10,,94456,32,0,32 8 19,2,10,,94459,32,0,32 8 19,2,50,,94453,32,0,32 8 19,2,10,,94419,32,0,32 8 19,2,10,,94469,32,0,32 8 19,2,10,,94470,32,0,32 8 19,2,10,,94406,32,0,32 8 19,2,10,,94455,32,0,32 8 19,2,50,,94431,32,0,32 8 19,2,10,,94418,32,0,32 8 19,2,10,,94434,32,0,32 8 19,2,10,,94416,32,0,32 8 19,2,10,,94479,32,0,32 8 19,2,10,,94457,32,0,32 8 19,2,50,,94380,32,0,32 8 19,2,10,,94384,32,0,32 8 19,2,10,,94478,32,0,32 8 19,2,10,,94398,32,0,32 8 19,2,10,,94496,32,0,32 8 19,2,10,,94476,32,0,32 8 19,2,50,,94491,32,0,32 8 19,2,10,,94440,32,0,32 8 19,2,10,,94463,32,0,32 8 19,2,10,,94443,32,0,32 8 19,2,8,,94423,32,0,32 8 19,2,12,,94490,32,0,32 8 19,2,50,,94421,32,0,32 8 19,2,10,,94415,32,0,32 8 19,2,10,,94458,32,0,32 8 19,2,10,,94437,32,0,32 8 19,2,10,,94474,32,0,32 8 19,2,10,,94428,32,0,32 8 19,2,50,,94438,32,0,32 8 19,2,10,,94467,32,0,32 8 19,2,10,,94452,32,0,32 8 19,2,10,,94466,32,0,32 8 19,2,10,,94485,32,0,32 8 19,2,10,,94493,32,0,32 8 19,2,50,,94454,32,0,32 8 19,2,10,,94471,32,0,32 8 19,2,10,,94411,32,0,32 8 19,2,11,,94400,32,0,32 8 19,2,10,,94403,32,0,32 8 19,2,6,,94473,32,0,32 8 19,2,50,,94424,32,0,32 8 19,2,10,,94410,32,0,32 8 19,2,10,,94448,32,0,32 8 19,2,10,,94436,32,0,32 8 19,2,10,,94393,32,0,32 8 19,2,10,,94395,32,0,32 8 19,2,50,,94445,32,0,32 8 19,2,10,,94389,32,0,32 8 19,2,10,,94383,32,0,32 8 19,2,10,,94442,32,0,32 8 19,2,10,,94468,32,0,32 8 19,2,10,,94425,32,0,32 8 19,2,50,,94461,32,0,32 8 19,2,10,,94486,32,0,32 8 19,2,12,,94382,32,0,32 8 19,2,8,,94482,32,0,32 8 19,2,10,,94391,32,0,32 8 19,2,10,,94394,32,0,32 8 19,2,53,,94449,32,0,32 8 19,2,14,,94441,32,0,32 8 19,2
50402,'1',409,,95707,7,0,46 5 41,2,15,,95618,7,0,46 5 41,2,15,,95530,7,0,46 5 41,2,1,,95763,7,0,21,2,9,,95536,7,0,46 5 41,2,5,,95548,7,0,21,2,46,,95670,5,0,46 5 41,2,8,,95609,17,0,21,2,3,,95527,5,0,46 5 41,2,7,,95547,17,0,21,2,3,,95715,5,0,46 5 41,2,7,,95742,17,0,21,2,3,,95558,5,0,46 5 41,2,7,,95683,17,0,21,2,3,,95757,5,0,46 5 41,2,7,,95625,17,0,21,2,3,,95581,5,0,46 5 41,2,7,,95511,17,0,21,2,43,,95516,5,0,46 5 41,2,7,,89912,17,0,21,2,1,,95576,5,0,46 5 41,2,5,,95657,16,0,21,2,5,,95661,5,0,46 5 41,2,5,,95540,16,0,21,2,5,,95634,5,0,46 5 41,2,5,,95685,16,0,21,2,5,,95694,5,0,46 5 41,2,5,,95741,16,0,21,2,5,,95545,5,0,46 5 41,2,2,,95541,7,0,46 5 41,2,3,,95721,16,0,21,2,5,,95538,5,0,46 5 41,2,45,,95643,16,0,21,2,5,,95539,5,0,46 5 41,2,5,,95566,16,0,21,2,5,,95773,5,0,46 5 41,2,2,,95604,7,0,46 5 41,2,4,,95580,16,0,21,2,2,,95521,5,0,46 5 41,2,4,,95550,5,0,46 5 41,2,4,,95706,16,0,21,2,4,,95779,7,0,21,2,3,,95769,5,0,46 5 41,2,2,,95736,16,0,21,2,6,,95718,16,0,21,2,3,,95738,5,0,46 5 41,2,3,,95552,16,0,21,2,3,,95755,5,0,46 5 41,2,44,,95777,16,0,21,2,3,,95663,5,0,46 5 41,2,3,,95679,16,0,21,2,4,,95637,5,0,46 5 41,2,2,,95676,16,0,21,2,7,,95569,5,0,46 5 41,2,6,,95659,16,0,21,2,3,,95611,5,0,46 5 41,2,3,,95638,16,0,21,2,3,,95775,5,0,46 5 41,2,2,,95560,16,0,21,2,6,,95510,5,0,46 5 41,2,6,,95563,16,0,21,2,4,,95677,5,0,46 5 41,2,46,,95508,5,0,46 5 41,2,1,,95754,16,0,21,2,9,,95616,16,0,21,2,2,,95559,5,0,46 5 41,2,6,,95607,16,0,21,2,1,,95666,5,0,46 5 41,2,5,,95623,5,0,46 5 41,2,2,,95693,16,0,21,2,7,,95579,5,0,46 5 41,2,1,,95512,16,0,21,2,8,,95602,16,0,21,2,4,,95678,5,0,46 5 41,2,4,,95720,16,0,21,2,5,,95524,5,0,46 5 41,2,44,,84638,16,0,21,2,5,,95636,5,0,46 5 41,2,3,,95513,16,0,21,2,6,,95665,5,0,46 5 41,2,2,,95651,16,0,21,2,8,,95620,16,0,21,2,4,,95587,5,0,46 5 41,2,4,,95608,16,0,21,2,4,,95711,5,0,46 5 41,2,4,,95684,16,0,21,2,7,,95708,5,0,46 5 41,2,7,,95681,16,0,21,2,4,,95507,5,0,46 5 41,2,45,,95740,16,0,21,2,4,,95750,5,0,46 5 41,2,4,,95630,16,0,21,2,5,,95624,5,0,46 5 41,2,4,,95546,16,0,21,2,5,,95696,5,0,46 5 41,2,5,,95570,16,0,21,2,5,,83052,5,0,46 5 41,2,5,,95568,16,0,21,2,5,,95737,5,0,46 5 41,2,5,,95646,16,0,21,2,5,,95662,5,0,46 5 41,2,45,,95768,16,0,21,2,5,,77906,5,0,46 5 41,2,5,,95597,16,0,21,2,5,,95573,5,0,46 5 41,2,5,,95592,16,0,21,2,5,,95606,5,0,46 5 41,2,5,,95709,16,0,21,2,5,,95705,5,0,46 5 41,2,5,,95519,16,0,21,2,5,,95537,5,0,46 5 41,2,5,,95599,16,0,21,2,5,,95674,5,0,46 5 41,2,45,,95572,16,0,21,2,5,,95562,5,0,46 5 41,2,5,,95654,16,0,21,2,5,,95635,5,0,46 5 41,2,5,,95732,16,0,21,2,5,,95598,5,0,46 5 41,2,5,,95532,16,0,21,2,5,,95603,5,0,46 5 41,2,5,,95680,16,0,21,2,5,,95639,5,0,46 5 41,2,5,,95522,16,0,21,2,5,,95612,5,0,46 5 41,2,45,,95534,16,0,21,2,5,,95774,5,0,46 5 41,2,5,,95555,16,0,21,2,5,,90608,5,0,46 5 41,2,5,,95593,16,0,21,2,5,,95652,5,0,46 5 41,2,6,,95645,16,0,21,2,5,,95747,5,0,46 5 41,2,5,,95518,16,0,21,2,4,,95621,7,0,46 5 41,2,3,,95596,5,0,46 5 41,2,4,,95716,16,0,21,2,4,,95695,7,0,21,2,3,,95687,5,0,46 5 41,2,43,,95686,16,0,21,2,5,,95734,5,0,46 5 41,2,5,,95506,16,0,21,2,5,,95776,5,0,46 5 41,2,5,,95767,16,0,21,2,5,,95673,5,0,46 5 41,2,5,,95725,16,0,21,2,6,,95564,5,0,46 5 41,2,4,,95640,16,0,21,2,6,,95682,5,0,46 5 41,2,5,,95600,16,0,21,2,6,,95669,5,0,46 5 41,2,46,,95728,16,0,21,2,5,,95595,5,0,46 5 41,2,6,,95514,16,0,21,2,5,,95748,5,0,46 5 41,2,5,,95622,16,0,21,2,5,,95647,5,0,46 5 41,2,5,,95746,16,0,21,2,5,,95543,5,0,46 5 41,2,5,,95760,16,0,21,2,5,,95549,5,0,46 5 41,2,5,,95672,16,0,21,2,45,,95671,5,0,46 5 41,2,5,,95629,16,0,21,2,5,,95551,5,0,46 5 41,2,5,,95614,16,0,21,2,5,,95610,5,0,46 5 41,2,5,,95574,16,0,21,2,5,,95553,5,0,46 5 41,2,5,,95658,16,0,21,2,5,,95765,5,0,46 5 41,2,5,,95531,16,0,21,2,5,,95520,5,0,46 5 41,2,5,,95601,16,0,21,2,45,,95628,5,0,46 5 41,2,5,,95617,16,0,21,2,5,,95712,5,0,46 5 41,2,5,,95719,16,0,21,2,5,,95692,5,0,46 5 41,2,5,,95582,16,0,21,2,5,,95733,5,0,46 5 41,2,5,,95650,16,0,21,2,5,,95517,5,0,46 5 41,2,5,,95710,16,0,21,2,5,,95585,5,0,46 5 41,2,5,,95642,16,0,21,2,45,,95723,5,0,46 5 41,2,5,,95594,16,0,21,2,5,,95583,5,0,46 5 41,2,5,,95722,16,0,21,2,4,,95731,5,0,46 5 41,2,5,,95714,16,0,21,2,4,,95764,5,0,46 5 41,2,4,,95739,16,0,21,2,5,,95577,5,0,46 5 41,2,5,,95649,16,0,21,2,5,,95751,5,0,46 5 41,2,4,,95586,16,0,21,2,5,,95660,5,0,46 5 41,2,45,,95762,16,0,21,2,8,,95557,16,0,21,2,2,,95701,5,0,46 5 41,2,6,,95675,16,0,21,2,4,,95688,5,0,46 5 41,2,6,,95655,16,0,21,2,4,,95641,5,0,46 5 41,2,6,,95556,16,0,21,2,4,,95667,5,0,46 5 41,2,5,,95704,16,0,21,2,5,,95759,5,0,46 5 41,2,5,,95653,16,0,21,2,45,,95771,5,0,46 5 41,2,5,,95565,16,0,21,2,5,,95717,5,0,46 5 41,2,5,,95700,16,0,21,2,5,,95656,5,0,46 5 41,2,5,,95699,16,0,21,2,5,,95752,5,0,46 5 41,2,5,,95713,16,0,21,2,5,,95523,5,0,46 5 41,2,5,,95778,16,0,21,2,5,,95535,5,0,46 5 41,2,5,,95770,16,0,21,2,45,,95749,5,0,46 5 41,2,5,,95727,16,0,21,2,5,,95631,5,0,46 5 41,2,5,,95505,16,0,21,2,5,,95542,5,0,46 5 41,2,5,,95578,16,0,21,2,5,,95627,5,0,46 5 41,2,5,,95743,16,0,21,2,5,,95724,5,0,46 5 41,2,5,,95781,16,0,21,2,5,,95590,5,0,46 5 41,2,5,,95605,16,0,21,2,44,,95644,5,0,46 5 41,2,5,,86558,16,0,21,2,5,,95525,5,0,46 5 41,2,5,,95544,16,0,21,2,5,,95567,5,0,46 5 41,2,5,,95689,16,0,21,2,5,,95729,5,0,46 5 41,2,5,,95575,16,0,21,2,5,,95758,5,0,46 5 41,2,5,,95756,16,0,21,2,5,,95615,5,0,46 5 41,2,5,,95588,16,0,21,2,45,,95730,5,0,46 5 41,2,5,,95753,16,0,21,2,5,,95533,5,0,46 5 41,2,5,,95589,16,0,21,2,5,,95766,5,0,46 5 41,2,5,,95584,16,0,21,2,5,,95744,5,0,46 5 41,2,5,,95529,16,0,21,2,5,,95698,5,0,46 5 41,2,5,,95613,16,0,21,2,5,,95509,5,0,46 5 41,2,5,,95691,16,0,21,2,45,,95633,5,0,46 5 41,2,5,,95772,16,0,21,2,5,,95591,5,0,46 5 41,2,5,,95619,16,0,21,2,5,,95745,5,0,46 5 41,2,5,,95668,16,0,21,2,5,,95528,5,0,46 5 41,2,5,,95664,16,0,21,2,5,,95703,5,0,46 5 41,2,5,,95726,16,0,21,2,5,,95561,5,0,46 5 41,2,5,,95648,16,0,21,2,48,,95702,5,0,46 5 41,2,2,,95515,16,0,21,2,10,,95780,16,0,21,2
50402,'2',406,,95945,7,0,46 5 41,2,20,,96030,7,0,46 5 41,2,12,,95856,7,0,46 5 41,2,10,,95917,7,0,21,2,9,,95796,7,0,46 5 41,2,47,,95816,7,0,46 5 41,2,5,,95872,7,0,21,2,5,,95919,7,0,46 5 41,2,5,,96015,17,0,21,2,5,,96039,7,0,46 5 41,2,5,,95978,7,0,46 5 41,2,5,,95990,17,0,21,2,5,,95911,5,0,46 5 41,2,5,,95961,17,0,21,2,5,,95889,5,0,46 5 41,2,5,,95851,17,0,21,2,5,,95820,5,0,46 5 41,2,45,,95951,17,0,21,2,5,,95794,5,0,46 5 41,2,5,,95975,16,0,21,2,5,,96011,5,0,46 5 41,2,5,,95992,16,0,21,2,5,,95916,5,0,46 5 41,2,5,,82134,16,0,21,2,5,,96007,5,0,46 5 41,2,5,,95995,7,0,21,2,5,,95913,16,0,21,2,5,,95932,5,0,46 5 41,2,5,,95949,16,0,21,2,45,,95813,5,0,46 5 41,2,5,,96019,16,0,21,2,5,,95991,5,0,46 5 41,2,5,,95869,16,0,21,2,5,,95989,5,0,46 5 41,2,5,,95987,16,0,21,2,5,,95823,5,0,46 5 41,2,5,,95881,16,0,21,2,5,,95824,5,0,46 5 41,2,5,,95787,16,0,21,2,5,,95928,5,0,46 5 41,2,5,,95923,16,0,21,2,44,,96037,5,0,46 5 41,2,4,,95782,5,0,46 5 41,2,2,,95922,16,0,21,2,8,,95829,5,0,46 5 41,2,2,,95929,16,0,21,2,8,,96027,5,0,46 5 41,2,5,,95784,16,0,21,2,5,,96035,5,0,46 5 41,2,5,,95822,16,0,21,2,5,,95864,5,0,46 5 41,2,4,,95993,7,0,21,2,3,,96018,16,0,21,2,46,,95802,5,0,46 5 41,2,7,,95988,16,0,21,2,4,,95900,5,0,46 5 41,2,6,,95996,5,0,46 5 41,2,5,,95853,16,0,21,2,5,,95861,5,0,46 5 41,2,4,,95871,7,0,21,2,4,,95887,16,0,21,2,5,,95883,5,0,46 5 41,2,6,,95950,16,0,21,2,5,,95877,5,0,46 5 41,2,5,,95792,16,0,21,2,45,,95806,5,0,46 5 41,2,5,,95935,16,0,21,2,5,,95901,5,0,46 5 41,2,5,,96008,16,0,21,2,5,,95891,5,0,46 5 41,2,5,,96036,16,0,21,2,5,,95868,5,0,46 5 41,2,5,,95839,16,0,21,2,5,,96026,5,0,46 5 41,2,5,,95915,16,0,21,2,5,,95857,5,0,46 5 41,2,5,,95848,16,0,21,2,45,,95840,5,0,46 5 41,2,5,,95905,16,0,21,2,5,,95844,5,0,46 5 41,2,5,,95804,16,0,21,2,4,,95957,5,0,46 5 41,2,6,,96010,16,0,21,2,4,,96005,5,0,46 5 41,2,3,,95879,7,0,46 5 41,2,3,,95831,16,0,21,2,5,,95873,5,0,46 5 41,2,5,,95944,16,0,21,2,5,,95970,5,0,46 5 41,2,5,,96033,16,0,21,2,46,,95955,5,0,46 5 41,2,7,,95909,16,0,21,2,5,,95940,5,0,46 5 41,2,5,,96040,16,0,21,2,5,,95994,5,0,46 5 41,2,5,,95845,16,0,21,2,5,,95821,5,0,46 5 41,2,5,,95934,16,0,21,2,5,,95789,5,0,46 5 41,2,5,,95808,16,0,21,2,5,,95985,5,0,46 5 41,2,5,,95833,16,0,21,2,45,,96021,5,0,46 5 41,2,5,,95924,16,0,21,2,5,,95903,5,0,46 5 41,2,5,,96000,16,0,21,2,5,,95866,5,0,46 5 41,2,5,,95895,16,0,21,2,4,,95797,5,0,46 5 41,2,3,,95825,16,0,21,2,4,,96031,5,0,46 5 41,2,3,,95850,16,0,21,2,7,,96038,5,0,46 5 41,2,7,,95898,16,0,21,2,1,,95801,7,0,21,2,45,,95984,5,0,46 5 41,2,4,,96009,16,0,21,2,5,,95965,5,0,46 5 41,2,5,,95865,16,0,21,2,5,,95954,5,0,46 5 41,2,5,,95912,16,0,21,2,5,,95930,5,0,46 5 41,2,5,,95918,16,0,21,2,5,,95890,5,0,46 5 41,2,5,,96028,16,0,21,2,5,,95807,5,0,46 5 41,2,5,,95884,16,0,21,2,45,,95914,5,0,46 5 41,2,5,,95786,16,0,21,2,5,,95973,5,0,46 5 41,2,5,,90149,16,0,21,2,5,,95906,5,0,46 5 41,2,5,,96002,16,0,21,2,5,,95969,5,0,46 5 41,2,5,,95977,16,0,21,2,5,,95999,5,0,46 5 41,2,5,,95812,16,0,21,2,5,,95878,5,0,46 5 41,2,5,,95814,16,0,21,2,45,,89337,5,0,46 5 41,2,5,,95960,16,0,21,2,5,,95998,5,0,46 5 41,2,5,,95837,16,0,21,2,5,,95888,5,0,46 5 41,2,5,,95885,16,0,21,2,5,,95859,5,0,46 5 41,2,5,,95876,16,0,21,2,5,,95799,5,0,46 5 41,2,5,,95974,16,0,21,2,5,,82625,5,0,46 5 41,2,5,,96012,16,0,21,2,45,,96004,5,0,46 5 41,2,5,,95793,16,0,21,2,5,,95972,5,0,46 5 41,2,5,,95927,16,0,21,2,5,,96022,5,0,46 5 41,2,5,,95867,16,0,21,2,5,,96017,5,0,46 5 41,2,5,,95886,16,0,21,2,5,,95855,5,0,46 5 41,2,5,,95875,16,0,21,2,5,,95858,5,0,46 5 41,2,5,,95896,16,0,21,2,45,,95862,5,0,46 5 41,2,5,,95798,16,0,21,2,5,,95843,5,0,46 5 41,2,5,,95925,16,0,21,2,5,,95983,5,0,46 5 41,2,5,,95783,16,0,21,2,5,,96029,5,0,46 5 41,2,5,,95819,16,0,21,2,5,,95860,5,0,46 5 41,2,5,,95941,16,0,21,2,3,,95997,5,0,46 5 41,2,4,,95800,16,0,21,2,5,,96014,5,0,46 5 41,2,45,,95902,16,0,21,2,5,,95966,5,0,46 5 41,2,5,,86704,16,0,21,2,5,,95809,5,0,46 5 41,2,5,,95880,16,0,21,2,5,,95854,5,0,46 5 41,2,5,,95959,16,0,21,2,5,,95836,5,0,46 5 41,2,5,,96020,16,0,21,2,4,,95826,5,0,46 5 41,2,4,,95842,16,0,21,2,6,,96032,5,0,46 5 41,2,42,,96003,16,0,21,2,8,,96023,16,0,21,2,3,,95795,5,0,46 5 41,2,7,,95939,16,0,21,2,3,,95863,5,0,46 5 41,2,7,,95874,16,0,21,2,5,,95817,5,0,46 5 41,2,5,,95805,16,0,21,2,5,,96025,5,0,46 5 41,2,5,,95947,16,0,21,2,5,,95810,5,0,46 5 41,2,5,,95882,16,0,21,2,45,,95907,5,0,46 5 41,2,5,,95986,16,0,21,2,5,,95971,5,0,46 5 41,2,5,,96006,16,0,21,2,5,,95943,5,0,46 5 41,2,5,,95921,16,0,21,2,5,,95958,5,0,46 5 41,2,5,,95967,16,0,21,2,5,,95942,5,0,46 5 41,2,5,,95852,16,0,21,2,5,,95832,5,0,46 5 41,2,5,,95790,16,0,21,2,45,,95953,5,0,46 5 41,2,5,,95982,16,0,21,2,5,,87577,5,0,46 5 41,2,5,,95830,16,0,21,2,5,,95956,5,0,46 5 41,2,5,,96013,16,0,21,2,5,,95908,5,0,46 5 41,2,5,,95979,16,0,21,2,5,,95948,5,0,46 5 41,2,5,,95785,16,0,21,2,5,,95834,5,0,46 5 41,2,5,,95846,16,0,21,2,45,,95849,5,0,46 5 41,2,5,,95931,16,0,21,2,5,,95897,5,0,46 5 41,2,4,,95926,16,0,21,2,5,,95899,5,0,46 5 41,2,5,,95815,16,0,21,2,6,,95946,5,0,46 5 41,2,6,,95904,16,0,21,2,5,,95870,5,0,46 5 41,2,5,,95847,16,0,21,2,5,,95818,5,0,46 5 41,2,5,,95788,16,0,21,2,45,,80904,5,0,46 5 41,2,5,,95892,16,0,21,2,5,,95920,5,0,46 5 41,2,5,,95952,16,0,21,2,5,,95936,5,0,46 5 41,2,5,,95933,16,0,21,2,5,,95980,5,0,46 5 41,2,5,,95894,16,0,21,2,5,,95827,5,0,46 5 41,2,5,,95811,16,0,21,2,5,,95791,5,0,46 5 41,2,5,,95835,16,0,21,2,45,,95963,5,0,46 5 41,2,5,,95964,16,0,21,2,5,,95893,5,0,46 5 41,2,5,,96024,16,0,21,2,5,,86695,5,0,46 5 41,2,5,,96034,16,0,21,2,5,,95838,5,0,46 5 41,2,5,,95803,16,0,21,2,5,,95962,5,0,46 5 41,2,5,,95968,16,0,21,2,5,,96001,5,0,46 5 41,2,5,,95937,16,0,21,2,45,,95828,5,0,46 5 41,2,5,,96016,16,0,21,2,5,,95938,5,0,46 5 41,2
50402,'3',740,,96254,5,0,46 5 41,2,14,,96248,5,0,46 5 41,2,54,,96206,5,0,46 5 41,2,14,,96065,5,0,46 5 41,2,7,,96244,16,0,21,2,7,,96142,5,0,46 5 41,2,2,,96221,7,0,21,2,2,,96078,7,0,46 5 41,2,3,,96246,16,0,21,2,7,,96046,5,0,46 5 41,2,2,,96073,16,0,21,2,4,,96088,7,0,46 5 41,2,44,,96259,16,0,21,2,4,,96167,5,0,46 5 41,2,10,,96158,5,0,46 5 41,2,2,,96131,16,0,21,2,8,,96129,5,0,46 5 41,2,3,,96197,7,0,21,2,3,,96115,16,0,21,2,4,,96235,5,0,46 5 41,2,4,,96185,16,0,21,2,6,,96089,5,0,46 5 41,2,2,,96074,16,0,21,2,8,,96103,5,0,46 5 41,2,47,,96110,16,0,21,2,3,,96256,5,0,46 5 41,2,5,,96114,16,0,21,2,5,,96135,5,0,46 5 41,2,7,,96094,16,0,21,2,3,,96052,5,0,46 5 41,2,9,,96042,16,0,21,2,1,,96125,5,0,46 5 41,2,9,,96257,16,0,21,2,1,,75922,5,0,46 5 41,2,9,,96062,16,0,21,2,1,,96123,5,0,46 5 41,2,49,,96229,16,0,21,2,1,,96255,5,0,46 5 41,2,9,,96196,16,0,21,2,1,,96178,5,0,46 5 41,2,9,,96099,16,0,21,2,1,,96140,5,0,46 5 41,2,9,,96249,16,0,21,2,1,,96174,5,0,46 5 41,2,9,,96258,16,0,21,2,1,,96204,5,0,46 5 41,2,9,,96231,16,0,21,2,1,,96242,5,0,46 5 41,2,49,,96070,16,0,21,2,1,,96213,5,0,46 5 41,2,9,,96113,16,0,21,2,1,,96071,5,0,46 5 41,2,9,,96130,16,0,21,2,1,,96195,5,0,46 5 41,2,9,,96050,16,0,21,2,1,,96237,5,0,46 5 41,2,9,,96173,16,0,21,2,1,,96053,5,0,46 5 41,2,9,,96176,16,0,21,2,1,,96139,5,0,46 5 41,2,50,,96151,5,0,46 5 41,2,2,,96091,16,0,21,2,8,,96215,5,0,46 5 41,2,4,,96119,7,0,21,2,2,,96118,16,0,21,2,4,,96192,5,0,46 5 41,2,7,,96245,16,0,21,2,3,,96121,5,0,46 5 41,2,7,,96227,16,0,21,2,3,,96107,5,0,46 5 41,2,7,,96193,16,0,21,2,3,,96191,5,0,46 5 41,2,47,,96126,16,0,21,2,3,,88713,5,0,46 5 41,2,7,,96075,16,0,21,2,3,,96153,5,0,46 5 41,2,7,,96243,16,0,21,2,3,,96152,5,0,46 5 41,2,7,,96160,16,0,21,2,3,,96172,5,0,46 5 41,2,7,,96092,16,0,21,2,3,,96105,5,0,46 5 41,2,7,,96226,16,0,21,2,3,,96198,5,0,46 5 41,2,47,,96104,16,0,21,2,3,,96232,5,0,46 5 41,2,7,,96156,16,0,21,2,3,,96223,5,0,46 5 41,2,7,,96097,16,0,21,2,3,,96238,5,0,46 5 41,2,7,,96143,16,0,21,2,3,,96202,5,0,46 5 41,2,7,,96183,16,0,21,2,3,,96209,5,0,46 5 41,2,7,,96214,16,0,21,2,3,,96083,5,0,46 5 41,2,47,,96072,16,0,21,2,3,,77126,5,0,46 5 41,2,7,,96177,16,0,21,2,3,,96138,5,0,46 5 41,2,7,,96233,16,0,21,2,3,,96111,5,0,46 5 41,2,7,,96085,16,0,21,2,3,,96090,5,0,46 5 41,2,7,,96253,16,0,21,2,3,,96144,5,0,46 5 41,2,7,,96116,16,0,21,2,3,,96217,5,0,46 5 41,2,47,,96164,16,0,21,2,3,,96063,5,0,46 5 41,2,7,,96045,16,0,21,2,3,,96251,5,0,46 5 41,2,7,,96108,16,0,21,2,3,,96044,5,0,46 5 41,2,7,,96127,16,0,21,2,3,,96201,5,0,46 5 41,2,7,,96098,16,0,21,2,3,,96041,5,0,46 5 41,2,7,,96081,16,0,21,2,3,,89491,5,0,46 5 41,2,47,,96225,16,0,21,2,3,,96228,5,0,46 5 41,2,7,,96187,16,0,21,2,3,,96211,5,0,46 5 41,2,7,,96184,16,0,21,2,3,,96194,5,0,46 5 41,2,7,,96061,16,0,21,2,3,,96064,5,0,46 5 41,2,7,,96224,16,0,21,2,3,,96171,5,0,46 5 41,2,7,,96057,16,0,21,2,5,,96161,5,0,46 5 41,2,45,,96146,16,0,21,2,5,,96190,5,0,46 5 41,2,5,,96155,16,0,21,2,5,,96141,5,0,46 5 41,2,4,,96124,16,0,21,2,6,,96095,5,0,46 5 41,2,4,,96137,16,0,21,2,6,,96067,5,0,46 5 41,2,4,,96179,16,0,21,2,6,,96203,5,0,46 5 41,2,4,,96218,16,0,21,2,6,,96148,5,0,46 5 41,2,44,,96241,16,0,21,2,6,,96086,5,0,46 5 41,2,2,,96145,16,0,21,2,8,,96175,5,0,46 5 41,2,1,,96080,16,0,21,2,9,,88754,5,0,46 5 41,2,1,,96168,16,0,21,2,9,,96068,5,0,46 5 41,2,1,,96154,16,0,21,2,9,,96069,5,0,46 5 41,2,1,,96051,16,0,21,2,9,,96147,5,0,46 5 41,2,1,,96054,16,0,21,2,49,,96247,5,0,46 5 41,2,1,,96133,16,0,21,2,9,,96060,5,0,46 5 41,2,1,,96170,16,0,21,2,9,,96240,5,0,46 5 41,2,1,,96058,16,0,21,2,9,,96222,5,0,46 5 41,2,1,,96200,16,0,21,2,9,,96117,5,0,46 5 41,2,1,,96212,16,0,21,2,9,,96120,5,0,46 5 41,2,1,,96048,16,0,21,2,50,,96128,16,0,21,2,2,,96162,5,0,46 5 41,2,8,,96112,16,0,21,2,2,,96220,5,0,46 5 41,2,8,,96150,16,0,21,2,2,,96165,5,0,46 5 41,2,8,,96056,16,0,21,2,2,,78174,5,0,46 5 41,2,8,,96163,16,0,21,2,2,,96236,5,0,46 5 41,2,8,,96186,16,0,21,2,2,,96077,5,0,46 5 41,2,48,,96109,16,0,21,2,2,,96059,5,0,46 5 41,2,7,,96230,16,0,21,2,3,,96169,5,0,46 5 41,2,7,,96066,16,0,21,2,3,,96101,5,0,46 5 41,2,7,,96216,16,0,21,2,3,,96096,5,0,46 5 41,2,7,,96159,16,0,21,2,3,,96043,5,0,46 5 41,2,7,,96132,16,0,21,2,3,,80994,5,0,46 5 41,2,47,,96166,16,0,21,2,3,,96134,5,0,46 5 41,2,7,,96049,16,0,21,2,3,,96136,5,0,46 5 41,2,7,,96205,16,0,21,2,3,,96122,5,0,46 5 41,2,7,,96106,16,0,21,2,3,,96219,5,0,46 5 41,2,7,,96047,16,0,21,2,3,,96084,5,0,46 5 41,2,7,,96093,16,0,21,2,3,,96210,5,0,46 5 41,2,47,,96180,16,0,21,2,3,,96188,5,0,46 5 41,2,7,,96055,16,0,21,2,3,,96250,5,0,46 5 41,2,7,,96208,16,0,21,2,3,,96239,5,0,46 5 41,2,7,,96199,16,0,21,2,3,,96102,5,0,46 5 41,2,7,,96189,16,0,21,2,3,,96181,5,0,46 5 41,2,7,,96149,16,0,21,2,3,,96252,5,0,46 5 41,2,47,,96182,16,0,21,2,3,,96157,5,0,46 5 41,2,7,,96087,16,0,21,2,3,,96079,5,0,46 5 41,2,7,,96234,16,0,21,2,3,,96207,5,0,46 5 41,2
50402,'5',433,,96479,7,0,46 5 41,2,14,,96302,7,0,46 5 41,2,7,,96260,7,0,21,2,47,,96478,7,0,46 5 41,2,7,,96279,7,0,21,2,5,,96488,7,0,46 5 41,2,5,,96444,16,0,21,2,11,,96509,5,0,46 5 41,2,5,,96364,7,0,21,2,5,,96451,16,0,21,2,4,,96400,7,0,46 5 41,2,5,,96320,5,0,46 5 41,2,7,,96319,17,0,21,2,47,,96272,5,0,46 5 41,2,7,,96381,17,0,21,2,7,,96437,5,0,46 5 41,2,7,,96262,16,0,21,2,7,,96432,5,0,46 5 41,2,7,,96382,16,0,21,2,7,,96298,5,0,46 5 41,2,7,,96415,16,0,21,2,7,,96466,5,0,46 5 41,2,47,,96392,16,0,21,2,7,,96274,5,0,46 5 41,2,7,,96395,16,0,21,2,7,,96430,5,0,46 5 41,2,7,,96317,16,0,21,2,7,,96328,5,0,46 5 41,2,7,,96513,16,0,21,2,7,,96398,5,0,46 5 41,2,47,,96324,16,0,21,2,7,,96278,5,0,46 5 41,2,7,,96429,16,0,21,2,7,,96403,5,0,46 5 41,2,7,,96297,16,0,21,2,7,,96469,5,0,46 5 41,2,1,,96268,7,0,21,2,3,,96410,7,0,46 5 41,2,3,,96500,16,0,21,2,7,,96273,5,0,46 5 41,2,2,,96334,16,0,21,2,4,,96483,7,0,46 5 41,2,44,,96454,16,0,21,2,4,,96292,5,0,46 5 41,2,10,,96416,5,0,46 5 41,2,2,,96387,16,0,21,2,8,,96282,5,0,46 5 41,2,3,,85244,7,0,21,2,3,,96336,16,0,21,2,4,,96494,5,0,46 5 41,2,4,,96294,16,0,21,2,6,,96507,5,0,46 5 41,2,2,,96486,16,0,21,2,8,,96305,5,0,46 5 41,2,47,,96399,16,0,21,2,3,,96377,5,0,46 5 41,2,5,,96353,16,0,21,2,5,,96409,5,0,46 5 41,2,7,,96506,16,0,21,2,3,,96404,5,0,46 5 41,2,9,,96465,16,0,21,2,1,,96481,5,0,46 5 41,2,9,,96355,16,0,21,2,1,,96372,5,0,46 5 41,2,9,,96512,16,0,21,2,1,,96419,5,0,46 5 41,2,49,,96283,16,0,21,2,1,,96442,5,0,46 5 41,2,9,,96445,16,0,21,2,1,,96271,5,0,46 5 41,2,9,,96467,16,0,21,2,1,,96461,5,0,46 5 41,2,9,,96315,16,0,21,2,1,,96396,5,0,46 5 41,2,9,,96501,16,0,21,2,1,,96473,5,0,46 5 41,2,9,,96397,16,0,21,2,1,,96339,5,0,46 5 41,2,49,,96485,16,0,21,2,1,,96402,5,0,46 5 41,2,9,,96472,16,0,21,2,1,,96304,5,0,46 5 41,2,9,,96325,16,0,21,2,1,,96380,5,0,46 5 41,2,9,,81801,16,0,21,2,1,,96452,5,0,46 5 41,2,9,,96379,16,0,21,2,1,,96470,5,0,46 5 41,2,9,,96360,16,0,21,2,1,,96492,5,0,46 5 41,2,50,,96288,5,0,46 5 41,2,2,,96487,16,0,21,2,8,,96427,5,0,46 5 41,2,4,,96371,7,0,21,2,2,,96366,16,0,21,2,4,,96490,5,0,46 5 41,2,7,,96439,16,0,21,2,3,,96330,5,0,46 5 41,2,7,,96323,16,0,21,2,3,,96436,5,0,46 5 41,2,7,,96411,16,0,21,2,3,,96393,5,0,46 5 41,2,47,,96401,16,0,21,2,3,,91098,5,0,46 5 41,2,7,,96343,16,0,21,2,3,,96497,5,0,46 5 41,2,7,,96435,16,0,21,2,3,,96342,5,0,46 5 41,2,7,,96420,16,0,21,2,3,,96363,5,0,46 5 41,2,7,,96359,16,0,21,2,3,,96503,5,0,46 5 41,2,7,,96502,16,0,21,2,3,,96422,5,0,46 5 41,2,47,,96367,16,0,21,2,3,,96386,5,0,46 5 41,2,7,,96344,16,0,21,2,3,,96369,5,0,46 5 41,2,7,,96446,16,0,21,2,3,,96504,5,0,46 5 41,2,7,,96414,16,0,21,2,3,,96346,5,0,46 5 41,2,7,,96345,16,0,21,2,3,,96326,5,0,46 5 41,2,7,,96332,16,0,21,2,3,,96307,5,0,46 5 41,2,47,,96327,16,0,21,2,3,,96284,5,0,46 5 41,2,7,,96312,16,0,21,2,3,,96267,5,0,46 5 41,2,7,,96289,16,0,21,2,3,,96376,5,0,46 5 41,2,7,,96311,16,0,21,2,3,,96290,5,0,46 5 41,2,7,,96349,16,0,21,2,3,,96441,5,0,46 5 41,2,7,,96443,16,0,21,2,3,,96280,5,0,46 5 41,2,47,,96337,16,0,21,2,3,,96357,5,0,46 5 41,2,7,,96303,16,0,21,2,3,,96471,5,0,46 5 41,2,7,,96270,16,0,21,2,3,,96455,5,0,46 5 41,2,7,,96266,16,0,21,2,3,,96482,5,0,46 5 41,2,7,,96476,16,0,21,2,3,,96264,5,0,46 5 41,2,7,,96505,16,0,21,2,3,,96412,5,0,46 5 41,2,47,,96459,16,0,21,2,3,,96265,5,0,46 5 41,2,7,,96417,16,0,21,2,3,,96423,5,0,46 5 41,2,7,,96368,16,0,21,2,3,,96428,5,0,46 5 41,2,7,,96453,16,0,21,2,3,,96321,5,0,46 5 41,2,7,,96277,16,0,21,2,3,,96299,5,0,46 5 41,2,7,,96421,16,0,21,2,5,,96450,5,0,46 5 41,2,45,,96348,16,0,21,2,5,,96333,5,0,46 5 41,2,5,,96433,16,0,21,2,5,,96310,5,0,46 5 41,2,4,,96313,16,0,21,2,6,,96361,5,0,46 5 41,2,4,,96457,16,0,21,2,6,,96269,5,0,46 5 41,2,4,,96374,16,0,21,2,6,,96477,5,0,46 5 41,2,4,,96286,16,0,21,2,6,,96458,5,0,46 5 41,2,44,,96276,16,0,21,2,6,,96388,5,0,46 5 41,2,2,,96484,16,0,21,2,8,,96261,5,0,46 5 41,2,1,,96498,16,0,21,2,9,,96318,5,0,46 5 41,2,1,,96350,16,0,21,2,9,,96287,5,0,46 5 41,2,1,,96362,16,0,21,2,9,,96331,5,0,46 5 41,2,1,,96464,16,0,21,2,9,,96301,5,0,46 5 41,2,1,,96475,16,0,21,2,49,,96407,5,0,46 5 41,2,1,,96352,16,0,21,2,9,,96373,5,0,46 5 41,2,1,,96425,16,0,21,2,9,,96431,5,0,46 5 41,2,1,,96394,16,0,21,2,9,,96426,5,0,46 5 41,2,1,,96316,16,0,21,2,9,,96495,5,0,46 5 41,2,1,,96322,16,0,21,2,9,,96314,5,0,46 5 41,2,1,,96460,16,0,21,2,50,,96480,16,0,21,2,2,,96306,5,0,46 5 41,2,8,,96378,16,0,21,2,2,,96508,5,0,46 5 41,2,8,,96385,16,0,21,2,2,,96309,5,0,46 5 41,2,8,,96308,16,0,21,2,2,,96375,5,0,46 5 41,2,8,,96515,16,0,21,2,2,,96456,5,0,46 5 41,2,8,,96341,16,0,21,2,2,,96468,5,0,46 5 41,2,48,,96365,16,0,21,2,2,,96448,5,0,46 5 41,2,7,,96491,16,0,21,2,3,,96406,5,0,46 5 41,2,7,,96300,16,0,21,2,3,,96447,5,0,46 5 41,2,7,,96493,16,0,21,2,3,,96462,5,0,46 5 41,2,7,,96281,16,0,21,2,3,,96438,5,0,46 5 41,2,7,,96434,16,0,21,2,3,,96285,5,0,46 5 41,2,47,,96449,16,0,21,2,3,,96383,5,0,46 5 41,2,7,,96510,16,0,21,2,3,,96291,5,0,46 5 41,2,7,,96391,16,0,21,2,3,,96329,5,0,46 5 41,2,7,,96354,16,0,21,2,3,,96384,5,0,46 5 41,2,7,,96370,16,0,21,2,3,,96489,5,0,46 5 41,2,7,,96499,16,0,21,2,3,,96263,5,0,46 5 41,2,47,,96347,16,0,21,2,3,,96275,5,0,46 5 41,2,7,,96356,16,0,21,2,3,,96390,5,0,46 5 41,2,7,,96405,16,0,21,2,3,,96474,5,0,46 5 41,2,7,,96335,16,0,21,2,3,,96340,5,0,46 5 41,2,7,,96418,16,0,21,2,3,,96295,5,0,46 5 41,2,7,,96358,16,0,21,2,3,,96413,5,0,46 5 41,2,47,,96389,16,0,21,2,3,,96296,5,0,46 5 41,2,7,,96463,16,0,21,2,3,,96496,5,0,46 5 41,2,7,,96514,16,0,21,2,3,,96293,5,0,46 5 41,2
