30402,'1',2607,,91579,5,0,5 6 7,2,10,,91581,5,0,5 6 7,2,10,,91583,5,0,5 6 7,2,10,,91589,5,0,5 6 7,2,10,,91584,5,0,5 6 7,2,10,,91585,5,0,5 6 7,2,50,,91574,5,0,5 6 7,2,10,,91593,5,0,5 6 7,2,10,,91582,5,0,5 6 7,2,10,,91576,5,0,5 6 7,2,10,,91595,5,0,5 6 7,2,10,,91594,5,0,5 6 7,2,50,,91592,5,0,5 6 7,2,10,,91588,5,0,5 6 7,2,10,,91573,5,0,5 6 7,2,10,,91578,5,0,5 6 7,2,6,,91575,5,0,5 6 7,2,11,,91580,5,0,14,2,50,,91586,5,0,14,2,10,,91591,5,0,14,2,10,,91577,5,0,14,2,10,,91590,5,0,14,2,14,,91587,5,0,14,2
30402,'2',2600,,91613,5,0,14,2,10,,78758,5,0,14,2,17,,91606,5,0,5 6 7,2,10,,91610,5,0,5 6 7,2,10,,91604,5,0,5 6 7,2,10,,91608,5,0,5 6 7,2,50,,91601,5,0,5 6 7,2,10,,91597,5,0,5 6 7,2,10,,91600,5,0,5 6 7,2,10,,90101,5,0,5 6 7,2,10,,91602,5,0,5 6 7,2,10,,91617,5,0,5 6 7,2,50,,91596,5,0,5 6 7,2,10,,91615,5,0,5 6 7,2,10,,91616,5,0,5 6 7,2,10,,91607,5,0,5 6 7,2,10,,91609,5,0,5 6 7,2,10,,91611,5,0,5 6 7,2,53,,91614,5,0,5 6 7,2,7,,91603,5,0,14,2,10,,91598,5,0,14,2,10,,91612,5,0,14,2,10,,91605,5,0,14,2,10,,91599,5,0,14,2
30402,'3',504,,91652,5,0,21,2,21,,91641,5,0,21,2,16,,91623,5,0,21,2,13,,91670,5,0,21,2,54,,91650,5,0,21,2,14,,91624,5,0,21,2,14,,91647,5,0,21,2,14,,81689,5,0,21,2,54,,91658,5,0,21,2,14,,91622,5,0,21,2,14,,91630,5,0,21,2,14,,91621,5,0,21,2,54,,91633,5,0,21,2,1830,,91657,5,0,5 6 7,2,10,,91659,5,0,5 6 7,2,10,,91628,5,0,5 6 7,2,50,,91663,5,0,5 6 7,2,10,,91666,5,0,5 6 7,2,10,,91648,5,0,5 6 7,2,10,,91643,5,0,5 6 7,2,10,,91636,5,0,5 6 7,2,10,,91632,5,0,5 6 7,2,50,,91664,5,0,5 6 7,2,10,,91635,5,0,5 6 7,2,11,,91627,5,0,5 6 7,2,4,,91653,5,0,14,2,10,,91639,5,0,14,2,10,,91655,5,0,14,2,10,,91629,5,0,14,2,50,,91642,5,0,14,2,10,,91619,5,0,14,2,10,,91637,5,0,14,2,10,,91660,5,0,14,2,10,,91620,5,0,14,2
30402,'5',2630,,91687,5,0,5 6 7,2,10,,91674,5,0,5 6 7,2,10,,91688,5,0,5 6 7,2,50,,91683,5,0,5 6 7,2,10,,91680,5,0,5 6 7,2,10,,91684,5,0,5 6 7,2,10,,91677,5,0,5 6 7,2,10,,91672,5,0,5 6 7,2,10,,91673,5,0,5 6 7,2,50,,91678,5,0,5 6 7,2,10,,91676,5,0,5 6 7,2,11,,91679,5,0,5 6 7,2,4,,91686,5,0,14,2,10,,91675,5,0,14,2,10,,91689,5,0,14,2,10,,91690,5,0,14,2,50,,91685,5,0,14,2,10,,91671,5,0,14,2,10,,91682,5,0,14,2,10,,91691,5,0,14,2,10,,91681,5,0,14,2
30502,'1',2517,,91782,5,0,5 41,2,20,,91778,5,0,5 41,2,20,,91779,5,0,5 41,2,60,,91772,5,0,5 41,2,20,,91775,5,0,5 41,2,4,,91777,5,,,2,16,,91776,5,0,5 41,2,60,,91773,5,0,5 41,2,30,,91774,5,0,5 41,2,55,,91771,5,,,2,15,,91781,5,0,5 41,2,20,,91780,5,,,2
30502,'2',2507,,91785,5,0,5 41,2,5,,91798,5,,,2,6,,91794,5,,,2,9,,91790,5,0,5 41,2,20,,91786,5,0,5 41,2,10,,91789,5,,,2,50,,91787,5,0,5 41,2,4,,91799,5,,,2,16,,91792,5,0,5 41,2,20,,91796,5,0,5 41,2,60,,91784,5,0,5 41,2,20,,91795,5,0,5 41,2,20,,91788,5,0,5 41,2,60,,91783,5,0,5 41,2,30,,91793,5,0,5 41,2,9,,91791,5,,,2,70,,85880,5,,,2,30,,91797,5,,,2
30502,'3',453,,91804,5,0,5 41,2,57,,91812,5,0,5 41,2,17,,91817,5,0,5 41,2,15,,91827,5,0,5 41,2,15,,91813,5,0,5 41,2,55,,91825,5,0,5 41,2,10,,91821,5,0,5 41,2,10,,91820,5,0,5 41,2,10,,91832,5,0,5 41,2,10,,91807,5,0,5 41,2,50,,91814,5,0,5 41,2,10,,87883,5,0,5 41,2,10,,91816,5,0,5 41,2,10,,91824,5,0,5 41,2,10,,91810,5,0,5 41,2,1769,,91829,5,0,5 41,2,10,,91831,5,0,5 41,2,5,,91808,5,,,2,15,,91826,5,0,5 41,2,11,,81716,5,,,2,49,,91801,5,0,5 41,2,10,,91803,5,0,5 41,2,11,,91830,5,,,2,6,,91802,5,,,2,13,,91805,5,0,5 41,2,60,,91823,5,0,5 41,2,20,,91811,5,0,5 41,2,20,,91806,5,0,5 41,2,60,,91819,5,0,5 41,2,20,,91818,5,,,2,30,,91815,5,,,2,70,,91822,5,,,2,20,,91809,5,,,2
30502,'5',2511,,91843,5,0,5 41,2,10,,91844,5,0,5 41,2,10,,91841,5,,,2,10,,91838,5,0,5 41,2,60,,79306,5,0,5 41,2,20,,91835,5,0,5 41,2,5,,91842,5,,,2,5,,91846,5,,,2,10,,91839,5,0,5 41,2,60,,91833,5,0,5 41,2,20,,91837,5,0,5 41,2,20,,83635,5,0,5 41,2,70,,91834,5,0,5 41,2,9,,91840,5,,,2,30,,91847,5,,,2,70,,91845,5,,,2,30,,91836,5,,,2
50402,'1',453,,95609,5,0,21,2,50,,95547,5,0,21,2,10,,95742,5,0,21,2,10,,95683,5,0,21,2,10,,95625,5,0,21,2,10,,95511,5,0,21,2,10,,89912,5,0,21,2,6,,95657,4,0,21,2,50,,95540,4,0,21,2,10,,95685,4,0,21,2,10,,95741,4,0,21,2,10,,95721,4,0,21,2,10,,95643,4,0,21,2,10,,95566,4,0,21,2,51,,95580,4,0,21,2,8,,95706,4,0,21,2,8,,95736,4,0,21,2,6,,95718,4,0,21,2,6,,95552,4,0,21,2,7,,95777,4,0,21,2,6,,95679,4,0,21,2,6,,95676,4,0,21,2,53,,95659,4,0,21,2,6,,95638,4,0,21,2,5,,95560,4,0,21,2,12,,95563,4,0,21,2,11,,95754,4,0,21,2,9,,95616,4,0,21,2,48,,95607,4,0,21,2,8,,95693,4,0,21,2,8,,95512,4,0,21,2,8,,95602,4,0,21,2,8,,95720,4,0,21,2,8,,84638,4,0,21,2,8,,95513,4,0,21,2,8,,95651,4,0,21,2,48,,95620,4,0,21,2,8,,95608,4,0,21,2,8,,95684,4,0,21,2,10,,95554,4,,,2,4,,95681,4,0,21,2,9,,95740,4,0,21,2,8,,95630,4,0,21,2,49,,95546,4,0,21,2,10,,95570,4,0,21,2,10,,95568,4,0,21,2,10,,95646,4,0,21,2,10,,95768,4,0,21,2,10,,95597,4,0,21,2,50,,95592,4,0,21,2,10,,95709,4,0,21,2,10,,95519,4,0,21,2,10,,95599,4,0,21,2,10,,95572,4,0,21,2,10,,95654,4,0,21,2,50,,95732,4,0,21,2,10,,95532,4,0,21,2,10,,95680,4,0,21,2,10,,95522,4,0,21,2,10,,95534,4,0,21,2,10,,95555,4,0,21,2,50,,95593,4,0,21,2,11,,95645,4,0,21,2,10,,95518,4,0,21,2,10,,95716,4,0,21,2,10,,95686,4,0,21,2,10,,95506,4,0,21,2,50,,95767,4,0,21,2,10,,95725,4,0,21,2,10,,95640,4,0,21,2,11,,95600,4,0,21,2,12,,95728,4,0,21,2,11,,95514,4,0,21,2,50,,95622,4,0,21,2,10,,95746,4,0,21,2,10,,95760,4,0,21,2,10,,95672,4,0,21,2,10,,95629,4,0,21,2,10,,95614,4,0,21,2,50,,95574,4,0,21,2,10,,95658,4,0,21,2,10,,95531,4,0,21,2,10,,95601,4,0,21,2,10,,95617,4,0,21,2,10,,95719,4,0,21,2,50,,95582,4,0,21,2,10,,95650,4,0,21,2,10,,95710,4,0,21,2,10,,95642,4,0,21,2,10,,95594,4,0,21,2,10,,95722,4,0,21,2,50,,95714,4,0,21,2,10,,95739,4,0,21,2,10,,95649,4,0,21,2,9,,95586,4,0,21,2,10,,95762,4,0,21,2,8,,95557,4,0,21,2,48,,95675,4,0,21,2,10,,95655,4,0,21,2,10,,95556,4,0,21,2,9,,95704,4,0,21,2,10,,95653,4,0,21,2,10,,95565,4,0,21,2,50,,95700,4,0,21,2,10,,95699,4,0,21,2,10,,95713,4,0,21,2,10,,95778,4,0,21,2,10,,95770,4,0,21,2,10,,95727,4,0,21,2,50,,95505,4,0,21,2,10,,95578,4,0,21,2,10,,95743,4,0,21,2,10,,95781,4,0,21,2,10,,95605,4,0,21,2,9,,86558,4,0,21,2,10,,95544,4,0,21,2,50,,95689,4,0,21,2,10,,95575,4,0,21,2,10,,95756,4,0,21,2,10,,95588,4,0,21,2,10,,95753,4,0,21,2,10,,95589,4,0,21,2,50,,95584,4,0,21,2,10,,95529,4,0,21,2,10,,95613,4,0,21,2,10,,95691,4,0,21,2,10,,95772,4,0,21,2,10,,95619,4,0,21,2,50,,95668,4,0,21,2,10,,95664,4,0,21,2,10,,95726,4,0,21,2,10,,95648,4,0,21,2,10,,95515,4,0,21,2,10,,95780,4,0,21,2
50402,'2',505,,96015,5,0,21,2,15,,95990,5,0,21,2,10,,95961,5,0,21,2,10,,95851,5,0,21,2,10,,95951,5,0,21,2,50,,95975,4,0,21,2,10,,95992,4,0,21,2,10,,82134,4,0,21,2,15,,95913,4,0,21,2,10,,95949,4,0,21,2,10,,96019,4,0,21,2,50,,95869,4,0,21,2,10,,95987,4,0,21,2,10,,95881,4,0,21,2,10,,95787,4,0,21,2,10,,95923,4,0,21,2,10,,95922,4,0,21,2,50,,95929,4,0,21,2,11,,95784,4,0,21,2,10,,95822,4,0,21,2,11,,96018,4,0,21,2,13,,95988,4,0,21,2,55,,95853,4,0,21,2,13,,95887,4,0,21,2,11,,95950,4,0,21,2,10,,95792,4,0,21,2,10,,95935,4,0,21,2,10,,96008,4,0,21,2,50,,96036,4,0,21,2,10,,95839,4,0,21,2,10,,95915,4,0,21,2,10,,95848,4,0,21,2,10,,95905,4,0,21,2,10,,95804,4,0,21,2,50,,96010,4,0,21,2,10,,95831,4,0,21,2,10,,95944,4,0,21,2,10,,96033,4,0,21,2,11,,95909,4,0,21,2,50,,96040,4,0,21,2,10,,95845,4,0,21,2,10,,95934,4,0,21,2,10,,95808,4,0,21,2,10,,95833,4,0,21,2,10,,95924,4,0,21,2,50,,96000,4,0,21,2,10,,95895,4,0,21,2,7,,95825,4,0,21,2,7,,95850,4,0,21,2,14,,95898,4,0,21,2,10,,96009,4,0,21,2,10,,95865,4,0,21,2,50,,95912,4,0,21,2,10,,95918,4,0,21,2,10,,96028,4,0,21,2,10,,95884,4,0,21,2,10,,95786,4,0,21,2,10,,90149,4,0,21,2,50,,96002,4,0,21,2,10,,95977,4,0,21,2,10,,95812,4,0,21,2,10,,95814,4,0,21,2,10,,95960,4,0,21,2,10,,95837,4,0,21,2,50,,95885,4,0,21,2,10,,95876,4,0,21,2,10,,95974,4,0,21,2,10,,96012,4,0,21,2,10,,95793,4,0,21,2,10,,95927,4,0,21,2,50,,95867,4,0,21,2,10,,95886,4,0,21,2,10,,95875,4,0,21,2,10,,95896,4,0,21,2,10,,95798,4,0,21,2,10,,95925,4,0,21,2,50,,95783,4,0,21,2,10,,95819,4,0,21,2,10,,95941,4,0,21,2,10,,95800,4,0,21,2,10,,95902,4,0,21,2,10,,86704,4,0,21,2,50,,95880,4,0,21,2,10,,95959,4,0,21,2,10,,96020,4,0,21,2,8,,95842,4,0,21,2,8,,96003,4,0,21,2,8,,96023,4,0,21,2,50,,95939,4,0,21,2,10,,95874,4,0,21,2,10,,95805,4,0,21,2,10,,95947,4,0,21,2,10,,95882,4,0,21,2,10,,95986,4,0,21,2,50,,96006,4,0,21,2,10,,95921,4,0,21,2,10,,95967,4,0,21,2,10,,95852,4,0,21,2,10,,95790,4,0,21,2,10,,95982,4,0,21,2,50,,95830,4,0,21,2,10,,96013,4,0,21,2,10,,95979,4,0,21,2,10,,95785,4,0,21,2,10,,95846,4,0,21,2,10,,95931,4,0,21,2,49,,95926,4,0,21,2,10,,95815,4,0,21,2,12,,95904,4,0,21,2,10,,95847,4,0,21,2,10,,95788,4,0,21,2,10,,95892,4,0,21,2,50,,95952,4,0,21,2,10,,95933,4,0,21,2,10,,95894,4,0,21,2,10,,95811,4,0,21,2,10,,95835,4,0,21,2,10,,95964,4,0,21,2,50,,96024,4,0,21,2,10,,96034,4,0,21,2,10,,95803,4,0,21,2,10,,95968,4,0,21,2,10,,95937,4,0,21,2,10,,96016,4,0,21,2
50402,'3',814,,96244,4,0,21,2,14,,96246,4,0,21,2,9,,96073,4,0,21,2,7,,96259,4,0,21,2,14,,96131,4,0,21,2,54,,96115,4,0,21,2,8,,96185,4,0,21,2,8,,96074,4,0,21,2,15,,96110,4,0,21,2,8,,96114,4,0,21,2,52,,96094,4,0,21,2,12,,96042,4,0,21,2,10,,96257,4,0,21,2,10,,96062,4,0,21,2,10,,96229,4,0,21,2,10,,96196,4,0,21,2,50,,96099,4,0,21,2,10,,96249,4,0,21,2,10,,96258,4,0,21,2,10,,96231,4,0,21,2,10,,96070,4,0,21,2,10,,96113,4,0,21,2,50,,96130,4,0,21,2,10,,96050,4,0,21,2,10,,96173,4,0,21,2,10,,96176,4,0,21,2,13,,96091,4,0,21,2,54,,96118,4,0,21,2,11,,96245,4,0,21,2,10,,96227,4,0,21,2,10,,96193,4,0,21,2,10,,96126,4,0,21,2,10,,96075,4,0,21,2,50,,96243,4,0,21,2,10,,96160,4,0,21,2,10,,96092,4,0,21,2,10,,96226,4,0,21,2,10,,96104,4,0,21,2,10,,96156,4,0,21,2,50,,96097,4,0,21,2,10,,96143,4,0,21,2,10,,96183,4,0,21,2,10,,96214,4,0,21,2,10,,96072,4,0,21,2,10,,96177,4,0,21,2,50,,96233,4,0,21,2,10,,96085,4,0,21,2,10,,96253,4,0,21,2,10,,96116,4,0,21,2,10,,96164,4,0,21,2,10,,96045,4,0,21,2,50,,96108,4,0,21,2,10,,96127,4,0,21,2,10,,96098,4,0,21,2,10,,96081,4,0,21,2,10,,96225,4,0,21,2,10,,96187,4,0,21,2,50,,96184,4,0,21,2,10,,96061,4,0,21,2,10,,96224,4,0,21,2,10,,96057,4,0,21,2,10,,96146,4,0,21,2,10,,96155,4,0,21,2,50,,96124,4,0,21,2,10,,96137,4,0,21,2,10,,96179,4,0,21,2,10,,96218,4,0,21,2,10,,96241,4,0,21,2,8,,96145,4,0,21,2,49,,96080,4,0,21,2,10,,96168,4,0,21,2,10,,96154,4,0,21,2,10,,96051,4,0,21,2,10,,96054,4,0,21,2,10,,96133,4,0,21,2,50,,96170,4,0,21,2,10,,96058,4,0,21,2,10,,96200,4,0,21,2,10,,96212,4,0,21,2,10,,96048,4,0,21,2,10,,96128,4,0,21,2,50,,96112,4,0,21,2,10,,96150,4,0,21,2,10,,96056,4,0,21,2,10,,96163,4,0,21,2,10,,96186,4,0,21,2,10,,96109,4,0,21,2,9,,96230,4,0,21,2,50,,96066,4,0,21,2,10,,96216,4,0,21,2,10,,96159,4,0,21,2,10,,96132,4,0,21,2,10,,96166,4,0,21,2,10,,96049,4,0,21,2,50,,96205,4,0,21,2,10,,96106,4,0,21,2,10,,96047,4,0,21,2,10,,96093,4,0,21,2,10,,96180,4,0,21,2,10,,96055,4,0,21,2,50,,96208,4,0,21,2,10,,96199,4,0,21,2,10,,96189,4,0,21,2,10,,96149,4,0,21,2,10,,96182,4,0,21,2,10,,96087,4,0,21,2,50,,96234,4,0,21,2
50402,'5',503,,96444,4,0,21,2,21,,96451,4,0,21,2,16,,96319,5,0,21,2,14,,96381,5,0,21,2,54,,96262,4,0,21,2,14,,96382,4,0,21,2,14,,96415,4,0,21,2,14,,96392,4,0,21,2,54,,96395,4,0,21,2,14,,96317,4,0,21,2,14,,96513,4,0,21,2,14,,96324,4,0,21,2,54,,96429,4,0,21,2,14,,96297,4,0,21,2,14,,96500,4,0,21,2,9,,96334,4,0,21,2,7,,96454,4,0,21,2,14,,96387,4,0,21,2,54,,96336,4,0,21,2,8,,96294,4,0,21,2,8,,96486,4,0,21,2,15,,96399,4,0,21,2,8,,96353,4,0,21,2,52,,96506,4,0,21,2,12,,96465,4,0,21,2,10,,96355,4,0,21,2,10,,96512,4,0,21,2,10,,96283,4,0,21,2,10,,96445,4,0,21,2,50,,96467,4,0,21,2,10,,96315,4,0,21,2,10,,96501,4,0,21,2,10,,96397,4,0,21,2,10,,96485,4,0,21,2,10,,96472,4,0,21,2,50,,96325,4,0,21,2,10,,81801,4,0,21,2,10,,96379,4,0,21,2,10,,96360,4,0,21,2,13,,96487,4,0,21,2,54,,96366,4,0,21,2,11,,96439,4,0,21,2,10,,96323,4,0,21,2,10,,96411,4,0,21,2,10,,96401,4,0,21,2,10,,96343,4,0,21,2,50,,96435,4,0,21,2,10,,96420,4,0,21,2,10,,96359,4,0,21,2,10,,96502,4,0,21,2,10,,96367,4,0,21,2,10,,96344,4,0,21,2,50,,96446,4,0,21,2,10,,96414,4,0,21,2,10,,96345,4,0,21,2,10,,96332,4,0,21,2,10,,96327,4,0,21,2,10,,96312,4,0,21,2,50,,96289,4,0,21,2,10,,96311,4,0,21,2,10,,96349,4,0,21,2,10,,96443,4,0,21,2,10,,96337,4,0,21,2,10,,96303,4,0,21,2,50,,96270,4,0,21,2,10,,96266,4,0,21,2,10,,96476,4,0,21,2,10,,96505,4,0,21,2,10,,96459,4,0,21,2,10,,96417,4,0,21,2,50,,96368,4,0,21,2,10,,96453,4,0,21,2,10,,96277,4,0,21,2,10,,96421,4,0,21,2,10,,96348,4,0,21,2,10,,96433,4,0,21,2,50,,96313,4,0,21,2,10,,96457,4,0,21,2,10,,96374,4,0,21,2,10,,96286,4,0,21,2,10,,96276,4,0,21,2,8,,96484,4,0,21,2,49,,96498,4,0,21,2,10,,96350,4,0,21,2,10,,96362,4,0,21,2,10,,96464,4,0,21,2,10,,96475,4,0,21,2,10,,96352,4,0,21,2,50,,96425,4,0,21,2,10,,96394,4,0,21,2,10,,96316,4,0,21,2,10,,96322,4,0,21,2,10,,96460,4,0,21,2,10,,96480,4,0,21,2,50,,96378,4,0,21,2,10,,96385,4,0,21,2,10,,96308,4,0,21,2,10,,96515,4,0,21,2,10,,96341,4,0,21,2,10,,96365,4,0,21,2,9,,96491,4,0,21,2,50,,96300,4,0,21,2,10,,96493,4,0,21,2,10,,96281,4,0,21,2,10,,96434,4,0,21,2,10,,96449,4,0,21,2,10,,96510,4,0,21,2,50,,96391,4,0,21,2,10,,96354,4,0,21,2,10,,96370,4,0,21,2,10,,96499,4,0,21,2,10,,96347,4,0,21,2,10,,96356,4,0,21,2,50,,96405,4,0,21,2,10,,96335,4,0,21,2,10,,96418,4,0,21,2,10,,96358,4,0,21,2,10,,96389,4,0,21,2,10,,96463,4,0,21,2,50,,96514,4,0,21,2
50502,'1',424,,97243,5,0,5 41,2,13,,97277,5,0,5 41,2,5,,97248,5,0,5 41,2,5,,97274,5,0,5 41,2,10,,97252,5,0,5 41,2,50,,97211,5,0,5 41,2,10,,97230,5,0,5 41,2,10,,97224,5,0,5 41,2,10,,97214,5,0,5 41,2,10,,97330,5,0,5 41,2,10,,97218,4,0,5 41,2,50,,97219,4,0,5 41,2,10,,97304,4,0,5 41,2,10,,97206,4,0,5 41,2,10,,97365,4,0,5 41,2,10,,97208,4,0,5 41,2,10,,97315,4,0,5 41,2,50,,97346,4,0,5 41,2,5,,97344,4,0,5 41,2,5,,97227,4,0,5 41,2,10,,97292,4,0,5 41,2,10,,97355,4,0,5 41,2,10,,97289,4,0,5 41,2,7,,97263,4,0,5 41,2,46,,97367,4,0,5 41,2,6,,97360,4,0,5 41,2,6,,97293,4,0,5 41,2,6,,97241,4,0,5 41,2,6,,97301,4,0,5 41,2,6,,97332,4,0,5 41,2,6,,97372,4,0,5 41,2,6,,97373,4,0,5 41,2,6,,97235,4,0,5 41,2,6,,97364,4,0,5 41,2,46,,97284,4,0,5 41,2,6,,97328,4,0,5 41,2,6,,97280,4,0,5 41,2,6,,97262,4,0,5 41,2,6,,97371,4,0,5 41,2,6,,97297,4,0,5 41,2,6,,97329,4,0,5 41,2,6,,69902,4,0,5 41,2,6,,97354,4,0,5 41,2,6,,97215,4,0,5 41,2,46,,97351,4,0,5 41,2,6,,97250,4,0,5 41,2,6,,97225,4,0,5 41,2,6,,97369,4,0,5 41,2,6,,97278,4,0,5 41,2,6,,97303,4,0,5 41,2,6,,97316,4,0,5 41,2,6,,97349,4,0,5 41,2,6,,97298,4,0,5 41,2,6,,97245,4,0,5 41,2,46,,97324,4,0,5 41,2,6,,97242,4,0,5 41,2,6,,97221,4,0,5 41,2,6,,97327,4,0,5 41,2,6,,97302,4,0,5 41,2,6,,97213,4,0,5 41,2,6,,97314,4,0,5 41,2,6,,97275,4,0,5 41,2,6,,97300,4,0,5 41,2,6,,86512,4,0,5 41,2,46,,87423,4,0,5 41,2,6,,97356,4,0,5 41,2,6,,97290,4,0,5 41,2,6,,97334,4,0,5 41,2,6,,97287,4,0,5 41,2,6,,97264,4,0,5 41,2,6,,97237,4,0,5 41,2,6,,97238,4,0,5 41,2,6,,97342,4,0,5 41,2,6,,97233,4,0,5 41,2,46,,97270,4,0,5 41,2,6,,97362,4,0,5 41,2,6,,97272,4,0,5 41,2,6,,97265,4,0,5 41,2,6,,80689,4,0,5 41,2,6,,97291,4,0,5 41,2,6,,97285,4,0,5 41,2,6,,97340,4,0,5 41,2,6,,97258,4,0,5 41,2,6,,97322,4,0,5 41,2,46,,97259,4,0,5 41,2,6,,97306,4,0,5 41,2,6,,97352,4,0,5 41,2,6,,97299,4,0,5 41,2,6,,97348,4,0,5 41,2,6,,97212,4,0,5 41,2,3,,97249,4,0,5 41,2,3,,97341,4,0,5 41,2,6,,97247,4,0,5 41,2,6,,97318,4,0,5 41,2,6,,97286,4,0,5 41,2,46,,97305,4,0,5 41,2,6,,97256,4,0,5 41,2,6,,97276,4,0,5 41,2,6,,97226,4,0,5 41,2,6,,97228,4,0,5 41,2,6,,97261,4,0,5 41,2,6,,97204,4,0,5 41,2,6,,97336,4,0,5 41,2,6,,97254,4,0,5 41,2,6,,97239,4,0,5 41,2,46,,97232,4,0,5 41,2,6,,97253,4,0,5 41,2,6,,97200,4,0,5 41,2,6,,97311,4,0,5 41,2,6,,97234,4,0,5 41,2,6,,97196,4,0,5 41,2,6,,97267,4,0,5 41,2,6,,97312,4,0,5 41,2,6,,97244,4,0,5 41,2,6,,97198,4,0,5 41,2,46,,97236,4,0,5 41,2,6,,97358,4,0,5 41,2,6,,97368,4,0,5 41,2,6,,86579,4,0,5 41,2,6,,97335,4,0,5 41,2,6,,97207,4,0,5 41,2,6,,97255,4,0,5 41,2,6,,97209,4,0,5 41,2,6,,97257,4,0,5 41,2,6,,97223,4,0,5 41,2,46,,88329,4,0,5 41,2,6,,97370,4,0,5 41,2,6,,97321,4,0,5 41,2,6,,97350,4,0,5 41,2,6,,97269,4,0,5 41,2,6,,97307,4,0,5 41,2,6,,97326,4,0,5 41,2,6,,97201,4,0,5 41,2,6,,97251,4,0,5 41,2,6,,97339,4,0,5 41,2,46,,97345,4,0,5 41,2,10,,97338,4,0,5 41,2,3,,97347,4,0,34,2,5,,97202,4,0,34,2,6,,97205,4,0,5 41,2,3,,97266,4,0,34,2,6,,97331,4,0,34,2,6,,97283,4,0,5 41,2,10,,97313,4,0,5 41,2,3,,97279,4,0,34,2,7,,97294,4,0,5 41,2,44,,97216,4,0,34,2,6,,97309,4,0,5 41,2,10,,97361,4,0,5 41,2,3,,97308,4,0,34,2,7,,97343,4,0,5 41,2,10,,97281,4,0,5 41,2,10,,97366,4,0,5 41,2,10,,97325,4,0,5 41,2,50,,97288,4,0,5 41,2,10,,97319,4,0,5 41,2,10,,97222,4,0,5 41,2,10,,97310,4,0,5 41,2,10,,97246,4,0,5 41,2,51,,78595,4,0,5 41,2,12,,97260,4,0,5 41,2,10,,97353,4,0,5 41,2,10,,97333,4,0,5 41,2,10,,97210,4,0,5 41,2,10,,97295,4,0,5 41,2,50,,97359,4,0,5 41,2,10,,97229,4,0,5 41,2,10,,97197,4,0,5 41,2,10,,97240,4,0,5 41,2,10,,83888,4,0,5 41,2,10,,97282,4,0,5 41,2,50,,97217,4,0,5 41,2,10,,97220,4,0,5 41,2,10,,97363,4,0,5 41,2,10,,97337,4,0,5 41,2,11,,97268,4,0,34,2,9,,97317,4,0,5 41,2,51,,97323,4,0,34,2,15,,97320,4,0,5 41,2,21,,97273,4,0,34,2,9,,97199,4,0,5 41,2
50502,'2',500,,97517,5,0,5 41,2,6,,97465,5,0,5 41,2,10,,97498,5,0,5 41,2,10,,97510,5,0,5 41,2,10,,97418,5,0,5 41,2,10,,97489,5,0,5 41,2,10,,97472,5,0,5 41,2,50,,97532,4,0,5 41,2,10,,97493,4,0,5 41,2,10,,97415,4,0,5 41,2,10,,97475,4,0,5 41,2,10,,97405,4,0,5 41,2,10,,78938,4,0,5 41,2,50,,97494,4,0,5 41,2,10,,97533,4,0,5 41,2,10,,97482,4,0,5 41,2,10,,84115,4,0,5 41,2,10,,97396,4,0,5 41,2,10,,97543,4,0,5 41,2,51,,97464,4,0,5 41,2,6,,78693,4,0,5 41,2,6,,97490,4,0,5 41,2,6,,97455,4,0,5 41,2,6,,82639,4,0,5 41,2,6,,97430,4,0,5 41,2,6,,97461,4,0,5 41,2,6,,97438,4,0,5 41,2,6,,97385,4,0,5 41,2,46,,97451,4,0,5 41,2,6,,97522,4,0,5 41,2,6,,97449,4,0,5 41,2,6,,97466,4,0,5 41,2,6,,97503,4,0,5 41,2,6,,97380,4,0,5 41,2,6,,97401,4,0,5 41,2,6,,97441,4,0,5 41,2,6,,97397,4,0,5 41,2,6,,97390,4,0,5 41,2,46,,97420,4,0,5 41,2,6,,97391,4,0,5 41,2,6,,97408,4,0,5 41,2,6,,97462,4,0,5 41,2,6,,97518,4,0,5 41,2,6,,97410,4,0,5 41,2,6,,97398,4,0,5 41,2,6,,97428,4,0,5 41,2,6,,97423,4,0,5 41,2,6,,97540,4,0,5 41,2,46,,97477,4,0,5 41,2,6,,97387,4,0,5 41,2,6,,97539,4,0,5 41,2,6,,97523,4,0,5 41,2,6,,97471,4,0,5 41,2,6,,97514,4,0,5 41,2,6,,97528,4,0,5 41,2,6,,97447,4,0,5 41,2,6,,97427,4,0,5 41,2,6,,97504,4,0,5 41,2,46,,97488,4,0,5 41,2,8,,97536,4,0,5 41,2,6,,97400,4,0,5 41,2,6,,97470,4,0,5 41,2,6,,97424,4,0,5 41,2,6,,97432,4,0,5 41,2,6,,97409,4,0,5 41,2,6,,97445,4,0,5 41,2,6,,97442,4,0,5 41,2,6,,97496,4,0,5 41,2,46,,97519,4,0,5 41,2,6,,97529,4,0,5 41,2,6,,97497,4,0,5 41,2,6,,97402,4,0,5 41,2,6,,97478,4,0,5 41,2,6,,97512,4,0,5 41,2,6,,97421,4,0,5 41,2,6,,97457,4,0,5 41,2,6,,97429,4,0,5 41,2,6,,97377,4,0,5 41,2,46,,97376,4,0,5 41,2,6,,97433,4,0,5 41,2,6,,97386,4,0,5 41,2,6,,97535,4,0,5 41,2,6,,97506,4,0,5 41,2,6,,97515,4,0,5 41,2,6,,97467,4,0,5 41,2,6,,97459,4,0,5 41,2,6,,97537,4,0,5 41,2,6,,97481,4,0,5 41,2,46,,97450,4,0,5 41,2,6,,97426,4,0,5 41,2,6,,97406,4,0,5 41,2,6,,97407,4,0,5 41,2,6,,97534,4,0,5 41,2,6,,97434,4,0,5 41,2,6,,97469,4,0,5 41,2,6,,97419,4,0,5 41,2,6,,97393,4,0,5 41,2,6,,97379,4,0,5 41,2,46,,97526,4,0,5 41,2,6,,97463,4,0,5 41,2,6,,97486,4,0,5 41,2,6,,97508,4,0,5 41,2,6,,97509,4,0,5 41,2,6,,97439,4,0,5 41,2,6,,97422,4,0,5 41,2,6,,97448,4,0,5 41,2,6,,97403,4,0,5 41,2,6,,97443,4,0,5 41,2,46,,97516,4,0,5 41,2,6,,97495,4,0,5 41,2,6,,97375,4,0,5 41,2,6,,97499,4,0,5 41,2,6,,97474,4,0,5 41,2,6,,97394,4,0,5 41,2,6,,97412,4,0,5 41,2,7,,97404,4,0,34,2,5,,97521,4,0,5 41,2,6,,97505,4,0,5 41,2,46,,97383,4,0,5 41,2,7,,97542,4,0,34,2,5,,97458,4,0,5 41,2,6,,97417,4,0,5 41,2,6,,97524,4,0,5 41,2,6,,97392,4,0,5 41,2,8,,97444,4,0,5 41,2,5,,97389,4,0,34,2,3,,97460,4,0,5 41,2,8,,97473,4,0,5 41,2,45,,97541,4,0,34,2,3,,97382,4,0,5 41,2,10,,97501,4,0,5 41,2,6,,97399,4,0,34,2,4,,97378,4,0,5 41,2,6,,97411,4,0,34,2,4,,97492,4,0,5 41,2,10,,97384,4,0,5 41,2,10,,97381,4,0,5 41,2,50,,97388,4,0,5 41,2,6,,97484,4,0,34,2,4,,97530,4,0,5 41,2,10,,97545,4,0,5 41,2,10,,97414,4,0,5 41,2,10,,97491,4,0,5 41,2,10,,97437,4,0,5 41,2,50,,97374,4,0,5 41,2,10,,97479,4,0,5 41,2,10,,97513,4,0,5 41,2,10,,97502,4,0,5 41,2,10,,97440,4,0,5 41,2,10,,97435,4,0,5 41,2,50,,97431,4,0,5 41,2,10,,97395,4,0,5 41,2,10,,97544,4,0,5 41,2,10,,97538,4,0,5 41,2,10,,97413,4,0,5 41,2,10,,97476,4,0,5 41,2,50,,97483,4,0,5 41,2,10,,97416,4,0,5 41,2,10,,97520,4,0,5 41,2,10,,78105,4,0,5 41,2,10,,97511,4,0,5 41,2,10,,97453,4,0,5 41,2,52,,97527,4,0,5 41,2,8,,97487,4,0,5 41,2,10,,97436,4,0,5 41,2,12,,97452,4,0,5 41,2,5,,97480,4,0,34,2,10,,97456,4,0,5 41,2
50502,'3',752,,97552,4,0,5 41,2,50,,97562,4,0,5 41,2,10,,97637,4,0,5 41,2,10,,97607,4,0,5 41,2,10,,97674,4,0,5 41,2,10,,97658,4,0,5 41,2,10,,97546,4,0,5 41,2,6,,97580,4,0,5 41,2,47,,97625,4,0,5 41,2,6,,97616,4,0,5 41,2,6,,97655,4,0,5 41,2,6,,97597,4,0,5 41,2,6,,97683,4,0,5 41,2,6,,97636,4,0,5 41,2,6,,97642,4,0,5 41,2,6,,97614,4,0,5 41,2,6,,97686,4,0,5 41,2,6,,97581,4,0,5 41,2,46,,97684,4,0,5 41,2,6,,97677,4,0,5 41,2,6,,97646,4,0,5 41,2,6,,97553,4,0,5 41,2,6,,97601,4,0,5 41,2,6,,97657,4,0,5 41,2,6,,97654,4,0,5 41,2,6,,97639,4,0,5 41,2,6,,97691,4,0,5 41,2,6,,97574,4,0,5 41,2,46,,97598,4,0,5 41,2,6,,97631,4,0,5 41,2,6,,97613,4,0,5 41,2,6,,97573,4,0,5 41,2,6,,97603,4,0,5 41,2,6,,97695,4,0,5 41,2,6,,97632,4,0,5 41,2,6,,97549,4,0,5 41,2,6,,97602,4,0,5 41,2,6,,97551,4,0,5 41,2,46,,97612,4,0,5 41,2,6,,97659,4,0,5 41,2,6,,97595,4,0,5 41,2,6,,97610,4,0,5 41,2,6,,97567,4,0,5 41,2,6,,97638,4,0,5 41,2,6,,97596,4,0,5 41,2,6,,97640,4,0,5 41,2,6,,97678,4,0,5 41,2,6,,97555,4,0,5 41,2,46,,97666,4,0,5 41,2,6,,97550,4,0,5 41,2,6,,97608,4,0,5 41,2,6,,97599,4,0,5 41,2,6,,97688,4,0,5 41,2,6,,97680,4,0,5 41,2,6,,97560,4,0,5 41,2,6,,97600,4,0,5 41,2,6,,97593,4,0,5 41,2,6,,97586,4,0,5 41,2,46,,97557,4,0,5 41,2,6,,97590,4,0,5 41,2,6,,97569,4,0,5 41,2,6,,97660,4,0,5 41,2,6,,97693,4,0,5 41,2,6,,97563,4,0,5 41,2,6,,97694,4,0,5 41,2,6,,82302,4,0,5 41,2,6,,97624,4,0,5 41,2,6,,97594,4,0,5 41,2,46,,97665,4,0,5 41,2,6,,97662,4,0,5 41,2,6,,97648,4,0,5 41,2,6,,97656,4,0,5 41,2,6,,97589,4,0,5 41,2,6,,97667,4,0,5 41,2,6,,97604,4,0,5 41,2,6,,97628,4,0,5 41,2,6,,97622,4,0,5 41,2,6,,97650,4,0,5 41,2,46,,97565,4,0,5 41,2,6,,97606,4,0,5 41,2,6,,97675,4,0,5 41,2,6,,97618,4,0,5 41,2,6,,97663,4,0,5 41,2,6,,97623,4,0,5 41,2,6,,97649,4,0,5 41,2,6,,97578,4,0,5 41,2,6,,97652,4,0,5 41,2,6,,97592,4,0,5 41,2,46,,97617,4,0,5 41,2,6,,97559,4,0,5 41,2,6,,97630,4,0,5 41,2,6,,97579,4,0,5 41,2,6,,97635,4,0,5 41,2,6,,97672,4,0,5 41,2,6,,97605,4,0,5 41,2,6,,97671,4,0,5 41,2,6,,97619,4,0,5 41,2,6,,97692,4,0,5 41,2,46,,97571,4,0,5 41,2,6,,97609,4,0,5 41,2,6,,97568,4,0,5 41,2,6,,97554,4,0,5 41,2,6,,97591,4,0,5 41,2,6,,97643,4,0,5 41,2,6,,89631,4,0,5 41,2,6,,97634,4,0,5 41,2,6,,77675,4,0,5 41,2,6,,97670,4,0,5 41,2,46,,97583,4,0,5 41,2,9,,97577,4,0,5 41,2,6,,97558,4,0,34,2,4,,97556,4,0,5 41,2,6,,97572,4,0,34,2,4,,97575,4,0,5 41,2,10,,97576,4,0,5 41,2,6,,97629,4,0,34,2,4,,97564,4,0,5 41,2,46,,97621,4,0,34,2,4,,97587,4,0,5 41,2,10,,97661,4,0,5 41,2,6,,97664,4,0,34,2,4,,97570,4,0,5 41,2,10,,97633,4,0,5 41,2,10,,97644,4,0,5 41,2,10,,97615,4,0,5 41,2,50,,97653,4,0,5 41,2,10,,97690,4,0,5 41,2,10,,97676,4,0,5 41,2,10,,97689,4,0,5 41,2,10,,97585,4,0,5 41,2,13,,82800,4,0,5 41,2,51,,97679,4,0,5 41,2,10,,97626,4,0,5 41,2,10,,97673,4,0,5 41,2,10,,97682,4,0,5 41,2,6,,97685,4,0,34,2,4,,97588,4,0,5 41,2,10,,97627,4,0,5 41,2,50,,97669,4,0,5 41,2,10,,97645,4,0,5 41,2,10,,97584,4,0,5 41,2,10,,97687,4,0,5 41,2,10,,88785,4,0,5 41,2,10,,97620,4,0,5 41,2,50,,97651,4,0,5 41,2,10,,97611,4,0,5 41,2,10,,97547,4,0,5 41,2,13,,97561,4,0,5 41,2,7,,97641,4,0,34,2,5,,97548,4,0,5 41,2
50502,'5',450,,97802,5,0,5 41,2,62,,97838,5,0,5 41,2,15,,97776,5,0,5 41,2,15,,97862,5,0,5 41,2,15,,97804,5,0,5 41,2,55,,97696,4,0,5 41,2,10,,97708,4,0,5 41,2,10,,97841,4,0,5 41,2,10,,97809,4,0,5 41,2,10,,97733,4,0,5 41,2,50,,97860,4,0,5 41,2,10,,97699,4,0,5 41,2,10,,97818,4,0,5 41,2,10,,97850,4,0,5 41,2,10,,97738,4,0,5 41,2,10,,97736,4,0,5 41,2,50,,97783,4,0,5 41,2,10,,97715,4,0,5 41,2,10,,97829,4,0,5 41,2,10,,97852,4,0,5 41,2,10,,97854,4,0,5 41,2,10,,97728,4,0,5 41,2,6,,97800,4,0,5 41,2,47,,97816,4,0,5 41,2,6,,97766,4,0,5 41,2,6,,97851,4,0,5 41,2,6,,97749,4,0,5 41,2,6,,97747,4,0,5 41,2,6,,97739,4,0,5 41,2,6,,97726,4,0,5 41,2,6,,97740,4,0,5 41,2,6,,97855,4,0,5 41,2,6,,97771,4,0,5 41,2,46,,97722,4,0,5 41,2,6,,97757,4,0,5 41,2,6,,97727,4,0,5 41,2,6,,97824,4,0,5 41,2,6,,97723,4,0,5 41,2,6,,97837,4,0,5 41,2,6,,97732,4,0,5 41,2,6,,97795,4,0,5 41,2,6,,97697,4,0,5 41,2,6,,97707,4,0,5 41,2,46,,97712,4,0,5 41,2,6,,97847,4,0,5 41,2,6,,97796,4,0,5 41,2,6,,97753,4,0,5 41,2,6,,97812,4,0,5 41,2,6,,97774,4,0,5 41,2,6,,97815,4,0,5 41,2,6,,97770,4,0,5 41,2,6,,97805,4,0,5 41,2,6,,97701,4,0,5 41,2,46,,76246,4,0,5 41,2,6,,97842,4,0,5 41,2,6,,97700,4,0,5 41,2,6,,97769,4,0,5 41,2,6,,97820,4,0,5 41,2,6,,97754,4,0,5 41,2,6,,90543,4,0,5 41,2,6,,97716,4,0,5 41,2,6,,97832,4,0,5 41,2,6,,97725,4,0,5 41,2,46,,97787,4,0,5 41,2,6,,97748,4,0,5 41,2,6,,97734,4,0,5 41,2,6,,97721,4,0,5 41,2,6,,97720,4,0,5 41,2,6,,97791,4,0,5 41,2,6,,97751,4,0,5 41,2,6,,97817,4,0,5 41,2,6,,97858,4,0,5 41,2,6,,97756,4,0,5 41,2,46,,97737,4,0,5 41,2,6,,97750,4,0,5 41,2,6,,97823,4,0,5 41,2,6,,97741,4,0,5 41,2,6,,85354,4,0,5 41,2,6,,97814,4,0,5 41,2,6,,97859,4,0,5 41,2,6,,97813,4,0,5 41,2,6,,97822,4,0,5 41,2,6,,97742,4,0,5 41,2,46,,97779,4,0,5 41,2,6,,97849,4,0,5 41,2,6,,97714,4,0,5 41,2,6,,97706,4,0,5 41,2,6,,97755,4,0,5 41,2,6,,97848,4,0,5 41,2,6,,97835,4,0,5 41,2,6,,97767,4,0,5 41,2,6,,97724,4,0,5 41,2,6,,97761,4,0,5 41,2,46,,97861,4,0,5 41,2,6,,97853,4,0,5 41,2,6,,97765,4,0,5 41,2,6,,97846,4,0,5 41,2,6,,97785,4,0,5 41,2,6,,97781,4,0,5 41,2,6,,97772,4,0,5 41,2,6,,97792,4,0,5 41,2,6,,97844,4,0,5 41,2,6,,97831,4,0,5 41,2,46,,97703,4,0,5 41,2,6,,97711,4,0,5 41,2,6,,97810,4,0,5 41,2,6,,97778,4,0,5 41,2,6,,97819,4,0,5 41,2,6,,97808,4,0,5 41,2,6,,97702,4,0,5 41,2,6,,78337,4,0,5 41,2,6,,97719,4,0,5 41,2,6,,97760,4,0,5 41,2,46,,97863,4,0,5 41,2,6,,97762,4,0,5 41,2,6,,97698,4,0,5 41,2,6,,97806,4,0,5 41,2,6,,97803,4,0,5 41,2,6,,97843,4,0,5 41,2,6,,97789,4,0,5 41,2,6,,97807,4,0,5 41,2,6,,97826,4,0,5 41,2,6,,97845,4,0,5 41,2,46,,97735,4,0,5 41,2,9,,97729,4,0,5 41,2,6,,97790,4,0,34,2,4,,97857,4,0,5 41,2,6,,97793,4,0,34,2,4,,97746,4,0,5 41,2,10,,97743,4,0,5 41,2,6,,97856,4,0,34,2,4,,97709,4,0,5 41,2,46,,97821,4,0,34,2,4,,97710,4,0,5 41,2,10,,97768,4,0,5 41,2,6,,97764,4,0,34,2,4,,97731,4,0,5 41,2,10,,97788,4,0,5 41,2,10,,97840,4,0,5 41,2,10,,97834,4,0,5 41,2,50,,97704,4,0,5 41,2,10,,97763,4,0,5 41,2,10,,97786,4,0,5 41,2,10,,97773,4,0,5 41,2,10,,97730,4,0,5 41,2,13,,97782,4,0,5 41,2,51,,97811,4,0,5 41,2,10,,97744,4,0,5 41,2,10,,97777,4,0,5 41,2,10,,97794,4,0,5 41,2,6,,97718,4,0,34,2,4,,97833,4,0,5 41,2,10,,97705,4,0,5 41,2,50,,97713,4,0,5 41,2,10,,97717,4,0,5 41,2,10,,97780,4,0,5 41,2,10,,97828,4,0,5 41,2,10,,97799,4,0,5 41,2,10,,97839,4,0,5 41,2,50,,97775,4,0,5 41,2,10,,97801,4,0,5 41,2,10,,97836,4,0,5 41,2,13,,97745,4,0,5 41,2,7,,97827,4,0,34,2,5,,97830,4,0,5 41,2
