30101,'1',2510,,123569,1,0,47 21,2,25,,123586,1,0,47 21,2,70,,123573,1,0,47 21,2,30,,123587,1,0,47 21,2,70,,123583,1,0,47 21,2,30,,123579,1,0,47 21,2,70,,123580,1,0,47 21,2,30,,123585,1,0,47 21,2
30101,'2',2515,,123615,1,0,47 21,2,25,,123612,1,0,47 21,2,70,,123601,1,0,47 21,2,30,,123604,1,0,47 21,2,70,,123616,1,0,47 21,2,30,,123597,1,0,47 21,2,70,,123595,1,0,47 21,2,30,,123600,1,0,47 21,2
30101,'3',2505,,123641,1,0,47 21,2,25,,123631,1,0,47 21,2,70,,123643,1,0,47 21,2,30,,123639,1,0,47 21,2,70,,120228,1,0,47 21,2,30,,123624,1,0,47 21,2,70,,123619,1,0,47 21,2,30,,123622,1,0,47 21,2,70,,119645,1,,,2
30101,'5',2505,,123650,1,0,47 21,2,25,,123658,1,0,47 21,2,70,,123663,1,0,47 21,2,30,,123670,1,0,47 21,2,70,,123651,1,0,47 21,2,30,,123662,1,0,47 21,2,70,,123674,1,0,47 21,2,30,,123660,1,0,47 21,2,70,,123655,1,,,2
30102,'1',2630,,123704,46,4,,2,70,,123686,46,4,,2,30,,123675,46,4,,2,70,,123698,46,4,,2,30,,123684,46,4,,2
30102,'2',2635,,123725,46,4,,2,70,,123724,46,4,,2,30,,123716,46,4,,2,70,,123730,46,4,,2,30,,123729,46,4,,2
30102,'3',2625,,123756,46,4,,2,30,,123760,46,4,,2,70,,123744,46,4,,2,30,,123764,46,4,,2,70,,123753,46,4,,2,30,,123758,46,4,,2
30102,'5',2625,,123789,46,4,,2,30,,115386,46,4,,2,70,,123798,46,4,,2,30,,123774,46,4,,2,70,,123795,46,4,,2,30,,123796,46,4,,2
50701,'1',500,,132227,1,0,30,2,10,,132293,1,0,30,2,10,,132242,1,0,30,2,10,,132343,1,0,30,2,10,,132284,1,0,30,2,10,,111383,1,0,30,2,50,,132348,1,0,30,2,10,,132396,1,0,30,2,10,,132353,1,0,30,2,10,,132257,1,0,30,2,10,,132376,1,0,30,2,10,,132337,1,0,30,2,50,,132254,1,0,30,2,7,,132296,1,0,30,2,7,,132346,1,0,30,2,7,,132285,1,0,30,2,7,,132229,1,0,30,2,7,,132342,1,0,30,2,7,,122527,1,0,30,2,7,,132305,1,0,30,2,7,,132307,1,0,30,2,47,,132357,1,0,30,2,7,,132283,1,0,30,2,7,,132232,1,0,30,2,7,,132379,1,0,30,2,7,,132260,1,0,30,2,7,,132327,1,0,30,2,7,,132320,1,0,30,2,7,,132378,1,0,30,2,7,,132273,1,0,30,2,45,,132317,1,0,49,2,4,,132354,1,0,30,2,8,,132268,1,0,30,2,8,,132382,1,0,30,2,8,,132391,1,0,30,2,8,,132304,1,0,30,2,8,,132230,1,0,30,2,8,,132340,1,0,30,2,48,,132278,1,0,30,2,8,,132383,1,0,30,2,8,,132220,1,0,30,2,8,,132277,1,0,30,2,8,,132247,1,0,30,2,8,,132368,1,0,30,2,8,,132400,1,0,30,2,48,,132425,1,0,30,2,8,,132420,1,0,30,2,8,,132374,1,0,30,2,8,,132403,1,0,30,2,8,,132239,1,0,30,2,8,,132405,1,0,30,2,8,,132238,1,0,30,2,8,,132312,1,0,30,2,48,,132235,1,0,30,2,8,,132233,1,0,30,2,8,,132237,1,0,30,2,8,,132399,1,0,30,2,8,,132309,1,0,30,2,8,,132303,1,0,30,2,8,,132335,1,0,30,2,48,,132426,1,0,30,2,8,,132322,1,0,30,2,8,,132364,1,0,30,2,8,,118382,1,0,30,2,8,,132377,1,0,30,2,8,,132318,1,0,30,2,8,,132314,1,0,30,2,8,,132291,1,0,30,2,48,,132352,1,0,30,2,8,,132417,1,0,30,2,8,,132228,1,0,30,2,8,,132404,1,0,30,2,8,,121192,1,0,30,2,8,,132418,1,0,30,2,8,,132315,1,0,30,2,48,,132282,1,0,30,2,7,,132290,1,0,30,2,7,,132386,1,0,30,2,7,,132367,1,0,30,2,7,,132241,1,0,30,2,7,,132308,1,0,30,2,7,,132221,1,0,30,2,7,,132363,1,0,30,2,7,,132411,1,0,30,2,47,,132306,1,0,30,2,7,,132249,1,0,30,2,7,,132313,1,0,30,2,7,,132392,1,0,30,2,7,,132311,1,0,30,2,7,,132395,1,0,30,2,7,,132271,1,0,30,2,7,,132258,1,0,30,2,7,,132294,1,0,30,2,47,,132316,1,0,30,2,7,,132336,1,0,30,2,7,,132324,1,0,30,2,7,,132264,1,0,30,2,7,,132385,1,0,30,2,7,,132270,1,0,30,2,7,,132398,1,0,30,2,7,,132355,1,0,30,2,47,,132217,1,0,30,2,7,,132408,1,0,30,2,7,,132430,1,0,30,2,7,,132410,1,0,30,2,7,,132267,1,0,30,2,7,,132299,1,0,30,2,7,,132255,1,0,30,2,7,,132389,1,0,30,2,7,,132289,1,0,30,2,49,,132360,1,0,30,2,4,,132401,1,0,49,2,5,,132390,1,0,30,2,9,,132423,1,0,30,2,9,,132218,1,0,30,2,9,,132414,1,0,30,2,4,,132269,1,0,49,2,5,,132274,1,0,30,2,49,,132413,1,0,30,2,9,,132384,1,0,30,2,9,,132256,1,0,30,2,9,,132272,1,0,30,2,9,,132216,1,0,30,2,9,,132215,1,0,30,2,9,,132223,1,0,30,2,49,,132224,1,0,30,2,4,,109642,1,0,49,2,5,,132381,1,0,30,2,7,,132387,1,0,49,2,2,,132370,1,0,30,2,9,,132397,1,0,30,2,9,,122578,1,0,30,2,9,,132345,1,0,30,2,5,,132280,1,0,49,2,4,,132281,1,0,30,2,50,,132351,1,0,30,2,10,,132329,1,0,30,2,10,,132365,1,0,30,2,10,,132319,1,0,30,2,10,,132240,1,0,30,2,10,,132244,1,0,30,2,50,,132421,1,0,30,2,10,,132369,1,0,30,2,10,,132245,1,0,30,2,10,,132375,1,0,30,2,10,,132358,1,0,30,2,10,,132243,1,0,30,2,50,,132422,1,0,30,2,10,,132388,1,0,30,2,10,,132219,1,0,30,2,10,,132393,1,0,30,2,9,,132380,1,0,30,2,54,,132295,1,0,30,2,38,,132372,1,0,49,2
50701,'2',500,,132596,1,0,30,2,10,,132474,1,0,30,2,10,,132567,1,0,30,2,10,,132589,1,0,30,2,10,,132501,1,0,30,2,10,,132438,1,0,30,2,50,,132538,1,0,30,2,10,,132507,1,0,30,2,10,,132514,1,0,30,2,10,,110563,1,0,30,2,10,,132525,1,0,30,2,10,,120736,1,0,30,2,50,,132612,1,0,30,2,10,,132603,1,0,30,2,10,,132541,1,0,30,2,10,,132446,1,0,30,2,10,,132561,1,0,30,2,10,,132510,1,0,30,2,50,,132539,1,0,30,2,9,,132568,1,0,30,2,9,,118569,1,0,30,2,9,,132494,1,0,30,2,9,,132549,1,0,30,2,9,,132594,1,0,30,2,9,,132590,1,0,30,2,49,,132467,1,0,30,2,9,,132460,1,0,30,2,9,,132468,1,0,30,2,9,,132573,1,0,30,2,9,,132515,1,0,30,2,9,,132593,1,0,30,2,9,,132479,1,0,30,2,49,,132504,1,0,30,2,9,,117838,1,0,30,2,9,,109264,1,0,30,2,9,,132555,1,0,30,2,9,,132516,1,0,30,2,9,,132606,1,0,30,2,49,,132558,1,0,30,2,9,,132562,1,0,30,2,9,,132613,1,0,30,2,9,,132470,1,0,30,2,9,,132509,1,0,30,2,9,,132508,1,0,30,2,9,,132431,1,0,30,2,48,,132480,1,0,30,2,8,,132575,1,0,30,2,8,,132441,1,0,30,2,8,,132447,1,0,30,2,8,,132451,1,0,30,2,8,,132600,1,0,30,2,8,,132476,1,0,30,2,8,,132492,1,0,30,2,48,,132553,1,0,30,2,8,,132458,1,0,30,2,8,,110622,1,0,30,2,8,,132557,1,0,30,2,8,,132497,1,0,30,2,8,,132560,1,0,30,2,8,,132517,1,0,30,2,48,,132487,1,0,30,2,8,,132488,1,0,30,2,8,,132585,1,0,30,2,8,,132582,1,0,30,2,8,,132545,1,0,30,2,8,,132521,1,0,30,2,8,,132581,1,0,30,2,8,,110611,1,0,30,2,48,,132489,1,0,30,2,8,,132599,1,0,30,2,8,,132579,1,0,30,2,8,,132456,1,0,30,2,8,,132477,1,0,30,2,8,,132604,1,0,30,2,8,,132530,1,0,30,2,48,,132450,1,0,30,2,8,,132570,1,0,30,2,8,,132535,1,0,30,2,8,,132511,1,0,30,2,8,,132550,1,0,30,2,8,,132569,1,0,30,2,8,,132485,1,0,30,2,8,,132457,1,0,30,2,48,,132580,1,0,30,2,8,,132601,1,0,30,2,8,,132453,1,0,30,2,8,,132540,1,0,30,2,8,,132556,1,0,30,2,8,,132522,1,0,30,2,8,,132475,1,0,30,2,48,,132607,1,0,30,2,8,,132443,1,0,30,2,8,,117274,1,0,30,2,8,,132455,1,0,30,2,8,,108802,1,0,30,2,8,,132605,1,0,30,2,8,,132464,1,0,30,2,8,,132531,1,0,30,2,49,,132503,1,0,30,2,9,,132587,1,0,30,2,9,,132572,1,0,30,2,9,,132547,1,0,30,2,9,,132609,1,0,30,2,9,,132482,1,0,30,2,49,,132513,1,0,30,2,9,,132528,1,0,30,2,9,,132610,1,0,30,2,9,,132505,1,0,30,2,9,,114789,1,0,30,2,9,,109866,1,0,30,2,4,,132435,1,0,49,2,5,,132442,1,0,30,2,49,,132490,1,0,30,2,4,,132454,1,0,49,2,5,,132469,1,0,30,2,9,,132449,1,0,30,2,9,,132526,1,0,30,2,4,,132499,1,0,49,2,5,,132461,1,0,30,2,9,,132583,1,0,30,2,9,,132551,1,0,30,2,45,,132445,1,0,49,2,5,,132565,1,0,30,2,10,,132437,1,0,30,2,10,,132498,1,0,30,2,10,,132519,1,0,30,2,10,,132529,1,0,30,2,10,,132472,1,0,30,2,50,,132595,1,0,30,2,10,,132484,1,0,30,2,10,,132586,1,0,30,2,10,,132614,1,0,30,2,10,,113214,1,0,30,2,10,,132597,1,0,30,2,50,,132559,1,0,30,2,10,,132527,1,0,30,2,10,,132502,1,0,30,2,10,,132546,1,0,30,2,10,,132432,1,0,30,2,55,,132493,1,0,30,2,16,,132491,1,0,49,2
50701,'3',500,,132707,1,0,30,2,10,,132791,1,0,30,2,10,,108355,1,0,30,2,10,,132729,1,0,30,2,10,,132690,1,0,30,2,10,,132749,1,0,30,2,50,,132624,1,0,30,2,10,,132785,1,0,30,2,10,,132769,1,0,30,2,10,,132648,1,0,30,2,10,,132665,1,0,30,2,10,,132704,1,0,30,2,50,,132643,1,0,30,2,10,,132626,1,0,30,2,10,,132794,1,0,30,2,10,,132774,1,0,30,2,10,,132765,1,0,30,2,10,,132746,1,0,30,2,50,,107278,1,0,30,2,10,,132686,1,0,30,2,10,,132692,1,0,30,2,10,,113317,1,0,30,2,10,,132638,1,0,30,2,10,,132628,1,0,30,2,50,,132753,1,0,30,2,10,,132712,1,0,30,2,10,,132756,1,0,30,2,10,,132621,1,0,30,2,10,,132780,1,0,30,2,10,,132744,1,0,30,2,50,,132721,1,0,30,2,10,,132631,1,0,30,2,10,,132658,1,0,30,2,10,,132713,1,0,30,2,10,,132657,1,0,30,2,10,,132666,1,0,30,2,50,,132676,1,0,30,2,10,,132623,1,0,30,2,10,,112621,1,0,30,2,10,,132738,1,0,30,2,10,,132699,1,0,30,2,10,,118809,1,0,30,2,50,,132656,1,0,30,2,9,,132671,1,0,30,2,9,,132799,1,0,30,2,9,,132688,1,0,30,2,9,,132705,1,0,30,2,9,,132636,1,0,30,2,9,,132717,1,0,30,2,49,,132660,1,0,30,2,9,,121891,1,0,30,2,9,,132696,1,0,30,2,9,,132754,1,0,30,2,9,,132617,1,0,30,2,9,,132619,1,0,30,2,9,,132770,1,0,30,2,49,,132625,1,0,30,2,9,,132706,1,0,30,2,9,,132629,1,0,30,2,9,,132683,1,0,30,2,9,,132618,1,0,30,2,9,,132715,1,0,30,2,49,,132620,1,0,30,2,9,,132651,1,0,30,2,9,,132781,1,0,30,2,9,,132735,1,0,30,2,9,,132788,1,0,30,2,9,,132722,1,0,30,2,9,,132695,1,0,30,2,49,,132669,1,0,30,2,9,,132766,1,0,30,2,9,,132653,1,0,30,2,9,,132776,1,0,30,2,9,,132659,1,0,30,2,9,,132650,1,0,30,2,9,,132702,1,0,30,2,49,,132655,1,0,30,2,9,,132678,1,0,30,2,9,,132761,1,0,30,2,9,,132632,1,0,30,2,9,,132635,1,0,30,2,9,,132694,1,0,30,2,49,,132675,1,0,30,2,9,,132760,1,0,30,2,9,,132779,1,0,30,2,9,,132778,1,0,30,2,9,,132668,1,0,30,2,9,,132790,1,0,30,2,9,,132734,1,0,30,2,49,,132787,1,0,30,2,9,,132772,1,0,30,2,9,,132792,1,0,30,2,4,,132679,1,0,49,2,5,,132762,1,0,30,2,9,,132755,1,0,30,2,9,,132740,1,0,30,2,9,,132724,1,0,30,2,49,,132739,1,0,30,2,9,,132667,1,0,30,2,9,,132800,1,0,30,2,9,,132645,1,0,30,2,9,,132764,1,0,30,2,9,,132639,1,0,30,2,49,,132627,1,0,30,2,5,,132759,1,0,49,2,4,,132733,1,0,30,2,9,,132775,1,0,30,2,4,,132642,1,0,49,2,5,,132681,1,0,30,2,4,,132737,1,0,49,2,5,,132736,1,0,30,2,9,,132726,1,0,30,2,9,,132752,1,0,30,2,50,,132718,1,0,30,2,10,,132649,1,0,30,2,10,,132661,1,0,30,2,10,,132693,1,0,30,2,10,,132698,1,0,30,2,10,,132646,1,0,30,2,50,,132720,1,0,30,2,10,,132793,1,0,30,2,10,,132747,1,0,30,2,10,,132798,1,0,30,2,10,,132710,1,0,30,2,10,,132719,1,0,30,2,50,,132647,1,0,30,2,10,,132684,1,0,30,2,10,,132782,1,0,30,2,10,,132783,1,0,30,2,6,,132670,1,0,49,2,14,,122034,1,0,30,2,84,,132641,1,0,49,2
50701,'5',500,,132898,1,0,30,2,10,,132806,1,0,30,2,10,,132896,1,0,30,2,10,,132975,1,0,30,2,10,,132976,1,0,30,2,10,,132849,1,0,30,2,50,,132940,1,0,30,2,10,,132884,1,0,30,2,10,,132969,1,0,30,2,10,,132815,1,0,30,2,10,,132904,1,0,30,2,10,,132977,1,0,30,2,50,,132939,1,0,30,2,10,,132954,1,0,30,2,10,,132931,1,0,30,2,10,,132833,1,0,30,2,10,,132842,1,0,30,2,10,,132925,1,0,30,2,50,,132893,1,0,30,2,10,,132816,1,0,30,2,10,,132964,1,0,30,2,10,,132847,1,0,30,2,10,,132901,1,0,30,2,10,,132924,1,0,30,2,50,,132929,1,0,30,2,10,,132802,1,0,30,2,10,,132943,1,0,30,2,10,,115322,1,0,30,2,10,,132854,1,0,30,2,10,,132897,1,0,30,2,50,,132948,1,0,30,2,10,,132827,1,0,30,2,10,,132921,1,0,30,2,10,,132958,1,0,30,2,10,,132981,1,0,30,2,10,,132858,1,0,30,2,50,,132875,1,0,30,2,10,,132851,1,0,30,2,10,,132928,1,0,30,2,10,,132826,1,0,30,2,10,,132892,1,0,30,2,10,,132889,1,0,30,2,50,,132973,1,0,30,2,9,,132830,1,0,30,2,9,,132908,1,0,30,2,9,,132840,1,0,30,2,9,,132909,1,0,30,2,9,,132859,1,0,30,2,9,,132920,1,0,30,2,49,,132971,1,0,30,2,9,,132863,1,0,30,2,9,,132801,1,0,30,2,9,,132974,1,0,30,2,9,,132966,1,0,30,2,9,,132870,1,0,30,2,9,,132894,1,0,30,2,49,,132947,1,0,30,2,9,,132841,1,0,30,2,9,,132835,1,0,30,2,9,,132930,1,0,30,2,9,,132933,1,0,30,2,9,,132982,1,0,30,2,49,,132873,1,0,30,2,9,,132823,1,0,30,2,9,,132865,1,0,30,2,9,,132980,1,0,30,2,9,,132906,1,0,30,2,9,,132829,1,0,30,2,9,,132843,1,0,30,2,49,,132979,1,0,30,2,9,,132862,1,0,30,2,9,,132883,1,0,30,2,9,,132804,1,0,30,2,9,,132944,1,0,30,2,9,,132934,1,0,30,2,9,,132891,1,0,30,2,49,,132836,1,0,30,2,9,,132885,1,0,30,2,9,,132936,1,0,30,2,9,,132868,1,0,30,2,9,,132910,1,0,30,2,9,,132890,1,0,30,2,49,,132812,1,0,30,2,9,,132962,1,0,30,2,9,,132957,1,0,30,2,9,,132818,1,0,30,2,9,,132834,1,0,30,2,9,,132850,1,0,30,2,9,,132912,1,0,30,2,49,,132844,1,0,30,2,9,,119693,1,0,30,2,9,,132860,1,0,30,2,4,,132942,1,0,49,2,5,,132955,1,0,30,2,9,,132983,1,0,30,2,9,,132951,1,0,30,2,9,,132907,1,0,30,2,49,,132941,1,0,30,2,9,,132838,1,0,30,2,9,,132853,1,0,30,2,9,,132959,1,0,30,2,9,,132932,1,0,30,2,9,,107454,1,0,30,2,49,,132807,1,0,30,2,5,,132867,1,0,49,2,4,,132963,1,0,30,2,9,,132874,1,0,30,2,5,,132817,1,0,49,2,4,,132864,1,0,30,2,4,,132877,1,0,49,2,5,,132808,1,0,30,2,9,,132937,1,0,30,2,9,,132881,1,0,30,2,50,,132916,1,0,30,2,10,,132813,1,0,30,2,10,,132899,1,0,30,2,10,,132803,1,0,30,2,10,,132923,1,0,30,2,10,,132968,1,0,30,2,50,,132913,1,0,30,2,10,,132846,1,0,30,2,10,,132855,1,0,30,2,10,,132882,1,0,30,2,10,,132945,1,0,30,2,10,,132985,1,0,30,2,50,,132988,1,0,30,2,10,,132984,1,0,30,2,10,,132949,1,0,30,2,10,,132832,1,0,30,2,6,,132876,1,0,49,2,14,,132811,1,0,30,2,84,,132978,1,0,49,2
50702,'1',500,,133054,8,4,,2,10,,120673,8,4,,2,8,,132999,32,4,,2,11,,133180,32,4,,2,10,,133063,32,4,,2,10,,132992,32,4,,2,10,,133159,32,4,,2,50,,133183,32,4,,2,10,,133042,32,4,,2,10,,133190,32,4,,2,10,,133136,32,4,,2,10,,132994,32,4,,2,10,,133137,32,4,,2,45,,133102,8,4,,2,5,,133071,32,4,,2,6,,133076,8,4,,2,6,,133149,32,4,,2,8,,133036,32,4,,2,6,,133173,32,4,,2,7,,133048,32,4,,2,7,,133169,32,4,,2,7,,133189,32,4,,2,47,,133094,32,4,,2,7,,133037,32,4,,2,7,,133027,32,4,,2,7,,133182,32,4,,2,7,,133114,32,4,,2,7,,133057,32,4,,2,7,,133012,32,4,,2,7,,133080,32,4,,2,7,,133003,32,4,,2,47,,133104,32,4,,2,7,,132990,32,4,,2,7,,133123,32,4,,2,9,,133081,32,4,,2,9,,116344,32,4,,2,8,,133000,32,4,,2,8,,112236,32,4,,2,48,,133034,32,4,,2,8,,133148,32,4,,2,8,,133019,32,4,,2,8,,133151,32,4,,2,8,,133026,32,4,,2,8,,91856,32,4,,2,8,,133177,32,4,,2,8,,133018,32,4,,2,48,,133093,32,4,,2,8,,133150,32,4,,2,8,,133120,32,4,,2,8,,133178,32,4,,2,8,,133011,32,4,,2,8,,133053,32,4,,2,8,,133061,32,4,,2,48,,133089,32,4,,2,8,,133086,32,4,,2,8,,133121,32,4,,2,8,,133168,32,4,,2,8,,133045,32,4,,2,8,,133015,32,4,,2,8,,133113,32,4,,2,8,,133073,32,4,,2,48,,133096,32,4,,2,8,,133059,32,4,,2,8,,133060,32,4,,2,8,,133109,32,4,,2,8,,133171,32,4,,2,8,,133192,32,4,,2,8,,133068,32,4,,2,48,,133072,32,4,,2,8,,133170,32,4,,2,8,,133044,32,4,,2,8,,107193,32,4,,2,8,,133097,32,4,,2,8,,132996,32,4,,2,8,,133056,32,4,,2,8,,133186,32,4,,2,48,,133164,32,4,,2,8,,133014,32,4,,2,4,,133158,8,4,,2,4,,133112,32,4,,2,8,,133085,32,4,,2,10,,133122,32,4,,2,4,,133106,32,4,,2,7,,133079,32,4,,2,7,,133145,32,4,,2,47,,133091,32,4,,2,7,,133161,32,4,,2,7,,133020,32,4,,2,7,,133058,32,4,,2,7,,133130,32,4,,2,7,,133087,32,4,,2,7,,133092,32,4,,2,7,,133119,32,4,,2,47,,133185,32,4,,2,7,,133001,32,4,,2,7,,133142,32,4,,2,7,,133115,32,4,,2,7,,133156,32,4,,2,7,,133107,32,4,,2,7,,132998,32,4,,2,7,,133083,32,4,,2,7,,133116,32,4,,2,47,,133069,32,4,,2,7,,133172,32,4,,2,7,,133176,32,4,,2,7,,133049,32,4,,2,7,,133110,32,4,,2,7,,116398,32,4,,2,7,,133191,32,4,,2,7,,133082,32,4,,2,47,,133134,32,4,,2,7,,133165,32,4,,2,7,,133031,32,4,,2,7,,112885,32,4,,2,9,,133032,32,4,,2,5,,133007,32,4,,2,9,,133129,32,4,,2,5,,133187,32,4,,2,9,,133174,32,4,,2,49,,133052,32,4,,2,9,,133154,32,4,,2,9,,133135,32,4,,2,9,,133179,32,4,,2,9,,133041,32,4,,2,9,,133188,32,4,,2,6,,133160,8,4,,2,43,,133124,32,4,,2,9,,133166,32,4,,2,9,,133152,32,4,,2,2,,133038,8,4,,2,7,,133004,32,4,,2,9,,133066,32,4,,2,6,,133024,8,4,,2,3,,133175,32,4,,2,9,,133047,32,4,,2,49,,133013,32,4,,2,9,,133025,32,4,,2,9,,133046,32,4,,2,6,,133138,32,4,,2,12,,133117,32,4,,2,10,,133029,32,4,,2,50,,132991,32,4,,2,10,,133098,32,4,,2,10,,133078,32,4,,2,10,,133140,32,4,,2,10,,133157,32,4,,2,10,,133065,32,4,,2,50,,133143,32,4,,2,10,,133016,32,4,,2,10,,133062,32,4,,2,10,,133084,32,4,,2,10,,133181,32,4,,2,12,,133088,32,4,,2,52,,133147,32,4,,2,15,,133100,32,4,,2,20,,133103,32,4,,2,65,,133010,32,4,,2
50702,'2',459,,133366,32,4,,2,50,,133237,32,4,,2,10,,133211,32,4,,2,10,,133266,32,4,,2,10,,133281,32,4,,2,10,,133213,32,4,,2,10,,133360,32,4,,2,50,,133316,32,4,,2,10,,133249,32,4,,2,10,,133201,32,4,,2,10,,133352,32,4,,2,10,,133270,32,4,,2,10,,133230,32,4,,2,50,,133248,32,4,,2,10,,133349,32,4,,2,10,,133255,32,4,,2,10,,133267,32,4,,2,10,,133216,32,4,,2,10,,133335,32,4,,2,50,,133367,32,4,,2,9,,133310,32,4,,2,4,,133324,8,4,,2,9,,133323,32,4,,2,9,,133265,8,4,,2,6,,133325,32,4,,2,54,,133344,32,4,,2,9,,133327,32,4,,2,9,,133375,32,4,,2,9,,133246,32,4,,2,9,,133345,32,4,,2,9,,133239,32,4,,2,9,,133355,32,4,,2,49,,133261,32,4,,2,9,,133301,32,4,,2,9,,133312,32,4,,2,9,,133285,32,4,,2,9,,133329,32,4,,2,9,,133214,32,4,,2,9,,133373,32,4,,2,49,,133271,32,4,,2,9,,133364,32,4,,2,9,,133273,32,4,,2,9,,133268,32,4,,2,9,,133206,32,4,,2,9,,133305,32,4,,2,49,,133294,32,4,,2,9,,133346,32,4,,2,9,,133338,32,4,,2,5,,133283,8,4,,2,5,,133359,32,4,,2,10,,133361,32,4,,2,8,,133257,32,4,,2,8,,133368,32,4,,2,48,,133200,32,4,,2,8,,133262,32,4,,2,8,,133295,32,4,,2,8,,133245,32,4,,2,8,,133354,32,4,,2,8,,133242,32,4,,2,8,,133317,32,4,,2,8,,119405,32,4,,2,48,,133278,32,4,,2,8,,133322,32,4,,2,8,,133362,32,4,,2,8,,133356,32,4,,2,8,,133290,32,4,,2,8,,133250,32,4,,2,8,,133207,32,4,,2,48,,133330,32,4,,2,8,,133227,32,4,,2,8,,133208,32,4,,2,8,,133280,32,4,,2,8,,133342,32,4,,2,8,,133369,32,4,,2,8,,133371,32,4,,2,8,,133332,32,4,,2,48,,133193,32,4,,2,8,,133228,32,4,,2,8,,133247,32,4,,2,8,,133302,32,4,,2,8,,133225,32,4,,2,8,,133372,32,4,,2,8,,133304,32,4,,2,48,,133229,32,4,,2,8,,133339,32,4,,2,8,,133279,32,4,,2,8,,114889,32,4,,2,8,,133195,32,4,,2,8,,133232,32,4,,2,8,,133222,32,4,,2,8,,133254,32,4,,2,48,,133252,32,4,,2,8,,133199,32,4,,2,8,,133303,32,4,,2,8,,93129,32,4,,2,8,,133224,32,4,,2,8,,133351,32,4,,2,8,,133307,32,4,,2,48,,133234,32,4,,2,8,,133240,32,4,,2,8,,133350,32,4,,2,10,,133308,32,4,,2,7,,133299,32,4,,2,8,,133340,32,4,,2,9,,133274,32,4,,2,49,,133219,32,4,,2,9,,133236,32,4,,2,9,,133218,32,4,,2,9,,133226,32,4,,2,9,,113066,32,4,,2,9,,133217,32,4,,2,6,,133357,8,4,,2,3,,133292,32,4,,2,49,,133337,32,4,,2,5,,133300,8,4,,2,4,,133341,32,4,,2,9,,133282,32,4,,2,9,,133315,32,4,,2,4,,133343,8,4,,2,5,,133328,32,4,,2,9,,133251,32,4,,2,9,,133203,32,4,,2,49,,120141,32,4,,2,9,,133253,32,4,,2,9,,133288,32,4,,2,7,,133221,32,4,,2,10,,133298,32,4,,2,10,,133309,32,4,,2,50,,133277,32,4,,2,10,,133210,32,4,,2,10,,133194,32,4,,2,10,,133243,32,4,,2,10,,133296,32,4,,2,10,,133258,32,4,,2,50,,133244,32,4,,2,10,,133321,32,4,,2,10,,133241,32,4,,2,10,,133231,32,4,,2,10,,133313,32,4,,2,10,,133204,32,4,,2,52,,133220,32,4,,2,15,,133347,32,4,,2,20,,133260,32,4,,2,70,,133196,32,4,,2
50702,'3',455,,133450,32,4,,2,48,,133378,32,4,,2,9,,133382,32,4,,2,10,,133523,32,4,,2,10,,133422,32,4,,2,10,,133475,32,4,,2,10,,133430,32,4,,2,50,,133458,32,4,,2,10,,133399,32,4,,2,10,,133495,32,4,,2,10,,133480,32,4,,2,10,,133438,32,4,,2,10,,133457,32,4,,2,50,,133449,32,4,,2,10,,133389,32,4,,2,10,,133498,32,4,,2,10,,133472,32,4,,2,10,,133454,32,4,,2,10,,133413,32,4,,2,50,,133556,32,4,,2,10,,133534,32,4,,2,13,,133408,32,4,,2,13,,133543,32,4,,2,12,,133467,8,4,,2,5,,133486,32,4,,2,50,,133473,32,4,,2,10,,133536,32,4,,2,10,,133477,32,4,,2,10,,133384,32,4,,2,10,,133453,32,4,,2,10,,133527,32,4,,2,50,,115982,32,4,,2,10,,133437,32,4,,2,10,,133377,32,4,,2,10,,133484,32,4,,2,10,,133522,32,4,,2,10,,133494,32,4,,2,50,,133407,32,4,,2,10,,107770,32,4,,2,10,,133432,32,4,,2,10,,133544,32,4,,2,10,,133444,32,4,,2,10,,133506,32,4,,2,50,,133511,32,4,,2,10,,133496,32,4,,2,10,,133379,32,4,,2,9,,133503,32,4,,2,8,,133402,32,4,,2,8,,133441,32,4,,2,8,,133445,32,4,,2,49,,133485,32,4,,2,9,,133554,32,4,,2,9,,133470,32,4,,2,9,,133425,32,4,,2,9,,133385,32,4,,2,9,,133502,32,4,,2,49,,133400,32,4,,2,9,,133423,32,4,,2,9,,133519,32,4,,2,9,,133521,32,4,,2,9,,133557,32,4,,2,9,,133482,32,4,,2,9,,133401,32,4,,2,49,,133507,32,4,,2,9,,133424,32,4,,2,9,,133489,32,4,,2,9,,133545,32,4,,2,9,,133513,32,4,,2,9,,133434,32,4,,2,9,,133412,32,4,,2,49,,133526,32,4,,2,9,,133471,32,4,,2,9,,133555,32,4,,2,9,,133465,32,4,,2,9,,133512,32,4,,2,9,,133542,32,4,,2,49,,133452,32,4,,2,9,,133388,32,4,,2,9,,133392,32,4,,2,9,,133541,32,4,,2,9,,133380,32,4,,2,9,,133440,32,4,,2,9,,133456,32,4,,2,49,,133397,32,4,,2,9,,133518,32,4,,2,9,,133528,32,4,,2,9,,133464,32,4,,2,9,,133558,32,4,,2,9,,133428,32,4,,2,9,,133559,32,4,,2,49,,133520,32,4,,2,9,,133500,32,4,,2,9,,133398,32,4,,2,5,,133403,32,4,,2,9,,133405,32,4,,2,8,,133410,32,4,,2,7,,133504,32,4,,2,49,,133538,32,4,,2,9,,133483,32,4,,2,9,,133532,32,4,,2,9,,133550,32,4,,2,9,,133462,32,4,,2,9,,133505,32,4,,2,9,,133497,32,4,,2,43,,133531,8,4,,2,6,,133420,32,4,,2,4,,133416,8,4,,2,5,,120914,32,4,,2,3,,133455,8,4,,2,6,,133426,32,4,,2,9,,133553,32,4,,2,9,,133404,32,4,,2,9,,133551,32,4,,2,49,,115945,32,4,,2,9,,133387,32,4,,2,9,,133463,32,4,,2,9,,133459,32,4,,2,9,,133439,32,4,,2,9,,133474,32,4,,2,10,,123038,32,4,,2,50,,133524,32,4,,2,10,,133510,32,4,,2,10,,133492,32,4,,2,10,,133469,32,4,,2,10,,133448,32,4,,2,10,,133393,32,4,,2,50,,133548,32,4,,2,10,,133429,32,4,,2,10,,133491,32,4,,2,10,,133383,32,4,,2,10,,133488,32,4,,2,59,,133493,32,4,,2,19,,133535,32,4,,2,15,,133391,32,4,,2,20,,133479,32,4,,2
50702,'5',455,,133661,32,4,,2,48,,133742,32,4,,2,9,,133720,32,4,,2,10,,133707,32,4,,2,10,,133577,32,4,,2,10,,133596,32,4,,2,10,,133645,32,4,,2,50,,133741,32,4,,2,10,,133637,32,4,,2,10,,133610,32,4,,2,10,,133732,32,4,,2,10,,133630,32,4,,2,10,,122220,32,4,,2,50,,133671,32,4,,2,10,,133591,32,4,,2,10,,133632,32,4,,2,10,,133636,32,4,,2,10,,133633,32,4,,2,10,,133672,32,4,,2,50,,133743,32,4,,2,10,,133686,32,4,,2,13,,133717,32,4,,2,13,,133608,32,4,,2,7,,133667,8,4,,2,10,,133594,32,4,,2,50,,133670,32,4,,2,10,,133698,32,4,,2,10,,133631,32,4,,2,10,,133643,32,4,,2,10,,133697,32,4,,2,10,,133725,32,4,,2,50,,133624,32,4,,2,10,,133660,32,4,,2,10,,133656,32,4,,2,10,,133570,32,4,,2,10,,133734,32,4,,2,10,,133593,32,4,,2,50,,133680,32,4,,2,10,,133576,32,4,,2,10,,133609,32,4,,2,10,,133563,32,4,,2,10,,133706,32,4,,2,10,,133597,32,4,,2,50,,133617,32,4,,2,10,,133598,32,4,,2,10,,133675,32,4,,2,9,,133646,32,4,,2,8,,133565,32,4,,2,8,,133621,32,4,,2,8,,133560,32,4,,2,49,,133658,32,4,,2,9,,133673,32,4,,2,9,,133601,32,4,,2,9,,133604,32,4,,2,9,,133669,32,4,,2,9,,133607,32,4,,2,49,,133662,32,4,,2,9,,133571,32,4,,2,9,,93411,32,4,,2,9,,133585,32,4,,2,9,,133711,32,4,,2,9,,133650,32,4,,2,9,,133612,32,4,,2,49,,133731,32,4,,2,9,,133703,32,4,,2,9,,133572,32,4,,2,9,,133605,32,4,,2,9,,133620,32,4,,2,9,,133708,32,4,,2,9,,133615,32,4,,2,49,,133702,32,4,,2,9,,133739,32,4,,2,9,,133729,32,4,,2,9,,133710,32,4,,2,9,,133695,32,4,,2,9,,133652,32,4,,2,49,,133724,32,4,,2,9,,133690,32,4,,2,9,,133580,32,4,,2,9,,133589,32,4,,2,9,,133659,32,4,,2,9,,133627,32,4,,2,9,,133628,32,4,,2,49,,133713,32,4,,2,9,,133737,32,4,,2,9,,133740,32,4,,2,9,,133635,32,4,,2,9,,133689,32,4,,2,9,,133719,32,4,,2,9,,133730,32,4,,2,49,,133668,32,4,,2,9,,133564,32,4,,2,9,,133722,32,4,,2,5,,133599,32,4,,2,9,,112850,32,4,,2,8,,133726,32,4,,2,7,,122371,32,4,,2,49,,133723,32,4,,2,9,,133692,32,4,,2,9,,133727,32,4,,2,9,,133738,32,4,,2,9,,133654,32,4,,2,9,,133701,32,4,,2,3,,133566,8,4,,2,6,,133678,32,4,,2,49,,133718,32,4,,2,9,,133657,32,4,,2,3,,133618,8,4,,2,5,,133655,8,4,,2,1,,133735,32,4,,2,9,,133625,32,4,,2,9,,133634,32,4,,2,9,,133682,32,4,,2,49,,133595,32,4,,2,9,,133592,32,4,,2,9,,133583,32,4,,2,9,,133694,32,4,,2,9,,133639,32,4,,2,9,,133684,32,4,,2,10,,133691,32,4,,2,50,,133651,32,4,,2,10,,133587,32,4,,2,10,,133653,32,4,,2,10,,133600,32,4,,2,10,,118153,32,4,,2,10,,133716,32,4,,2,50,,133709,32,4,,2,10,,133728,32,4,,2,10,,133688,32,4,,2,10,,133664,32,4,,2,10,,133619,32,4,,2,59,,133567,32,4,,2,19,,133603,32,4,,2,15,,133647,32,4,,2,20,,133712,32,4,,2
