30102,'1',2507,,91377,21,,,2,7,,91373,21,0,17,2,13,,91368,21,,,2,7,,89112,21,0,17,2,13,,91355,21,,,2,7,,91357,21,0,17,2,51,,91364,21,,,2,10,,91353,21,0,17,2,10,,91354,21,,,2,10,,80677,21,0,17,2,10,,91362,21,,,2,5,,91371,21,0,17,2,6,,91372,21,0,17,2,49,,91352,21,,,2,20,,91369,21,,,2,20,,91358,21,,,2,60,,91359,21,,,2,20,,91375,21,,,2,20,,91365,21,,,2,60,,91351,21,,,2,20,,91367,21,0,17,2,20,,91360,21,0,17,2,60,,91370,21,0,17,2
30102,'2',2514,,91397,21,,,2,11,,91388,21,0,17,2,8,,91394,21,,,2,14,,91390,21,0,17,2,8,,91386,21,,,2,50,,91399,21,0,17,2,10,,91408,21,,,2,10,,91404,21,0,17,2,10,,91391,21,,,2,10,,91381,21,0,17,2,10,,91402,21,,,2,50,,91395,21,0,17,2,10,,91401,21,,,2,20,,91407,21,,,2,20,,91387,21,,,2,60,,91384,21,,,2,20,,91400,21,,,2,20,,91403,21,,,2,60,,91383,21,0,17,2,20,,91406,21,0,17,2,20,,91385,21,0,17,2,60,,91405,21,0,17,2
30102,'3',2506,,91431,21,,,2,22,,91415,21,,,2,10,,91417,21,0,17,2,12,,91424,21,,,2,50,,91419,21,0,17,2,10,,91432,21,,,2,10,,91412,21,0,17,2,10,,91420,21,,,2,10,,91418,21,0,17,2,10,,91422,21,,,2,60,,91409,21,,,2,20,,91411,21,,,2,20,,91410,21,,,2,60,,82311,21,,,2,20,,91423,21,,,2,20,,91429,21,,,2,60,,91433,21,0,17,2,20,,91426,21,0,17,2,20,,91435,21,0,17,2,60,,91434,21,0,17,2
30102,'5',2506,,91451,21,,,2,22,,91442,21,,,2,10,,91443,21,0,17,2,12,,91462,21,,,2,50,,91459,21,0,17,2,10,,91460,21,,,2,10,,91439,21,0,17,2,10,,91457,21,,,2,10,,91444,21,0,17,2,10,,91455,21,,,2,60,,91438,21,,,2,20,,91440,21,,,2,20,,87157,21,,,2,60,,91449,21,,,2,20,,91452,21,,,2,20,,91453,21,,,2,60,,91456,21,0,17,2,20,,91458,21,0,17,2,20,,91441,21,0,17,2,60,,91448,21,0,17,2
50102,'1',525,,93075,21,0,30,2,10,,92970,21,0,30,2,10,,92983,21,0,30,2,10,,92965,21,0,30,2,50,,93053,21,0,30,2,10,,92996,21,0,30,2,10,,93025,21,0,30,2,10,,93011,21,0,30,2,10,,93034,21,0,30,2,10,,92953,21,0,30,2,50,,92976,21,0,30,2,10,,93070,21,0,30,2,10,,92971,21,0,30,2,10,,92995,21,0,30,2,10,,92959,21,0,30,2,11,,92989,21,0,30,2,51,,93042,21,0,30,2,11,,92993,21,0,30,2,10,,92988,21,0,30,2,10,,78637,21,0,30,2,10,,92985,21,0,30,2,10,,93072,21,0,30,2,50,,92973,21,0,30,2,10,,93047,21,0,30,2,10,,93031,21,0,30,2,10,,92975,21,0,30,2,10,,93008,21,0,30,2,10,,92963,21,0,30,2,50,,92978,21,0,30,2,10,,92984,21,0,30,2,10,,93028,21,0,30,2,10,,93063,21,0,30,2,10,,92986,21,0,30,2,10,,92994,21,0,30,2,50,,92961,21,0,30,2,10,,93010,21,0,30,2,10,,92954,21,0,30,2,10,,93069,21,0,30,2,10,,93049,21,0,30,2,10,,93062,21,0,30,2,50,,93030,21,0,30,2,10,,92982,21,0,30,2,10,,93035,21,0,30,2,10,,93009,21,0,30,2,10,,92956,21,0,30,2,10,,92992,21,0,30,2,50,,93029,21,0,30,2,10,,93021,21,0,30,2,10,,92998,21,0,30,2,10,,93019,21,0,30,2,10,,92999,21,0,30,2,10,,93060,21,0,30,2,50,,92981,21,0,30,2,10,,93058,21,0,30,2,10,,92977,21,0,30,2,10,,93013,21,0,30,2,10,,93050,21,0,30,2,10,,93066,21,0,30,2,50,,93038,21,0,30,2,10,,92974,21,0,30,2,10,,93074,21,0,30,2,10,,92968,21,0,30,2,10,,93045,21,0,30,2,10,,93044,21,0,30,2,50,,92990,21,0,30,2,10,,92950,21,0,30,2,10,,93005,21,0,30,2,10,,93000,21,0,30,2,10,,93051,21,0,30,2,10,,93007,21,0,30,2,50,,93001,21,0,30,2,10,,92967,21,0,30,2,10,,93057,21,0,17,2,10,,92969,21,0,30,2,10,,93039,21,0,30,2,10,,93014,21,0,30,2,50,,93036,21,0,30,2,10,,92979,21,0,30,2,10,,93073,21,0,30,2,10,,93023,21,0,30,2,10,,93012,21,0,30,2,10,,93048,21,0,30,2,50,,93017,21,0,30,2,10,,93040,21,0,30,2,10,,88247,21,0,30,2,9,,93006,21,0,30,2,10,,93046,21,0,30,2,10,,92966,21,0,30,2,50,,93033,21,0,30,2,10,,93002,21,0,30,2,10,,93068,21,0,30,2,10,,93016,21,0,30,2,10,,93064,21,0,30,2,10,,92951,21,0,30,2,50,,92957,21,0,30,2,10,,93037,21,0,30,2,5,,93052,21,0,17,2,5,,93043,21,0,30,2,10,,93071,21,0,30,2,10,,93054,21,0,30,2,10,,92949,21,0,30,2,50,,92948,21,0,30,2,6,,93067,21,0,30,2,6,,93004,21,0,17,2,9,,87466,21,0,30,2,8,,92987,21,0,30,2,10,,93024,21,0,30,2,10,,93065,21,0,30,2,50,,93041,21,0,30,2,10,,93022,21,0,30,2,10,,93056,21,0,30,2,10,,92955,21,0,30,2,5,,92960,21,0,17,2,5,,93059,21,0,30,2,10,,93015,21,0,30,2,50,,92980,21,0,30,2,10,,93003,21,0,30,2,10,,92997,21,0,30,2,10,,92958,21,0,30,2,10,,93027,21,0,30,2,10,,93020,21,0,30,2
50102,'2',525,,93079,21,0,30,2,9,,93194,21,0,30,2,9,,93082,21,0,30,2,10,,93088,21,0,30,2,50,,93180,21,0,30,2,10,,93111,21,0,30,2,10,,93155,21,0,30,2,10,,93176,21,0,30,2,10,,93161,21,0,30,2,10,,93141,21,0,30,2,50,,93195,21,0,30,2,10,,93139,21,0,30,2,10,,93158,21,0,30,2,10,,93174,21,0,30,2,10,,93199,21,0,30,2,10,,93126,21,0,30,2,51,,93197,21,0,30,2,13,,93136,21,0,30,2,12,,93131,21,0,30,2,12,,93164,21,0,30,2,11,,93149,21,0,30,2,50,,93096,21,0,30,2,10,,93113,21,0,30,2,10,,93102,21,0,30,2,10,,93115,21,0,30,2,10,,93191,21,0,30,2,10,,93146,21,0,30,2,50,,93087,21,0,30,2,10,,93150,21,0,30,2,10,,93184,21,0,30,2,10,,84134,21,0,30,2,10,,93116,21,0,30,2,10,,93123,21,0,30,2,51,,93154,21,0,30,2,10,,93208,21,0,30,2,11,,93167,21,0,30,2,11,,93100,21,0,30,2,9,,93162,21,0,30,2,9,,93076,21,0,30,2,49,,93207,21,0,30,2,9,,93187,21,0,30,2,9,,93186,21,0,30,2,9,,93118,21,0,30,2,9,,93169,21,0,30,2,9,,93094,21,0,30,2,9,,93135,21,0,30,2,49,,93097,21,0,30,2,9,,93098,21,0,30,2,9,,93153,21,0,30,2,9,,93211,21,0,30,2,9,,93099,21,0,30,2,9,,93114,21,0,30,2,9,,93152,21,0,30,2,49,,93165,21,0,30,2,9,,93089,21,0,30,2,9,,93215,21,0,30,2,9,,93202,21,0,30,2,9,,93148,21,0,30,2,9,,93108,21,0,30,2,49,,93179,21,0,30,2,9,,93107,21,0,30,2,9,,93128,21,0,30,2,9,,93125,21,0,30,2,9,,93190,21,0,30,2,9,,93178,21,0,30,2,9,,93206,21,0,30,2,49,,93119,21,0,30,2,9,,93173,21,0,30,2,9,,93080,21,0,30,2,9,,93203,21,0,30,2,9,,93182,21,0,30,2,9,,93142,21,0,30,2,9,,93163,21,0,30,2,49,,93210,21,0,30,2,9,,93117,21,0,30,2,9,,93156,21,0,30,2,9,,93078,21,0,30,2,9,,93151,21,0,30,2,9,,93103,21,0,30,2,49,,93193,21,0,30,2,9,,93181,21,0,30,2,9,,93166,21,0,30,2,9,,93145,21,0,30,2,9,,93212,21,0,30,2,9,,93091,21,0,30,2,9,,93105,21,0,30,2,49,,93090,21,0,30,2,8,,93106,21,0,30,2,9,,93204,21,0,30,2,9,,93214,21,0,30,2,9,,93121,21,0,30,2,10,,93196,21,0,30,2,50,,93185,21,0,30,2,10,,93168,21,0,30,2,5,,93138,21,0,17,2,5,,93132,21,0,30,2,10,,93140,21,0,30,2,10,,93127,21,0,30,2,10,,93083,21,0,30,2,50,,93189,21,0,30,2,10,,93130,21,0,30,2,10,,93143,21,0,30,2,10,,93192,21,0,30,2,10,,93170,21,0,30,2,10,,93093,21,0,30,2,50,,93081,21,0,30,2,10,,93124,21,0,30,2,8,,93077,21,0,30,2,6,,93213,21,0,17,2,8,,93147,21,0,30,2,10,,93160,21,0,30,2,10,,93175,21,0,30,2,50,,93171,21,0,30,2,10,,93200,21,0,30,2,10,,93095,21,0,30,2,10,,93188,21,0,30,2,10,,93086,21,0,30,2,5,,93109,21,0,17,2,5,,93177,21,0,30,2,5,,93159,21,0,17,2,45,,93198,21,0,30,2,10,,93129,21,0,30,2,10,,93092,21,0,30,2,10,,93101,21,0,30,2,12,,93209,21,0,30,2,13,,93110,21,0,30,2,50,,93201,21,0,17,2,3,,82652,21,0,17,2
50102,'3',526,,93230,21,0,30,2,10,,93236,21,0,30,2,10,,93241,21,0,30,2,10,,85143,21,0,30,2,50,,93245,21,0,30,2,10,,93263,21,0,30,2,10,,93271,21,0,30,2,10,,93289,21,0,30,2,10,,93250,21,0,30,2,10,,93240,21,0,30,2,50,,93238,21,0,30,2,10,,93303,21,0,30,2,10,,93329,21,0,30,2,10,,93286,21,0,30,2,10,,93293,21,0,30,2,10,,80294,21,0,30,2,52,,93229,21,0,30,2,11,,93307,21,0,30,2,11,,93256,21,0,30,2,10,,93253,21,0,30,2,10,,93298,21,0,30,2,8,,93220,21,0,30,2,50,,93288,21,0,30,2,10,,93332,21,0,30,2,10,,93269,21,0,30,2,10,,93287,21,0,30,2,10,,93337,21,0,30,2,10,,93314,21,0,30,2,50,,93218,21,0,30,2,10,,93246,21,0,30,2,10,,93216,21,0,30,2,10,,79000,21,0,30,2,10,,93283,21,0,30,2,11,,93290,21,0,30,2,50,,93282,21,0,30,2,10,,93335,21,0,30,2,12,,93233,21,0,30,2,10,,93219,21,0,30,2,10,,93302,21,0,30,2,50,,93313,21,0,30,2,10,,93331,21,0,30,2,10,,93315,21,0,30,2,10,,93223,21,0,30,2,10,,93277,21,0,30,2,10,,93261,21,0,30,2,50,,93226,21,0,30,2,10,,76208,21,0,30,2,10,,93281,21,0,30,2,10,,85003,21,0,30,2,10,,93319,21,0,30,2,10,,93306,21,0,30,2,50,,93292,21,0,30,2,10,,93222,21,0,30,2,10,,84202,21,0,30,2,10,,93328,21,0,30,2,10,,87834,21,0,30,2,10,,93325,21,0,30,2,50,,93234,21,0,30,2,10,,93231,21,0,30,2,10,,93296,21,0,30,2,10,,93242,21,0,30,2,10,,93278,21,0,30,2,10,,93322,21,0,30,2,50,,93221,21,0,30,2,10,,93272,21,0,30,2,10,,93316,21,0,30,2,10,,93235,21,0,30,2,10,,93262,21,0,30,2,10,,93334,21,0,30,2,50,,93299,21,0,30,2,10,,93248,21,0,30,2,10,,93232,21,0,30,2,10,,93285,21,0,30,2,10,,93255,21,0,30,2,10,,93326,21,0,30,2,50,,93340,21,0,30,2,10,,93339,21,0,30,2,10,,93305,21,0,30,2,10,,93318,21,0,30,2,10,,82321,21,0,30,2,10,,93317,21,0,30,2,49,,93304,21,0,30,2,9,,93243,21,0,30,2,8,,93301,21,0,30,2,9,,93258,21,0,30,2,10,,93276,21,0,30,2,10,,93273,21,0,30,2,10,,93260,21,0,30,2,50,,93227,21,0,30,2,10,,93295,21,0,30,2,10,,93237,21,0,30,2,10,,93321,21,0,30,2,6,,93330,21,0,17,2,4,,93249,21,0,30,2,10,,93312,21,0,30,2,50,,93323,21,0,30,2,10,,80255,21,0,30,2,10,,93279,21,0,30,2,10,,93257,21,0,30,2,10,,93265,21,0,30,2,10,,93297,21,0,30,2,50,,93309,21,0,30,2,10,,93267,21,0,30,2,6,,93252,21,0,30,2,10,,93274,21,0,30,2,10,,93225,21,0,30,2,10,,93275,21,0,30,2,50,,93244,21,0,30,2,10,,93217,21,0,30,2,10,,93239,21,0,30,2,10,,93324,21,0,30,2,5,,93294,21,0,17,2,5,,93280,21,0,30,2,10,,93327,21,0,30,2,50,,93336,21,0,30,2,10,,93251,21,0,30,2,10,,93254,21,0,30,2,10,,93300,21,0,30,2,11,,93247,21,0,30,2,12,,93228,21,0,30,2,50,,93268,21,0,17,2,10,,93224,21,0,17,2
50102,'5',526,,93456,21,0,30,2,10,,93349,21,0,30,2,10,,93441,21,0,30,2,10,,93355,21,0,30,2,50,,93362,21,0,30,2,10,,93423,21,0,30,2,10,,93433,21,0,30,2,10,,93412,21,0,30,2,10,,93445,21,0,30,2,10,,93408,21,0,30,2,50,,93378,21,0,30,2,10,,93468,21,0,30,2,10,,93347,21,0,30,2,10,,93466,21,0,30,2,10,,93424,21,0,30,2,10,,93376,21,0,30,2,52,,93414,21,0,30,2,11,,93390,21,0,30,2,11,,93442,21,0,30,2,10,,75492,21,0,30,2,10,,93401,21,0,30,2,8,,93419,21,0,30,2,50,,93461,21,0,30,2,10,,93447,21,0,30,2,10,,93426,21,0,30,2,10,,93377,21,0,30,2,10,,93388,21,0,30,2,10,,93450,21,0,30,2,50,,93346,21,0,30,2,10,,93350,21,0,30,2,10,,93380,21,0,30,2,10,,93363,21,0,30,2,10,,93459,21,0,30,2,11,,93430,21,0,30,2,50,,93439,21,0,30,2,10,,93418,21,0,30,2,12,,93383,21,0,30,2,10,,93431,21,0,30,2,10,,93446,21,0,30,2,50,,93351,21,0,30,2,10,,93404,21,0,30,2,10,,93344,21,0,30,2,10,,93395,21,0,30,2,10,,93449,21,0,30,2,10,,93368,21,0,30,2,50,,93428,21,0,30,2,10,,93405,21,0,30,2,10,,93440,21,0,30,2,10,,93429,21,0,30,2,10,,93397,21,0,30,2,10,,81937,21,0,30,2,50,,93371,21,0,30,2,10,,93400,21,0,30,2,10,,93413,21,0,30,2,10,,93436,21,0,30,2,10,,93415,21,0,30,2,10,,93417,21,0,30,2,50,,93391,21,0,30,2,10,,93372,21,0,30,2,10,,93359,21,0,30,2,10,,93421,21,0,30,2,10,,93354,21,0,30,2,10,,93451,21,0,30,2,50,,93342,21,0,30,2,10,,93345,21,0,30,2,10,,93407,21,0,30,2,10,,93353,21,0,30,2,10,,93385,21,0,30,2,10,,93465,21,0,30,2,50,,93403,21,0,30,2,10,,93370,21,0,30,2,10,,93392,21,0,30,2,10,,93448,21,0,30,2,10,,93406,21,0,30,2,10,,93375,21,0,30,2,50,,93374,21,0,30,2,10,,93464,21,0,30,2,10,,93409,21,0,30,2,10,,93434,21,0,30,2,10,,93394,21,0,30,2,10,,93460,21,0,30,2,49,,93458,21,0,30,2,9,,93437,21,0,30,2,8,,93443,21,0,30,2,9,,93364,21,0,30,2,10,,93396,21,0,30,2,10,,93386,21,0,30,2,10,,93457,21,0,30,2,50,,93422,21,0,30,2,10,,93453,21,0,30,2,10,,93369,21,0,30,2,10,,93343,21,0,30,2,6,,93341,21,0,17,2,4,,93360,21,0,30,2,10,,93452,21,0,30,2,50,,93361,21,0,30,2,10,,93357,21,0,30,2,10,,93382,21,0,30,2,10,,93410,21,0,30,2,10,,93455,21,0,30,2,10,,87990,21,0,30,2,50,,93365,21,0,30,2,10,,93393,21,0,30,2,6,,93398,21,0,30,2,10,,93411,21,0,30,2,10,,93389,21,0,30,2,10,,93463,21,0,30,2,50,,93402,21,0,30,2,10,,93399,21,0,30,2,10,,93427,21,0,30,2,10,,93416,21,0,30,2,5,,93420,21,0,17,2,5,,93462,21,0,30,2,10,,93387,21,0,30,2,50,,93425,21,0,30,2,10,,93373,21,0,30,2,10,,82351,21,0,30,2,10,,93352,21,0,30,2,11,,93444,21,0,30,2,12,,93432,21,0,30,2,50,,93379,21,0,17,2,10,,93435,21,0,17,2
50302,'1',519,,94052,23,0,32 8 19,2,12,,93988,23,0,32 8 19,2,10,,94042,23,0,32 8 19,2,10,,94041,23,0,32 8 19,2,50,,94120,23,0,32 8 19,2,13,,94009,23,0,32 8 19,2,14,,94101,23,0,32 8 19,2,6,,94090,23,0,32 8 19,2,7,,86556,23,0,32 8 19,2,10,,79674,23,0,32 8 19,2,50,,94066,23,0,32 8 19,2,5,,94047,23,0,32 8 19,2,6,,93989,23,0,32 8 19,2,10,,94099,23,0,32 8 19,2,10,,94068,23,0,32 8 19,2,6,,93998,23,0,32 8 19,2,6,,94087,23,0,32 8 19,2,6,,94116,23,0,32 8 19,2,6,,94020,23,0,32 8 19,2,46,,94029,23,0,32 8 19,2,6,,94082,23,0,32 8 19,2,6,,94113,23,0,32 8 19,2,6,,94007,23,0,32 8 19,2,6,,94062,23,0,32 8 19,2,6,,94073,23,0,32 8 19,2,6,,94105,23,0,32 8 19,2,6,,94078,23,0,32 8 19,2,6,,94005,23,0,32 8 19,2,6,,94121,23,0,32 8 19,2,46,,94088,23,0,32 8 19,2,6,,94057,23,0,32 8 19,2,6,,94044,23,0,32 8 19,2,6,,94123,23,0,32 8 19,2,6,,94010,23,0,32 8 19,2,6,,94085,23,0,32 8 19,2,6,,94081,23,0,32 8 19,2,6,,94128,23,0,32 8 19,2,6,,94043,23,0,32 8 19,2,6,,93994,23,0,32 8 19,2,47,,94000,23,0,32 8 19,2,10,,94100,23,0,32 8 19,2,10,,94130,23,0,32 8 19,2,10,,94040,23,0,32 8 19,2,10,,94023,23,0,32 8 19,2,10,,94079,23,0,32 8 19,2,50,,94131,23,0,32 8 19,2,10,,94129,23,0,32 8 19,2,10,,94086,23,0,32 8 19,2,10,,94080,23,0,32 8 19,2,10,,94114,23,0,32 8 19,2,10,,94127,23,0,32 8 19,2,50,,94054,23,0,32 8 19,2,10,,94067,23,0,32 8 19,2,10,,94017,23,0,32 8 19,2,10,,94072,23,0,32 8 19,2,10,,94038,23,0,32 8 19,2,10,,94109,23,0,32 8 19,2,50,,94034,23,0,32 8 19,2,10,,94016,23,0,32 8 19,2,10,,94094,23,0,32 8 19,2,10,,94026,23,0,32 8 19,2,10,,93995,23,0,32 8 19,2,10,,94001,23,0,32 8 19,2,50,,94098,23,0,32 8 19,2,10,,94058,23,0,32 8 19,2,10,,94107,23,0,32 8 19,2,10,,94119,23,0,32 8 19,2,10,,94103,23,0,32 8 19,2,11,,94003,23,0,32 8 19,2,52,,94045,23,0,32 8 19,2,9,,94069,23,0,32 8 19,2,6,,94033,23,0,32 8 19,2,6,,94077,23,0,32 8 19,2,6,,94093,23,0,32 8 19,2,6,,94013,23,0,32 8 19,2,8,,94050,23,0,32 8 19,2,8,,94056,23,0,32 8 19,2,48,,94074,23,0,32 8 19,2,6,,89064,23,0,32 8 19,2,6,,94076,23,0,32 8 19,2,6,,93997,23,0,32 8 19,2,6,,94048,23,0,32 8 19,2,6,,94111,23,0,32 8 19,2,6,,94089,23,0,32 8 19,2,6,,79538,23,0,32 8 19,2,6,,94014,23,0,32 8 19,2,6,,94046,23,0,32 8 19,2,46,,94095,23,0,32 8 19,2,6,,94084,23,0,32 8 19,2,6,,94021,23,0,32 8 19,2,6,,94092,23,0,32 8 19,2,6,,94108,23,0,32 8 19,2,6,,93992,23,0,32 8 19,2,6,,94070,23,0,32 8 19,2,6,,94071,23,0,32 8 19,2,6,,94083,23,0,32 8 19,2,6,,94049,23,0,32 8 19,2,46,,94018,23,0,32 8 19,2,18,,94012,23,0,32 8 19,2,6,,94055,23,0,32 8 19,2,6,,94039,23,0,32 8 19,2,6,,94004,23,0,32 8 19,2,6,,94075,23,0,32 8 19,2,4,,94112,23,0,32 8 19,2,4,,94008,23,0,32 8 19,2,47,,94106,23,0,32 8 19,2,7,,94091,23,0,32 8 19,2,7,,94022,23,0,32 8 19,2,6,,94104,23,0,32 8 19,2,7,,94037,23,0,32 8 19,2,5,,94019,23,0,32 8 19,2,7,,93999,23,0,32 8 19,2,8,,94053,23,0,32 8 19,2,8,,94118,23,0,32 8 19,2,48,,93987,23,0,32 8 19,2,8,,94060,23,0,32 8 19,2,8,,94011,23,0,32 8 19,2,8,,93993,23,0,32 8 19,2,8,,94015,23,0,32 8 19,2,8,,94102,23,0,32 8 19,2,8,,94117,23,0,32 8 19,2,8,,94002,23,0,32 8 19,2,48,,94031,23,0,32 8 19,2,8,,93996,23,0,32 8 19,2,8,,94035,23,0,32 8 19,2,8,,94063,23,0,32 8 19,2,8,,94122,23,0,32 8 19,2,8,,94032,23,0,32 8 19,2,8,,93991,23,0,32 8 19,2,49,,94024,23,0,32 8 19,2,9,,94096,23,0,32 8 19,2,8,,94027,23,0,32 8 19,2,9,,94097,23,0,32 8 19,2,9,,94125,23,0,32 8 19,2,10,,94030,23,0,32 8 19,2,10,,93990,23,0,32 8 19,2,50,,94006,23,0,32 8 19,2,10,,94124,23,0,32 8 19,2,10,,94110,23,0,32 8 19,2,10,,94061,23,0,32 8 19,2,10,,94028,23,0,32 8 19,2,10,,94051,23,0,32 8 19,2,50,,94025,23,0,32 8 19,2,10,,94126,23,0,32 8 19,2,10,,94065,23,0,32 8 19,2,10,,93986,23,0,32 8 19,2,10,,94036,23,0,32 8 19,2,10,,94115,23,0,32 8 19,2,51,,94059,23,0,32 8 19,2,18,,94064,23,0,32 8 19,2
50302,'2',445,,94235,23,0,32 8 19,2,65,,94188,23,0,32 8 19,2,17,,94223,23,0,32 8 19,2,13,,94199,23,0,32 8 19,2,15,,94169,23,0,32 8 19,2,55,,94195,23,0,32 8 19,2,10,,94134,23,0,32 8 19,2,10,,94136,23,0,32 8 19,2,10,,94232,23,0,32 8 19,2,10,,94132,23,0,32 8 19,2,50,,94178,23,0,32 8 19,2,10,,94162,23,0,32 8 19,2,10,,94181,23,0,32 8 19,2,10,,94201,23,0,32 8 19,2,10,,94158,23,0,32 8 19,2,10,,94231,23,0,32 8 19,2,50,,94220,23,0,32 8 19,2,10,,94140,23,0,32 8 19,2,11,,94159,23,0,32 8 19,2,13,,94166,23,0,32 8 19,2,11,,94245,23,0,32 8 19,2,9,,94258,23,0,32 8 19,2,49,,77519,23,0,32 8 19,2,9,,94133,23,0,32 8 19,2,10,,94156,23,0,32 8 19,2,10,,94149,23,0,32 8 19,2,10,,94196,23,0,32 8 19,2,10,,94210,23,0,32 8 19,2,50,,94174,23,0,32 8 19,2,10,,94247,23,0,32 8 19,2,10,,94214,23,0,32 8 19,2,10,,94250,23,0,32 8 19,2,10,,94177,23,0,32 8 19,2,10,,94168,23,0,32 8 19,2,50,,94194,23,0,32 8 19,2,10,,94143,23,0,32 8 19,2,10,,94197,23,0,32 8 19,2,10,,94221,23,0,32 8 19,2,11,,94151,23,0,32 8 19,2,10,,94239,23,0,32 8 19,2,50,,94249,23,0,32 8 19,2,10,,94139,23,0,32 8 19,2,5,,94208,23,0,32 8 19,2,6,,94180,23,0,32 8 19,2,10,,94259,23,0,32 8 19,2,10,,94138,23,0,32 8 19,2,8,,94204,23,0,32 8 19,2,48,,94233,23,0,32 8 19,2,16,,94237,23,0,32 8 19,2,8,,94192,23,0,32 8 19,2,8,,76490,23,0,32 8 19,2,8,,94207,23,0,32 8 19,2,8,,94228,23,0,32 8 19,2,8,,94248,23,0,32 8 19,2,48,,94256,23,0,32 8 19,2,8,,94191,23,0,32 8 19,2,8,,94209,23,0,32 8 19,2,8,,94179,23,0,32 8 19,2,8,,94167,23,0,32 8 19,2,8,,94226,23,0,32 8 19,2,8,,94243,23,0,32 8 19,2,48,,94182,23,0,32 8 19,2,8,,94165,23,0,32 8 19,2,8,,94153,23,0,32 8 19,2,8,,94148,23,0,32 8 19,2,8,,94155,23,0,32 8 19,2,8,,94224,23,0,32 8 19,2,8,,94175,23,0,32 8 19,2,8,,94154,23,0,32 8 19,2,48,,94183,23,0,32 8 19,2,8,,94184,23,0,32 8 19,2,8,,94255,23,0,32 8 19,2,8,,94225,23,0,32 8 19,2,8,,94164,23,0,32 8 19,2,8,,94227,23,0,32 8 19,2,8,,94203,23,0,32 8 19,2,48,,94213,23,0,32 8 19,2,8,,94157,23,0,32 8 19,2,8,,94163,23,0,32 8 19,2,8,,94219,23,0,32 8 19,2,8,,94150,23,0,32 8 19,2,8,,94251,23,0,32 8 19,2,8,,94222,23,0,32 8 19,2,8,,94137,23,0,32 8 19,2,48,,94173,23,0,32 8 19,2,8,,94257,23,0,32 8 19,2,16,,94170,23,0,32 8 19,2,8,,94261,23,0,32 8 19,2,8,,94200,23,0,32 8 19,2,8,,94186,23,0,32 8 19,2,49,,94202,23,0,32 8 19,2,9,,94253,23,0,32 8 19,2,9,,94142,23,0,32 8 19,2,9,,94234,23,0,32 8 19,2,9,,94135,23,0,32 8 19,2,9,,94205,23,0,32 8 19,2,10,,94218,23,0,32 8 19,2,50,,94236,23,0,32 8 19,2,10,,94176,23,0,32 8 19,2,10,,94141,23,0,32 8 19,2,10,,79964,23,0,32 8 19,2,10,,94260,23,0,32 8 19,2,10,,94187,23,0,32 8 19,2,50,,94229,23,0,32 8 19,2,10,,94160,23,0,32 8 19,2,10,,94189,23,0,32 8 19,2,10,,94147,23,0,32 8 19,2,10,,94172,23,0,32 8 19,2,10,,94242,23,0,32 8 19,2,50,,94185,23,0,32 8 19,2,11,,94146,23,0,32 8 19,2,10,,94161,23,0,32 8 19,2,10,,94254,23,0,32 8 19,2,10,,94216,23,0,32 8 19,2,10,,94244,23,0,32 8 19,2,50,,94252,23,0,32 8 19,2,10,,94238,23,0,32 8 19,2,10,,94206,23,0,32 8 19,2,10,,94171,23,0,32 8 19,2,10,,94190,23,0,32 8 19,2,10,,94230,23,0,32 8 19,2,50,,94240,23,0,32 8 19,2,10,,94144,23,0,32 8 19,2,10,,94193,23,0,32 8 19,2,10,,94241,23,0,32 8 19,2,10,,94152,23,0,32 8 19,2,10,,94198,23,0,32 8 19,2,50,,94145,23,0,32 8 19,2,10,,94246,23,0,32 8 19,2,10,,94215,23,0,32 8 19,2,10,,94262,23,0,32 8 19,2,10,,94217,23,0,32 8 19,2,8,,94211,23,0,32 8 19,2,48,,94212,23,0,32 8 19,2
50302,'3',513,,94286,23,0,32 8 19,2,21,,94346,23,0,32 8 19,2,20,,94294,23,0,32 8 19,2,60,,94324,23,0,32 8 19,2,20,,80283,23,0,32 8 19,2,10,,94360,23,0,32 8 19,2,10,,94358,23,0,32 8 19,2,50,,94289,23,0,32 8 19,2,10,,94316,23,0,32 8 19,2,10,,94287,23,0,32 8 19,2,10,,94359,23,0,32 8 19,2,10,,94342,23,0,32 8 19,2,10,,94370,23,0,32 8 19,2,51,,94306,23,0,32 8 19,2,13,,94355,23,0,32 8 19,2,12,,94296,23,0,32 8 19,2,11,,94335,23,0,32 8 19,2,9,,94268,23,0,32 8 19,2,8,,94269,23,0,32 8 19,2,48,,94277,23,0,32 8 19,2,10,,94323,23,0,32 8 19,2,10,,94366,23,0,32 8 19,2,10,,94276,23,0,32 8 19,2,10,,75434,23,0,32 8 19,2,10,,94339,23,0,32 8 19,2,50,,94350,23,0,32 8 19,2,10,,94308,23,0,32 8 19,2,10,,94275,23,0,32 8 19,2,10,,94353,23,0,32 8 19,2,10,,94352,23,0,32 8 19,2,10,,94301,23,0,32 8 19,2,50,,94376,23,0,32 8 19,2,10,,94272,23,0,32 8 19,2,10,,94321,23,0,32 8 19,2,10,,94364,23,0,32 8 19,2,10,,94263,23,0,32 8 19,2,10,,94329,23,0,32 8 19,2,50,,94283,23,0,32 8 19,2,9,,94291,23,0,32 8 19,2,9,,94303,23,0,32 8 19,2,10,,94373,23,0,32 8 19,2,9,,94327,23,0,32 8 19,2,9,,80244,23,0,32 8 19,2,50,,94305,23,0,32 8 19,2,10,,94266,23,0,32 8 19,2,10,,94363,23,0,32 8 19,2,10,,94348,23,0,32 8 19,2,10,,94313,23,0,32 8 19,2,10,,94297,23,0,32 8 19,2,50,,94300,23,0,32 8 19,2,10,,94341,23,0,32 8 19,2,10,,94331,23,0,32 8 19,2,10,,94336,23,0,32 8 19,2,10,,94338,23,0,32 8 19,2,10,,94340,23,0,32 8 19,2,50,,94278,23,0,32 8 19,2,10,,94343,23,0,32 8 19,2,10,,94375,23,0,32 8 19,2,10,,94362,23,0,32 8 19,2,10,,94288,23,0,32 8 19,2,10,,94298,23,0,32 8 19,2,50,,94337,23,0,32 8 19,2,10,,94334,23,0,32 8 19,2,10,,94267,23,0,32 8 19,2,10,,94332,23,0,32 8 19,2,10,,94328,23,0,32 8 19,2,10,,94281,23,0,32 8 19,2,50,,94304,23,0,32 8 19,2,10,,94292,23,0,32 8 19,2,10,,94368,23,0,32 8 19,2,10,,94295,23,0,32 8 19,2,10,,85132,23,0,32 8 19,2,10,,94369,23,0,32 8 19,2,50,,94318,23,0,32 8 19,2,10,,94326,23,0,32 8 19,2,10,,94361,23,0,32 8 19,2,10,,94357,23,0,32 8 19,2,20,,94345,23,0,32 8 19,2,50,,94293,23,0,32 8 19,2,10,,94284,23,0,32 8 19,2,11,,94265,23,0,32 8 19,2,11,,94319,23,0,32 8 19,2,12,,94290,23,0,32 8 19,2,10,,94309,23,0,32 8 19,2,50,,94307,23,0,32 8 19,2,10,,94280,23,0,32 8 19,2,10,,94330,23,0,32 8 19,2,10,,94302,23,0,32 8 19,2,10,,94354,23,0,32 8 19,2,10,,67251,23,0,32 8 19,2,50,,94317,23,0,32 8 19,2,10,,94314,23,0,32 8 19,2,10,,82258,23,0,32 8 19,2,10,,94365,23,0,32 8 19,2,10,,94372,23,0,32 8 19,2,10,,94274,23,0,32 8 19,2,50,,94349,23,0,32 8 19,2,10,,94285,23,0,32 8 19,2,11,,94367,23,0,32 8 19,2,10,,94270,23,0,32 8 19,2,7,,94356,23,0,32 8 19,2,10,,94371,23,0,32 8 19,2,50,,94282,23,0,32 8 19,2,10,,94333,23,0,32 8 19,2,10,,94299,23,0,32 8 19,2,10,,94279,23,0,32 8 19,2,10,,94374,23,0,32 8 19,2,10,,94311,23,0,32 8 19,2,50,,94310,23,0,32 8 19,2,10,,94351,23,0,32 8 19,2,10,,94315,23,0,32 8 19,2,10,,87007,23,0,32 8 19,2,10,,94312,23,0,32 8 19,2,10,,94322,23,0,32 8 19,2,50,,94347,23,0,32 8 19,2,12,,94320,23,0,32 8 19,2,8,,94344,23,0,32 8 19,2,10,,94273,23,0,32 8 19,2,10,,94325,23,0,32 8 19,2,13,,94271,23,0,32 8 19,2,54,,94264,23,0,32 8 19,2
50302,'5',513,,94492,23,0,32 8 19,2,21,,94378,23,0,32 8 19,2,20,,94422,23,0,32 8 19,2,60,,94379,23,0,32 8 19,2,20,,94484,23,0,32 8 19,2,10,,94488,23,0,32 8 19,2,10,,94377,23,0,32 8 19,2,50,,94397,23,0,32 8 19,2,10,,94472,23,0,32 8 19,2,10,,94412,23,0,32 8 19,2,10,,94409,23,0,32 8 19,2,10,,94450,23,0,32 8 19,2,10,,94407,23,0,32 8 19,2,51,,94477,23,0,32 8 19,2,13,,94404,23,0,32 8 19,2,12,,94427,23,0,32 8 19,2,11,,94402,23,0,32 8 19,2,9,,94475,23,0,32 8 19,2,8,,94444,23,0,32 8 19,2,48,,94480,23,0,32 8 19,2,10,,94494,23,0,32 8 19,2,10,,94390,23,0,32 8 19,2,10,,94413,23,0,32 8 19,2,10,,94451,23,0,32 8 19,2,10,,94446,23,0,32 8 19,2,50,,94401,23,0,32 8 19,2,10,,94386,23,0,32 8 19,2,10,,87277,23,0,32 8 19,2,10,,94447,23,0,32 8 19,2,10,,94489,23,0,32 8 19,2,10,,94388,23,0,32 8 19,2,50,,94430,23,0,32 8 19,2,10,,94405,23,0,32 8 19,2,10,,94433,23,0,32 8 19,2,10,,94460,23,0,32 8 19,2,10,,94497,23,0,32 8 19,2,10,,94439,23,0,32 8 19,2,50,,94429,23,0,32 8 19,2,9,,94396,23,0,32 8 19,2,9,,94417,23,0,32 8 19,2,10,,94399,23,0,32 8 19,2,9,,94414,23,0,32 8 19,2,9,,94465,23,0,32 8 19,2,50,,94432,23,0,32 8 19,2,10,,94392,23,0,32 8 19,2,10,,94464,23,0,32 8 19,2,10,,94495,23,0,32 8 19,2,10,,94381,23,0,32 8 19,2,10,,94481,23,0,32 8 19,2,50,,94385,23,0,32 8 19,2,10,,94435,23,0,32 8 19,2,10,,94462,23,0,32 8 19,2,10,,94426,23,0,32 8 19,2,10,,94420,23,0,32 8 19,2,10,,94408,23,0,32 8 19,2,50,,94483,23,0,32 8 19,2,10,,94387,23,0,32 8 19,2,10,,94487,23,0,32 8 19,2,10,,94456,23,0,32 8 19,2,10,,94459,23,0,32 8 19,2,10,,94453,23,0,32 8 19,2,50,,94419,23,0,32 8 19,2,10,,94469,23,0,32 8 19,2,10,,94470,23,0,32 8 19,2,10,,94406,23,0,32 8 19,2,10,,94455,23,0,32 8 19,2,10,,94431,23,0,32 8 19,2,50,,94418,23,0,32 8 19,2,10,,94434,23,0,32 8 19,2,10,,94416,23,0,32 8 19,2,10,,94479,23,0,32 8 19,2,10,,94457,23,0,32 8 19,2,10,,94380,23,0,32 8 19,2,50,,94384,23,0,32 8 19,2,10,,94478,23,0,32 8 19,2,10,,94398,23,0,32 8 19,2,10,,94496,23,0,32 8 19,2,10,,94476,23,0,32 8 19,2,10,,94491,23,0,32 8 19,2,50,,94440,23,0,32 8 19,2,10,,94463,23,0,32 8 19,2,11,,94443,23,0,32 8 19,2,11,,94423,23,0,32 8 19,2,12,,94490,23,0,32 8 19,2,10,,94421,23,0,32 8 19,2,50,,94415,23,0,32 8 19,2,10,,94458,23,0,32 8 19,2,10,,94437,23,0,32 8 19,2,10,,94474,23,0,32 8 19,2,10,,94428,23,0,32 8 19,2,10,,94438,23,0,32 8 19,2,50,,94467,23,0,32 8 19,2,10,,94452,23,0,32 8 19,2,10,,94466,23,0,32 8 19,2,10,,94485,23,0,32 8 19,2,10,,94493,23,0,32 8 19,2,10,,94454,23,0,32 8 19,2,50,,94471,23,0,32 8 19,2,10,,94411,23,0,32 8 19,2,11,,94400,23,0,32 8 19,2,10,,94403,23,0,32 8 19,2,7,,94473,23,0,32 8 19,2,10,,94424,23,0,32 8 19,2,50,,94410,23,0,32 8 19,2,10,,94448,23,0,32 8 19,2,10,,94436,23,0,32 8 19,2,10,,94393,23,0,32 8 19,2,10,,94395,23,0,32 8 19,2,10,,94445,23,0,32 8 19,2,50,,94389,23,0,32 8 19,2,10,,94383,23,0,32 8 19,2,10,,94442,23,0,32 8 19,2,10,,94468,23,0,32 8 19,2,10,,94425,23,0,32 8 19,2,10,,94461,23,0,32 8 19,2,50,,94486,23,0,32 8 19,2,12,,94382,23,0,32 8 19,2,8,,94482,23,0,32 8 19,2,10,,94391,23,0,32 8 19,2,10,,94394,23,0,32 8 19,2,13,,94449,23,0,32 8 19,2,54,,94441,23,0,32 8 19,2
