30102,'1',2508,,91377,23,,,2,7,,91373,23,0,17,2,13,,91368,23,,,2,7,,89112,23,0,17,2,13,,91355,23,,,2,7,,91357,23,0,17,2,51,,91364,23,,,2,10,,91353,23,0,17,2,10,,91354,23,,,2,10,,80677,23,0,17,2,10,,91362,23,,,2,5,,91371,23,0,17,2,6,,91372,23,0,17,2,49,,91352,23,,,2,20,,91369,23,,,2,20,,91358,23,,,2,60,,91359,23,,,2,20,,91375,23,,,2,20,,91365,23,,,2,60,,91351,23,,,2,20,,91367,23,0,17,2,20,,91360,23,0,17,2,60,,91370,23,0,17,2
30102,'2',2515,,91397,23,,,2,11,,91388,23,0,17,2,8,,91394,23,,,2,14,,91390,23,0,17,2,8,,91386,23,,,2,50,,91399,23,0,17,2,10,,91408,23,,,2,10,,91404,23,0,17,2,10,,91391,23,,,2,10,,91381,23,0,17,2,10,,91402,23,,,2,50,,91395,23,0,17,2,10,,91401,23,,,2,20,,91407,23,,,2,20,,91387,23,,,2,60,,91384,23,,,2,20,,91400,23,,,2,20,,91403,23,,,2,60,,91383,23,0,17,2,20,,91406,23,0,17,2,20,,91385,23,0,17,2,60,,91405,23,0,17,2
30102,'3',2507,,91431,23,,,2,22,,91415,23,,,2,10,,91417,23,0,17,2,12,,91424,23,,,2,50,,91419,23,0,17,2,10,,91432,23,,,2,10,,91412,23,0,17,2,10,,91420,23,,,2,10,,91418,23,0,17,2,10,,91422,23,,,2,60,,91409,23,,,2,20,,91411,23,,,2,20,,91410,23,,,2,60,,82311,23,,,2,20,,91423,23,,,2,20,,91429,23,,,2,60,,91433,23,0,17,2,20,,91426,23,0,17,2,20,,91435,23,0,17,2,60,,91434,23,0,17,2
30102,'5',2507,,91451,23,,,2,22,,91442,23,,,2,10,,91443,23,0,17,2,12,,91462,23,,,2,50,,91459,23,0,17,2,10,,91460,23,,,2,10,,91439,23,0,17,2,10,,91457,23,,,2,10,,91444,23,0,17,2,10,,91455,23,,,2,60,,91438,23,,,2,20,,91440,23,,,2,20,,87157,23,,,2,60,,91449,23,,,2,20,,91452,23,,,2,20,,91453,23,,,2,60,,91456,23,0,17,2,20,,91458,23,0,17,2,20,,91441,23,0,17,2,60,,91448,23,0,17,2
50102,'1',526,,93075,23,0,30,2,10,,92970,23,0,30,2,10,,92983,23,0,30,2,10,,92965,23,0,30,2,50,,93053,23,0,30,2,10,,92996,23,0,30,2,10,,93025,23,0,30,2,10,,93011,23,0,30,2,10,,93034,23,0,30,2,10,,92953,23,0,30,2,50,,92976,23,0,30,2,10,,93070,23,0,30,2,10,,92971,23,0,30,2,10,,92995,23,0,30,2,10,,92959,23,0,30,2,11,,92989,23,0,30,2,51,,93042,23,0,30,2,11,,92993,23,0,30,2,11,,92988,23,0,30,2,10,,78637,23,0,30,2,10,,92985,23,0,30,2,50,,93072,23,0,30,2,10,,92973,23,0,30,2,10,,93047,23,0,30,2,10,,93031,23,0,30,2,10,,92975,23,0,30,2,10,,93008,23,0,30,2,50,,92963,23,0,30,2,10,,92978,23,0,30,2,10,,92984,23,0,30,2,10,,93028,23,0,30,2,10,,93063,23,0,30,2,10,,92986,23,0,30,2,50,,92994,23,0,30,2,10,,92961,23,0,30,2,10,,93010,23,0,30,2,10,,92954,23,0,30,2,10,,93069,23,0,30,2,10,,93049,23,0,30,2,50,,93062,23,0,30,2,10,,93030,23,0,30,2,10,,92982,23,0,30,2,10,,93035,23,0,30,2,10,,93009,23,0,30,2,10,,92956,23,0,30,2,50,,92992,23,0,30,2,10,,93029,23,0,30,2,10,,93021,23,0,30,2,10,,92998,23,0,30,2,10,,93019,23,0,30,2,10,,92999,23,0,30,2,50,,93060,23,0,30,2,10,,92981,23,0,30,2,10,,93058,23,0,30,2,10,,92977,23,0,30,2,10,,93013,23,0,30,2,10,,93050,23,0,30,2,50,,93066,23,0,30,2,10,,93038,23,0,30,2,10,,92974,23,0,30,2,10,,93074,23,0,30,2,10,,92968,23,0,30,2,10,,93045,23,0,30,2,50,,93044,23,0,30,2,10,,92990,23,0,30,2,10,,92950,23,0,30,2,10,,93005,23,0,30,2,10,,93000,23,0,30,2,10,,93051,23,0,30,2,50,,93007,23,0,30,2,10,,93001,23,0,30,2,10,,92967,23,0,30,2,10,,93057,23,0,17,2,10,,92969,23,0,30,2,10,,93039,23,0,30,2,50,,93014,23,0,30,2,10,,93036,23,0,30,2,10,,92979,23,0,30,2,10,,93073,23,0,30,2,10,,93023,23,0,30,2,10,,93012,23,0,30,2,50,,93048,23,0,30,2,10,,93017,23,0,30,2,10,,93040,23,0,30,2,10,,88247,23,0,30,2,8,,93006,23,0,30,2,10,,93046,23,0,30,2,10,,92966,23,0,30,2,50,,93033,23,0,30,2,10,,93002,23,0,30,2,10,,93068,23,0,30,2,10,,93016,23,0,30,2,10,,93064,23,0,30,2,10,,92951,23,0,30,2,50,,92957,23,0,30,2,10,,93037,23,0,30,2,5,,93052,23,0,17,2,5,,93043,23,0,30,2,10,,93071,23,0,30,2,10,,93054,23,0,30,2,10,,92949,23,0,30,2,50,,92948,23,0,30,2,6,,93067,23,0,30,2,6,,93004,23,0,17,2,9,,87466,23,0,30,2,8,,92987,23,0,30,2,10,,93024,23,0,30,2,10,,93065,23,0,30,2,50,,93041,23,0,30,2,10,,93022,23,0,30,2,10,,93056,23,0,30,2,10,,92955,23,0,30,2,5,,92960,23,0,17,2,5,,93059,23,0,30,2,10,,93015,23,0,30,2,50,,92980,23,0,30,2,10,,93003,23,0,30,2,10,,92997,23,0,30,2,10,,92958,23,0,30,2,10,,93027,23,0,30,2,10,,93020,23,0,30,2
50102,'2',527,,93079,23,0,30,2,9,,93194,23,0,30,2,9,,93082,23,0,30,2,10,,93088,23,0,30,2,50,,93180,23,0,30,2,10,,93111,23,0,30,2,10,,93155,23,0,30,2,10,,93176,23,0,30,2,10,,93161,23,0,30,2,10,,93141,23,0,30,2,50,,93195,23,0,30,2,10,,93139,23,0,30,2,10,,93158,23,0,30,2,10,,93174,23,0,30,2,10,,93199,23,0,30,2,10,,93126,23,0,30,2,50,,93197,23,0,30,2,13,,93136,23,0,30,2,12,,93131,23,0,30,2,12,,93164,23,0,30,2,11,,93149,23,0,30,2,50,,93096,23,0,30,2,10,,93113,23,0,30,2,10,,93102,23,0,30,2,10,,93115,23,0,30,2,10,,93191,23,0,30,2,10,,93146,23,0,30,2,50,,93087,23,0,30,2,10,,93150,23,0,30,2,10,,93184,23,0,30,2,10,,84134,23,0,30,2,10,,93116,23,0,30,2,10,,93123,23,0,30,2,52,,93154,23,0,30,2,10,,93208,23,0,30,2,11,,93167,23,0,30,2,11,,93100,23,0,30,2,9,,93162,23,0,30,2,9,,93076,23,0,30,2,49,,93207,23,0,30,2,9,,93187,23,0,30,2,9,,93186,23,0,30,2,9,,93118,23,0,30,2,9,,93169,23,0,30,2,9,,93094,23,0,30,2,9,,93135,23,0,30,2,49,,93097,23,0,30,2,9,,93098,23,0,30,2,9,,93153,23,0,30,2,9,,93211,23,0,30,2,9,,93099,23,0,30,2,9,,93114,23,0,30,2,49,,93152,23,0,30,2,9,,93165,23,0,30,2,9,,93089,23,0,30,2,9,,93215,23,0,30,2,9,,93202,23,0,30,2,9,,93148,23,0,30,2,9,,93108,23,0,30,2,49,,93179,23,0,30,2,9,,93107,23,0,30,2,9,,93128,23,0,30,2,9,,93125,23,0,30,2,9,,93190,23,0,30,2,9,,93178,23,0,30,2,9,,93206,23,0,30,2,49,,93119,23,0,30,2,9,,93173,23,0,30,2,9,,93080,23,0,30,2,9,,93203,23,0,30,2,9,,93182,23,0,30,2,9,,93142,23,0,30,2,49,,93163,23,0,30,2,9,,93210,23,0,30,2,9,,93117,23,0,30,2,9,,93156,23,0,30,2,9,,93078,23,0,30,2,9,,93151,23,0,30,2,9,,93103,23,0,30,2,49,,93193,23,0,30,2,9,,93181,23,0,30,2,9,,93166,23,0,30,2,9,,93145,23,0,30,2,9,,93212,23,0,30,2,9,,93091,23,0,30,2,9,,93105,23,0,30,2,49,,93090,23,0,30,2,7,,93106,23,0,30,2,9,,93204,23,0,30,2,9,,93214,23,0,30,2,9,,93121,23,0,30,2,10,,93196,23,0,30,2,50,,93185,23,0,30,2,10,,93168,23,0,30,2,5,,93138,23,0,17,2,5,,93132,23,0,30,2,10,,93140,23,0,30,2,10,,93127,23,0,30,2,10,,93083,23,0,30,2,50,,93189,23,0,30,2,10,,93130,23,0,30,2,10,,93143,23,0,30,2,10,,93192,23,0,30,2,10,,93170,23,0,30,2,10,,93093,23,0,30,2,50,,93081,23,0,30,2,10,,93124,23,0,30,2,8,,93077,23,0,30,2,6,,93213,23,0,17,2,8,,93147,23,0,30,2,10,,93160,23,0,30,2,10,,93175,23,0,30,2,50,,93171,23,0,30,2,10,,93200,23,0,30,2,10,,93095,23,0,30,2,10,,93188,23,0,30,2,10,,93086,23,0,30,2,5,,93109,23,0,17,2,5,,93177,23,0,30,2,5,,93159,23,0,17,2,45,,93198,23,0,30,2,10,,93129,23,0,30,2,10,,93092,23,0,30,2,10,,93101,23,0,30,2,12,,93209,23,0,30,2,13,,93110,23,0,30,2,50,,93201,23,0,17,2,3,,82652,23,0,17,2
50102,'3',527,,93230,23,0,30,2,10,,93236,23,0,30,2,10,,93241,23,0,30,2,10,,85143,23,0,30,2,50,,93245,23,0,30,2,10,,93263,23,0,30,2,10,,93271,23,0,30,2,10,,93289,23,0,30,2,10,,93250,23,0,30,2,10,,93240,23,0,30,2,50,,93238,23,0,30,2,10,,93303,23,0,30,2,10,,93329,23,0,30,2,10,,93286,23,0,30,2,10,,93293,23,0,30,2,10,,80294,23,0,30,2,52,,93229,23,0,30,2,11,,93307,23,0,30,2,11,,93256,23,0,30,2,10,,93253,23,0,30,2,10,,93298,23,0,30,2,8,,93220,23,0,30,2,50,,93288,23,0,30,2,10,,93332,23,0,30,2,10,,93269,23,0,30,2,10,,93287,23,0,30,2,10,,93337,23,0,30,2,10,,93314,23,0,30,2,50,,93218,23,0,30,2,10,,93246,23,0,30,2,10,,93216,23,0,30,2,10,,79000,23,0,30,2,10,,93283,23,0,30,2,51,,93290,23,0,30,2,10,,93282,23,0,30,2,11,,93335,23,0,30,2,12,,93233,23,0,30,2,10,,93219,23,0,30,2,10,,93302,23,0,30,2,50,,93313,23,0,30,2,10,,93331,23,0,30,2,10,,93315,23,0,30,2,10,,93223,23,0,30,2,10,,93277,23,0,30,2,10,,93261,23,0,30,2,50,,93226,23,0,30,2,10,,76208,23,0,30,2,10,,93281,23,0,30,2,10,,85003,23,0,30,2,10,,93319,23,0,30,2,10,,93306,23,0,30,2,50,,93292,23,0,30,2,10,,93222,23,0,30,2,10,,84202,23,0,30,2,10,,93328,23,0,30,2,10,,87834,23,0,30,2,10,,93325,23,0,30,2,50,,93234,23,0,30,2,10,,93231,23,0,30,2,10,,93296,23,0,30,2,10,,93242,23,0,30,2,10,,93278,23,0,30,2,10,,93322,23,0,30,2,50,,93221,23,0,30,2,10,,93272,23,0,30,2,10,,93316,23,0,30,2,10,,93235,23,0,30,2,10,,93262,23,0,30,2,10,,93334,23,0,30,2,50,,93299,23,0,30,2,10,,93248,23,0,30,2,10,,93232,23,0,30,2,10,,93285,23,0,30,2,10,,93255,23,0,30,2,10,,93326,23,0,30,2,50,,93340,23,0,30,2,10,,93339,23,0,30,2,10,,93305,23,0,30,2,10,,93318,23,0,30,2,10,,82321,23,0,30,2,10,,93317,23,0,30,2,49,,93304,23,0,30,2,8,,93243,23,0,30,2,8,,93301,23,0,30,2,9,,93258,23,0,30,2,10,,93276,23,0,30,2,10,,93273,23,0,30,2,10,,93260,23,0,30,2,50,,93227,23,0,30,2,10,,93295,23,0,30,2,10,,93237,23,0,30,2,10,,93321,23,0,30,2,6,,93330,23,0,17,2,4,,93249,23,0,30,2,10,,93312,23,0,30,2,50,,93323,23,0,30,2,10,,80255,23,0,30,2,10,,93279,23,0,30,2,10,,93257,23,0,30,2,10,,93265,23,0,30,2,10,,93297,23,0,30,2,50,,93309,23,0,30,2,10,,93267,23,0,30,2,6,,93252,23,0,30,2,10,,93274,23,0,30,2,10,,93225,23,0,30,2,10,,93275,23,0,30,2,50,,93244,23,0,30,2,10,,93217,23,0,30,2,10,,93239,23,0,30,2,10,,93324,23,0,30,2,5,,93294,23,0,17,2,5,,93280,23,0,30,2,10,,93327,23,0,30,2,50,,93336,23,0,30,2,10,,93251,23,0,30,2,10,,93254,23,0,30,2,10,,93300,23,0,30,2,11,,93247,23,0,30,2,12,,93228,23,0,30,2,50,,93268,23,0,17,2,10,,93224,23,0,17,2
50102,'5',527,,93456,23,0,30,2,10,,93349,23,0,30,2,10,,93441,23,0,30,2,10,,93355,23,0,30,2,50,,93362,23,0,30,2,10,,93423,23,0,30,2,10,,93433,23,0,30,2,10,,93412,23,0,30,2,10,,93445,23,0,30,2,10,,93408,23,0,30,2,50,,93378,23,0,30,2,10,,93468,23,0,30,2,10,,93347,23,0,30,2,10,,93466,23,0,30,2,10,,93424,23,0,30,2,10,,93376,23,0,30,2,52,,93414,23,0,30,2,11,,93390,23,0,30,2,11,,93442,23,0,30,2,10,,75492,23,0,30,2,10,,93401,23,0,30,2,8,,93419,23,0,30,2,50,,93461,23,0,30,2,10,,93447,23,0,30,2,10,,93426,23,0,30,2,10,,93377,23,0,30,2,10,,93388,23,0,30,2,10,,93450,23,0,30,2,50,,93346,23,0,30,2,10,,93350,23,0,30,2,10,,93380,23,0,30,2,10,,93363,23,0,30,2,10,,93459,23,0,30,2,51,,93430,23,0,30,2,10,,93439,23,0,30,2,11,,93418,23,0,30,2,12,,93383,23,0,30,2,10,,93431,23,0,30,2,10,,93446,23,0,30,2,50,,93351,23,0,30,2,10,,93404,23,0,30,2,10,,93344,23,0,30,2,10,,93395,23,0,30,2,10,,93449,23,0,30,2,10,,93368,23,0,30,2,50,,93428,23,0,30,2,10,,93405,23,0,30,2,10,,93440,23,0,30,2,10,,93429,23,0,30,2,10,,93397,23,0,30,2,10,,81937,23,0,30,2,50,,93371,23,0,30,2,10,,93400,23,0,30,2,10,,93413,23,0,30,2,10,,93436,23,0,30,2,10,,93415,23,0,30,2,10,,93417,23,0,30,2,50,,93391,23,0,30,2,10,,93372,23,0,30,2,10,,93359,23,0,30,2,10,,93421,23,0,30,2,10,,93354,23,0,30,2,10,,93451,23,0,30,2,50,,93342,23,0,30,2,10,,93345,23,0,30,2,10,,93407,23,0,30,2,10,,93353,23,0,30,2,10,,93385,23,0,30,2,10,,93465,23,0,30,2,50,,93403,23,0,30,2,10,,93370,23,0,30,2,10,,93392,23,0,30,2,10,,93448,23,0,30,2,10,,93406,23,0,30,2,10,,93375,23,0,30,2,50,,93374,23,0,30,2,10,,93464,23,0,30,2,10,,93409,23,0,30,2,10,,93434,23,0,30,2,10,,93394,23,0,30,2,10,,93460,23,0,30,2,49,,93458,23,0,30,2,8,,93437,23,0,30,2,8,,93443,23,0,30,2,9,,93364,23,0,30,2,10,,93396,23,0,30,2,10,,93386,23,0,30,2,10,,93457,23,0,30,2,50,,93422,23,0,30,2,10,,93453,23,0,30,2,10,,93369,23,0,30,2,10,,93343,23,0,30,2,6,,93341,23,0,17,2,4,,93360,23,0,30,2,10,,93452,23,0,30,2,50,,93361,23,0,30,2,10,,93357,23,0,30,2,10,,93382,23,0,30,2,10,,93410,23,0,30,2,10,,93455,23,0,30,2,10,,87990,23,0,30,2,50,,93365,23,0,30,2,10,,93393,23,0,30,2,6,,93398,23,0,30,2,10,,93411,23,0,30,2,10,,93389,23,0,30,2,10,,93463,23,0,30,2,50,,93402,23,0,30,2,10,,93399,23,0,30,2,10,,93427,23,0,30,2,10,,93416,23,0,30,2,5,,93420,23,0,17,2,5,,93462,23,0,30,2,10,,93387,23,0,30,2,50,,93425,23,0,30,2,10,,93373,23,0,30,2,10,,82351,23,0,30,2,10,,93352,23,0,30,2,11,,93444,23,0,30,2,12,,93432,23,0,30,2,50,,93379,23,0,17,2,10,,93435,23,0,17,2
50302,'1',520,,94052,25,0,32 8 19,2,12,,93988,25,0,32 8 19,2,10,,94042,25,0,32 8 19,2,10,,94041,25,0,32 8 19,2,50,,94120,25,0,32 8 19,2,13,,94009,25,0,32 8 19,2,14,,94101,25,0,32 8 19,2,6,,94090,25,0,32 8 19,2,7,,86556,25,0,32 8 19,2,10,,79674,25,0,32 8 19,2,50,,94066,25,0,32 8 19,2,5,,94047,25,0,32 8 19,2,7,,93989,25,0,32 8 19,2,10,,94099,25,0,32 8 19,2,10,,94068,25,0,32 8 19,2,6,,93998,25,0,32 8 19,2,6,,94087,25,0,32 8 19,2,6,,94116,25,0,32 8 19,2,6,,94020,25,0,32 8 19,2,46,,94029,25,0,32 8 19,2,6,,94082,25,0,32 8 19,2,6,,94113,25,0,32 8 19,2,6,,94007,25,0,32 8 19,2,6,,94062,25,0,32 8 19,2,6,,94073,25,0,32 8 19,2,6,,94105,25,0,32 8 19,2,6,,94078,25,0,32 8 19,2,6,,94005,25,0,32 8 19,2,6,,94121,25,0,32 8 19,2,46,,94088,25,0,32 8 19,2,6,,94057,25,0,32 8 19,2,6,,94044,25,0,32 8 19,2,6,,94123,25,0,32 8 19,2,6,,94010,25,0,32 8 19,2,6,,94085,25,0,32 8 19,2,6,,94081,25,0,32 8 19,2,6,,94128,25,0,32 8 19,2,6,,94043,25,0,32 8 19,2,6,,93994,25,0,32 8 19,2,47,,94000,25,0,32 8 19,2,10,,94100,25,0,32 8 19,2,10,,94130,25,0,32 8 19,2,10,,94040,25,0,32 8 19,2,10,,94023,25,0,32 8 19,2,10,,94079,25,0,32 8 19,2,50,,94131,25,0,32 8 19,2,10,,94129,25,0,32 8 19,2,10,,94086,25,0,32 8 19,2,10,,94080,25,0,32 8 19,2,10,,94114,25,0,32 8 19,2,10,,94127,25,0,32 8 19,2,50,,94054,25,0,32 8 19,2,10,,94067,25,0,32 8 19,2,10,,94017,25,0,32 8 19,2,10,,94072,25,0,32 8 19,2,10,,94038,25,0,32 8 19,2,10,,94109,25,0,32 8 19,2,50,,94034,25,0,32 8 19,2,10,,94016,25,0,32 8 19,2,10,,94094,25,0,32 8 19,2,10,,94026,25,0,32 8 19,2,10,,93995,25,0,32 8 19,2,10,,94001,25,0,32 8 19,2,50,,94098,25,0,32 8 19,2,10,,94058,25,0,32 8 19,2,10,,94107,25,0,32 8 19,2,10,,94119,25,0,32 8 19,2,10,,94103,25,0,32 8 19,2,11,,94003,25,0,32 8 19,2,53,,94045,25,0,32 8 19,2,9,,94069,25,0,32 8 19,2,6,,94033,25,0,32 8 19,2,6,,94077,25,0,32 8 19,2,6,,94093,25,0,32 8 19,2,6,,94013,25,0,32 8 19,2,8,,94050,25,0,32 8 19,2,8,,94056,25,0,32 8 19,2,48,,94074,25,0,32 8 19,2,6,,89064,25,0,32 8 19,2,6,,94076,25,0,32 8 19,2,6,,93997,25,0,32 8 19,2,6,,94048,25,0,32 8 19,2,6,,94111,25,0,32 8 19,2,6,,94089,25,0,32 8 19,2,6,,79538,25,0,32 8 19,2,6,,94014,25,0,32 8 19,2,46,,94046,25,0,32 8 19,2,6,,94095,25,0,32 8 19,2,6,,94084,25,0,32 8 19,2,6,,94021,25,0,32 8 19,2,6,,94092,25,0,32 8 19,2,6,,94108,25,0,32 8 19,2,6,,93992,25,0,32 8 19,2,6,,94070,25,0,32 8 19,2,6,,94071,25,0,32 8 19,2,6,,94083,25,0,32 8 19,2,46,,94049,25,0,32 8 19,2,6,,94018,25,0,32 8 19,2,18,,94012,25,0,32 8 19,2,6,,94055,25,0,32 8 19,2,6,,94039,25,0,32 8 19,2,6,,94004,25,0,32 8 19,2,6,,94075,25,0,32 8 19,2,4,,94112,25,0,32 8 19,2,4,,94008,25,0,32 8 19,2,47,,94106,25,0,32 8 19,2,7,,94091,25,0,32 8 19,2,7,,94022,25,0,32 8 19,2,5,,94104,25,0,32 8 19,2,7,,94037,25,0,32 8 19,2,5,,94019,25,0,32 8 19,2,7,,93999,25,0,32 8 19,2,8,,94053,25,0,32 8 19,2,8,,94118,25,0,32 8 19,2,48,,93987,25,0,32 8 19,2,8,,94060,25,0,32 8 19,2,8,,94011,25,0,32 8 19,2,8,,93993,25,0,32 8 19,2,8,,94015,25,0,32 8 19,2,8,,94102,25,0,32 8 19,2,8,,94117,25,0,32 8 19,2,48,,94002,25,0,32 8 19,2,8,,94031,25,0,32 8 19,2,8,,93996,25,0,32 8 19,2,8,,94035,25,0,32 8 19,2,8,,94063,25,0,32 8 19,2,8,,94122,25,0,32 8 19,2,8,,94032,25,0,32 8 19,2,8,,93991,25,0,32 8 19,2,49,,94024,25,0,32 8 19,2,9,,94096,25,0,32 8 19,2,8,,94027,25,0,32 8 19,2,8,,94097,25,0,32 8 19,2,9,,94125,25,0,32 8 19,2,10,,94030,25,0,32 8 19,2,50,,93990,25,0,32 8 19,2,10,,94006,25,0,32 8 19,2,10,,94124,25,0,32 8 19,2,10,,94110,25,0,32 8 19,2,10,,94061,25,0,32 8 19,2,10,,94028,25,0,32 8 19,2,50,,94051,25,0,32 8 19,2,10,,94025,25,0,32 8 19,2,10,,94126,25,0,32 8 19,2,10,,94065,25,0,32 8 19,2,10,,93986,25,0,32 8 19,2,10,,94036,25,0,32 8 19,2,50,,94115,25,0,32 8 19,2,11,,94059,25,0,32 8 19,2,18,,94064,25,0,32 8 19,2
50302,'2',446,,94235,25,0,32 8 19,2,65,,94188,25,0,32 8 19,2,17,,94223,25,0,32 8 19,2,13,,94199,25,0,32 8 19,2,15,,94169,25,0,32 8 19,2,55,,94195,25,0,32 8 19,2,10,,94134,25,0,32 8 19,2,10,,94136,25,0,32 8 19,2,10,,94232,25,0,32 8 19,2,10,,94132,25,0,32 8 19,2,50,,94178,25,0,32 8 19,2,10,,94162,25,0,32 8 19,2,10,,94181,25,0,32 8 19,2,10,,94201,25,0,32 8 19,2,10,,94158,25,0,32 8 19,2,10,,94231,25,0,32 8 19,2,50,,94220,25,0,32 8 19,2,10,,94140,25,0,32 8 19,2,11,,94159,25,0,32 8 19,2,13,,94166,25,0,32 8 19,2,11,,94245,25,0,32 8 19,2,9,,94258,25,0,32 8 19,2,49,,77519,25,0,32 8 19,2,9,,94133,25,0,32 8 19,2,10,,94156,25,0,32 8 19,2,10,,94149,25,0,32 8 19,2,10,,94196,25,0,32 8 19,2,10,,94210,25,0,32 8 19,2,50,,94174,25,0,32 8 19,2,10,,94247,25,0,32 8 19,2,10,,94214,25,0,32 8 19,2,10,,94250,25,0,32 8 19,2,10,,94177,25,0,32 8 19,2,10,,94168,25,0,32 8 19,2,50,,94194,25,0,32 8 19,2,10,,94143,25,0,32 8 19,2,10,,94197,25,0,32 8 19,2,10,,94221,25,0,32 8 19,2,11,,94151,25,0,32 8 19,2,10,,94239,25,0,32 8 19,2,50,,94249,25,0,32 8 19,2,10,,94139,25,0,32 8 19,2,5,,94208,25,0,32 8 19,2,7,,94180,25,0,32 8 19,2,10,,94259,25,0,32 8 19,2,10,,94138,25,0,32 8 19,2,8,,94204,25,0,32 8 19,2,48,,94233,25,0,32 8 19,2,16,,94237,25,0,32 8 19,2,8,,94192,25,0,32 8 19,2,8,,76490,25,0,32 8 19,2,8,,94207,25,0,32 8 19,2,8,,94228,25,0,32 8 19,2,8,,94248,25,0,32 8 19,2,48,,94256,25,0,32 8 19,2,8,,94191,25,0,32 8 19,2,8,,94209,25,0,32 8 19,2,8,,94179,25,0,32 8 19,2,8,,94167,25,0,32 8 19,2,8,,94226,25,0,32 8 19,2,8,,94243,25,0,32 8 19,2,48,,94182,25,0,32 8 19,2,8,,94165,25,0,32 8 19,2,8,,94153,25,0,32 8 19,2,8,,94148,25,0,32 8 19,2,8,,94155,25,0,32 8 19,2,8,,94224,25,0,32 8 19,2,8,,94175,25,0,32 8 19,2,8,,94154,25,0,32 8 19,2,48,,94183,25,0,32 8 19,2,8,,94184,25,0,32 8 19,2,8,,94255,25,0,32 8 19,2,8,,94225,25,0,32 8 19,2,8,,94164,25,0,32 8 19,2,8,,94227,25,0,32 8 19,2,8,,94203,25,0,32 8 19,2,48,,94213,25,0,32 8 19,2,8,,94157,25,0,32 8 19,2,8,,94163,25,0,32 8 19,2,8,,94219,25,0,32 8 19,2,8,,94150,25,0,32 8 19,2,8,,94251,25,0,32 8 19,2,8,,94222,25,0,32 8 19,2,8,,94137,25,0,32 8 19,2,48,,94173,25,0,32 8 19,2,8,,94257,25,0,32 8 19,2,16,,94170,25,0,32 8 19,2,8,,94261,25,0,32 8 19,2,8,,94200,25,0,32 8 19,2,8,,94186,25,0,32 8 19,2,49,,94202,25,0,32 8 19,2,9,,94253,25,0,32 8 19,2,9,,94142,25,0,32 8 19,2,9,,94234,25,0,32 8 19,2,9,,94135,25,0,32 8 19,2,9,,94205,25,0,32 8 19,2,10,,94218,25,0,32 8 19,2,50,,94236,25,0,32 8 19,2,10,,94176,25,0,32 8 19,2,10,,94141,25,0,32 8 19,2,10,,79964,25,0,32 8 19,2,10,,94260,25,0,32 8 19,2,10,,94187,25,0,32 8 19,2,50,,94229,25,0,32 8 19,2,10,,94160,25,0,32 8 19,2,10,,94189,25,0,32 8 19,2,10,,94147,25,0,32 8 19,2,10,,94172,25,0,32 8 19,2,10,,94242,25,0,32 8 19,2,50,,94185,25,0,32 8 19,2,11,,94146,25,0,32 8 19,2,10,,94161,25,0,32 8 19,2,9,,94254,25,0,32 8 19,2,10,,94216,25,0,32 8 19,2,10,,94244,25,0,32 8 19,2,50,,94252,25,0,32 8 19,2,10,,94238,25,0,32 8 19,2,10,,94206,25,0,32 8 19,2,10,,94171,25,0,32 8 19,2,10,,94190,25,0,32 8 19,2,10,,94230,25,0,32 8 19,2,50,,94240,25,0,32 8 19,2,10,,94144,25,0,32 8 19,2,10,,94193,25,0,32 8 19,2,10,,94241,25,0,32 8 19,2,10,,94152,25,0,32 8 19,2,10,,94198,25,0,32 8 19,2,50,,94145,25,0,32 8 19,2,10,,94246,25,0,32 8 19,2,10,,94215,25,0,32 8 19,2,10,,94262,25,0,32 8 19,2,10,,94217,25,0,32 8 19,2,8,,94211,25,0,32 8 19,2,48,,94212,25,0,32 8 19,2
50302,'3',514,,94286,25,0,32 8 19,2,21,,94346,25,0,32 8 19,2,20,,94294,25,0,32 8 19,2,60,,94324,25,0,32 8 19,2,20,,80283,25,0,32 8 19,2,10,,94360,25,0,32 8 19,2,10,,94358,25,0,32 8 19,2,50,,94289,25,0,32 8 19,2,10,,94316,25,0,32 8 19,2,10,,94287,25,0,32 8 19,2,10,,94359,25,0,32 8 19,2,10,,94342,25,0,32 8 19,2,10,,94370,25,0,32 8 19,2,51,,94306,25,0,32 8 19,2,13,,94355,25,0,32 8 19,2,12,,94296,25,0,32 8 19,2,11,,94335,25,0,32 8 19,2,9,,94268,25,0,32 8 19,2,8,,94269,25,0,32 8 19,2,48,,94277,25,0,32 8 19,2,10,,94323,25,0,32 8 19,2,10,,94366,25,0,32 8 19,2,10,,94276,25,0,32 8 19,2,10,,75434,25,0,32 8 19,2,10,,94339,25,0,32 8 19,2,50,,94350,25,0,32 8 19,2,10,,94308,25,0,32 8 19,2,10,,94275,25,0,32 8 19,2,10,,94353,25,0,32 8 19,2,10,,94352,25,0,32 8 19,2,10,,94301,25,0,32 8 19,2,50,,94376,25,0,32 8 19,2,10,,94272,25,0,32 8 19,2,10,,94321,25,0,32 8 19,2,10,,94364,25,0,32 8 19,2,10,,94263,25,0,32 8 19,2,10,,94329,25,0,32 8 19,2,50,,94283,25,0,32 8 19,2,9,,94291,25,0,32 8 19,2,9,,94303,25,0,32 8 19,2,11,,94373,25,0,32 8 19,2,9,,94327,25,0,32 8 19,2,9,,80244,25,0,32 8 19,2,50,,94305,25,0,32 8 19,2,10,,94266,25,0,32 8 19,2,10,,94363,25,0,32 8 19,2,10,,94348,25,0,32 8 19,2,10,,94313,25,0,32 8 19,2,10,,94297,25,0,32 8 19,2,50,,94300,25,0,32 8 19,2,10,,94341,25,0,32 8 19,2,10,,94331,25,0,32 8 19,2,10,,94336,25,0,32 8 19,2,10,,94338,25,0,32 8 19,2,10,,94340,25,0,32 8 19,2,50,,94278,25,0,32 8 19,2,10,,94343,25,0,32 8 19,2,10,,94375,25,0,32 8 19,2,10,,94362,25,0,32 8 19,2,10,,94288,25,0,32 8 19,2,10,,94298,25,0,32 8 19,2,50,,94337,25,0,32 8 19,2,10,,94334,25,0,32 8 19,2,10,,94267,25,0,32 8 19,2,10,,94332,25,0,32 8 19,2,10,,94328,25,0,32 8 19,2,10,,94281,25,0,32 8 19,2,50,,94304,25,0,32 8 19,2,10,,94292,25,0,32 8 19,2,10,,94368,25,0,32 8 19,2,10,,94295,25,0,32 8 19,2,10,,85132,25,0,32 8 19,2,10,,94369,25,0,32 8 19,2,50,,94318,25,0,32 8 19,2,10,,94326,25,0,32 8 19,2,10,,94361,25,0,32 8 19,2,10,,94357,25,0,32 8 19,2,20,,94345,25,0,32 8 19,2,50,,94293,25,0,32 8 19,2,10,,94284,25,0,32 8 19,2,11,,94265,25,0,32 8 19,2,10,,94319,25,0,32 8 19,2,12,,94290,25,0,32 8 19,2,10,,94309,25,0,32 8 19,2,50,,94307,25,0,32 8 19,2,10,,94280,25,0,32 8 19,2,10,,94330,25,0,32 8 19,2,10,,94302,25,0,32 8 19,2,10,,94354,25,0,32 8 19,2,10,,67251,25,0,32 8 19,2,50,,94317,25,0,32 8 19,2,10,,94314,25,0,32 8 19,2,10,,82258,25,0,32 8 19,2,10,,94365,25,0,32 8 19,2,10,,94372,25,0,32 8 19,2,10,,94274,25,0,32 8 19,2,50,,94349,25,0,32 8 19,2,10,,94285,25,0,32 8 19,2,11,,94367,25,0,32 8 19,2,10,,94270,25,0,32 8 19,2,7,,94356,25,0,32 8 19,2,10,,94371,25,0,32 8 19,2,50,,94282,25,0,32 8 19,2,10,,94333,25,0,32 8 19,2,10,,94299,25,0,32 8 19,2,10,,94279,25,0,32 8 19,2,10,,94374,25,0,32 8 19,2,10,,94311,25,0,32 8 19,2,50,,94310,25,0,32 8 19,2,10,,94351,25,0,32 8 19,2,10,,94315,25,0,32 8 19,2,10,,87007,25,0,32 8 19,2,10,,94312,25,0,32 8 19,2,10,,94322,25,0,32 8 19,2,50,,94347,25,0,32 8 19,2,12,,94320,25,0,32 8 19,2,8,,94344,25,0,32 8 19,2,10,,94273,25,0,32 8 19,2,10,,94325,25,0,32 8 19,2,13,,94271,25,0,32 8 19,2,54,,94264,25,0,32 8 19,2
50302,'5',514,,94492,25,0,32 8 19,2,21,,94378,25,0,32 8 19,2,20,,94422,25,0,32 8 19,2,60,,94379,25,0,32 8 19,2,20,,94484,25,0,32 8 19,2,10,,94488,25,0,32 8 19,2,10,,94377,25,0,32 8 19,2,50,,94397,25,0,32 8 19,2,10,,94472,25,0,32 8 19,2,10,,94412,25,0,32 8 19,2,10,,94409,25,0,32 8 19,2,10,,94450,25,0,32 8 19,2,10,,94407,25,0,32 8 19,2,51,,94477,25,0,32 8 19,2,13,,94404,25,0,32 8 19,2,12,,94427,25,0,32 8 19,2,11,,94402,25,0,32 8 19,2,9,,94475,25,0,32 8 19,2,8,,94444,25,0,32 8 19,2,48,,94480,25,0,32 8 19,2,10,,94494,25,0,32 8 19,2,10,,94390,25,0,32 8 19,2,10,,94413,25,0,32 8 19,2,10,,94451,25,0,32 8 19,2,10,,94446,25,0,32 8 19,2,50,,94401,25,0,32 8 19,2,10,,94386,25,0,32 8 19,2,10,,87277,25,0,32 8 19,2,10,,94447,25,0,32 8 19,2,10,,94489,25,0,32 8 19,2,10,,94388,25,0,32 8 19,2,50,,94430,25,0,32 8 19,2,10,,94405,25,0,32 8 19,2,10,,94433,25,0,32 8 19,2,10,,94460,25,0,32 8 19,2,10,,94497,25,0,32 8 19,2,10,,94439,25,0,32 8 19,2,50,,94429,25,0,32 8 19,2,9,,94396,25,0,32 8 19,2,9,,94417,25,0,32 8 19,2,11,,94399,25,0,32 8 19,2,9,,94414,25,0,32 8 19,2,9,,94465,25,0,32 8 19,2,50,,94432,25,0,32 8 19,2,10,,94392,25,0,32 8 19,2,10,,94464,25,0,32 8 19,2,10,,94495,25,0,32 8 19,2,10,,94381,25,0,32 8 19,2,10,,94481,25,0,32 8 19,2,50,,94385,25,0,32 8 19,2,10,,94435,25,0,32 8 19,2,10,,94462,25,0,32 8 19,2,10,,94426,25,0,32 8 19,2,10,,94420,25,0,32 8 19,2,10,,94408,25,0,32 8 19,2,50,,94483,25,0,32 8 19,2,10,,94387,25,0,32 8 19,2,10,,94487,25,0,32 8 19,2,10,,94456,25,0,32 8 19,2,10,,94459,25,0,32 8 19,2,10,,94453,25,0,32 8 19,2,50,,94419,25,0,32 8 19,2,10,,94469,25,0,32 8 19,2,10,,94470,25,0,32 8 19,2,10,,94406,25,0,32 8 19,2,10,,94455,25,0,32 8 19,2,10,,94431,25,0,32 8 19,2,50,,94418,25,0,32 8 19,2,10,,94434,25,0,32 8 19,2,10,,94416,25,0,32 8 19,2,10,,94479,25,0,32 8 19,2,10,,94457,25,0,32 8 19,2,10,,94380,25,0,32 8 19,2,50,,94384,25,0,32 8 19,2,10,,94478,25,0,32 8 19,2,10,,94398,25,0,32 8 19,2,10,,94496,25,0,32 8 19,2,10,,94476,25,0,32 8 19,2,10,,94491,25,0,32 8 19,2,50,,94440,25,0,32 8 19,2,10,,94463,25,0,32 8 19,2,11,,94443,25,0,32 8 19,2,10,,94423,25,0,32 8 19,2,12,,94490,25,0,32 8 19,2,10,,94421,25,0,32 8 19,2,50,,94415,25,0,32 8 19,2,10,,94458,25,0,32 8 19,2,10,,94437,25,0,32 8 19,2,10,,94474,25,0,32 8 19,2,10,,94428,25,0,32 8 19,2,10,,94438,25,0,32 8 19,2,50,,94467,25,0,32 8 19,2,10,,94452,25,0,32 8 19,2,10,,94466,25,0,32 8 19,2,10,,94485,25,0,32 8 19,2,10,,94493,25,0,32 8 19,2,10,,94454,25,0,32 8 19,2,50,,94471,25,0,32 8 19,2,10,,94411,25,0,32 8 19,2,11,,94400,25,0,32 8 19,2,10,,94403,25,0,32 8 19,2,7,,94473,25,0,32 8 19,2,10,,94424,25,0,32 8 19,2,50,,94410,25,0,32 8 19,2,10,,94448,25,0,32 8 19,2,10,,94436,25,0,32 8 19,2,10,,94393,25,0,32 8 19,2,10,,94395,25,0,32 8 19,2,10,,94445,25,0,32 8 19,2,50,,94389,25,0,32 8 19,2,10,,94383,25,0,32 8 19,2,10,,94442,25,0,32 8 19,2,10,,94468,25,0,32 8 19,2,10,,94425,25,0,32 8 19,2,10,,94461,25,0,32 8 19,2,50,,94486,25,0,32 8 19,2,12,,94382,25,0,32 8 19,2,8,,94482,25,0,32 8 19,2,10,,94391,25,0,32 8 19,2,10,,94394,25,0,32 8 19,2,13,,94449,25,0,32 8 19,2,54,,94441,25,0,32 8 19,2
