31004,'1',2550,,92179,16,0,25 7,2,60,,92185,16,0,25 7,2,20,,92178,16,0,25 7,2,20,,92184,16,0,25 7,2,60,,92183,16,0,25 7,2,20,,92181,16,0,25 7,2,20,,92189,16,0,25 7,2,60,,92186,16,0,25 7,2,20,,92191,16,0,25 7,2,20,,89241,16,0,25 7,2,60,,87396,16,0,25 7,2,20,,92182,16,0,25 7,2
31004,'2',2552,,92198,16,0,25 7,2,55,,92208,16,0,25 7,2,20,,92203,16,0,25 7,2,20,,92205,16,0,25 7,2,60,,92207,16,0,25 7,2,20,,92200,16,0,25 7,2,20,,92202,16,0,25 7,2,60,,92199,16,0,25 7,2,20,,92201,16,0,25 7,2,20,,92197,16,0,25 7,2,60,,92195,16,0,25 7,2
31004,'3',522,,92209,16,0,25 7,2,16,,92224,16,0,25 7,2,15,,92214,16,0,25 7,2,55,,92216,16,0,25 7,2,10,,92213,16,0,25 7,2,20,,92211,16,0,25 7,2,15,,92230,16,0,25 7,2,55,,92226,16,0,25 7,2,15,,92210,16,0,25 7,2,15,,92223,16,0,25 7,2,15,,92222,16,0,25 7,2,1794,,92225,16,0,25 7,2,60,,92228,16,0,25 7,2,20,,92234,16,0,25 7,2,20,,92232,16,0,25 7,2,60,,92212,16,0,25 7,2,20,,92227,16,0,25 7,2,20,,92215,16,0,25 7,2,60,,92218,16,0,25 7,2,20,,92233,16,0,25 7,2,20,,92229,16,0,25 7,2,60,,92231,16,0,25 7,2
31004,'5',2547,,92248,16,0,25 7,2,60,,92243,16,0,25 7,2,20,,92247,16,0,25 7,2,20,,92242,16,0,25 7,2,60,,92238,16,0,25 7,2,20,,92241,16,0,25 7,2,20,,92237,16,0,25 7,2,60,,92245,16,0,25 7,2,20,,92249,16,0,25 7,2,20,,92235,16,0,25 7,2,60,,92244,16,0,25 7,2
50901,'1',603,,101447,11,0,25 7,2,10,,101403,11,0,25 7,2,10,,101404,11,0,25 7,2,10,,101363,11,0,25 7,2,10,,84547,11,0,25 7,2,10,,101449,11,0,25 7,2,50,,101428,11,0,25 7,2,10,,101383,11,0,25 7,2,11,,101357,11,0,25 7,2,9,,101446,11,0,25 7,2,9,,101382,11,0,25 7,2,9,,101466,11,0,25 7,2,49,,101384,11,0,25 7,2,9,,101434,11,0,25 7,2,9,,101444,11,0,25 7,2,9,,101458,11,0,25 7,2,9,,101390,11,0,25 7,2,9,,101448,11,0,25 7,2,9,,101469,11,0,25 7,2,49,,101391,11,0,25 7,2,9,,101408,11,0,25 7,2,9,,101468,11,0,25 7,2,9,,101431,11,0,25 7,2,9,,101420,11,0,25 7,2,9,,101465,11,0,25 7,2,9,,101398,11,0,25 7,2,49,,101435,11,0,25 7,2,9,,101400,11,0,25 7,2,9,,101440,11,0,25 7,2,9,,101394,11,0,25 7,2,9,,101414,11,0,25 7,2,9,,101368,11,0,25 7,2,49,,101432,11,0,25 7,2,9,,101418,11,0,25 7,2,9,,101409,11,0,25 7,2,9,,101378,11,0,25 7,2,9,,101471,11,0,25 7,2,9,,101374,11,0,25 7,2,9,,101453,11,0,25 7,2,49,,101392,11,0,25 7,2,9,,101375,11,0,25 7,2,9,,101459,11,0,25 7,2,9,,101407,11,0,25 7,2,9,,101365,11,0,25 7,2,9,,101373,11,0,25 7,2,9,,101454,11,0,25 7,2,49,,101470,11,0,25 7,2,9,,101413,11,0,25 7,2,9,,101478,11,0,25 7,2,9,,101460,11,0,25 7,2,9,,101359,11,0,25 7,2,9,,101426,11,0,25 7,2,49,,101358,11,0,25 7,2,9,,101472,11,0,25 7,2,9,,101386,11,0,25 7,2,9,,101445,11,0,25 7,2,9,,101423,11,0,25 7,2,10,,101406,11,0,25 7,2,9,,101456,11,0,25 7,2,49,,101362,11,0,25 7,2,9,,101422,11,0,25 7,2,9,,101461,11,0,25 7,2,9,,101430,11,0,25 7,2,9,,101421,11,0,25 7,2,9,,101367,11,0,25 7,2,9,,101379,11,0,25 7,2,49,,101442,11,0,25 7,2,9,,101462,11,0,25 7,2,9,,101360,11,0,25 7,2,9,,101364,11,0,25 7,2,9,,101417,11,0,25 7,2,9,,101451,11,0,25 7,2,49,,101425,11,0,25 7,2,9,,101381,11,0,25 7,2,9,,101395,11,0,25 7,2,9,,101389,11,0,25 7,2,9,,101482,11,0,25 7,2,9,,101369,11,0,25 7,2,9,,101361,11,0,25 7,2,49,,101402,11,0,25 7,2,9,,101433,11,0,25 7,2,9,,101476,11,0,25 7,2,9,,101376,11,0,25 7,2,7,,101438,11,0,25 7,2,9,,101377,11,0,25 7,2,9,,101452,11,0,25 7,2,49,,101477,11,0,25 7,2,9,,101416,11,0,25 7,2,10,,101385,11,0,25 7,2,10,,101371,11,0,25 7,2,10,,101424,11,0,25 7,2,10,,101399,11,0,25 7,2,50,,75790,11,0,25 7,2,10,,101388,11,0,25 7,2,10,,101393,11,0,25 7,2,10,,101443,11,0,25 7,2,10,,101397,11,0,25 7,2,10,,101419,11,0,25 7,2,50,,101411,11,0,25 7,2,10,,101405,11,0,25 7,2,10,,101370,11,0,25 7,2,10,,101436,11,0,25 7,2,10,,101429,11,0,25 7,2,10,,101380,11,0,25 7,2,48,,101396,11,0,25 7,2,10,,101387,11,0,25 7,2,10,,101410,11,0,25 7,2,10,,78409,11,0,25 7,2,10,,101481,11,0,25 7,2,10,,101473,11,0,25 7,2,50,,101480,11,0,25 7,2,10,,101455,11,0,25 7,2,10,,101474,11,0,25 7,2,10,,101441,11,0,25 7,2,10,,77879,11,0,25 7,2,10,,101412,11,0,25 7,2,50,,101427,11,0,25 7,2,10,,101437,11,0,25 7,2,10,,101464,11,0,25 7,2,10,,101467,11,0,25 7,2,10,,101450,11,0,25 7,2,10,,101457,11,0,25 7,2,50,,101439,11,0,25 7,2,10,,101366,11,0,25 7,2
50901,'2',601,,101561,11,0,25 7,2,10,,101627,11,0,25 7,2,10,,101613,11,0,25 7,2,10,,81515,11,0,25 7,2,10,,101489,11,0,25 7,2,10,,101537,11,0,25 7,2,50,,101563,11,0,25 7,2,10,,101494,11,0,25 7,2,10,,101577,11,0,25 7,2,10,,101501,11,0,25 7,2,10,,101550,11,0,25 7,2,10,,101508,11,0,25 7,2,50,,101496,11,0,25 7,2,11,,101592,11,0,25 7,2,11,,101645,11,0,25 7,2,10,,101629,11,0,25 7,2,10,,101540,11,0,25 7,2,10,,101654,11,0,25 7,2,50,,101625,11,0,25 7,2,10,,101504,11,0,25 7,2,10,,101582,11,0,25 7,2,10,,101509,11,0,25 7,2,10,,101621,11,0,25 7,2,10,,101626,11,0,25 7,2,50,,101580,11,0,25 7,2,10,,101519,11,0,25 7,2,10,,101566,11,0,25 7,2,10,,101579,11,0,25 7,2,10,,101535,11,0,25 7,2,10,,101548,11,0,25 7,2,50,,101648,11,0,25 7,2,10,,101594,11,0,25 7,2,10,,101534,11,0,25 7,2,10,,101558,11,0,25 7,2,10,,101541,11,0,25 7,2,10,,101651,11,0,25 7,2,50,,101543,11,0,25 7,2,10,,101499,11,0,25 7,2,5,,101618,11,0,25 7,2,5,,101546,11,0,25 7,2,5,,101610,11,0,25 7,2,5,,101528,11,0,25 7,2,5,,101649,11,0,25 7,2,5,,84797,11,0,25 7,2,5,,101588,11,0,25 7,2,5,,101544,11,0,25 7,2,5,,101571,11,0,25 7,2,45,,101549,11,0,25 7,2,5,,101529,11,0,25 7,2,5,,101576,11,0,25 7,2,5,,101488,11,0,25 7,2,5,,101598,11,0,25 7,2,5,,101547,11,0,25 7,2,5,,101518,11,0,25 7,2,5,,101599,11,0,25 7,2,5,,101510,11,0,25 7,2,5,,101497,11,0,25 7,2,5,,101483,11,0,25 7,2,5,,101486,11,0,25 7,2,45,,101562,11,0,25 7,2,5,,101525,11,0,25 7,2,5,,101632,11,0,25 7,2,5,,101575,11,0,25 7,2,5,,101526,11,0,25 7,2,5,,101643,11,0,25 7,2,5,,101633,11,0,25 7,2,5,,101533,11,0,25 7,2,5,,101631,11,0,25 7,2,5,,101612,11,0,25 7,2,5,,101506,11,0,25 7,2,5,,101656,11,0,25 7,2,45,,101635,11,0,25 7,2,5,,101502,11,0,25 7,2,5,,101619,11,0,25 7,2,5,,101512,11,0,25 7,2,5,,101555,11,0,25 7,2,5,,101573,11,0,25 7,2,5,,101536,11,0,25 7,2,5,,101538,11,0,25 7,2,5,,101591,11,0,25 7,2,5,,101617,11,0,25 7,2,5,,101653,11,0,25 7,2,5,,101606,11,0,25 7,2,45,,101623,11,0,25 7,2,5,,76985,11,0,25 7,2,5,,101639,11,0,25 7,2,5,,101539,11,0,25 7,2,5,,101589,11,0,25 7,2,5,,87708,11,0,25 7,2,5,,101503,11,0,25 7,2,5,,101630,11,0,25 7,2,5,,101640,11,0,25 7,2,5,,101616,11,0,25 7,2,5,,101530,11,0,25 7,2,5,,101542,11,0,25 7,2,45,,101498,11,0,25 7,2,5,,101568,11,0,25 7,2,5,,89340,11,0,25 7,2,5,,101583,11,0,25 7,2,5,,101531,11,0,25 7,2,5,,101484,11,0,25 7,2,5,,101553,11,0,25 7,2,5,,101490,11,0,25 7,2,5,,101524,11,0,25 7,2,5,,101636,11,0,25 7,2,5,,101552,11,0,25 7,2,5,,101593,11,0,25 7,2,45,,101585,11,0,25 7,2,5,,101521,11,0,25 7,2,5,,101514,11,0,25 7,2,5,,101614,11,0,25 7,2,5,,101572,11,0,25 7,2,5,,101578,11,0,25 7,2,5,,101554,11,0,25 7,2,5,,101551,11,0,25 7,2,5,,101637,11,0,25 7,2,5,,101516,11,0,25 7,2,5,,101620,11,0,25 7,2,5,,75393,11,0,25 7,2,45,,101641,11,0,25 7,2,5,,101615,11,0,25 7,2,7,,101601,11,0,25 7,2,7,,101570,11,0,25 7,2,7,,101564,11,0,25 7,2,7,,81503,11,0,25 7,2,7,,101581,11,0,25 7,2,7,,101607,11,0,25 7,2,7,,101574,11,0,25 7,2,47,,101569,11,0,25 7,2,7,,101605,11,0,25 7,2,7,,101515,11,0,25 7,2,7,,101609,11,0,25 7,2,7,,101634,11,0,25 7,2,7,,101604,11,0,25 7,2,7,,101565,11,0,25 7,2,7,,101560,11,0,25 7,2,47,,101602,11,0,25 7,2,7,,101628,11,0,25 7,2,7,,101600,11,0,25 7,2,7,,101505,11,0,25 7,2,7,,101595,11,0,25 7,2,7,,101493,11,0,25 7,2,7,,101557,11,0,25 7,2,7,,101523,11,0,25 7,2,7,,101559,11,0,25 7,2,47,,101492,11,0,25 7,2,7,,101491,11,0,25 7,2,7,,101567,11,0,25 7,2,8,,101520,11,0,25 7,2,8,,101507,11,0,25 7,2,8,,101527,11,0,25 7,2,8,,101652,11,0,25 7,2,8,,101522,11,0,25 7,2,48,,101622,11,0,25 7,2,8,,101608,11,0,25 7,2,8,,101624,11,0,25 7,2,8,,101556,11,0,25 7,2,8,,101644,11,0,25 7,2,8,,101586,11,0,25 7,2,8,,101545,11,0,25 7,2,48,,101596,11,0,25 7,2,8,,101655,11,0,25 7,2,8,,101642,11,0,25 7,2,8,,101584,11,0,25 7,2,8,,101487,11,0,25 7,2,8,,101647,11,0,25 7,2,8,,101611,11,0,25 7,2,8,,101513,11,0,25 7,2,50,,101650,11,0,25 7,2,10,,101603,11,0,25 7,2
50901,'3',605,,101686,11,0,25 7,2,15,,101783,11,0,25 7,2,15,,101678,11,0,25 7,2,15,,101720,11,0,25 7,2,55,,101729,11,0,25 7,2,15,,101754,11,0,25 7,2,15,,101731,11,0,25 7,2,15,,101715,11,0,25 7,2,55,,84241,11,0,25 7,2,11,,101683,11,0,25 7,2,10,,101699,11,0,25 7,2,10,,101725,11,0,25 7,2,10,,101750,11,0,25 7,2,10,,101691,11,0,25 7,2,50,,101704,11,0,25 7,2,10,,101659,11,0,25 7,2,10,,101749,11,0,25 7,2,10,,101732,11,0,25 7,2,10,,101672,11,0,25 7,2,10,,101675,11,0,25 7,2,50,,101705,11,0,25 7,2,10,,101774,11,0,25 7,2,10,,101753,11,0,25 7,2,10,,101677,11,0,25 7,2,10,,101687,11,0,25 7,2,10,,101698,11,0,25 7,2,50,,101676,11,0,25 7,2,10,,101664,11,0,25 7,2,10,,101730,11,0,25 7,2,10,,101684,11,0,25 7,2,10,,101727,11,0,25 7,2,10,,101770,11,0,25 7,2,50,,101761,11,0,25 7,2,7,,101752,11,0,25 7,2,9,,101766,11,0,25 7,2,7,,101767,11,0,25 7,2,7,,101758,11,0,25 7,2,7,,101728,11,0,25 7,2,7,,101735,11,0,25 7,2,7,,101714,11,0,25 7,2,47,,101759,11,0,25 7,2,7,,101723,11,0,25 7,2,7,,101755,11,0,25 7,2,7,,101710,11,0,25 7,2,7,,101724,11,0,25 7,2,7,,101673,11,0,25 7,2,7,,101712,11,0,25 7,2,7,,101665,11,0,25 7,2,47,,87859,11,0,25 7,2,7,,101706,11,0,25 7,2,7,,101773,11,0,25 7,2,7,,101667,11,0,25 7,2,7,,101695,11,0,25 7,2,7,,101719,11,0,25 7,2,7,,101787,11,0,25 7,2,7,,101688,11,0,25 7,2,7,,101697,11,0,25 7,2,47,,101744,11,0,25 7,2,7,,101737,11,0,25 7,2,7,,101734,11,0,25 7,2,7,,101700,11,0,25 7,2,7,,101784,11,0,25 7,2,7,,101748,11,0,25 7,2,7,,101680,11,0,25 7,2,7,,101769,11,0,25 7,2,7,,101690,11,0,25 7,2,47,,101703,11,0,25 7,2,7,,101768,11,0,25 7,2,7,,101721,11,0,25 7,2,7,,101771,11,0,25 7,2,7,,101660,11,0,25 7,2,7,,101713,11,0,25 7,2,7,,75846,11,0,25 7,2,7,,101657,11,0,25 7,2,47,,101666,11,0,25 7,2,7,,101662,11,0,25 7,2,7,,101786,11,0,25 7,2,7,,101779,11,0,25 7,2,7,,101681,11,0,25 7,2,7,,101772,11,0,25 7,2,7,,101741,11,0,25 7,2,7,,101661,11,0,25 7,2,7,,101669,11,0,25 7,2,47,,101718,11,0,25 7,2,7,,101764,11,0,25 7,2,7,,101696,11,0,25 7,2,7,,101746,11,0,25 7,2,7,,101751,11,0,25 7,2,7,,101733,11,0,25 7,2,7,,101701,11,0,25 7,2,7,,101685,11,0,25 7,2,47,,101760,11,0,25 7,2,7,,101762,11,0,25 7,2,10,,101693,11,0,25 7,2,10,,101763,11,0,25 7,2,10,,101781,11,0,25 7,2,10,,101671,11,0,25 7,2,10,,101707,11,0,25 7,2,50,,101742,11,0,25 7,2,10,,101682,11,0,25 7,2,10,,101711,11,0,25 7,2,10,,101726,11,0,25 7,2,10,,101694,11,0,25 7,2,10,,101782,11,0,25 7,2,50,,101692,11,0,25 7,2,10,,101716,11,0,25 7,2,10,,101679,11,0,25 7,2,10,,101780,11,0,25 7,2,10,,82763,11,0,25 7,2,10,,101674,11,0,25 7,2,50,,101743,11,0,25 7,2,7,,88791,11,0,25 7,2,10,,101738,11,0,25 7,2,10,,101756,11,0,25 7,2,10,,101775,11,0,25 7,2,10,,101708,11,0,25 7,2,50,,101740,11,0,25 7,2,10,,101736,11,0,25 7,2,10,,101658,11,0,25 7,2,10,,101776,11,0,25 7,2,10,,101702,11,0,25 7,2,10,,101788,11,0,25 7,2,50,,82308,11,0,25 7,2,10,,101668,11,0,25 7,2,10,,101765,11,0,25 7,2,10,,101722,11,0,25 7,2,10,,101778,11,0,25 7,2,10,,101785,11,0,25 7,2,50,,101747,11,0,25 7,2,12,,101670,11,0,25 7,2
50901,'5',605,,101812,11,0,25 7,2,15,,101811,11,0,25 7,2,15,,101855,11,0,25 7,2,15,,101892,11,0,25 7,2,55,,101838,11,0,25 7,2,15,,101840,11,0,25 7,2,15,,101873,11,0,25 7,2,15,,101802,11,0,25 7,2,55,,101880,11,0,25 7,2,11,,101849,11,0,25 7,2,10,,101830,11,0,25 7,2,10,,101860,11,0,25 7,2,10,,101858,11,0,25 7,2,10,,101921,11,0,25 7,2,50,,101805,11,0,25 7,2,10,,101837,11,0,25 7,2,10,,101814,11,0,25 7,2,10,,101861,11,0,25 7,2,10,,101911,11,0,25 7,2,10,,101903,11,0,25 7,2,50,,101868,11,0,25 7,2,10,,101914,11,0,25 7,2,10,,101854,11,0,25 7,2,10,,101834,11,0,25 7,2,10,,101905,11,0,25 7,2,10,,101809,11,0,25 7,2,50,,101901,11,0,25 7,2,10,,101898,11,0,25 7,2,10,,101801,11,0,25 7,2,10,,101906,11,0,25 7,2,10,,101800,11,0,25 7,2,10,,101791,11,0,25 7,2,50,,101789,11,0,25 7,2,7,,101882,11,0,25 7,2,9,,101912,11,0,25 7,2,7,,101806,11,0,25 7,2,7,,101825,11,0,25 7,2,7,,101815,11,0,25 7,2,7,,101817,11,0,25 7,2,7,,101820,11,0,25 7,2,47,,101835,11,0,25 7,2,7,,101853,11,0,25 7,2,7,,101859,11,0,25 7,2,7,,101843,11,0,25 7,2,7,,101848,11,0,25 7,2,7,,101865,11,0,25 7,2,7,,101793,11,0,25 7,2,7,,101922,11,0,25 7,2,47,,101842,11,0,25 7,2,7,,101902,11,0,25 7,2,7,,101847,11,0,25 7,2,7,,101919,11,0,25 7,2,7,,101879,11,0,25 7,2,7,,101895,11,0,25 7,2,7,,101856,11,0,25 7,2,7,,101792,11,0,25 7,2,7,,101798,11,0,25 7,2,47,,101790,11,0,25 7,2,7,,101881,11,0,25 7,2,7,,101900,11,0,25 7,2,7,,101872,11,0,25 7,2,7,,101829,11,0,25 7,2,7,,77216,11,0,25 7,2,7,,101836,11,0,25 7,2,7,,101827,11,0,25 7,2,7,,101804,11,0,25 7,2,47,,101875,11,0,25 7,2,7,,101797,11,0,25 7,2,7,,101869,11,0,25 7,2,7,,101918,11,0,25 7,2,7,,101851,11,0,25 7,2,7,,101888,11,0,25 7,2,7,,101907,11,0,25 7,2,7,,101893,11,0,25 7,2,47,,101799,11,0,25 7,2,7,,101832,11,0,25 7,2,7,,101844,11,0,25 7,2,7,,101920,11,0,25 7,2,7,,101891,11,0,25 7,2,7,,101886,11,0,25 7,2,7,,101828,11,0,25 7,2,7,,101819,11,0,25 7,2,7,,101826,11,0,25 7,2,47,,101916,11,0,25 7,2,7,,101864,11,0,25 7,2,7,,101833,11,0,25 7,2,7,,101878,11,0,25 7,2,7,,101810,11,0,25 7,2,7,,101846,11,0,25 7,2,7,,101841,11,0,25 7,2,7,,101794,11,0,25 7,2,47,,101816,11,0,25 7,2,7,,101876,11,0,25 7,2,10,,101874,11,0,25 7,2,10,,101887,11,0,25 7,2,10,,101818,11,0,25 7,2,10,,101909,11,0,25 7,2,10,,101831,11,0,25 7,2,50,,101807,11,0,25 7,2,10,,101884,11,0,25 7,2,10,,101885,11,0,25 7,2,10,,101908,11,0,25 7,2,10,,101822,11,0,25 7,2,10,,101915,11,0,25 7,2,50,,101913,11,0,25 7,2,10,,101897,11,0,25 7,2,10,,101852,11,0,25 7,2,10,,101883,11,0,25 7,2,10,,101839,11,0,25 7,2,10,,101896,11,0,25 7,2,50,,101899,11,0,25 7,2,7,,101845,11,0,25 7,2,10,,78360,11,0,25 7,2,10,,101823,11,0,25 7,2,10,,101910,11,0,25 7,2,10,,101870,11,0,25 7,2,50,,101894,11,0,25 7,2,10,,101821,11,0,25 7,2,10,,101796,11,0,25 7,2,10,,101803,11,0,25 7,2,10,,101871,11,0,25 7,2,10,,101889,11,0,25 7,2,50,,101862,11,0,25 7,2,10,,101850,11,0,25 7,2,10,,101813,11,0,25 7,2,10,,101824,11,0,25 7,2,10,,101795,11,0,25 7,2,10,,101904,11,0,25 7,2,50,,101917,11,0,25 7,2,12,,101867,11,0,25 7,2
51004,'1',518,,87508,7,0,26 25 7,2,11,,103442,7,0,26 25 7,2,5,,103466,7,0,26 25 7,2,9,,103465,7,0,26 25 7,2,9,,103518,16,0,26 25 7,2,49,,103386,16,0,26 25 7,2,9,,103538,16,0,26 25 7,2,9,,103481,16,0,26 25 7,2,9,,103475,16,0,26 25 7,2,9,,103493,16,0,26 25 7,2,9,,103369,16,0,26 25 7,2,9,,103384,16,0,26 25 7,2,49,,103531,16,0,26 25 7,2,9,,84745,16,0,26 25 7,2,9,,103529,16,0,26 25 7,2,9,,103436,16,0,26 25 7,2,8,,103443,16,0,26 25 7,2,9,,103390,16,0,26 25 7,2,10,,103462,16,0,26 25 7,2,50,,103485,16,0,26 25 7,2,10,,103441,16,0,26 25 7,2,10,,103401,16,0,26 25 7,2,9,,103455,16,0,26 25 7,2,10,,103542,16,0,26 25 7,2,10,,103479,16,0,26 25 7,2,50,,103429,16,0,26 25 7,2,10,,103457,16,0,26 25 7,2,10,,103545,16,0,26 25 7,2,10,,103519,16,0,26 25 7,2,10,,103491,16,0,26 25 7,2,10,,103459,16,0,26 25 7,2,50,,103461,16,0,26 25 7,2,10,,103407,16,0,26 25 7,2,10,,103514,16,0,26 25 7,2,10,,103351,16,0,26 25 7,2,10,,103415,16,0,26 25 7,2,10,,103458,16,0,26 25 7,2,50,,103445,16,0,26 25 7,2,10,,103496,16,0,26 25 7,2,10,,103425,16,0,26 25 7,2,10,,103370,16,0,26 25 7,2,10,,103396,16,0,26 25 7,2,10,,103354,16,0,26 25 7,2,50,,103495,16,0,26 25 7,2,10,,103352,16,0,26 25 7,2,10,,103467,16,0,26 25 7,2,10,,103463,16,0,26 25 7,2,10,,103450,16,0,26 25 7,2,10,,103397,16,0,26 25 7,2,50,,103497,16,0,26 25 7,2,10,,103528,16,0,26 25 7,2,10,,103453,16,0,26 25 7,2,10,,103477,16,0,26 25 7,2,10,,103469,16,0,26 25 7,2,10,,103376,16,0,26 25 7,2,50,,103516,16,0,26 25 7,2,10,,103547,16,0,26 25 7,2,10,,103419,16,0,26 25 7,2,10,,103451,16,0,26 25 7,2,10,,103438,16,0,26 25 7,2,10,,103362,16,0,26 25 7,2,50,,103363,16,0,26 25 7,2,11,,103385,16,0,26 25 7,2,10,,83890,16,0,26 25 7,2,10,,103524,16,0,26 25 7,2,10,,103420,16,0,26 25 7,2,10,,103446,16,0,26 25 7,2,50,,103478,16,0,26 25 7,2,10,,103377,16,0,26 25 7,2,10,,103504,16,0,26 25 7,2,10,,103366,16,0,26 25 7,2,10,,103398,16,0,26 25 7,2,10,,103408,16,0,26 25 7,2,50,,103464,16,0,26 25 7,2,10,,103523,16,0,26 25 7,2,10,,103500,16,0,26 25 7,2,10,,103349,16,0,26 25 7,2,10,,103521,16,0,26 25 7,2,10,,103360,16,0,26 25 7,2,50,,103437,16,0,26 25 7,2,10,,103402,16,0,26 25 7,2,10,,103536,16,0,26 25 7,2,10,,103448,16,0,26 25 7,2,10,,103509,16,0,26 25 7,2,11,,103486,16,0,26 25 7,2,51,,103395,16,0,26 25 7,2,10,,103470,16,0,26 25 7,2,10,,103400,16,0,26 25 7,2,11,,103353,16,0,26 25 7,2,9,,103388,16,0,26 25 7,2,50,,103506,16,0,26 25 7,2,11,,103391,16,0,26 25 7,2,10,,103444,16,0,26 25 7,2,10,,103433,16,0,26 25 7,2,10,,103508,16,0,26 25 7,2,10,,103434,16,0,26 25 7,2,50,,103412,16,0,26 25 7,2,10,,103505,16,0,26 25 7,2,10,,103468,16,0,26 25 7,2,10,,103357,16,0,26 25 7,2,10,,103484,16,0,26 25 7,2,10,,103374,16,0,26 25 7,2,50,,103358,16,0,26 25 7,2,13,,103413,16,0,26 25 7,2,10,,103356,16,0,26 25 7,2,10,,103498,16,0,26 25 7,2,10,,103490,16,0,26 25 7,2,10,,103394,16,0,26 25 7,2,46,,103383,16,0,26 25 7,2,10,,103454,16,0,26 25 7,2,9,,103373,16,0,26 25 7,2,10,,103537,16,0,26 25 7,2,9,,103435,16,0,26 25 7,2,10,,103535,16,0,26 25 7,2,9,,103411,16,0,26 25 7,2,50,,85683,16,0,26 25 7,2,9,,103488,16,0,26 25 7,2,10,,103418,16,0,26 25 7,2,9,,103410,16,0,26 25 7,2,10,,103522,16,0,26 25 7,2,9,,103404,16,0,26 25 7,2,50,,103517,16,0,26 25 7,2,9,,89940,16,0,26 25 7,2,11,,103392,16,0,26 25 7,2,10,,103387,16,0,26 25 7,2,9,,103372,16,0,26 25 7,2
51004,'2',523,,103626,7,0,26 25 7,2,10,,103734,7,0,26 25 7,2,9,,103648,7,0,26 25 7,2,10,,103784,16,0,26 25 7,2,49,,103571,16,0,26 25 7,2,10,,103562,16,0,26 25 7,2,9,,103706,16,0,26 25 7,2,10,,103603,16,0,26 25 7,2,9,,103712,16,0,26 25 7,2,10,,103724,16,0,26 25 7,2,9,,103683,16,0,26 25 7,2,50,,103583,16,0,26 25 7,2,9,,103717,16,0,26 25 7,2,10,,103764,16,0,26 25 7,2,9,,103620,16,0,26 25 7,2,10,,103634,16,0,26 25 7,2,9,,103773,16,0,26 25 7,2,50,,103777,16,0,26 25 7,2,9,,103751,16,0,26 25 7,2,10,,103718,16,0,26 25 7,2,9,,103695,16,0,26 25 7,2,10,,77052,16,0,26 25 7,2,9,,103770,16,0,26 25 7,2,50,,103672,16,0,26 25 7,2,12,,103669,16,0,26 25 7,2,8,,103722,16,0,26 25 7,2,9,,103675,16,0,26 25 7,2,8,,103613,16,0,26 25 7,2,9,,103557,16,0,26 25 7,2,8,,103654,16,0,26 25 7,2,49,,103742,16,0,26 25 7,2,8,,103666,16,0,26 25 7,2,9,,103743,16,0,26 25 7,2,8,,103769,16,0,26 25 7,2,9,,103581,16,0,26 25 7,2,8,,103757,16,0,26 25 7,2,9,,103786,16,0,26 25 7,2,48,,103641,16,0,26 25 7,2,9,,103779,16,0,26 25 7,2,8,,103697,16,0,26 25 7,2,9,,103646,16,0,26 25 7,2,9,,103578,16,0,26 25 7,2,8,,103738,16,0,26 25 7,2,8,,103647,16,0,26 25 7,2,48,,103586,16,0,26 25 7,2,7,,103558,16,0,26 25 7,2,8,,103630,16,0,26 25 7,2,8,,103714,16,0,26 25 7,2,8,,103732,16,0,26 25 7,2,7,,103652,16,0,26 25 7,2,8,,103673,16,0,26 25 7,2,8,,103771,16,0,26 25 7,2,48,,103729,16,0,26 25 7,2,7,,103671,16,0,26 25 7,2,8,,103753,16,0,26 25 7,2,8,,103778,16,0,26 25 7,2,8,,103633,16,0,26 25 7,2,7,,103635,16,0,26 25 7,2,8,,103686,16,0,26 25 7,2,8,,103715,16,0,26 25 7,2,48,,103570,16,0,26 25 7,2,7,,103587,16,0,26 25 7,2,8,,103687,16,0,26 25 7,2,8,,103606,16,0,26 25 7,2,8,,103730,16,0,26 25 7,2,7,,103577,16,0,26 25 7,2,8,,103616,16,0,26 25 7,2,48,,103665,16,0,26 25 7,2,8,,83277,16,0,26 25 7,2,7,,103623,16,0,26 25 7,2,8,,103574,16,0,26 25 7,2,8,,103719,16,0,26 25 7,2,8,,103728,16,0,26 25 7,2,7,,103731,16,0,26 25 7,2,8,,103760,16,0,26 25 7,2,48,,103696,16,0,26 25 7,2,8,,103651,16,0,26 25 7,2,7,,103594,16,0,26 25 7,2,8,,103749,16,0,26 25 7,2,8,,103775,16,0,26 25 7,2,8,,103560,16,0,26 25 7,2,7,,103595,16,0,26 25 7,2,8,,83261,16,0,26 25 7,2,48,,103649,16,0,26 25 7,2,8,,103705,16,0,26 25 7,2,7,,103579,16,0,26 25 7,2,8,,103552,16,0,26 25 7,2,8,,103723,16,0,26 25 7,2,8,,103756,16,0,26 25 7,2,7,,103619,16,0,26 25 7,2,8,,103788,16,0,26 25 7,2,48,,103632,16,0,26 25 7,2,8,,103677,16,0,26 25 7,2,7,,103762,16,0,26 25 7,2,8,,103604,16,0,26 25 7,2,8,,103750,16,0,26 25 7,2,7,,103708,16,0,26 25 7,2,6,,103639,16,0,26 25 7,2,2,,103556,16,0,26 25 7,2,47,,103720,16,0,26 25 7,2,6,,103625,16,0,26 25 7,2,5,,103682,16,0,26 25 7,2,5,,103755,16,0,26 25 7,2,5,,103554,16,0,26 25 7,2,6,,103563,16,0,26 25 7,2,5,,103761,16,0,26 25 7,2,5,,103580,16,0,26 25 7,2,5,,103573,16,0,26 25 7,2,6,,103653,16,0,26 25 7,2,5,,103765,16,0,26 25 7,2,5,,103681,16,0,26 25 7,2,45,,103663,16,0,26 25 7,2,6,,103602,16,0,26 25 7,2,5,,103568,16,0,26 25 7,2,5,,103739,16,0,26 25 7,2,5,,103644,16,0,26 25 7,2,6,,103585,16,0,26 25 7,2,5,,103727,16,0,26 25 7,2,5,,103591,16,0,26 25 7,2,5,,103582,16,0,26 25 7,2,6,,103593,16,0,26 25 7,2,5,,103638,16,0,26 25 7,2,45,,103589,16,0,26 25 7,2,5,,103736,16,0,26 25 7,2,6,,103567,16,0,26 25 7,2,5,,103679,16,0,26 25 7,2,5,,103713,16,0,26 25 7,2,5,,103785,16,0,26 25 7,2,6,,103698,16,0,26 25 7,2,5,,103763,16,0,26 25 7,2,5,,103776,16,0,26 25 7,2,5,,103767,16,0,26 25 7,2,6,,81497,16,0,26 25 7,2,5,,103754,16,0,26 25 7,2,45,,103572,16,0,26 25 7,2,3,,103551,16,0,26 25 7,2,11,,103608,16,0,26 25 7,2,9,,103614,16,0,26 25 7,2,9,,103611,16,0,26 25 7,2,10,,103726,16,0,26 25 7,2,9,,103553,16,0,26 25 7,2,50,,103627,16,0,26 25 7,2,9,,103699,16,0,26 25 7,2,10,,103640,16,0,26 25 7,2,9,,103768,16,0,26 25 7,2,10,,103628,16,0,26 25 7,2,9,,103670,16,0,26 25 7,2,50,,103709,16,0,26 25 7,2,9,,103624,16,0,26 25 7,2,10,,103781,16,0,26 25 7,2,9,,103780,16,0,26 25 7,2,10,,103645,16,0,26 25 7,2,9,,103782,16,0,26 25 7,2,10,,103561,16,0,26 25 7,2,49,,103701,16,0,26 25 7,2,12,,103659,16,0,26 25 7,2,10,,103615,16,0,26 25 7,2,10,,103703,16,0,26 25 7,2
51004,'3',808,,103931,16,0,26 25 7,2,15,,103796,16,0,26 25 7,2,15,,103952,16,0,26 25 7,2,14,,103928,16,0,26 25 7,2,53,,103935,16,0,26 25 7,2,12,,103864,16,0,26 25 7,2,8,,103890,16,0,26 25 7,2,9,,103836,16,0,26 25 7,2,9,,103855,16,0,26 25 7,2,10,,103927,16,0,26 25 7,2,50,,103921,16,0,26 25 7,2,10,,103885,16,0,26 25 7,2,9,,103859,16,0,26 25 7,2,10,,103956,16,0,26 25 7,2,10,,103957,16,0,26 25 7,2,10,,103891,16,0,26 25 7,2,50,,103961,16,0,26 25 7,2,10,,103926,16,0,26 25 7,2,10,,103793,16,0,26 25 7,2,10,,103973,16,0,26 25 7,2,9,,103889,16,0,26 25 7,2,9,,103917,16,0,26 25 7,2,9,,103873,16,0,26 25 7,2,49,,103965,16,0,26 25 7,2,9,,103833,16,0,26 25 7,2,9,,103909,16,0,26 25 7,2,9,,103914,16,0,26 25 7,2,9,,103945,16,0,26 25 7,2,9,,103792,16,0,26 25 7,2,49,,103888,16,0,26 25 7,2,9,,103797,16,0,26 25 7,2,9,,103960,16,0,26 25 7,2,9,,103826,16,0,26 25 7,2,9,,103922,16,0,26 25 7,2,9,,103893,16,0,26 25 7,2,9,,103870,16,0,26 25 7,2,49,,103933,16,0,26 25 7,2,9,,103862,16,0,26 25 7,2,9,,103849,16,0,26 25 7,2,9,,103819,16,0,26 25 7,2,9,,103841,16,0,26 25 7,2,9,,103894,16,0,26 25 7,2,9,,103968,16,0,26 25 7,2,49,,103798,16,0,26 25 7,2,9,,103920,16,0,26 25 7,2,9,,103916,16,0,26 25 7,2,9,,103896,16,0,26 25 7,2,9,,103842,16,0,26 25 7,2,9,,103863,16,0,26 25 7,2,49,,103806,16,0,26 25 7,2,9,,103846,16,0,26 25 7,2,9,,103838,16,0,26 25 7,2,9,,103860,16,0,26 25 7,2,9,,103789,16,0,26 25 7,2,9,,103832,16,0,26 25 7,2,9,,103971,16,0,26 25 7,2,49,,103856,16,0,26 25 7,2,9,,103929,16,0,26 25 7,2,9,,103847,16,0,26 25 7,2,9,,103868,16,0,26 25 7,2,9,,103843,16,0,26 25 7,2,9,,83490,16,0,26 25 7,2,9,,103880,16,0,26 25 7,2,49,,103947,16,0,26 25 7,2,9,,103882,16,0,26 25 7,2,9,,103830,16,0,26 25 7,2,9,,103807,16,0,26 25 7,2,9,,103840,16,0,26 25 7,2,9,,103874,16,0,26 25 7,2,49,,103949,16,0,26 25 7,2,9,,103900,16,0,26 25 7,2,5,,103818,16,0,26 25 7,2,6,,103964,16,0,26 25 7,2,6,,103937,16,0,26 25 7,2,6,,103816,16,0,26 25 7,2,7,,103822,16,0,26 25 7,2,6,,103851,16,0,26 25 7,2,6,,79158,16,0,26 25 7,2,6,,103801,16,0,26 25 7,2,47,,103835,16,0,26 25 7,2,6,,103924,16,0,26 25 7,2,6,,103899,16,0,26 25 7,2,6,,88618,16,0,26 25 7,2,7,,103940,16,0,26 25 7,2,6,,103837,16,0,26 25 7,2,6,,103944,16,0,26 25 7,2,6,,103901,16,0,26 25 7,2,7,,103919,16,0,26 25 7,2,46,,103812,16,0,26 25 7,2,6,,103972,16,0,26 25 7,2,6,,103811,16,0,26 25 7,2,7,,103879,16,0,26 25 7,2,6,,103867,16,0,26 25 7,2,6,,103903,16,0,26 25 7,2,6,,103852,16,0,26 25 7,2,7,,103825,16,0,26 25 7,2,6,,103977,16,0,26 25 7,2,6,,103865,16,0,26 25 7,2,46,,103809,16,0,26 25 7,2,7,,103808,16,0,26 25 7,2,6,,103831,16,0,26 25 7,2,6,,103814,16,0,26 25 7,2,6,,103827,16,0,26 25 7,2,5,,103953,16,0,26 25 7,2,9,,103925,16,0,26 25 7,2,9,,103969,16,0,26 25 7,2,50,,103904,16,0,26 25 7,2,9,,103810,16,0,26 25 7,2,10,,103799,16,0,26 25 7,2,9,,103853,16,0,26 25 7,2,10,,103845,16,0,26 25 7,2,9,,103958,16,0,26 25 7,2,10,,103892,16,0,26 25 7,2,49,,103923,16,0,26 25 7,2,10,,103800,16,0,26 25 7,2,9,,103975,16,0,26 25 7,2,10,,103817,16,0,26 25 7,2,10,,88774,16,0,26 25 7,2,10,,103902,16,0,26 25 7,2,51,,103907,16,0,26 25 7,2,10,,103850,16,0,26 25 7,2,10,,103876,16,0,26 25 7,2,10,,103978,16,0,26 25 7,2
51004,'5',522,,104048,16,0,26 25 7,2,16,,104159,16,0,26 25 7,2,15,,104126,16,0,26 25 7,2,55,,104152,16,0,26 25 7,2,15,,104040,16,0,26 25 7,2,15,,104115,16,0,26 25 7,2,15,,104003,16,0,26 25 7,2,55,,104096,16,0,26 25 7,2,15,,104135,16,0,26 25 7,2,15,,104050,16,0,26 25 7,2,15,,104011,16,0,26 25 7,2,55,,104093,16,0,26 25 7,2,15,,104090,16,0,26 25 7,2,15,,103997,16,0,26 25 7,2,14,,104030,16,0,26 25 7,2,53,,104111,16,0,26 25 7,2,12,,104140,16,0,26 25 7,2,8,,104124,16,0,26 25 7,2,9,,104008,16,0,26 25 7,2,9,,104143,16,0,26 25 7,2,10,,104119,16,0,26 25 7,2,50,,104142,16,0,26 25 7,2,10,,104029,16,0,26 25 7,2,9,,104006,16,0,26 25 7,2,10,,104141,16,0,26 25 7,2,10,,104133,16,0,26 25 7,2,10,,104122,16,0,26 25 7,2,50,,104059,16,0,26 25 7,2,10,,104012,16,0,26 25 7,2,10,,104130,16,0,26 25 7,2,10,,104091,16,0,26 25 7,2,9,,104165,16,0,26 25 7,2,9,,103988,16,0,26 25 7,2,9,,104148,16,0,26 25 7,2,49,,104025,16,0,26 25 7,2,9,,104037,16,0,26 25 7,2,9,,104033,16,0,26 25 7,2,9,,81261,16,0,26 25 7,2,9,,104097,16,0,26 25 7,2,9,,104150,16,0,26 25 7,2,49,,104064,16,0,26 25 7,2,9,,104161,16,0,26 25 7,2,9,,103990,16,0,26 25 7,2,9,,104046,16,0,26 25 7,2,9,,104132,16,0,26 25 7,2,9,,104061,16,0,26 25 7,2,9,,104098,16,0,26 25 7,2,49,,104002,16,0,26 25 7,2,9,,104105,16,0,26 25 7,2,9,,104014,16,0,26 25 7,2,9,,104085,16,0,26 25 7,2,9,,104053,16,0,26 25 7,2,9,,104056,16,0,26 25 7,2,9,,103985,16,0,26 25 7,2,49,,103981,16,0,26 25 7,2,9,,104163,16,0,26 25 7,2,9,,104041,16,0,26 25 7,2,9,,104136,16,0,26 25 7,2,9,,104131,16,0,26 25 7,2,9,,104026,16,0,26 25 7,2,49,,104144,16,0,26 25 7,2,9,,103979,16,0,26 25 7,2,9,,104004,16,0,26 25 7,2,9,,104072,16,0,26 25 7,2,9,,104013,16,0,26 25 7,2,9,,103998,16,0,26 25 7,2,9,,104146,16,0,26 25 7,2,49,,104128,16,0,26 25 7,2,9,,104070,16,0,26 25 7,2,9,,104173,16,0,26 25 7,2,9,,104166,16,0,26 25 7,2,9,,104104,16,0,26 25 7,2,9,,104095,16,0,26 25 7,2,9,,104110,16,0,26 25 7,2,49,,104015,16,0,26 25 7,2,9,,104045,16,0,26 25 7,2,9,,81856,16,0,26 25 7,2,9,,104116,16,0,26 25 7,2,9,,104007,16,0,26 25 7,2,9,,104169,16,0,26 25 7,2,49,,104078,16,0,26 25 7,2,9,,104066,16,0,26 25 7,2,5,,104081,16,0,26 25 7,2,6,,104109,16,0,26 25 7,2,6,,80413,16,0,26 25 7,2,6,,104044,16,0,26 25 7,2,7,,104017,16,0,26 25 7,2,6,,104168,16,0,26 25 7,2,6,,104069,16,0,26 25 7,2,6,,104101,16,0,26 25 7,2,47,,104099,16,0,26 25 7,2,6,,104083,16,0,26 25 7,2,6,,104057,16,0,26 25 7,2,6,,104167,16,0,26 25 7,2,7,,104102,16,0,26 25 7,2,6,,104092,16,0,26 25 7,2,6,,104080,16,0,26 25 7,2,6,,104052,16,0,26 25 7,2,7,,104114,16,0,26 25 7,2,46,,104076,16,0,26 25 7,2,6,,104145,16,0,26 25 7,2,6,,104153,16,0,26 25 7,2,7,,104074,16,0,26 25 7,2,6,,104047,16,0,26 25 7,2,6,,104088,16,0,26 25 7,2,6,,103987,16,0,26 25 7,2,7,,104062,16,0,26 25 7,2,6,,104005,16,0,26 25 7,2,6,,104000,16,0,26 25 7,2,46,,104129,16,0,26 25 7,2,7,,104084,16,0,26 25 7,2,6,,104035,16,0,26 25 7,2,6,,104036,16,0,26 25 7,2,6,,103994,16,0,26 25 7,2,5,,104106,16,0,26 25 7,2,9,,104009,16,0,26 25 7,2,9,,104176,16,0,26 25 7,2,50,,104171,16,0,26 25 7,2,9,,103989,16,0,26 25 7,2,10,,104108,16,0,26 25 7,2,9,,104100,16,0,26 25 7,2,10,,104020,16,0,26 25 7,2,9,,103982,16,0,26 25 7,2,10,,103991,16,0,26 25 7,2,49,,104027,16,0,26 25 7,2,10,,104137,16,0,26 25 7,2,9,,103995,16,0,26 25 7,2,10,,104151,16,0,26 25 7,2,10,,104010,16,0,26 25 7,2,10,,104158,16,0,26 25 7,2,51,,104016,16,0,26 25 7,2,10,,104054,16,0,26 25 7,2,10,,104113,16,0,26 25 7,2,10,,104023,16,0,26 25 7,2
