30102,'1',2621,,91350,32,0,47 22 23,2,30,,91376,32,0,47 22 23,2,70,,91366,32,0,47 22 23,2,30,,91378,32,0,47 22 23,2,70,,91356,32,0,47 22 23,2,30,,91374,32,,,2,70,,91363,32,,,2,30,,91361,32,,,2
30102,'2',2626,,91396,32,0,47 22 23,2,30,,91382,32,0,47 22 23,2,70,,91389,32,0,47 22 23,2,30,,91398,32,0,47 22 23,2,70,,91380,32,0,47 22 23,2,30,,91392,32,,,2,70,,91379,32,,,2,30,,91393,32,,,2
30102,'3',2616,,91413,32,0,47 22 23,2,30,,91428,32,0,47 22 23,2,70,,91430,32,0,47 22 23,2,30,,91427,32,0,47 22 23,2,70,,91425,32,0,47 22 23,2,30,,91416,32,0,47 22 23,2,70,,91414,32,,,2,30,,91421,32,,,2
30102,'5',2616,,91445,32,0,47 22 23,2,30,,91446,32,0,47 22 23,2,70,,91437,32,0,47 22 23,2,30,,91461,32,0,47 22 23,2,70,,91454,32,0,47 22 23,2,30,,91450,32,0,47 22 23,2,70,,91447,32,,,2,30,,91436,32,,,2
50701,'1',925,,99957,17,0,49,2,999,,99923,17,0,49,2,27,,99866,17,0,49,2,298,,99892,17,0,49,2,253,,99948,17,0,49,2,20,,99864,17,0,49,2
50701,'2',1928,,100102,17,0,49,2,586,,100108,17,0,49,2,21,,100113,17,0,49,2
50701,'3',2446,,100360,17,0,49,2
50701,'5',2446,,100445,17,0,49,2
50702,'1',501,,100616,17,0,22 23,2,11,,100701,17,0,22 23,2,10,,100696,17,0,22 23,2,10,,100768,17,0,22 23,2,10,,100631,17,0,22 23,2,10,,100623,17,0,22 23,2,50,,100604,17,0,22 23,2,10,,100662,17,0,22 23,2,10,,100619,17,0,22 23,2,10,,100664,17,0,22 23,2,10,,88188,17,0,22 23,2,10,,100601,17,0,22 23,2,52,,100734,17,0,22 23,2,8,,100752,17,0,22 23,2,6,,100594,17,0,22 23,2,7,,100632,17,0,22 23,2,7,,100614,17,0,22 23,2,7,,100715,17,0,22 23,2,7,,100640,17,0,22 23,2,7,,100610,17,0,22 23,2,47,,100724,17,0,22 23,2,7,,100687,17,0,22 23,2,7,,100721,17,0,22 23,2,7,,100774,17,0,22 23,2,7,,100758,17,0,22 23,2,7,,100723,17,0,22 23,2,7,,100769,17,0,22 23,2,7,,100666,17,0,22 23,2,7,,100669,17,0,22 23,2,47,,100655,17,0,22 23,2,9,,100645,17,0,22 23,2,9,,100644,17,0,22 23,2,8,,100761,17,0,22 23,2,8,,100763,17,0,22 23,2,8,,100796,17,0,22 23,2,8,,100766,17,0,22 23,2,48,,100612,17,0,22 23,2,8,,100620,17,0,22 23,2,8,,100600,17,0,22 23,2,8,,100760,17,0,22 23,2,8,,100755,17,0,22 23,2,8,,100765,17,0,22 23,2,8,,100658,17,0,22 23,2,8,,100698,17,0,22 23,2,48,,100660,17,0,22 23,2,8,,100667,17,0,22 23,2,8,,100747,17,0,22 23,2,8,,100685,17,0,22 23,2,8,,100744,17,0,22 23,2,8,,100671,17,0,22 23,2,8,,100708,17,0,22 23,2,48,,100683,17,0,22 23,2,8,,100647,17,0,22 23,2,8,,100718,17,0,22 23,2,8,,100626,17,0,22 23,2,8,,100733,17,0,22 23,2,8,,100762,17,0,22 23,2,8,,100673,17,0,22 23,2,8,,100633,17,0,22 23,2,48,,100679,17,0,22 23,2,8,,100751,17,0,22 23,2,8,,100745,17,0,22 23,2,8,,100725,17,0,22 23,2,8,,89087,17,0,22 23,2,8,,100787,17,0,22 23,2,8,,100781,17,0,22 23,2,48,,100599,17,0,22 23,2,8,,100605,17,0,22 23,2,8,,100783,17,0,22 23,2,8,,81440,17,0,22 23,2,8,,100759,17,0,22 23,2,8,,79766,17,0,22 23,2,8,,100684,17,0,22 23,2,8,,100743,17,0,22 23,2,48,,100711,17,0,22 23,2,8,,100700,17,0,22 23,2,9,,100773,17,0,22 23,2,4,,100741,17,0,22 23,2,7,,100794,17,0,22 23,2,7,,100672,17,0,22 23,2,7,,100648,17,0,22 23,2,7,,100720,17,0,22 23,2,47,,100606,17,0,22 23,2,7,,100703,17,0,22 23,2,7,,100639,17,0,22 23,2,7,,100653,17,0,22 23,2,7,,100704,17,0,22 23,2,7,,100691,17,0,22 23,2,7,,100757,17,0,22 23,2,7,,100705,17,0,22 23,2,7,,100638,17,0,22 23,2,47,,100686,17,0,22 23,2,7,,100722,17,0,22 23,2,7,,100788,17,0,22 23,2,7,,100791,17,0,22 23,2,7,,100697,17,0,22 23,2,7,,100727,17,0,22 23,2,7,,100657,17,0,22 23,2,7,,100710,17,0,22 23,2,47,,100652,17,0,22 23,2,7,,100767,17,0,22 23,2,7,,100690,17,0,22 23,2,7,,100670,17,0,22 23,2,7,,89208,17,0,22 23,2,7,,100595,17,0,22 23,2,7,,100748,17,0,22 23,2,7,,100681,17,0,22 23,2,7,,100694,17,0,22 23,2,47,,100668,17,0,22 23,2,9,,100692,17,0,22 23,2,8,,100617,17,0,22 23,2,9,,100792,17,0,22 23,2,7,,100714,17,0,22 23,2,9,,100728,17,0,22 23,2,9,,100680,17,0,22 23,2,49,,100790,17,0,22 23,2,9,,100800,17,0,22 23,2,9,,100646,17,0,22 23,2,9,,100597,17,0,22 23,2,9,,100678,17,0,22 23,2,9,,100613,17,0,22 23,2,9,,100642,17,0,22 23,2,49,,100622,17,0,22 23,2,9,,100636,17,0,22 23,2,9,,100637,17,0,22 23,2,9,,100749,17,0,22 23,2,9,,100753,17,0,22 23,2,9,,100750,17,0,22 23,2,49,,100695,17,0,22 23,2,9,,100754,17,0,22 23,2,8,,100628,17,0,22 23,2,12,,100603,17,0,22 23,2,10,,100635,17,0,22 23,2,10,,100609,17,0,22 23,2,10,,100654,17,0,22 23,2,50,,100746,17,0,22 23,2,10,,100789,17,0,22 23,2,10,,100742,17,0,22 23,2,10,,100709,17,0,22 23,2,10,,100779,17,0,22 23,2,10,,100596,17,0,22 23,2,50,,100740,17,0,22 23,2,10,,100713,17,0,22 23,2,10,,100730,17,0,22 23,2,12,,100735,17,0,22 23,2,12,,100729,17,0,22 23,2,55,,100677,17,0,22 23,2,20,,100699,17,0,22 23,2,25,,100651,17,0,22 23,2
50702,'2',450,,100870,17,0,22 23,2,50,,100923,17,0,22 23,2,10,,100977,17,0,22 23,2,10,,100804,17,0,22 23,2,10,,100919,17,0,22 23,2,10,,100872,17,0,22 23,2,10,,100893,17,0,22 23,2,50,,100924,17,0,22 23,2,10,,100873,17,0,22 23,2,10,,100827,17,0,22 23,2,10,,100948,17,0,22 23,2,10,,86668,17,0,22 23,2,10,,100812,17,0,22 23,2,50,,100869,17,0,22 23,2,10,,100915,17,0,22 23,2,10,,100910,17,0,22 23,2,10,,100982,17,0,22 23,2,10,,100868,17,0,22 23,2,10,,100854,17,0,22 23,2,50,,100908,17,0,22 23,2,9,,100958,17,0,22 23,2,12,,100892,17,0,22 23,2,14,,100933,17,0,22 23,2,13,,100902,17,0,22 23,2,9,,100851,17,0,22 23,2,49,,100951,17,0,22 23,2,9,,79897,17,0,22 23,2,9,,100955,17,0,22 23,2,9,,100874,17,0,22 23,2,9,,100917,17,0,22 23,2,9,,100904,17,0,22 23,2,49,,100952,17,0,22 23,2,9,,100833,17,0,22 23,2,9,,100891,17,0,22 23,2,9,,100866,17,0,22 23,2,9,,100929,17,0,22 23,2,9,,100828,17,0,22 23,2,9,,100836,17,0,22 23,2,49,,100970,17,0,22 23,2,9,,100871,17,0,22 23,2,9,,100964,17,0,22 23,2,9,,100974,17,0,22 23,2,9,,100809,17,0,22 23,2,9,,100972,17,0,22 23,2,9,,100818,17,0,22 23,2,49,,100807,17,0,22 23,2,10,,100939,17,0,22 23,2,10,,100971,17,0,22 23,2,8,,100918,17,0,22 23,2,8,,100882,17,0,22 23,2,8,,100879,17,0,22 23,2,8,,100962,17,0,22 23,2,48,,100887,17,0,22 23,2,8,,100813,17,0,22 23,2,8,,100928,17,0,22 23,2,8,,100937,17,0,22 23,2,8,,100806,17,0,22 23,2,8,,100843,17,0,22 23,2,8,,100927,17,0,22 23,2,48,,100938,17,0,22 23,2,8,,100907,17,0,22 23,2,8,,100976,17,0,22 23,2,8,,100862,17,0,22 23,2,8,,100808,17,0,22 23,2,8,,100980,17,0,22 23,2,8,,100814,17,0,22 23,2,8,,100965,17,0,22 23,2,48,,100905,17,0,22 23,2,8,,78028,17,0,22 23,2,8,,100829,17,0,22 23,2,8,,100898,17,0,22 23,2,8,,100863,17,0,22 23,2,8,,100841,17,0,22 23,2,8,,100865,17,0,22 23,2,48,,100936,17,0,22 23,2,8,,100925,17,0,22 23,2,8,,100860,17,0,22 23,2,8,,100832,17,0,22 23,2,8,,100835,17,0,22 23,2,8,,100831,17,0,22 23,2,8,,100950,17,0,22 23,2,8,,100931,17,0,22 23,2,48,,100822,17,0,22 23,2,8,,100844,17,0,22 23,2,8,,100857,17,0,22 23,2,8,,100897,17,0,22 23,2,8,,100953,17,0,22 23,2,8,,100861,17,0,22 23,2,8,,100884,17,0,22 23,2,48,,100864,17,0,22 23,2,8,,100946,17,0,22 23,2,8,,100848,17,0,22 23,2,8,,100945,17,0,22 23,2,8,,100959,17,0,22 23,2,8,,100816,17,0,22 23,2,8,,100957,17,0,22 23,2,8,,100880,17,0,22 23,2,48,,100949,17,0,22 23,2,10,,100922,17,0,22 23,2,8,,100961,17,0,22 23,2,9,,100967,17,0,22 23,2,9,,100838,17,0,22 23,2,9,,100930,17,0,22 23,2,49,,100973,17,0,22 23,2,9,,100911,17,0,22 23,2,9,,100984,17,0,22 23,2,9,,100876,17,0,22 23,2,9,,100894,17,0,22 23,2,9,,100968,17,0,22 23,2,9,,100914,17,0,22 23,2,49,,100986,17,0,22 23,2,9,,100826,17,0,22 23,2,9,,100830,17,0,22 23,2,9,,100985,17,0,22 23,2,9,,100890,17,0,22 23,2,9,,100847,17,0,22 23,2,9,,100867,17,0,22 23,2,49,,100846,17,0,22 23,2,9,,100853,17,0,22 23,2,7,,100954,17,0,22 23,2,10,,100817,17,0,22 23,2,10,,100821,17,0,22 23,2,10,,100881,17,0,22 23,2,50,,100858,17,0,22 23,2,10,,100885,17,0,22 23,2,10,,100947,17,0,22 23,2,10,,100859,17,0,22 23,2,10,,100856,17,0,22 23,2,10,,100909,17,0,22 23,2,50,,100963,17,0,22 23,2,10,,100855,17,0,22 23,2,10,,100810,17,0,22 23,2,10,,100840,17,0,22 23,2,10,,100852,17,0,22 23,2,12,,100886,17,0,22 23,2,55,,100883,17,0,22 23,2,20,,100878,17,0,22 23,2,30,,100899,17,0,22 23,2
50702,'3',446,,101007,17,0,22 23,2,8,,101050,17,0,22 23,2,49,,101137,17,0,22 23,2,10,,101154,17,0,22 23,2,10,,101059,17,0,22 23,2,10,,101068,17,0,22 23,2,10,,101100,17,0,22 23,2,10,,101160,17,0,22 23,2,50,,100999,17,0,22 23,2,10,,101070,17,0,22 23,2,10,,101127,17,0,22 23,2,10,,101026,17,0,22 23,2,10,,101046,17,0,22 23,2,10,,101014,17,0,22 23,2,50,,101107,17,0,22 23,2,10,,101092,17,0,22 23,2,10,,100995,17,0,22 23,2,10,,101081,17,0,22 23,2,10,,77636,17,0,22 23,2,10,,101016,17,0,22 23,2,50,,101053,17,0,22 23,2,12,,101165,17,0,22 23,2,11,,101121,17,0,22 23,2,16,,101112,17,0,22 23,2,10,,101031,17,0,22 23,2,50,,101111,17,0,22 23,2,10,,101004,17,0,22 23,2,10,,101148,17,0,22 23,2,10,,101136,17,0,22 23,2,10,,101132,17,0,22 23,2,10,,101064,17,0,22 23,2,50,,101008,17,0,22 23,2,10,,101085,17,0,22 23,2,10,,101062,17,0,22 23,2,10,,101042,17,0,22 23,2,10,,101128,17,0,22 23,2,10,,100992,17,0,22 23,2,50,,101020,17,0,22 23,2,10,,101156,17,0,22 23,2,10,,101065,17,0,22 23,2,10,,101166,17,0,22 23,2,10,,101009,17,0,22 23,2,10,,101017,17,0,22 23,2,50,,101074,17,0,22 23,2,10,,101044,17,0,22 23,2,9,,101155,17,0,22 23,2,8,,100991,17,0,22 23,2,8,,101133,17,0,22 23,2,8,,101157,17,0,22 23,2,9,,101149,17,0,22 23,2,49,,101105,17,0,22 23,2,9,,101124,17,0,22 23,2,9,,101144,17,0,22 23,2,9,,101159,17,0,22 23,2,9,,100993,17,0,22 23,2,9,,101102,17,0,22 23,2,9,,101118,17,0,22 23,2,49,,101029,17,0,22 23,2,9,,89586,17,0,22 23,2,9,,101114,17,0,22 23,2,9,,101142,17,0,22 23,2,9,,80189,17,0,22 23,2,9,,101139,17,0,22 23,2,49,,101028,17,0,22 23,2,9,,101130,17,0,22 23,2,9,,101000,17,0,22 23,2,9,,101096,17,0,22 23,2,9,,101056,17,0,22 23,2,9,,101021,17,0,22 23,2,9,,101027,17,0,22 23,2,49,,101071,17,0,22 23,2,9,,101025,17,0,22 23,2,9,,101098,17,0,22 23,2,9,,101066,17,0,22 23,2,9,,101038,17,0,22 23,2,9,,101010,17,0,22 23,2,9,,101039,17,0,22 23,2,49,,101138,17,0,22 23,2,9,,101023,17,0,22 23,2,9,,101169,17,0,22 23,2,9,,101095,17,0,22 23,2,9,,101041,17,0,22 23,2,9,,101022,17,0,22 23,2,49,,101168,17,0,22 23,2,9,,101093,17,0,22 23,2,9,,101063,17,0,22 23,2,9,,101001,17,0,22 23,2,9,,101024,17,0,22 23,2,9,,101108,17,0,22 23,2,9,,101153,17,0,22 23,2,49,,101147,17,0,22 23,2,9,,101116,17,0,22 23,2,6,,101150,17,0,22 23,2,9,,101122,17,0,22 23,2,8,,101106,17,0,22 23,2,7,,100990,17,0,22 23,2,9,,101167,17,0,22 23,2,49,,101078,17,0,22 23,2,9,,101091,17,0,22 23,2,9,,101058,17,0,22 23,2,9,,101143,17,0,22 23,2,9,,101018,17,0,22 23,2,9,,101077,17,0,22 23,2,9,,70115,17,0,22 23,2,49,,101119,17,0,22 23,2,9,,101054,17,0,22 23,2,9,,101076,17,0,22 23,2,9,,101103,17,0,22 23,2,9,,101069,17,0,22 23,2,9,,100997,17,0,22 23,2,9,,101113,17,0,22 23,2,49,,100998,17,0,22 23,2,9,,86891,17,0,22 23,2,9,,101034,17,0,22 23,2,9,,101057,17,0,22 23,2,10,,101040,17,0,22 23,2,10,,101115,17,0,22 23,2,50,,101101,17,0,22 23,2,10,,101067,17,0,22 23,2,10,,101123,17,0,22 23,2,10,,101052,17,0,22 23,2,10,,101097,17,0,22 23,2,10,,101013,17,0,22 23,2,50,,101134,17,0,22 23,2,10,,101135,17,0,22 23,2,10,,101075,17,0,22 23,2,10,,80267,17,0,22 23,2,19,,101079,17,0,22 23,2,59,,101104,17,0,22 23,2,15,,101099,17,0,22 23,2,20,,101162,17,0,22 23,2
50702,'5',446,,101347,17,0,22 23,2,8,,101218,17,0,22 23,2,49,,101338,17,0,22 23,2,10,,101241,17,0,22 23,2,10,,101261,17,0,22 23,2,10,,101260,17,0,22 23,2,10,,101331,17,0,22 23,2,10,,101259,17,0,22 23,2,50,,101332,17,0,22 23,2,10,,101330,17,0,22 23,2,10,,101340,17,0,22 23,2,10,,101334,17,0,22 23,2,10,,101299,17,0,22 23,2,10,,101321,17,0,22 23,2,50,,101199,17,0,22 23,2,10,,101186,17,0,22 23,2,10,,101228,17,0,22 23,2,10,,101342,17,0,22 23,2,10,,101234,17,0,22 23,2,10,,101219,17,0,22 23,2,50,,101254,17,0,22 23,2,12,,101220,17,0,22 23,2,11,,101285,17,0,22 23,2,16,,101300,17,0,22 23,2,10,,101216,17,0,22 23,2,50,,101292,17,0,22 23,2,10,,101287,17,0,22 23,2,10,,101238,17,0,22 23,2,10,,101350,17,0,22 23,2,10,,101244,17,0,22 23,2,10,,101352,17,0,22 23,2,50,,101301,17,0,22 23,2,10,,101175,17,0,22 23,2,10,,101176,17,0,22 23,2,10,,101255,17,0,22 23,2,10,,101232,17,0,22 23,2,10,,101263,17,0,22 23,2,50,,101265,17,0,22 23,2,10,,80344,17,0,22 23,2,10,,101215,17,0,22 23,2,10,,101256,17,0,22 23,2,10,,101355,17,0,22 23,2,10,,101294,17,0,22 23,2,50,,101337,17,0,22 23,2,10,,101314,17,0,22 23,2,9,,101257,17,0,22 23,2,8,,101344,17,0,22 23,2,8,,101303,17,0,22 23,2,8,,101268,17,0,22 23,2,9,,101283,17,0,22 23,2,49,,101217,17,0,22 23,2,9,,101177,17,0,22 23,2,9,,101346,17,0,22 23,2,9,,101258,17,0,22 23,2,9,,101195,17,0,22 23,2,9,,101272,17,0,22 23,2,9,,101226,17,0,22 23,2,49,,79310,17,0,22 23,2,9,,101341,17,0,22 23,2,9,,101229,17,0,22 23,2,9,,101305,17,0,22 23,2,9,,101349,17,0,22 23,2,9,,101297,17,0,22 23,2,49,,101322,17,0,22 23,2,9,,101237,17,0,22 23,2,9,,101208,17,0,22 23,2,9,,101200,17,0,22 23,2,9,,101316,17,0,22 23,2,9,,101348,17,0,22 23,2,9,,101290,17,0,22 23,2,49,,101197,17,0,22 23,2,9,,101313,17,0,22 23,2,9,,101192,17,0,22 23,2,9,,101304,17,0,22 23,2,9,,101274,17,0,22 23,2,9,,101247,17,0,22 23,2,9,,101269,17,0,22 23,2,49,,101185,17,0,22 23,2,9,,101205,17,0,22 23,2,9,,101306,17,0,22 23,2,9,,101183,17,0,22 23,2,9,,101182,17,0,22 23,2,9,,101230,17,0,22 23,2,49,,101171,17,0,22 23,2,9,,101353,17,0,22 23,2,9,,101288,17,0,22 23,2,9,,101190,17,0,22 23,2,9,,101339,17,0,22 23,2,9,,101280,17,0,22 23,2,9,,101333,17,0,22 23,2,49,,101315,17,0,22 23,2,9,,101298,17,0,22 23,2,6,,101282,17,0,22 23,2,9,,101326,17,0,22 23,2,8,,101262,17,0,22 23,2,7,,101318,17,0,22 23,2,9,,101178,17,0,22 23,2,49,,101225,17,0,22 23,2,9,,101189,17,0,22 23,2,9,,101266,17,0,22 23,2,9,,101302,17,0,22 23,2,9,,101207,17,0,22 23,2,9,,101204,17,0,22 23,2,9,,101223,17,0,22 23,2,49,,101279,17,0,22 23,2,9,,77308,17,0,22 23,2,9,,101193,17,0,22 23,2,9,,101172,17,0,22 23,2,9,,101309,17,0,22 23,2,9,,101253,17,0,22 23,2,9,,101203,17,0,22 23,2,49,,101327,17,0,22 23,2,9,,101345,17,0,22 23,2,9,,101310,17,0,22 23,2,9,,101328,17,0,22 23,2,10,,101320,17,0,22 23,2,10,,101329,17,0,22 23,2,50,,101325,17,0,22 23,2,10,,101211,17,0,22 23,2,10,,101242,17,0,22 23,2,10,,101227,17,0,22 23,2,10,,101277,17,0,22 23,2,10,,101317,17,0,22 23,2,50,,101184,17,0,22 23,2,10,,101224,17,0,22 23,2,10,,101289,17,0,22 23,2,10,,101323,17,0,22 23,2,19,,101173,17,0,22 23,2,59,,83640,17,0,22 23,2,15,,101281,17,0,22 23,2,20,,101356,17,0,22 23,2
