30402,'1',2615,,91579,15,0,5 6 7,2,10,,91581,15,0,5 6 7,2,10,,91583,15,0,5 6 7,2,10,,91589,15,0,5 6 7,2,10,,91584,15,0,5 6 7,2,50,,91585,15,0,5 6 7,2,10,,91574,15,0,5 6 7,2,10,,91593,15,0,5 6 7,2,10,,91582,15,0,5 6 7,2,10,,91576,15,0,5 6 7,2,10,,91595,15,0,5 6 7,2,50,,91594,15,0,5 6 7,2,10,,91592,15,0,5 6 7,2,10,,91588,15,0,5 6 7,2,10,,91573,15,0,5 6 7,2,10,,91578,15,0,5 6 7,2,6,,91575,15,0,5 6 7,2
30402,'2',2635,,91606,15,0,5 6 7,2,10,,91610,15,0,5 6 7,2,10,,91604,15,0,5 6 7,2,50,,91608,15,0,5 6 7,2,10,,91601,15,0,5 6 7,2,10,,91597,15,0,5 6 7,2,10,,91600,15,0,5 6 7,2,10,,90101,15,0,5 6 7,2,10,,91602,15,0,5 6 7,2,50,,91617,15,0,5 6 7,2,10,,91596,15,0,5 6 7,2,10,,91615,15,0,5 6 7,2,10,,91616,15,0,5 6 7,2,10,,91607,15,0,5 6 7,2,10,,91609,15,0,5 6 7,2,50,,91611,15,0,5 6 7,2,13,,91614,15,0,5 6 7,2
30402,'3',430,,91665,5,0,5 6 7,2,14,,91625,5,0,5 6 7,2,7,,91654,5,0,21,2,7,,91669,5,0,5 6 7,2,47,,91645,5,0,21,2,5,,91662,5,0,5 6 7,2,6,,91652,15,0,21,2,10,,91668,3,0,5 6 7,2,5,,91638,5,0,21,2,6,,91641,15,0,21,2,3,,91634,5,0,5 6 7,2,5,,91626,3,0,5 6 7,2,8,,91623,15,0,21,2,6,,91618,3,0,5 6 7,2,47,,91670,15,0,21,2,7,,91649,3,0,5 6 7,2,7,,91650,15,0,21,2,7,,91640,3,0,5 6 7,2,7,,91624,15,0,21,2,7,,91631,3,0,5 6 7,2,7,,91647,15,0,21,2,7,,91661,3,0,5 6 7,2,47,,81689,15,0,21,2,7,,91651,3,0,5 6 7,2,7,,91658,15,0,21,2,7,,91644,3,0,5 6 7,2,7,,91622,15,0,21,2,14,,91630,15,0,21,2,14,,91621,15,0,21,2,54,,91633,15,0,21,2,1826,,91657,15,0,5 6 7,2,10,,91659,15,0,5 6 7,2,10,,91628,15,0,5 6 7,2,50,,91663,15,0,5 6 7,2,10,,91666,15,0,5 6 7,2,10,,91648,15,0,5 6 7,2,10,,91643,15,0,5 6 7,2,10,,91636,15,0,5 6 7,2,10,,91632,15,0,5 6 7,2,50,,91664,15,0,5 6 7,2,10,,91635,15,0,5 6 7,2,11,,91627,15,0,5 6 7,2
30402,'5',2638,,91687,15,0,5 6 7,2,10,,91674,15,0,5 6 7,2,10,,91688,15,0,5 6 7,2,50,,91683,15,0,5 6 7,2,10,,91680,15,0,5 6 7,2,10,,91684,15,0,5 6 7,2,10,,91677,15,0,5 6 7,2,10,,91672,15,0,5 6 7,2,10,,91673,15,0,5 6 7,2,50,,91678,15,0,5 6 7,2,10,,91676,15,0,5 6 7,2,11,,91679,15,0,5 6 7,2
50302,'1',527,,94052,30,0,32 8 19,2,12,,93988,30,0,32 8 19,2,10,,94042,30,0,32 8 19,2,10,,94041,30,0,32 8 19,2,50,,94120,30,0,32 8 19,2,13,,94009,30,0,32 8 19,2,14,,94101,30,0,32 8 19,2,6,,94090,30,0,32 8 19,2,7,,86556,30,0,32 8 19,2,10,,79674,30,0,32 8 19,2,50,,94066,30,0,32 8 19,2,5,,94047,30,0,32 8 19,2,7,,93989,30,0,32 8 19,2,10,,94099,30,0,32 8 19,2,10,,94068,30,0,32 8 19,2,6,,93998,30,0,32 8 19,2,6,,94087,30,0,32 8 19,2,6,,94116,30,0,32 8 19,2,46,,94020,30,0,32 8 19,2,6,,94029,30,0,32 8 19,2,6,,94082,30,0,32 8 19,2,6,,94113,30,0,32 8 19,2,6,,94007,30,0,32 8 19,2,6,,94062,30,0,32 8 19,2,6,,94073,30,0,32 8 19,2,6,,94105,30,0,32 8 19,2,6,,94078,30,0,32 8 19,2,6,,94005,30,0,32 8 19,2,46,,94121,30,0,32 8 19,2,6,,94088,30,0,32 8 19,2,6,,94057,30,0,32 8 19,2,6,,94044,30,0,32 8 19,2,6,,94123,30,0,32 8 19,2,6,,94010,30,0,32 8 19,2,6,,94085,30,0,32 8 19,2,6,,94081,30,0,32 8 19,2,6,,94128,30,0,32 8 19,2,6,,94043,30,0,32 8 19,2,46,,93994,30,0,32 8 19,2,7,,94000,30,0,32 8 19,2,10,,94100,30,0,32 8 19,2,10,,94130,30,0,32 8 19,2,10,,94040,30,0,32 8 19,2,10,,94023,30,0,32 8 19,2,50,,94079,30,0,32 8 19,2,10,,94131,30,0,32 8 19,2,10,,94129,30,0,32 8 19,2,10,,94086,30,0,32 8 19,2,10,,94080,30,0,32 8 19,2,10,,94114,30,0,32 8 19,2,50,,94127,30,0,32 8 19,2,10,,94054,30,0,32 8 19,2,10,,94067,30,0,32 8 19,2,10,,94017,30,0,32 8 19,2,10,,94072,30,0,32 8 19,2,10,,94038,30,0,32 8 19,2,50,,94109,30,0,32 8 19,2,10,,94034,30,0,32 8 19,2,10,,94016,30,0,32 8 19,2,10,,94094,30,0,32 8 19,2,10,,94026,30,0,32 8 19,2,10,,93995,30,0,32 8 19,2,50,,94001,30,0,32 8 19,2,10,,94098,30,0,32 8 19,2,10,,94058,30,0,32 8 19,2,10,,94107,30,0,32 8 19,2,10,,94119,30,0,32 8 19,2,10,,94103,30,0,32 8 19,2,51,,94003,30,0,32 8 19,2,13,,94045,30,0,32 8 19,2,9,,94069,30,0,32 8 19,2,6,,94033,30,0,32 8 19,2,6,,94077,30,0,32 8 19,2,6,,94093,30,0,32 8 19,2,6,,94013,30,0,32 8 19,2,8,,94050,30,0,32 8 19,2,48,,94056,30,0,32 8 19,2,8,,94074,30,0,32 8 19,2,6,,89064,30,0,32 8 19,2,6,,94076,30,0,32 8 19,2,6,,93997,30,0,32 8 19,2,6,,94048,30,0,32 8 19,2,6,,94111,30,0,32 8 19,2,6,,94089,30,0,32 8 19,2,6,,79538,30,0,32 8 19,2,46,,94014,30,0,32 8 19,2,6,,94046,30,0,32 8 19,2,6,,94095,30,0,32 8 19,2,6,,94084,30,0,32 8 19,2,6,,94021,30,0,32 8 19,2,6,,94092,30,0,32 8 19,2,6,,94108,30,0,32 8 19,2,6,,93992,30,0,32 8 19,2,6,,94070,30,0,32 8 19,2,6,,94071,30,0,32 8 19,2,46,,94083,30,0,32 8 19,2,6,,94049,30,0,32 8 19,2,6,,94018,30,0,32 8 19,2,18,,94012,30,0,32 8 19,2,6,,94055,30,0,32 8 19,2,6,,94039,30,0,32 8 19,2,6,,94004,30,0,32 8 19,2,6,,94075,30,0,32 8 19,2,4,,94112,30,0,32 8 19,2,44,,94008,30,0,32 8 19,2,7,,94106,30,0,32 8 19,2,7,,94091,30,0,32 8 19,2,7,,94022,30,0,32 8 19,2,6,,94104,30,0,32 8 19,2,7,,94037,30,0,32 8 19,2,5,,94019,30,0,32 8 19,2,7,,93999,30,0,32 8 19,2,8,,94053,30,0,32 8 19,2,48,,94118,30,0,32 8 19,2,8,,93987,30,0,32 8 19,2,8,,94060,30,0,32 8 19,2,8,,94011,30,0,32 8 19,2,8,,93993,30,0,32 8 19,2,8,,94015,30,0,32 8 19,2,8,,94102,30,0,32 8 19,2,48,,94117,30,0,32 8 19,2,8,,94002,30,0,32 8 19,2,8,,94031,30,0,32 8 19,2,8,,93996,30,0,32 8 19,2,8,,94035,30,0,32 8 19,2,8,,94063,30,0,32 8 19,2,8,,94122,30,0,32 8 19,2,8,,94032,30,0,32 8 19,2,48,,93991,30,0,32 8 19,2,9,,94024,30,0,32 8 19,2,9,,94096,30,0,32 8 19,2,8,,94027,30,0,32 8 19,2,7,,94097,30,0,32 8 19,2,9,,94125,30,0,32 8 19,2,10,,94030,30,0,32 8 19,2,50,,93990,30,0,32 8 19,2,10,,94006,30,0,32 8 19,2,10,,94124,30,0,32 8 19,2,10,,94110,30,0,32 8 19,2,10,,94061,30,0,32 8 19,2,10,,94028,30,0,32 8 19,2,50,,94051,30,0,32 8 19,2,10,,94025,30,0,32 8 19,2,10,,94126,30,0,32 8 19,2,10,,94065,30,0,32 8 19,2,10,,93986,30,0,32 8 19,2,10,,94036,30,0,32 8 19,2,50,,94115,30,0,32 8 19,2,11,,94059,30,0,32 8 19,2,18,,94064,30,0,32 8 19,2
50302,'2',451,,94235,30,0,32 8 19,2,65,,94188,30,0,32 8 19,2,17,,94223,30,0,32 8 19,2,13,,94199,30,0,32 8 19,2,55,,94169,30,0,32 8 19,2,15,,94195,30,0,32 8 19,2,10,,94134,30,0,32 8 19,2,10,,94136,30,0,32 8 19,2,10,,94232,30,0,32 8 19,2,10,,94132,30,0,32 8 19,2,50,,94178,30,0,32 8 19,2,10,,94162,30,0,32 8 19,2,10,,94181,30,0,32 8 19,2,10,,94201,30,0,32 8 19,2,10,,94158,30,0,32 8 19,2,10,,94231,30,0,32 8 19,2,50,,94220,30,0,32 8 19,2,10,,94140,30,0,32 8 19,2,12,,94159,30,0,32 8 19,2,14,,94166,30,0,32 8 19,2,11,,94245,30,0,32 8 19,2,49,,94258,30,0,32 8 19,2,9,,77519,30,0,32 8 19,2,9,,94133,30,0,32 8 19,2,10,,94156,30,0,32 8 19,2,10,,94149,30,0,32 8 19,2,10,,94196,30,0,32 8 19,2,50,,94210,30,0,32 8 19,2,10,,94174,30,0,32 8 19,2,10,,94247,30,0,32 8 19,2,10,,94214,30,0,32 8 19,2,10,,94250,30,0,32 8 19,2,10,,94177,30,0,32 8 19,2,50,,94168,30,0,32 8 19,2,10,,94194,30,0,32 8 19,2,10,,94143,30,0,32 8 19,2,10,,94197,30,0,32 8 19,2,10,,94221,30,0,32 8 19,2,11,,94151,30,0,32 8 19,2,50,,94239,30,0,32 8 19,2,10,,94249,30,0,32 8 19,2,10,,94139,30,0,32 8 19,2,5,,94208,30,0,32 8 19,2,7,,94180,30,0,32 8 19,2,10,,94259,30,0,32 8 19,2,10,,94138,30,0,32 8 19,2,48,,94204,30,0,32 8 19,2,8,,94233,30,0,32 8 19,2,16,,94237,30,0,32 8 19,2,8,,94192,30,0,32 8 19,2,8,,76490,30,0,32 8 19,2,8,,94207,30,0,32 8 19,2,8,,94228,30,0,32 8 19,2,48,,94248,30,0,32 8 19,2,8,,94256,30,0,32 8 19,2,8,,94191,30,0,32 8 19,2,8,,94209,30,0,32 8 19,2,8,,94179,30,0,32 8 19,2,8,,94167,30,0,32 8 19,2,8,,94226,30,0,32 8 19,2,48,,94243,30,0,32 8 19,2,8,,94182,30,0,32 8 19,2,8,,94165,30,0,32 8 19,2,8,,94153,30,0,32 8 19,2,8,,94148,30,0,32 8 19,2,8,,94155,30,0,32 8 19,2,8,,94224,30,0,32 8 19,2,8,,94175,30,0,32 8 19,2,48,,94154,30,0,32 8 19,2,8,,94183,30,0,32 8 19,2,8,,94184,30,0,32 8 19,2,8,,94255,30,0,32 8 19,2,8,,94225,30,0,32 8 19,2,8,,94164,30,0,32 8 19,2,8,,94227,30,0,32 8 19,2,48,,94203,30,0,32 8 19,2,8,,94213,30,0,32 8 19,2,8,,94157,30,0,32 8 19,2,8,,94163,30,0,32 8 19,2,8,,94219,30,0,32 8 19,2,8,,94150,30,0,32 8 19,2,8,,94251,30,0,32 8 19,2,8,,94222,30,0,32 8 19,2,48,,94137,30,0,32 8 19,2,8,,94173,30,0,32 8 19,2,8,,94257,30,0,32 8 19,2,16,,94170,30,0,32 8 19,2,8,,94261,30,0,32 8 19,2,8,,94200,30,0,32 8 19,2,48,,94186,30,0,32 8 19,2,9,,94202,30,0,32 8 19,2,9,,94253,30,0,32 8 19,2,9,,94142,30,0,32 8 19,2,10,,94234,30,0,32 8 19,2,9,,94135,30,0,32 8 19,2,9,,94205,30,0,32 8 19,2,50,,94218,30,0,32 8 19,2,10,,94236,30,0,32 8 19,2,10,,94176,30,0,32 8 19,2,10,,94141,30,0,32 8 19,2,10,,79964,30,0,32 8 19,2,10,,94260,30,0,32 8 19,2,50,,94187,30,0,32 8 19,2,10,,94229,30,0,32 8 19,2,10,,94160,30,0,32 8 19,2,10,,94189,30,0,32 8 19,2,10,,94147,30,0,32 8 19,2,10,,94172,30,0,32 8 19,2,50,,94242,30,0,32 8 19,2,10,,94185,30,0,32 8 19,2,11,,94146,30,0,32 8 19,2,9,,94161,30,0,32 8 19,2,9,,94254,30,0,32 8 19,2,10,,94216,30,0,32 8 19,2,50,,94244,30,0,32 8 19,2,10,,94252,30,0,32 8 19,2,10,,94238,30,0,32 8 19,2,10,,94206,30,0,32 8 19,2,10,,94171,30,0,32 8 19,2,10,,94190,30,0,32 8 19,2,50,,94230,30,0,32 8 19,2,10,,94240,30,0,32 8 19,2,10,,94144,30,0,32 8 19,2,10,,94193,30,0,32 8 19,2,10,,94241,30,0,32 8 19,2,10,,94152,30,0,32 8 19,2,50,,94198,30,0,32 8 19,2,10,,94145,30,0,32 8 19,2,10,,94246,30,0,32 8 19,2,10,,94215,30,0,32 8 19,2,10,,94262,30,0,32 8 19,2,10,,94217,30,0,32 8 19,2,48,,94211,30,0,32 8 19,2,8,,94212,30,0,32 8 19,2
50302,'3',519,,94286,30,0,32 8 19,2,21,,94346,30,0,32 8 19,2,60,,94294,30,0,32 8 19,2,20,,94324,30,0,32 8 19,2,20,,80283,30,0,32 8 19,2,10,,94360,30,0,32 8 19,2,50,,94358,30,0,32 8 19,2,10,,94289,30,0,32 8 19,2,10,,94316,30,0,32 8 19,2,10,,94287,30,0,32 8 19,2,10,,94359,30,0,32 8 19,2,10,,94342,30,0,32 8 19,2,50,,94370,30,0,32 8 19,2,12,,94306,30,0,32 8 19,2,13,,94355,30,0,32 8 19,2,13,,94296,30,0,32 8 19,2,11,,94335,30,0,32 8 19,2,9,,94268,30,0,32 8 19,2,48,,94269,30,0,32 8 19,2,8,,94277,30,0,32 8 19,2,10,,94323,30,0,32 8 19,2,10,,94366,30,0,32 8 19,2,10,,94276,30,0,32 8 19,2,10,,75434,30,0,32 8 19,2,50,,94339,30,0,32 8 19,2,10,,94350,30,0,32 8 19,2,10,,94308,30,0,32 8 19,2,10,,94275,30,0,32 8 19,2,10,,94353,30,0,32 8 19,2,10,,94352,30,0,32 8 19,2,50,,94301,30,0,32 8 19,2,10,,94376,30,0,32 8 19,2,10,,94272,30,0,32 8 19,2,10,,94321,30,0,32 8 19,2,10,,94364,30,0,32 8 19,2,10,,94263,30,0,32 8 19,2,50,,94329,30,0,32 8 19,2,10,,94283,30,0,32 8 19,2,9,,94291,30,0,32 8 19,2,9,,94303,30,0,32 8 19,2,12,,94373,30,0,32 8 19,2,9,,94327,30,0,32 8 19,2,49,,80244,30,0,32 8 19,2,10,,94305,30,0,32 8 19,2,10,,94266,30,0,32 8 19,2,10,,94363,30,0,32 8 19,2,10,,94348,30,0,32 8 19,2,10,,94313,30,0,32 8 19,2,50,,94297,30,0,32 8 19,2,10,,94300,30,0,32 8 19,2,10,,94341,30,0,32 8 19,2,10,,94331,30,0,32 8 19,2,10,,94336,30,0,32 8 19,2,10,,94338,30,0,32 8 19,2,50,,94340,30,0,32 8 19,2,10,,94278,30,0,32 8 19,2,10,,94343,30,0,32 8 19,2,10,,94375,30,0,32 8 19,2,10,,94362,30,0,32 8 19,2,10,,94288,30,0,32 8 19,2,50,,94298,30,0,32 8 19,2,10,,94337,30,0,32 8 19,2,10,,94334,30,0,32 8 19,2,10,,94267,30,0,32 8 19,2,10,,94332,30,0,32 8 19,2,10,,94328,30,0,32 8 19,2,50,,94281,30,0,32 8 19,2,10,,94304,30,0,32 8 19,2,10,,94292,30,0,32 8 19,2,10,,94368,30,0,32 8 19,2,10,,94295,30,0,32 8 19,2,10,,85132,30,0,32 8 19,2,50,,94369,30,0,32 8 19,2,10,,94318,30,0,32 8 19,2,10,,94326,30,0,32 8 19,2,10,,94361,30,0,32 8 19,2,10,,94357,30,0,32 8 19,2,60,,94345,30,0,32 8 19,2,10,,94293,30,0,32 8 19,2,10,,94284,30,0,32 8 19,2,11,,94265,30,0,32 8 19,2,9,,94319,30,0,32 8 19,2,12,,94290,30,0,32 8 19,2,50,,94309,30,0,32 8 19,2,10,,94307,30,0,32 8 19,2,10,,94280,30,0,32 8 19,2,10,,94330,30,0,32 8 19,2,10,,94302,30,0,32 8 19,2,10,,94354,30,0,32 8 19,2,50,,67251,30,0,32 8 19,2,10,,94317,30,0,32 8 19,2,10,,94314,30,0,32 8 19,2,10,,82258,30,0,32 8 19,2,10,,94365,30,0,32 8 19,2,10,,94372,30,0,32 8 19,2,50,,94274,30,0,32 8 19,2,10,,94349,30,0,32 8 19,2,10,,94285,30,0,32 8 19,2,11,,94367,30,0,32 8 19,2,9,,94270,30,0,32 8 19,2,6,,94356,30,0,32 8 19,2,50,,94371,30,0,32 8 19,2,10,,94282,30,0,32 8 19,2,10,,94333,30,0,32 8 19,2,10,,94299,30,0,32 8 19,2,10,,94279,30,0,32 8 19,2,10,,94374,30,0,32 8 19,2,50,,94311,30,0,32 8 19,2,10,,94310,30,0,32 8 19,2,10,,94351,30,0,32 8 19,2,10,,94315,30,0,32 8 19,2,10,,87007,30,0,32 8 19,2,10,,94312,30,0,32 8 19,2,50,,94322,30,0,32 8 19,2,10,,94347,30,0,32 8 19,2,12,,94320,30,0,32 8 19,2,8,,94344,30,0,32 8 19,2,10,,94273,30,0,32 8 19,2,10,,94325,30,0,32 8 19,2,53,,94271,30,0,32 8 19,2,14,,94264,30,0,32 8 19,2
50302,'5',519,,94492,30,0,32 8 19,2,21,,94378,30,0,32 8 19,2,60,,94422,30,0,32 8 19,2,20,,94379,30,0,32 8 19,2,20,,94484,30,0,32 8 19,2,10,,94488,30,0,32 8 19,2,50,,94377,30,0,32 8 19,2,10,,94397,30,0,32 8 19,2,10,,94472,30,0,32 8 19,2,10,,94412,30,0,32 8 19,2,10,,94409,30,0,32 8 19,2,10,,94450,30,0,32 8 19,2,50,,94407,30,0,32 8 19,2,12,,94477,30,0,32 8 19,2,13,,94404,30,0,32 8 19,2,13,,94427,30,0,32 8 19,2,11,,94402,30,0,32 8 19,2,9,,94475,30,0,32 8 19,2,48,,94444,30,0,32 8 19,2,8,,94480,30,0,32 8 19,2,10,,94494,30,0,32 8 19,2,10,,94390,30,0,32 8 19,2,10,,94413,30,0,32 8 19,2,10,,94451,30,0,32 8 19,2,50,,94446,30,0,32 8 19,2,10,,94401,30,0,32 8 19,2,10,,94386,30,0,32 8 19,2,10,,87277,30,0,32 8 19,2,10,,94447,30,0,32 8 19,2,10,,94489,30,0,32 8 19,2,50,,94388,30,0,32 8 19,2,10,,94430,30,0,32 8 19,2,10,,94405,30,0,32 8 19,2,10,,94433,30,0,32 8 19,2,10,,94460,30,0,32 8 19,2,10,,94497,30,0,32 8 19,2,50,,94439,30,0,32 8 19,2,10,,94429,30,0,32 8 19,2,9,,94396,30,0,32 8 19,2,9,,94417,30,0,32 8 19,2,12,,94399,30,0,32 8 19,2,9,,94414,30,0,32 8 19,2,49,,94465,30,0,32 8 19,2,10,,94432,30,0,32 8 19,2,10,,94392,30,0,32 8 19,2,10,,94464,30,0,32 8 19,2,10,,94495,30,0,32 8 19,2,10,,94381,30,0,32 8 19,2,50,,94481,30,0,32 8 19,2,10,,94385,30,0,32 8 19,2,10,,94435,30,0,32 8 19,2,10,,94462,30,0,32 8 19,2,10,,94426,30,0,32 8 19,2,10,,94420,30,0,32 8 19,2,50,,94408,30,0,32 8 19,2,10,,94483,30,0,32 8 19,2,10,,94387,30,0,32 8 19,2,10,,94487,30,0,32 8 19,2,10,,94456,30,0,32 8 19,2,10,,94459,30,0,32 8 19,2,50,,94453,30,0,32 8 19,2,10,,94419,30,0,32 8 19,2,10,,94469,30,0,32 8 19,2,10,,94470,30,0,32 8 19,2,10,,94406,30,0,32 8 19,2,10,,94455,30,0,32 8 19,2,50,,94431,30,0,32 8 19,2,10,,94418,30,0,32 8 19,2,10,,94434,30,0,32 8 19,2,10,,94416,30,0,32 8 19,2,10,,94479,30,0,32 8 19,2,10,,94457,30,0,32 8 19,2,50,,94380,30,0,32 8 19,2,10,,94384,30,0,32 8 19,2,10,,94478,30,0,32 8 19,2,10,,94398,30,0,32 8 19,2,10,,94496,30,0,32 8 19,2,10,,94476,30,0,32 8 19,2,50,,94491,30,0,32 8 19,2,10,,94440,30,0,32 8 19,2,10,,94463,30,0,32 8 19,2,11,,94443,30,0,32 8 19,2,9,,94423,30,0,32 8 19,2,12,,94490,30,0,32 8 19,2,50,,94421,30,0,32 8 19,2,10,,94415,30,0,32 8 19,2,10,,94458,30,0,32 8 19,2,10,,94437,30,0,32 8 19,2,10,,94474,30,0,32 8 19,2,10,,94428,30,0,32 8 19,2,50,,94438,30,0,32 8 19,2,10,,94467,30,0,32 8 19,2,10,,94452,30,0,32 8 19,2,10,,94466,30,0,32 8 19,2,10,,94485,30,0,32 8 19,2,10,,94493,30,0,32 8 19,2,50,,94454,30,0,32 8 19,2,10,,94471,30,0,32 8 19,2,10,,94411,30,0,32 8 19,2,11,,94400,30,0,32 8 19,2,9,,94403,30,0,32 8 19,2,6,,94473,30,0,32 8 19,2,50,,94424,30,0,32 8 19,2,10,,94410,30,0,32 8 19,2,10,,94448,30,0,32 8 19,2,10,,94436,30,0,32 8 19,2,10,,94393,30,0,32 8 19,2,10,,94395,30,0,32 8 19,2,50,,94445,30,0,32 8 19,2,10,,94389,30,0,32 8 19,2,10,,94383,30,0,32 8 19,2,10,,94442,30,0,32 8 19,2,10,,94468,30,0,32 8 19,2,10,,94425,30,0,32 8 19,2,50,,94461,30,0,32 8 19,2,10,,94486,30,0,32 8 19,2,12,,94382,30,0,32 8 19,2,8,,94482,30,0,32 8 19,2,10,,94391,30,0,32 8 19,2,10,,94394,30,0,32 8 19,2,53,,94449,30,0,32 8 19,2,14,,94441,30,0,32 8 19,2
50402,'1',406,,95707,5,0,46 5 41,2,15,,95618,5,0,46 5 41,2,15,,95530,5,0,46 5 41,2,1,,95763,5,0,21,2,9,,95536,5,0,46 5 41,2,5,,95548,5,0,21,2,6,,95670,3,0,46 5 41,2,48,,95609,15,0,21,2,3,,95527,3,0,46 5 41,2,7,,95547,15,0,21,2,3,,95715,3,0,46 5 41,2,7,,95742,15,0,21,2,3,,95558,3,0,46 5 41,2,7,,95683,15,0,21,2,3,,95757,3,0,46 5 41,2,7,,95625,15,0,21,2,3,,95581,3,0,46 5 41,2,7,,95511,15,0,21,2,3,,95516,3,0,46 5 41,2,47,,89912,15,0,21,2,1,,95576,3,0,46 5 41,2,5,,95657,14,0,21,2,5,,95661,3,0,46 5 41,2,5,,95540,14,0,21,2,5,,95634,3,0,46 5 41,2,5,,95685,14,0,21,2,5,,95694,3,0,46 5 41,2,5,,95741,14,0,21,2,5,,95545,3,0,46 5 41,2,2,,95541,5,0,46 5 41,2,3,,95721,14,0,21,2,5,,95538,3,0,46 5 41,2,45,,95643,14,0,21,2,5,,95539,3,0,46 5 41,2,5,,95566,14,0,21,2,5,,95773,3,0,46 5 41,2,2,,95604,5,0,46 5 41,2,4,,95580,14,0,21,2,2,,95521,3,0,46 5 41,2,4,,95550,3,0,46 5 41,2,4,,95706,14,0,21,2,4,,95779,5,0,21,2,3,,95769,3,0,46 5 41,2,2,,95736,14,0,21,2,6,,95718,14,0,21,2,3,,95738,3,0,46 5 41,2,3,,95552,14,0,21,2,3,,95755,3,0,46 5 41,2,44,,95777,14,0,21,2,3,,95663,3,0,46 5 41,2,3,,95679,14,0,21,2,4,,95637,3,0,46 5 41,2,2,,95676,14,0,21,2,7,,95569,3,0,46 5 41,2,6,,95659,14,0,21,2,3,,95611,3,0,46 5 41,2,3,,95638,14,0,21,2,3,,95775,3,0,46 5 41,2,2,,95560,14,0,21,2,6,,95510,3,0,46 5 41,2,6,,95563,14,0,21,2,4,,95677,3,0,46 5 41,2,6,,95508,3,0,46 5 41,2,1,,95754,14,0,21,2,49,,95616,14,0,21,2,2,,95559,3,0,46 5 41,2,6,,95607,14,0,21,2,1,,95666,3,0,46 5 41,2,5,,95623,3,0,46 5 41,2,2,,95693,14,0,21,2,6,,95579,3,0,46 5 41,2,2,,95512,14,0,21,2,8,,95602,14,0,21,2,3,,95678,3,0,46 5 41,2,5,,95720,14,0,21,2,4,,95524,3,0,46 5 41,2,4,,84638,14,0,21,2,45,,95636,3,0,46 5 41,2,3,,95513,14,0,21,2,6,,95665,3,0,46 5 41,2,2,,95651,14,0,21,2,8,,95620,14,0,21,2,4,,95587,3,0,46 5 41,2,4,,95608,14,0,21,2,4,,95711,3,0,46 5 41,2,4,,95684,14,0,21,2,7,,95708,3,0,46 5 41,2,7,,95681,14,0,21,2,4,,95507,3,0,46 5 41,2,5,,95740,14,0,21,2,44,,95750,3,0,46 5 41,2,4,,95630,14,0,21,2,5,,95624,3,0,46 5 41,2,4,,95546,14,0,21,2,5,,95696,3,0,46 5 41,2,5,,95570,14,0,21,2,5,,83052,3,0,46 5 41,2,5,,95568,14,0,21,2,5,,95737,3,0,46 5 41,2,5,,95646,14,0,21,2,5,,95662,3,0,46 5 41,2,5,,95768,14,0,21,2,45,,77906,3,0,46 5 41,2,5,,95597,14,0,21,2,5,,95573,3,0,46 5 41,2,5,,95592,14,0,21,2,5,,95606,3,0,46 5 41,2,5,,95709,14,0,21,2,5,,95705,3,0,46 5 41,2,5,,95519,14,0,21,2,5,,95537,3,0,46 5 41,2,5,,95599,14,0,21,2,5,,95674,3,0,46 5 41,2,5,,95572,14,0,21,2,45,,95562,3,0,46 5 41,2,5,,95654,14,0,21,2,5,,95635,3,0,46 5 41,2,5,,95732,14,0,21,2,5,,95598,3,0,46 5 41,2,5,,95532,14,0,21,2,5,,95603,3,0,46 5 41,2,5,,95680,14,0,21,2,5,,95639,3,0,46 5 41,2,5,,95522,14,0,21,2,5,,95612,3,0,46 5 41,2,5,,95534,14,0,21,2,45,,95774,3,0,46 5 41,2,5,,95555,14,0,21,2,5,,90608,3,0,46 5 41,2,5,,95593,14,0,21,2,5,,95652,3,0,46 5 41,2,6,,95645,14,0,21,2,5,,95747,3,0,46 5 41,2,5,,95518,14,0,21,2,4,,95621,5,0,46 5 41,2,3,,95596,3,0,46 5 41,2,4,,95716,14,0,21,2,4,,95695,5,0,21,2,3,,95687,3,0,46 5 41,2,3,,95686,14,0,21,2,45,,95734,3,0,46 5 41,2,5,,95506,14,0,21,2,5,,95776,3,0,46 5 41,2,5,,95767,14,0,21,2,5,,95673,3,0,46 5 41,2,5,,95725,14,0,21,2,6,,95564,3,0,46 5 41,2,4,,95640,14,0,21,2,6,,95682,3,0,46 5 41,2,5,,95600,14,0,21,2,6,,95669,3,0,46 5 41,2,46,,95728,14,0,21,2,5,,95595,3,0,46 5 41,2,6,,95514,14,0,21,2,5,,95748,3,0,46 5 41,2,5,,95622,14,0,21,2,5,,95647,3,0,46 5 41,2,5,,95746,14,0,21,2,5,,95543,3,0,46 5 41,2,5,,95760,14,0,21,2,5,,95549,3,0,46 5 41,2,5,,95672,14,0,21,2,5,,95671,3,0,46 5 41,2,45,,95629,14,0,21,2,5,,95551,3,0,46 5 41,2,5,,95614,14,0,21,2,5,,95610,3,0,46 5 41,2,5,,95574,14,0,21,2,5,,95553,3,0,46 5 41,2,5,,95658,14,0,21,2,5,,95765,3,0,46 5 41,2,5,,95531,14,0,21,2,5,,95520,3,0,46 5 41,2,5,,95601,14,0,21,2,5,,95628,3,0,46 5 41,2,45,,95617,14,0,21,2,5,,95712,3,0,46 5 41,2,5,,95719,14,0,21,2,5,,95692,3,0,46 5 41,2,5,,95582,14,0,21,2,5,,95733,3,0,46 5 41,2,5,,95650,14,0,21,2,5,,95517,3,0,46 5 41,2,5,,95710,14,0,21,2,5,,95585,3,0,46 5 41,2,5,,95642,14,0,21,2,5,,95723,3,0,46 5 41,2,45,,95594,14,0,21,2,5,,95583,3,0,46 5 41,2,5,,95722,14,0,21,2,4,,95731,3,0,46 5 41,2,5,,95714,14,0,21,2,5,,95764,3,0,46 5 41,2,4,,95739,14,0,21,2,5,,95577,3,0,46 5 41,2,5,,95649,14,0,21,2,5,,95751,3,0,46 5 41,2,4,,95586,14,0,21,2,5,,95660,3,0,46 5 41,2,5,,95762,14,0,21,2,48,,95557,14,0,21,2,2,,95701,3,0,46 5 41,2,6,,95675,14,0,21,2,4,,95688,3,0,46 5 41,2,6,,95655,14,0,21,2,4,,95641,3,0,46 5 41,2,6,,95556,14,0,21,2,4,,95667,3,0,46 5 41,2,5,,95704,14,0,21,2,5,,95759,3,0,46 5 41,2,5,,95653,14,0,21,2,5,,95771,3,0,46 5 41,2,45,,95565,14,0,21,2,5,,95717,3,0,46 5 41,2,5,,95700,14,0,21,2,5,,95656,3,0,46 5 41,2,5,,95699,14,0,21,2,5,,95752,3,0,46 5 41,2,5,,95713,14,0,21,2,5,,95523,3,0,46 5 41,2,5,,95778,14,0,21,2,5,,95535,3,0,46 5 41,2,5,,95770,14,0,21,2,5,,95749,3,0,46 5 41,2,45,,95727,14,0,21,2,5,,95631,3,0,46 5 41,2,5,,95505,14,0,21,2,5,,95542,3,0,46 5 41,2,5,,95578,14,0,21,2,5,,95627,3,0,46 5 41,2,5,,95743,14,0,21,2,5,,95724,3,0,46 5 41,2,5,,95781,14,0,21,2,5,,95590,3,0,46 5 41,2,5,,95605,14,0,21,2,4,,95644,3,0,46 5 41,2,45,,86558,14,0,21,2,5,,95525,3,0,46 5 41,2,5,,95544,14,0,21,2,5,,95567,3,0,46 5 41,2,5,,95689,14,0,21,2,5,,95729,3,0,46 5 41,2,5,,95575,14,0,21,2,5,,95758,3,0,46 5 41,2,5,,95756,14,0,21,2,5,,95615,3,0,46 5 41,2,5,,95588,14,0,21,2,5,,95730,3,0,46 5 41,2,45,,95753,14,0,21,2,5,,95533,3,0,46 5 41,2,5,,95589,14,0,21,2,5,,95766,3,0,46 5 41,2,5,,95584,14,0,21,2,5,,95744,3,0,46 5 41,2,5,,95529,14,0,21,2,5,,95698,3,0,46 5 41,2,5,,95613,14,0,21,2,5,,95509,3,0,46 5 41,2,5,,95691,14,0,21,2,5,,95633,3,0,46 5 41,2,45,,95772,14,0,21,2,5,,95591,3,0,46 5 41,2,5,,95619,14,0,21,2,5,,95745,3,0,46 5 41,2,5,,95668,14,0,21,2,5,,95528,3,0,46 5 41,2,5,,95664,14,0,21,2,5,,95703,3,0,46 5 41,2,5,,95726,14,0,21,2,5,,95561,3,0,46 5 41,2,5,,95648,14,0,21,2,48,,95702,3,0,46 5 41,2,2,,95515,14,0,21,2,10,,95780,14,0,21,2
50402,'2',403,,95945,5,0,46 5 41,2,20,,96030,5,0,46 5 41,2,12,,95856,5,0,46 5 41,2,10,,95917,5,0,21,2,9,,95796,5,0,46 5 41,2,47,,95816,5,0,46 5 41,2,5,,95872,5,0,21,2,5,,95919,5,0,46 5 41,2,5,,96015,15,0,21,2,5,,96039,5,0,46 5 41,2,5,,95978,5,0,46 5 41,2,5,,95990,15,0,21,2,5,,95911,3,0,46 5 41,2,5,,95961,15,0,21,2,5,,95889,3,0,46 5 41,2,5,,95851,15,0,21,2,5,,95820,3,0,46 5 41,2,45,,95951,15,0,21,2,5,,95794,3,0,46 5 41,2,5,,95975,14,0,21,2,5,,96011,3,0,46 5 41,2,5,,95992,14,0,21,2,5,,95916,3,0,46 5 41,2,5,,82134,14,0,21,2,5,,96007,3,0,46 5 41,2,5,,95995,5,0,21,2,5,,95913,14,0,21,2,5,,95932,3,0,46 5 41,2,5,,95949,14,0,21,2,45,,95813,3,0,46 5 41,2,5,,96019,14,0,21,2,5,,95991,3,0,46 5 41,2,5,,95869,14,0,21,2,5,,95989,3,0,46 5 41,2,5,,95987,14,0,21,2,5,,95823,3,0,46 5 41,2,5,,95881,14,0,21,2,5,,95824,3,0,46 5 41,2,5,,95787,14,0,21,2,5,,95928,3,0,46 5 41,2,5,,95923,14,0,21,2,44,,96037,3,0,46 5 41,2,4,,95782,3,0,46 5 41,2,2,,95922,14,0,21,2,8,,95829,3,0,46 5 41,2,2,,95929,14,0,21,2,8,,96027,3,0,46 5 41,2,5,,95784,14,0,21,2,5,,96035,3,0,46 5 41,2,5,,95822,14,0,21,2,5,,95864,3,0,46 5 41,2,4,,95993,5,0,21,2,3,,96018,14,0,21,2,6,,95802,3,0,46 5 41,2,47,,95988,14,0,21,2,4,,95900,3,0,46 5 41,2,6,,95996,3,0,46 5 41,2,5,,95853,14,0,21,2,5,,95861,3,0,46 5 41,2,4,,95871,5,0,21,2,4,,95887,14,0,21,2,5,,95883,3,0,46 5 41,2,6,,95950,14,0,21,2,5,,95877,3,0,46 5 41,2,5,,95792,14,0,21,2,5,,95806,3,0,46 5 41,2,45,,95935,14,0,21,2,5,,95901,3,0,46 5 41,2,5,,96008,14,0,21,2,5,,95891,3,0,46 5 41,2,5,,96036,14,0,21,2,5,,95868,3,0,46 5 41,2,5,,95839,14,0,21,2,5,,96026,3,0,46 5 41,2,5,,95915,14,0,21,2,5,,95857,3,0,46 5 41,2,5,,95848,14,0,21,2,5,,95840,3,0,46 5 41,2,45,,95905,14,0,21,2,5,,95844,3,0,46 5 41,2,5,,95804,14,0,21,2,4,,95957,3,0,46 5 41,2,6,,96010,14,0,21,2,4,,96005,3,0,46 5 41,2,3,,95879,5,0,46 5 41,2,3,,95831,14,0,21,2,5,,95873,3,0,46 5 41,2,5,,95944,14,0,21,2,5,,95970,3,0,46 5 41,2,5,,96033,14,0,21,2,6,,95955,3,0,46 5 41,2,47,,95909,14,0,21,2,5,,95940,3,0,46 5 41,2,5,,96040,14,0,21,2,5,,95994,3,0,46 5 41,2,5,,95845,14,0,21,2,5,,95821,3,0,46 5 41,2,5,,95934,14,0,21,2,5,,95789,3,0,46 5 41,2,5,,95808,14,0,21,2,5,,95985,3,0,46 5 41,2,5,,95833,14,0,21,2,45,,96021,3,0,46 5 41,2,5,,95924,14,0,21,2,5,,95903,3,0,46 5 41,2,5,,96000,14,0,21,2,5,,95866,3,0,46 5 41,2,5,,95895,14,0,21,2,4,,95797,3,0,46 5 41,2,3,,95825,14,0,21,2,4,,96031,3,0,46 5 41,2,3,,95850,14,0,21,2,7,,96038,3,0,46 5 41,2,7,,95898,14,0,21,2,1,,95801,5,0,21,2,45,,95984,3,0,46 5 41,2,4,,96009,14,0,21,2,5,,95965,3,0,46 5 41,2,5,,95865,14,0,21,2,5,,95954,3,0,46 5 41,2,5,,95912,14,0,21,2,5,,95930,3,0,46 5 41,2,5,,95918,14,0,21,2,5,,95890,3,0,46 5 41,2,5,,96028,14,0,21,2,5,,95807,3,0,46 5 41,2,5,,95884,14,0,21,2,5,,95914,3,0,46 5 41,2,45,,95786,14,0,21,2,5,,95973,3,0,46 5 41,2,5,,90149,14,0,21,2,5,,95906,3,0,46 5 41,2,5,,96002,14,0,21,2,5,,95969,3,0,46 5 41,2,5,,95977,14,0,21,2,5,,95999,3,0,46 5 41,2,5,,95812,14,0,21,2,5,,95878,3,0,46 5 41,2,5,,95814,14,0,21,2,5,,89337,3,0,46 5 41,2,45,,95960,14,0,21,2,5,,95998,3,0,46 5 41,2,5,,95837,14,0,21,2,5,,95888,3,0,46 5 41,2,5,,95885,14,0,21,2,5,,95859,3,0,46 5 41,2,5,,95876,14,0,21,2,5,,95799,3,0,46 5 41,2,5,,95974,14,0,21,2,5,,82625,3,0,46 5 41,2,5,,96012,14,0,21,2,5,,96004,3,0,46 5 41,2,45,,95793,14,0,21,2,5,,95972,3,0,46 5 41,2,5,,95927,14,0,21,2,5,,96022,3,0,46 5 41,2,5,,95867,14,0,21,2,5,,96017,3,0,46 5 41,2,5,,95886,14,0,21,2,5,,95855,3,0,46 5 41,2,5,,95875,14,0,21,2,5,,95858,3,0,46 5 41,2,5,,95896,14,0,21,2,5,,95862,3,0,46 5 41,2,45,,95798,14,0,21,2,5,,95843,3,0,46 5 41,2,5,,95925,14,0,21,2,5,,95983,3,0,46 5 41,2,5,,95783,14,0,21,2,5,,96029,3,0,46 5 41,2,5,,95819,14,0,21,2,5,,95860,3,0,46 5 41,2,5,,95941,14,0,21,2,3,,95997,3,0,46 5 41,2,4,,95800,14,0,21,2,5,,96014,3,0,46 5 41,2,45,,95902,14,0,21,2,5,,95966,3,0,46 5 41,2,5,,86704,14,0,21,2,5,,95809,3,0,46 5 41,2,5,,95880,14,0,21,2,5,,95854,3,0,46 5 41,2,5,,95959,14,0,21,2,5,,95836,3,0,46 5 41,2,5,,96020,14,0,21,2,4,,95826,3,0,46 5 41,2,4,,95842,14,0,21,2,6,,96032,3,0,46 5 41,2,2,,96003,14,0,21,2,48,,96023,14,0,21,2,3,,95795,3,0,46 5 41,2,7,,95939,14,0,21,2,3,,95863,3,0,46 5 41,2,7,,95874,14,0,21,2,5,,95817,3,0,46 5 41,2,5,,95805,14,0,21,2,5,,96025,3,0,46 5 41,2,5,,95947,14,0,21,2,5,,95810,3,0,46 5 41,2,5,,95882,14,0,21,2,45,,95907,3,0,46 5 41,2,5,,95986,14,0,21,2,5,,95971,3,0,46 5 41,2,5,,96006,14,0,21,2,5,,95943,3,0,46 5 41,2,5,,95921,14,0,21,2,5,,95958,3,0,46 5 41,2,5,,95967,14,0,21,2,5,,95942,3,0,46 5 41,2,5,,95852,14,0,21,2,5,,95832,3,0,46 5 41,2,5,,95790,14,0,21,2,45,,95953,3,0,46 5 41,2,5,,95982,14,0,21,2,5,,87577,3,0,46 5 41,2,5,,95830,14,0,21,2,5,,95956,3,0,46 5 41,2,5,,96013,14,0,21,2,5,,95908,3,0,46 5 41,2,5,,95979,14,0,21,2,5,,95948,3,0,46 5 41,2,5,,95785,14,0,21,2,5,,95834,3,0,46 5 41,2,5,,95846,14,0,21,2,45,,95849,3,0,46 5 41,2,5,,95931,14,0,21,2,5,,95897,3,0,46 5 41,2,4,,95926,14,0,21,2,5,,95899,3,0,46 5 41,2,5,,95815,14,0,21,2,6,,95946,3,0,46 5 41,2,6,,95904,14,0,21,2,5,,95870,3,0,46 5 41,2,5,,95847,14,0,21,2,5,,95818,3,0,46 5 41,2,5,,95788,14,0,21,2,45,,80904,3,0,46 5 41,2,5,,95892,14,0,21,2,5,,95920,3,0,46 5 41,2,5,,95952,14,0,21,2,5,,95936,3,0,46 5 41,2,5,,95933,14,0,21,2,5,,95980,3,0,46 5 41,2,5,,95894,14,0,21,2,5,,95827,3,0,46 5 41,2,5,,95811,14,0,21,2,5,,95791,3,0,46 5 41,2,5,,95835,14,0,21,2,45,,95963,3,0,46 5 41,2,5,,95964,14,0,21,2,5,,95893,3,0,46 5 41,2,5,,96024,14,0,21,2,5,,86695,3,0,46 5 41,2,5,,96034,14,0,21,2,5,,95838,3,0,46 5 41,2,5,,95803,14,0,21,2,5,,95962,3,0,46 5 41,2,5,,95968,14,0,21,2,5,,96001,3,0,46 5 41,2,5,,95937,14,0,21,2,45,,95828,3,0,46 5 41,2,5,,96016,14,0,21,2,5,,95938,3,0,46 5 41,2
50402,'3',737,,96254,3,0,46 5 41,2,14,,96248,3,0,46 5 41,2,54,,96206,3,0,46 5 41,2,14,,96065,3,0,46 5 41,2,7,,96244,14,0,21,2,7,,96142,3,0,46 5 41,2,2,,96221,5,0,21,2,2,,96078,5,0,46 5 41,2,3,,96246,14,0,21,2,7,,96046,3,0,46 5 41,2,2,,96073,14,0,21,2,4,,96088,5,0,46 5 41,2,4,,96259,14,0,21,2,44,,96167,3,0,46 5 41,2,10,,96158,3,0,46 5 41,2,2,,96131,14,0,21,2,8,,96129,3,0,46 5 41,2,3,,96197,5,0,21,2,3,,96115,14,0,21,2,4,,96235,3,0,46 5 41,2,4,,96185,14,0,21,2,6,,96089,3,0,46 5 41,2,2,,96074,14,0,21,2,8,,96103,3,0,46 5 41,2,7,,96110,14,0,21,2,43,,96256,3,0,46 5 41,2,5,,96114,14,0,21,2,5,,96135,3,0,46 5 41,2,7,,96094,14,0,21,2,3,,96052,3,0,46 5 41,2,9,,96042,14,0,21,2,1,,96125,3,0,46 5 41,2,9,,96257,14,0,21,2,1,,75922,3,0,46 5 41,2,9,,96062,14,0,21,2,1,,96123,3,0,46 5 41,2,49,,96229,14,0,21,2,1,,96255,3,0,46 5 41,2,9,,96196,14,0,21,2,1,,96178,3,0,46 5 41,2,9,,96099,14,0,21,2,1,,96140,3,0,46 5 41,2,9,,96249,14,0,21,2,1,,96174,3,0,46 5 41,2,9,,96258,14,0,21,2,1,,96204,3,0,46 5 41,2,9,,96231,14,0,21,2,1,,96242,3,0,46 5 41,2,49,,96070,14,0,21,2,1,,96213,3,0,46 5 41,2,9,,96113,14,0,21,2,1,,96071,3,0,46 5 41,2,9,,96130,14,0,21,2,1,,96195,3,0,46 5 41,2,9,,96050,14,0,21,2,1,,96237,3,0,46 5 41,2,9,,96173,14,0,21,2,1,,96053,3,0,46 5 41,2,9,,96176,14,0,21,2,1,,96139,3,0,46 5 41,2,50,,96151,3,0,46 5 41,2,2,,96091,14,0,21,2,8,,96215,3,0,46 5 41,2,4,,96119,5,0,21,2,2,,96118,14,0,21,2,4,,96192,3,0,46 5 41,2,7,,96245,14,0,21,2,3,,96121,3,0,46 5 41,2,7,,96227,14,0,21,2,3,,96107,3,0,46 5 41,2,7,,96193,14,0,21,2,3,,96191,3,0,46 5 41,2,7,,96126,14,0,21,2,43,,88713,3,0,46 5 41,2,7,,96075,14,0,21,2,3,,96153,3,0,46 5 41,2,7,,96243,14,0,21,2,3,,96152,3,0,46 5 41,2,7,,96160,14,0,21,2,3,,96172,3,0,46 5 41,2,7,,96092,14,0,21,2,3,,96105,3,0,46 5 41,2,7,,96226,14,0,21,2,3,,96198,3,0,46 5 41,2,7,,96104,14,0,21,2,43,,96232,3,0,46 5 41,2,7,,96156,14,0,21,2,3,,96223,3,0,46 5 41,2,7,,96097,14,0,21,2,3,,96238,3,0,46 5 41,2,7,,96143,14,0,21,2,3,,96202,3,0,46 5 41,2,7,,96183,14,0,21,2,3,,96209,3,0,46 5 41,2,7,,96214,14,0,21,2,3,,96083,3,0,46 5 41,2,7,,96072,14,0,21,2,43,,77126,3,0,46 5 41,2,7,,96177,14,0,21,2,3,,96138,3,0,46 5 41,2,7,,96233,14,0,21,2,3,,96111,3,0,46 5 41,2,7,,96085,14,0,21,2,3,,96090,3,0,46 5 41,2,7,,96253,14,0,21,2,3,,96144,3,0,46 5 41,2,7,,96116,14,0,21,2,3,,96217,3,0,46 5 41,2,7,,96164,14,0,21,2,43,,96063,3,0,46 5 41,2,7,,96045,14,0,21,2,3,,96251,3,0,46 5 41,2,7,,96108,14,0,21,2,3,,96044,3,0,46 5 41,2,7,,96127,14,0,21,2,3,,96201,3,0,46 5 41,2,7,,96098,14,0,21,2,3,,96041,3,0,46 5 41,2,7,,96081,14,0,21,2,3,,89491,3,0,46 5 41,2,7,,96225,14,0,21,2,43,,96228,3,0,46 5 41,2,7,,96187,14,0,21,2,3,,96211,3,0,46 5 41,2,7,,96184,14,0,21,2,3,,96194,3,0,46 5 41,2,7,,96061,14,0,21,2,3,,96064,3,0,46 5 41,2,7,,96224,14,0,21,2,3,,96171,3,0,46 5 41,2,7,,96057,14,0,21,2,5,,96161,3,0,46 5 41,2,5,,96146,14,0,21,2,45,,96190,3,0,46 5 41,2,5,,96155,14,0,21,2,5,,96141,3,0,46 5 41,2,4,,96124,14,0,21,2,6,,96095,3,0,46 5 41,2,4,,96137,14,0,21,2,6,,96067,3,0,46 5 41,2,4,,96179,14,0,21,2,6,,96203,3,0,46 5 41,2,4,,96218,14,0,21,2,6,,96148,3,0,46 5 41,2,4,,96241,14,0,21,2,46,,96086,3,0,46 5 41,2,2,,96145,14,0,21,2,8,,96175,3,0,46 5 41,2,1,,96080,14,0,21,2,9,,88754,3,0,46 5 41,2,1,,96168,14,0,21,2,9,,96068,3,0,46 5 41,2,1,,96154,14,0,21,2,9,,96069,3,0,46 5 41,2,1,,96051,14,0,21,2,9,,96147,3,0,46 5 41,2,1,,96054,14,0,21,2,49,,96247,3,0,46 5 41,2,1,,96133,14,0,21,2,9,,96060,3,0,46 5 41,2,1,,96170,14,0,21,2,9,,96240,3,0,46 5 41,2,1,,96058,14,0,21,2,9,,96222,3,0,46 5 41,2,1,,96200,14,0,21,2,9,,96117,3,0,46 5 41,2,1,,96212,14,0,21,2,9,,96120,3,0,46 5 41,2,1,,96048,14,0,21,2,50,,96128,14,0,21,2,2,,96162,3,0,46 5 41,2,8,,96112,14,0,21,2,2,,96220,3,0,46 5 41,2,8,,96150,14,0,21,2,2,,96165,3,0,46 5 41,2,8,,96056,14,0,21,2,2,,78174,3,0,46 5 41,2,8,,96163,14,0,21,2,2,,96236,3,0,46 5 41,2,8,,96186,14,0,21,2,2,,96077,3,0,46 5 41,2,48,,96109,14,0,21,2,2,,96059,3,0,46 5 41,2,7,,96230,14,0,21,2,3,,96169,3,0,46 5 41,2,7,,96066,14,0,21,2,3,,96101,3,0,46 5 41,2,7,,96216,14,0,21,2,3,,96096,3,0,46 5 41,2,7,,96159,14,0,21,2,3,,96043,3,0,46 5 41,2,7,,96132,14,0,21,2,3,,80994,3,0,46 5 41,2,47,,96166,14,0,21,2,3,,96134,3,0,46 5 41,2,7,,96049,14,0,21,2,3,,96136,3,0,46 5 41,2,7,,96205,14,0,21,2,3,,96122,3,0,46 5 41,2,7,,96106,14,0,21,2,3,,96219,3,0,46 5 41,2,7,,96047,14,0,21,2,3,,96084,3,0,46 5 41,2,7,,96093,14,0,21,2,3,,96210,3,0,46 5 41,2,47,,96180,14,0,21,2,3,,96188,3,0,46 5 41,2,7,,96055,14,0,21,2,3,,96250,3,0,46 5 41,2,7,,96208,14,0,21,2,3,,96239,3,0,46 5 41,2,7,,96199,14,0,21,2,3,,96102,3,0,46 5 41,2,7,,96189,14,0,21,2,3,,96181,3,0,46 5 41,2,7,,96149,14,0,21,2,3,,96252,3,0,46 5 41,2,47,,96182,14,0,21,2,3,,96157,3,0,46 5 41,2,7,,96087,14,0,21,2,3,,96079,3,0,46 5 41,2,7,,96234,14,0,21,2,3,,96207,3,0,46 5 41,2
50402,'5',430,,96479,5,0,46 5 41,2,14,,96302,5,0,46 5 41,2,7,,96260,5,0,21,2,7,,96478,5,0,46 5 41,2,47,,96279,5,0,21,2,5,,96488,5,0,46 5 41,2,5,,96444,14,0,21,2,11,,96509,3,0,46 5 41,2,5,,96364,5,0,21,2,5,,96451,14,0,21,2,4,,96400,5,0,46 5 41,2,5,,96320,3,0,46 5 41,2,7,,96319,15,0,21,2,7,,96272,3,0,46 5 41,2,47,,96381,15,0,21,2,7,,96437,3,0,46 5 41,2,7,,96262,14,0,21,2,7,,96432,3,0,46 5 41,2,7,,96382,14,0,21,2,7,,96298,3,0,46 5 41,2,7,,96415,14,0,21,2,7,,96466,3,0,46 5 41,2,47,,96392,14,0,21,2,7,,96274,3,0,46 5 41,2,7,,96395,14,0,21,2,7,,96430,3,0,46 5 41,2,7,,96317,14,0,21,2,7,,96328,3,0,46 5 41,2,7,,96513,14,0,21,2,7,,96398,3,0,46 5 41,2,7,,96324,14,0,21,2,47,,96278,3,0,46 5 41,2,7,,96429,14,0,21,2,7,,96403,3,0,46 5 41,2,7,,96297,14,0,21,2,7,,96469,3,0,46 5 41,2,1,,96268,5,0,21,2,3,,96410,5,0,46 5 41,2,3,,96500,14,0,21,2,7,,96273,3,0,46 5 41,2,2,,96334,14,0,21,2,4,,96483,5,0,46 5 41,2,4,,96454,14,0,21,2,44,,96292,3,0,46 5 41,2,10,,96416,3,0,46 5 41,2,2,,96387,14,0,21,2,8,,96282,3,0,46 5 41,2,3,,85244,5,0,21,2,3,,96336,14,0,21,2,4,,96494,3,0,46 5 41,2,4,,96294,14,0,21,2,6,,96507,3,0,46 5 41,2,2,,96486,14,0,21,2,8,,96305,3,0,46 5 41,2,7,,96399,14,0,21,2,43,,96377,3,0,46 5 41,2,5,,96353,14,0,21,2,5,,96409,3,0,46 5 41,2,7,,96506,14,0,21,2,3,,96404,3,0,46 5 41,2,9,,96465,14,0,21,2,1,,96481,3,0,46 5 41,2,9,,96355,14,0,21,2,1,,96372,3,0,46 5 41,2,9,,96512,14,0,21,2,1,,96419,3,0,46 5 41,2,49,,96283,14,0,21,2,1,,96442,3,0,46 5 41,2,9,,96445,14,0,21,2,1,,96271,3,0,46 5 41,2,9,,96467,14,0,21,2,1,,96461,3,0,46 5 41,2,9,,96315,14,0,21,2,1,,96396,3,0,46 5 41,2,9,,96501,14,0,21,2,1,,96473,3,0,46 5 41,2,9,,96397,14,0,21,2,1,,96339,3,0,46 5 41,2,49,,96485,14,0,21,2,1,,96402,3,0,46 5 41,2,9,,96472,14,0,21,2,1,,96304,3,0,46 5 41,2,9,,96325,14,0,21,2,1,,96380,3,0,46 5 41,2,9,,81801,14,0,21,2,1,,96452,3,0,46 5 41,2,9,,96379,14,0,21,2,1,,96470,3,0,46 5 41,2,9,,96360,14,0,21,2,1,,96492,3,0,46 5 41,2,50,,96288,3,0,46 5 41,2,2,,96487,14,0,21,2,8,,96427,3,0,46 5 41,2,4,,96371,5,0,21,2,2,,96366,14,0,21,2,4,,96490,3,0,46 5 41,2,7,,96439,14,0,21,2,3,,96330,3,0,46 5 41,2,7,,96323,14,0,21,2,3,,96436,3,0,46 5 41,2,7,,96411,14,0,21,2,3,,96393,3,0,46 5 41,2,7,,96401,14,0,21,2,43,,91098,3,0,46 5 41,2,7,,96343,14,0,21,2,3,,96497,3,0,46 5 41,2,7,,96435,14,0,21,2,3,,96342,3,0,46 5 41,2,7,,96420,14,0,21,2,3,,96363,3,0,46 5 41,2,7,,96359,14,0,21,2,3,,96503,3,0,46 5 41,2,7,,96502,14,0,21,2,3,,96422,3,0,46 5 41,2,7,,96367,14,0,21,2,43,,96386,3,0,46 5 41,2,7,,96344,14,0,21,2,3,,96369,3,0,46 5 41,2,7,,96446,14,0,21,2,3,,96504,3,0,46 5 41,2,7,,96414,14,0,21,2,3,,96346,3,0,46 5 41,2,7,,96345,14,0,21,2,3,,96326,3,0,46 5 41,2,7,,96332,14,0,21,2,3,,96307,3,0,46 5 41,2,7,,96327,14,0,21,2,43,,96284,3,0,46 5 41,2,7,,96312,14,0,21,2,3,,96267,3,0,46 5 41,2,7,,96289,14,0,21,2,3,,96376,3,0,46 5 41,2,7,,96311,14,0,21,2,3,,96290,3,0,46 5 41,2,7,,96349,14,0,21,2,3,,96441,3,0,46 5 41,2,7,,96443,14,0,21,2,3,,96280,3,0,46 5 41,2,7,,96337,14,0,21,2,43,,96357,3,0,46 5 41,2,7,,96303,14,0,21,2,3,,96471,3,0,46 5 41,2,7,,96270,14,0,21,2,3,,96455,3,0,46 5 41,2,7,,96266,14,0,21,2,3,,96482,3,0,46 5 41,2,7,,96476,14,0,21,2,3,,96264,3,0,46 5 41,2,7,,96505,14,0,21,2,3,,96412,3,0,46 5 41,2,7,,96459,14,0,21,2,43,,96265,3,0,46 5 41,2,7,,96417,14,0,21,2,3,,96423,3,0,46 5 41,2,7,,96368,14,0,21,2,3,,96428,3,0,46 5 41,2,7,,96453,14,0,21,2,3,,96321,3,0,46 5 41,2,7,,96277,14,0,21,2,3,,96299,3,0,46 5 41,2,7,,96421,14,0,21,2,5,,96450,3,0,46 5 41,2,5,,96348,14,0,21,2,45,,96333,3,0,46 5 41,2,5,,96433,14,0,21,2,5,,96310,3,0,46 5 41,2,4,,96313,14,0,21,2,6,,96361,3,0,46 5 41,2,4,,96457,14,0,21,2,6,,96269,3,0,46 5 41,2,4,,96374,14,0,21,2,6,,96477,3,0,46 5 41,2,4,,96286,14,0,21,2,6,,96458,3,0,46 5 41,2,4,,96276,14,0,21,2,46,,96388,3,0,46 5 41,2,2,,96484,14,0,21,2,8,,96261,3,0,46 5 41,2,1,,96498,14,0,21,2,9,,96318,3,0,46 5 41,2,1,,96350,14,0,21,2,9,,96287,3,0,46 5 41,2,1,,96362,14,0,21,2,9,,96331,3,0,46 5 41,2,1,,96464,14,0,21,2,9,,96301,3,0,46 5 41,2,1,,96475,14,0,21,2,49,,96407,3,0,46 5 41,2,1,,96352,14,0,21,2,9,,96373,3,0,46 5 41,2,1,,96425,14,0,21,2,9,,96431,3,0,46 5 41,2,1,,96394,14,0,21,2,9,,96426,3,0,46 5 41,2,1,,96316,14,0,21,2,9,,96495,3,0,46 5 41,2,1,,96322,14,0,21,2,9,,96314,3,0,46 5 41,2,1,,96460,14,0,21,2,50,,96480,14,0,21,2,2,,96306,3,0,46 5 41,2,8,,96378,14,0,21,2,2,,96508,3,0,46 5 41,2,8,,96385,14,0,21,2,2,,96309,3,0,46 5 41,2,8,,96308,14,0,21,2,2,,96375,3,0,46 5 41,2,8,,96515,14,0,21,2,2,,96456,3,0,46 5 41,2,8,,96341,14,0,21,2,2,,96468,3,0,46 5 41,2,48,,96365,14,0,21,2,2,,96448,3,0,46 5 41,2,7,,96491,14,0,21,2,3,,96406,3,0,46 5 41,2,7,,96300,14,0,21,2,3,,96447,3,0,46 5 41,2,7,,96493,14,0,21,2,3,,96462,3,0,46 5 41,2,7,,96281,14,0,21,2,3,,96438,3,0,46 5 41,2,7,,96434,14,0,21,2,3,,96285,3,0,46 5 41,2,47,,96449,14,0,21,2,3,,96383,3,0,46 5 41,2,7,,96510,14,0,21,2,3,,96291,3,0,46 5 41,2,7,,96391,14,0,21,2,3,,96329,3,0,46 5 41,2,7,,96354,14,0,21,2,3,,96384,3,0,46 5 41,2,7,,96370,14,0,21,2,3,,96489,3,0,46 5 41,2,7,,96499,14,0,21,2,3,,96263,3,0,46 5 41,2,47,,96347,14,0,21,2,3,,96275,3,0,46 5 41,2,7,,96356,14,0,21,2,3,,96390,3,0,46 5 41,2,7,,96405,14,0,21,2,3,,96474,3,0,46 5 41,2,7,,96335,14,0,21,2,3,,96340,3,0,46 5 41,2,7,,96418,14,0,21,2,3,,96295,3,0,46 5 41,2,7,,96358,14,0,21,2,3,,96413,3,0,46 5 41,2,47,,96389,14,0,21,2,3,,96296,3,0,46 5 41,2,7,,96463,14,0,21,2,3,,96496,3,0,46 5 41,2,7,,96514,14,0,21,2,3,,96293,3,0,46 5 41,2
