30101,'1',2628,,123574,45,0,16 40,2,13,,123571,45,0,16 40,2,15,,123567,45,0,16 40,2,55,,123572,45,0,16 40,2,15,,123584,45,0,16 40,2,15,,123577,45,0,16 40,2,15,,108162,45,0,16 40,2,55,,123575,45,0,16 40,2,15,,123592,45,0,16 40,2,15,,123589,45,0,16 40,2,15,,123576,45,0,16 40,2,55,,123590,45,0,16 40,2,15,,123565,45,0,16 40,2
30101,'2',2642,,123603,45,0,16 40,2,9,,123593,45,0,16 40,2,55,,123606,45,0,16 40,2,15,,123611,45,0,16 40,2,15,,119354,45,0,16 40,2,15,,123594,45,0,16 40,2,55,,123613,45,0,16 40,2,15,,123605,45,0,16 40,2,15,,123609,45,0,16 40,2,15,,123599,45,0,16 40,2,55,,123602,45,0,16 40,2,15,,123617,45,0,16 40,2,15,,123598,45,0,16 40,2
30101,'3',2610,,123621,45,0,16 40,2,15,,113275,45,0,16 40,2,11,,123634,45,0,16 40,2,15,,123629,45,0,16 40,2,55,,123637,45,0,16 40,2,15,,123642,45,0,16 40,2,15,,123623,45,0,16 40,2,15,,123644,45,0,16 40,2,55,,123633,45,0,16 40,2,15,,123620,45,0,16 40,2,15,,123630,45,0,16 40,2,15,,123628,45,0,16 40,2,55,,123635,45,0,16 40,2,15,,123640,45,0,16 40,2,15,,123636,45,0,16 40,2
30101,'5',2610,,112866,45,0,16 40,2,15,,123652,45,0,16 40,2,11,,123654,45,0,16 40,2,15,,123667,45,0,16 40,2,55,,123647,45,0,16 40,2,15,,123656,45,0,16 40,2,15,,123657,45,0,16 40,2,15,,123673,45,0,16 40,2,55,,123659,45,0,16 40,2,15,,123671,45,0,16 40,2,15,,123672,45,0,16 40,2,15,,123669,45,0,16 40,2,55,,123666,45,0,16 40,2,15,,123649,45,0,16 40,2,15,,123665,45,0,16 40,2
50101,'1',443,,124850,40,0,16 40,2,10,,124873,40,0,16 40,2,50,,124806,40,0,16 40,2,10,,124829,40,0,16 40,2,10,,124892,40,0,16 40,2,10,,124788,40,0,16 40,2,8,,124854,40,0,16 40,2,11,,124825,40,0,16 40,2,50,,124773,40,0,16 40,2,1,,124876,46,0,16 40,2,15,,124833,46,0,16 40,2,7,,124889,40,0,16 40,2,8,,124883,46,0,16 40,2,15,,124800,40,0,16 40,2,0,,124811,46,0,16 40,2,55,,124858,46,0,16 40,2,10,,124894,46,0,16 40,2,10,,124808,46,0,16 40,2,10,,124874,46,0,16 40,2,10,,124902,46,0,16 40,2,10,,124827,46,0,16 40,2,54,,124776,40,0,16 40,2,6,,124882,46,0,16 40,2,10,,124890,46,0,16 40,2,10,,124871,46,0,16 40,2,10,,124843,46,0,16 40,2,10,,124864,46,0,16 40,2,50,,124855,46,0,16 40,2,10,,124863,46,0,16 40,2,10,,124794,46,0,16 40,2,10,,124838,46,0,16 40,2,10,,124896,46,0,16 40,2,10,,124898,46,0,16 40,2,50,,124842,46,0,16 40,2,13,,124804,46,0,16 40,2,5,,124801,40,0,16 40,2,5,,124834,46,0,16 40,2,10,,124844,46,0,16 40,2,10,,124778,46,0,16 40,2,10,,124870,46,0,16 40,2,50,,112240,46,0,16 40,2,10,,124835,46,0,16 40,2,10,,112292,46,0,16 40,2,10,,124900,46,0,16 40,2,10,,124893,46,0,16 40,2,10,,124785,46,0,16 40,2,50,,124878,46,0,16 40,2,10,,124786,46,0,16 40,2,10,,124774,46,0,16 40,2,10,,124818,46,0,16 40,2,10,,124813,46,0,16 40,2,10,,124798,46,0,16 40,2,50,,124772,46,0,16 40,2,10,,124886,46,0,16 40,2,10,,124803,46,0,16 40,2,10,,124807,46,0,16 40,2,10,,124891,46,0,16 40,2,10,,124790,46,0,16 40,2,50,,124851,46,0,16 40,2,10,,124792,46,0,16 40,2,10,,124796,46,0,16 40,2,10,,124793,46,0,16 40,2,10,,124847,46,0,16 40,2,10,,124828,46,0,16 40,2,50,,124824,46,0,16 40,2,10,,124822,46,0,16 40,2,10,,124899,46,0,16 40,2,10,,124895,46,0,16 40,2,10,,124821,46,0,16 40,2,10,,124802,46,0,16 40,2,51,,124879,46,0,16 40,2,11,,124791,46,0,16 40,2,10,,124820,46,0,16 40,2,10,,124867,46,0,16 40,2,10,,124888,46,0,16 40,2,10,,124880,46,0,16 40,2,50,,124831,46,0,16 40,2,10,,124819,46,0,16 40,2,10,,124830,46,0,16 40,2,10,,124856,46,0,16 40,2,10,,124901,46,0,16 40,2,10,,124845,46,0,16 40,2,50,,124809,46,0,16 40,2,9,,124795,46,0,16 40,2,10,,124814,46,0,16 40,2,10,,124816,46,0,16 40,2,10,,124799,46,0,16 40,2,10,,124872,46,0,16 40,2,50,,124815,46,0,16 40,2,10,,124832,46,0,16 40,2,10,,109745,46,0,16 40,2,10,,124862,46,0,16 40,2,10,,124869,46,0,16 40,2,10,,124897,46,0,16 40,2,50,,124848,46,0,16 40,2,8,,124837,46,0,16 40,2,10,,122657,46,0,16 40,2,8,,124875,46,0,16 40,2,7,,124887,46,0,16 40,2,10,,124777,46,0,16 40,2,50,,124861,46,0,16 40,2,10,,124836,46,0,16 40,2,10,,124903,46,0,16 40,2,10,,124853,46,0,16 40,2,10,,124779,46,0,16 40,2,10,,124817,46,0,16 40,2,50,,124885,46,0,16 40,2,10,,124823,46,0,16 40,2,10,,124866,46,0,16 40,2,10,,124860,46,0,16 40,2,10,,124877,46,0,16 40,2,8,,124805,46,0,16 40,2,7,,124775,46,0,16 40,2,47,,124840,46,0,16 40,2,9,,124839,46,0,16 40,2,10,,124787,46,0,16 40,2,10,,124849,46,0,16 40,2,10,,124884,46,0,16 40,2,10,,124780,46,0,16 40,2,50,,124789,46,0,16 40,2,10,,124859,46,0,16 40,2,10,,124812,46,0,16 40,2,10,,124781,46,0,16 40,2,10,,124797,46,0,16 40,2,10,,124852,46,0,16 40,2,50,,124841,46,0,16 40,2,10,,124881,46,0,16 40,2,10,,124810,46,0,16 40,2,10,,124826,46,0,16 40,2,10,,124865,46,0,16 40,2,10,,124868,46,0,16 40,2,50,,124784,46,0,16 40,2,10,,124846,46,0,16 40,2,10,,124783,46,0,16 40,2
50101,'2',437,,124930,40,0,16 40,2,10,,124907,40,0,16 40,2,10,,124928,40,0,16 40,2,50,,125006,40,0,16 40,2,10,,124958,40,0,16 40,2,10,,125032,40,0,16 40,2,10,,124964,40,0,16 40,2,10,,124975,40,0,16 40,2,10,,124922,46,0,16 40,2,50,,124978,46,0,16 40,2,10,,124946,46,0,16 40,2,10,,124984,46,0,16 40,2,10,,124969,46,0,16 40,2,10,,125013,46,0,16 40,2,10,,124931,46,0,16 40,2,50,,124968,46,0,16 40,2,10,,125008,46,0,16 40,2,10,,124920,46,0,16 40,2,10,,124912,46,0,16 40,2,10,,125038,46,0,16 40,2,10,,124980,46,0,16 40,2,50,,124973,46,0,16 40,2,10,,125029,46,0,16 40,2,10,,124916,46,0,16 40,2,10,,124992,46,0,16 40,2,13,,124923,46,0,16 40,2,52,,124947,46,0,16 40,2,5,,124917,40,0,16 40,2,8,,125007,46,0,16 40,2,13,,124938,46,0,16 40,2,10,,124974,46,0,16 40,2,10,,125017,46,0,16 40,2,10,,124962,46,0,16 40,2,50,,124967,46,0,16 40,2,10,,124921,46,0,16 40,2,10,,124913,46,0,16 40,2,10,,125012,46,0,16 40,2,10,,124994,46,0,16 40,2,10,,124926,46,0,16 40,2,50,,124959,46,0,16 40,2,10,,125025,46,0,16 40,2,10,,124945,46,0,16 40,2,10,,124985,46,0,16 40,2,10,,124940,46,0,16 40,2,52,,125042,46,0,16 40,2,5,,125035,40,0,16 40,2,8,,125000,46,0,16 40,2,5,,124999,40,0,16 40,2,7,,125033,46,0,16 40,2,9,,125021,46,0,16 40,2,9,,124911,46,0,16 40,2,9,,124986,46,0,16 40,2,49,,124963,46,0,16 40,2,9,,106867,46,0,16 40,2,9,,125027,46,0,16 40,2,9,,124929,46,0,16 40,2,9,,124936,46,0,16 40,2,9,,124993,46,0,16 40,2,9,,124957,46,0,16 40,2,49,,125019,46,0,16 40,2,9,,125018,46,0,16 40,2,9,,124991,46,0,16 40,2,9,,125011,46,0,16 40,2,9,,124908,46,0,16 40,2,9,,124961,46,0,16 40,2,9,,124914,46,0,16 40,2,49,,124935,46,0,16 40,2,9,,124996,46,0,16 40,2,9,,124905,46,0,16 40,2,9,,124944,46,0,16 40,2,9,,125004,46,0,16 40,2,9,,125010,46,0,16 40,2,49,,124950,46,0,16 40,2,9,,124910,46,0,16 40,2,9,,124976,46,0,16 40,2,9,,124952,46,0,16 40,2,9,,124971,46,0,16 40,2,9,,125005,46,0,16 40,2,9,,124937,46,0,16 40,2,49,,124943,46,0,16 40,2,9,,124906,46,0,16 40,2,9,,124989,46,0,16 40,2,9,,124955,46,0,16 40,2,9,,124951,46,0,16 40,2,9,,124954,46,0,16 40,2,9,,124960,46,0,16 40,2,49,,124965,46,0,16 40,2,9,,125001,46,0,16 40,2,9,,124919,46,0,16 40,2,9,,124998,46,0,16 40,2,9,,124941,46,0,16 40,2,9,,125037,46,0,16 40,2,49,,124924,46,0,16 40,2,9,,124983,46,0,16 40,2,9,,124977,46,0,16 40,2,9,,117930,46,0,16 40,2,9,,124904,46,0,16 40,2,9,,125041,46,0,16 40,2,9,,124981,46,0,16 40,2,49,,124979,46,0,16 40,2,9,,125002,46,0,16 40,2,9,,125030,46,0,16 40,2,9,,124949,46,0,16 40,2,10,,124925,46,0,16 40,2,10,,124939,46,0,16 40,2,50,,125024,46,0,16 40,2,10,,124995,46,0,16 40,2,10,,125016,46,0,16 40,2,10,,125023,46,0,16 40,2,10,,125031,46,0,16 40,2,10,,125028,46,0,16 40,2,50,,125009,46,0,16 40,2,10,,124970,46,0,16 40,2,10,,124990,46,0,16 40,2,10,,124942,46,0,16 40,2,10,,124997,46,0,16 40,2,10,,124966,46,0,16 40,2,6,,107110,46,0,16 40,2,48,,125026,46,0,16 40,2,6,,124987,46,0,16 40,2,7,,125022,46,0,16 40,2,7,,125003,46,0,16 40,2,10,,125040,46,0,16 40,2,10,,124918,46,0,16 40,2,10,,124909,46,0,16 40,2,50,,124956,46,0,16 40,2,10,,124948,46,0,16 40,2,10,,125014,46,0,16 40,2,10,,125039,46,0,16 40,2,10,,125034,46,0,16 40,2,10,,124988,46,0,16 40,2,50,,124933,46,0,16 40,2,10,,120063,46,0,16 40,2,10,,124972,46,0,16 40,2,10,,124982,46,0,16 40,2,10,,124953,46,0,16 40,2,10,,125036,46,0,16 40,2,50,,125020,46,0,16 40,2,10,,124915,46,0,16 40,2,10,,124934,46,0,16 40,2
50101,'3',444,,125129,40,0,16 40,2,8,,118802,40,0,16 40,2,48,,125134,40,0,16 40,2,8,,125140,40,0,16 40,2,8,,125126,40,0,16 40,2,16,,125164,40,0,16 40,2,10,,125071,40,0,16 40,2,12,,125120,46,0,16 40,2,50,,125121,46,0,16 40,2,10,,125153,46,0,16 40,2,10,,125148,46,0,16 40,2,10,,125066,46,0,16 40,2,10,,125043,46,0,16 40,2,10,,125058,46,0,16 40,2,50,,125046,46,0,16 40,2,10,,125133,46,0,16 40,2,10,,125089,46,0,16 40,2,10,,125110,46,0,16 40,2,10,,125138,46,0,16 40,2,10,,125092,46,0,16 40,2,50,,111923,46,0,16 40,2,10,,125100,46,0,16 40,2,10,,125163,46,0,16 40,2,5,,125107,40,0,16 40,2,8,,125104,46,0,16 40,2,12,,125136,46,0,16 40,2,53,,125088,46,0,16 40,2,12,,125152,46,0,16 40,2,7,,125098,40,0,16 40,2,5,,125078,46,0,16 40,2,10,,125095,46,0,16 40,2,10,,125086,46,0,16 40,2,10,,125130,46,0,16 40,2,50,,125139,46,0,16 40,2,10,,125096,46,0,16 40,2,10,,125077,46,0,16 40,2,10,,125052,46,0,16 40,2,10,,125161,46,0,16 40,2,10,,125073,46,0,16 40,2,50,,125065,46,0,16 40,2,10,,125049,46,0,16 40,2,10,,125165,46,0,16 40,2,10,,125113,46,0,16 40,2,10,,125070,46,0,16 40,2,11,,125053,46,0,16 40,2,54,,125082,46,0,16 40,2,6,,125172,40,0,16 40,2,6,,125074,46,0,16 40,2,10,,125132,46,0,16 40,2,10,,125135,46,0,16 40,2,10,,125131,46,0,16 40,2,50,,125090,46,0,16 40,2,10,,125102,46,0,16 40,2,10,,125146,46,0,16 40,2,10,,125099,46,0,16 40,2,10,,125061,46,0,16 40,2,10,,107999,46,0,16 40,2,50,,125054,46,0,16 40,2,10,,125170,46,0,16 40,2,10,,125149,46,0,16 40,2,10,,125105,46,0,16 40,2,10,,125067,46,0,16 40,2,10,,125069,46,0,16 40,2,50,,125059,46,0,16 40,2,10,,125114,46,0,16 40,2,10,,125101,46,0,16 40,2,10,,125160,46,0,16 40,2,10,,125097,46,0,16 40,2,10,,125080,46,0,16 40,2,50,,125141,46,0,16 40,2,10,,125156,46,0,16 40,2,10,,125171,46,0,16 40,2,10,,125091,46,0,16 40,2,10,,125048,46,0,16 40,2,10,,125064,46,0,16 40,2,50,,125079,46,0,16 40,2,10,,125047,46,0,16 40,2,10,,125169,46,0,16 40,2,10,,125060,46,0,16 40,2,10,,125119,46,0,16 40,2,10,,125063,46,0,16 40,2,50,,125158,46,0,16 40,2,10,,125137,46,0,16 40,2,10,,125108,46,0,16 40,2,10,,125106,46,0,16 40,2,10,,125083,46,0,16 40,2,10,,122994,46,0,16 40,2,50,,125125,46,0,16 40,2,10,,125112,46,0,16 40,2,10,,125111,46,0,16 40,2,7,,125055,46,0,16 40,2,10,,125068,46,0,16 40,2,8,,125144,46,0,16 40,2,9,,125076,46,0,16 40,2,50,,125154,46,0,16 40,2,10,,125167,46,0,16 40,2,10,,125093,46,0,16 40,2,10,,125051,46,0,16 40,2,10,,125143,46,0,16 40,2,10,,125094,46,0,16 40,2,50,,125117,46,0,16 40,2,10,,125081,46,0,16 40,2,10,,125155,46,0,16 40,2,10,,125157,46,0,16 40,2,10,,125103,46,0,16 40,2,10,,125116,46,0,16 40,2,50,,125084,46,0,16 40,2,10,,125173,46,0,16 40,2,10,,125115,46,0,16 40,2,10,,125145,46,0,16 40,2,10,,125056,46,0,16 40,2,7,,125124,46,0,16 40,2,47,,125072,46,0,16 40,2,8,,125075,46,0,16 40,2,10,,125159,46,0,16 40,2,10,,125062,46,0,16 40,2,10,,125087,46,0,16 40,2,10,,125118,46,0,16 40,2,10,,125127,46,0,16 40,2,50,,125050,46,0,16 40,2,10,,125128,46,0,16 40,2,10,,125109,46,0,16 40,2,10,,125151,46,0,16 40,2,10,,125166,46,0,16 40,2,10,,125162,46,0,16 40,2,50,,125142,46,0,16 40,2,10,,125044,46,0,16 40,2,10,,125123,46,0,16 40,2,10,,125147,46,0,16 40,2,10,,125085,46,0,16 40,2,52,,125045,46,0,16 40,2,12,,125150,46,0,16 40,2
50101,'5',444,,125190,40,0,16 40,2,8,,125200,40,0,16 40,2,48,,125197,40,0,16 40,2,8,,125204,40,0,16 40,2,8,,125258,40,0,16 40,2,16,,125285,40,0,16 40,2,10,,125274,40,0,16 40,2,12,,125294,46,0,16 40,2,50,,125238,46,0,16 40,2,10,,125272,46,0,16 40,2,10,,125292,46,0,16 40,2,10,,125187,46,0,16 40,2,10,,125264,46,0,16 40,2,10,,125208,46,0,16 40,2,50,,125237,46,0,16 40,2,10,,125265,46,0,16 40,2,10,,125211,46,0,16 40,2,10,,125207,46,0,16 40,2,10,,125270,46,0,16 40,2,10,,125214,46,0,16 40,2,50,,125212,46,0,16 40,2,10,,125283,46,0,16 40,2,10,,125282,46,0,16 40,2,5,,125201,40,0,16 40,2,8,,125244,46,0,16 40,2,12,,125276,46,0,16 40,2,53,,125220,46,0,16 40,2,12,,125262,46,0,16 40,2,7,,125233,40,0,16 40,2,5,,125291,46,0,16 40,2,10,,125227,46,0,16 40,2,10,,125206,46,0,16 40,2,10,,125278,46,0,16 40,2,50,,125174,46,0,16 40,2,10,,125306,46,0,16 40,2,10,,125178,46,0,16 40,2,10,,125259,46,0,16 40,2,10,,125231,46,0,16 40,2,10,,125255,46,0,16 40,2,50,,125263,46,0,16 40,2,10,,125203,46,0,16 40,2,10,,125234,46,0,16 40,2,10,,125226,46,0,16 40,2,10,,125290,46,0,16 40,2,11,,125254,46,0,16 40,2,54,,125241,46,0,16 40,2,6,,125196,40,0,16 40,2,6,,125268,46,0,16 40,2,10,,125288,46,0,16 40,2,10,,125217,46,0,16 40,2,10,,125304,46,0,16 40,2,50,,125247,46,0,16 40,2,10,,125193,46,0,16 40,2,10,,125198,46,0,16 40,2,10,,125256,46,0,16 40,2,10,,125248,46,0,16 40,2,10,,125286,46,0,16 40,2,50,,125301,46,0,16 40,2,10,,125295,46,0,16 40,2,10,,125298,46,0,16 40,2,10,,125307,46,0,16 40,2,10,,125293,46,0,16 40,2,10,,125297,46,0,16 40,2,50,,125243,46,0,16 40,2,10,,125191,46,0,16 40,2,10,,125266,46,0,16 40,2,10,,125224,46,0,16 40,2,10,,125232,46,0,16 40,2,10,,125189,46,0,16 40,2,50,,125225,46,0,16 40,2,10,,125245,46,0,16 40,2,10,,125261,46,0,16 40,2,10,,125303,46,0,16 40,2,10,,125175,46,0,16 40,2,10,,125194,46,0,16 40,2,50,,125209,46,0,16 40,2,10,,125250,46,0,16 40,2,10,,125277,46,0,16 40,2,10,,125228,46,0,16 40,2,10,,125185,46,0,16 40,2,10,,125236,46,0,16 40,2,50,,125219,46,0,16 40,2,10,,125299,46,0,16 40,2,10,,125271,46,0,16 40,2,10,,125252,46,0,16 40,2,10,,125188,46,0,16 40,2,10,,125181,46,0,16 40,2,50,,116142,46,0,16 40,2,10,,125184,46,0,16 40,2,10,,125205,46,0,16 40,2,7,,125275,46,0,16 40,2,10,,125305,46,0,16 40,2,8,,125260,46,0,16 40,2,9,,125177,46,0,16 40,2,50,,125213,46,0,16 40,2,10,,125269,46,0,16 40,2,10,,125273,46,0,16 40,2,10,,125281,46,0,16 40,2,10,,125195,46,0,16 40,2,10,,125240,46,0,16 40,2,50,,125284,46,0,16 40,2,10,,125267,46,0,16 40,2,10,,125176,46,0,16 40,2,10,,125251,46,0,16 40,2,10,,125192,46,0,16 40,2,10,,125221,46,0,16 40,2,50,,125202,46,0,16 40,2,10,,125289,46,0,16 40,2,10,,125287,46,0,16 40,2,10,,125257,46,0,16 40,2,10,,125253,46,0,16 40,2,7,,125215,46,0,16 40,2,47,,125280,46,0,16 40,2,8,,125183,46,0,16 40,2,10,,125246,46,0,16 40,2,10,,125279,46,0,16 40,2,10,,125216,46,0,16 40,2,10,,125249,46,0,16 40,2,10,,125296,46,0,16 40,2,50,,125239,46,0,16 40,2,10,,125223,46,0,16 40,2,10,,125222,46,0,16 40,2,10,,125218,46,0,16 40,2,10,,125210,46,0,16 40,2,10,,125230,46,0,16 40,2,50,,125300,46,0,16 40,2,10,,125199,46,0,16 40,2,10,,125186,46,0,16 40,2,10,,125235,46,0,16 40,2,10,,125242,46,0,16 40,2,52,,125179,46,0,16 40,2,12,,125229,46,0,16 40,2
50301,'1',605,,125891,20,0,36 40,2,10,,125945,20,0,36 40,2,10,,125884,20,0,36 40,2,10,,125951,20,0,36 40,2,10,,125844,20,0,36 40,2,10,,125950,20,0,36 40,2,50,,125896,20,0,36 40,2,10,,125959,20,0,36 40,2,7,,125979,20,0,36 40,2,7,,125918,20,0,36 40,2,6,,125965,20,0,36 40,2,6,,125882,20,0,36 40,2,8,,125889,20,0,36 40,2,7,,98884,20,0,36 40,2,46,,125863,20,0,36 40,2,6,,125903,20,0,36 40,2,6,,125942,20,0,36 40,2,6,,125954,20,0,36 40,2,6,,125966,20,0,36 40,2,6,,125925,20,0,36 40,2,6,,125911,20,0,36 40,2,6,,125969,20,0,36 40,2,6,,125898,20,0,36 40,2,6,,125981,20,0,36 40,2,46,,125915,20,0,36 40,2,6,,125839,20,0,36 40,2,6,,125897,20,0,36 40,2,6,,125978,20,0,36 40,2,6,,125947,20,0,36 40,2,6,,125944,20,0,36 40,2,6,,125991,20,0,36 40,2,6,,125973,20,0,36 40,2,6,,125964,20,0,36 40,2,9,,125980,20,0,36 40,2,46,,125864,20,0,36 40,2,6,,125914,20,0,36 40,2,6,,125846,20,0,36 40,2,5,,125971,20,0,36 40,2,5,,125840,20,0,36 40,2,10,,125860,20,0,36 40,2,5,,125851,20,0,36 40,2,5,,125987,20,0,36 40,2,10,,125908,20,0,36 40,2,50,,125929,20,0,36 40,2,10,,125872,20,0,36 40,2,10,,125877,20,0,36 40,2,10,,125933,20,0,36 40,2,10,,125907,20,0,36 40,2,10,,125985,20,0,36 40,2,50,,125885,20,0,36 40,2,10,,125858,20,0,36 40,2,10,,125924,20,0,36 40,2,10,,125866,20,0,36 40,2,10,,125871,20,0,36 40,2,10,,125952,20,0,36 40,2,50,,125917,20,0,36 40,2,10,,125988,20,0,36 40,2,10,,125922,20,0,36 40,2,10,,125876,20,0,36 40,2,10,,125845,20,0,36 40,2,10,,125956,20,0,36 40,2,50,,125867,20,0,36 40,2,10,,125986,20,0,36 40,2,10,,125970,20,0,36 40,2,10,,125902,20,0,36 40,2,10,,125895,20,0,36 40,2,12,,125938,20,0,36 40,2,51,,125976,20,0,36 40,2,10,,125905,20,0,36 40,2,10,,125932,20,0,36 40,2,10,,125934,20,0,36 40,2,10,,125953,20,0,36 40,2,9,,125887,20,0,36 40,2,47,,125931,20,0,36 40,2,6,,125862,20,0,36 40,2,6,,125852,20,0,36 40,2,6,,125868,20,0,36 40,2,6,,125880,20,0,36 40,2,6,,125940,20,0,36 40,2,6,,125975,20,0,36 40,2,6,,125848,20,0,36 40,2,6,,125983,20,0,36 40,2,46,,125847,20,0,36 40,2,6,,125883,20,0,36 40,2,6,,125990,20,0,36 40,2,6,,125856,20,0,36 40,2,6,,125916,20,0,36 40,2,6,,125881,20,0,36 40,2,6,,125869,20,0,36 40,2,6,,125957,20,0,36 40,2,6,,125901,20,0,36 40,2,6,,125936,20,0,36 40,2,46,,125855,20,0,36 40,2,6,,125849,20,0,36 40,2,6,,125843,20,0,36 40,2,6,,125989,20,0,36 40,2,6,,125974,20,0,36 40,2,6,,125878,20,0,36 40,2,6,,125937,20,0,36 40,2,6,,125939,20,0,36 40,2,6,,125941,20,0,36 40,2,6,,125977,20,0,36 40,2,46,,125968,20,0,36 40,2,6,,125984,20,0,36 40,2,6,,125921,20,0,36 40,2,8,,125992,20,0,36 40,2,5,,125923,20,0,36 40,2,5,,108086,20,0,36 40,2,9,,125960,20,0,36 40,2,7,,125928,20,0,36 40,2,8,,125920,20,0,36 40,2,48,,125892,20,0,36 40,2,4,,125943,20,0,36 40,2,4,,125857,20,0,36 40,2,8,,93583,20,0,36 40,2,8,,125865,20,0,36 40,2,8,,125935,20,0,36 40,2,8,,125919,20,0,36 40,2,8,,125894,20,0,36 40,2,8,,125906,20,0,36 40,2,48,,125958,20,0,36 40,2,8,,125861,20,0,36 40,2,8,,125912,20,0,36 40,2,8,,125963,20,0,36 40,2,8,,125875,20,0,36 40,2,8,,125972,20,0,36 40,2,8,,125842,20,0,36 40,2,48,,125888,20,0,36 40,2,8,,125850,20,0,36 40,2,8,,125955,20,0,36 40,2,7,,125873,20,0,36 40,2,4,,125854,20,0,36 40,2,7,,125982,20,0,36 40,2,8,,125879,20,0,36 40,2,10,,125926,20,0,36 40,2,50,,125859,20,0,36 40,2,10,,125841,20,0,36 40,2,5,,125853,20,0,36 40,2,5,,125962,20,0,36 40,2,10,,125910,20,0,36 40,2,10,,125961,20,0,36 40,2,10,,125899,20,0,36 40,2,50,,125930,20,0,36 40,2,10,,125927,20,0,36 40,2,10,,125900,20,0,36 40,2,10,,125949,20,0,36 40,2,10,,125886,20,0,36 40,2,10,,125909,20,0,36 40,2,50,,125893,20,0,36 40,2,10,,125890,20,0,36 40,2,10,,125946,20,0,36 40,2,10,,125874,20,0,36 40,2,9,,125904,20,0,36 40,2,57,,125967,20,0,36 40,2,17,,125948,20,0,36 40,2
50301,'2',532,,126118,20,0,36 40,2,10,,126109,20,0,36 40,2,10,,126047,20,0,36 40,2,50,,126026,20,0,36 40,2,10,,126050,20,0,36 40,2,10,,126083,20,0,36 40,2,10,,126067,20,0,36 40,2,10,,126098,20,0,36 40,2,10,,126020,20,0,36 40,2,50,,126000,20,0,36 40,2,10,,126094,20,0,36 40,2,10,,126029,20,0,36 40,2,10,,126022,20,0,36 40,2,10,,125995,20,0,36 40,2,10,,126034,20,0,36 40,2,50,,126002,20,0,36 40,2,10,,126033,20,0,36 40,2,14,,126038,20,0,36 40,2,10,,126123,20,0,36 40,2,10,,126124,20,0,36 40,2,10,,126001,20,0,36 40,2,50,,113810,20,0,36 40,2,10,,126069,20,0,36 40,2,10,,115039,20,0,36 40,2,10,,126108,20,0,36 40,2,10,,126089,20,0,36 40,2,10,,126048,20,0,36 40,2,50,,126080,20,0,36 40,2,10,,126040,20,0,36 40,2,10,,126091,20,0,36 40,2,10,,126039,20,0,36 40,2,10,,126116,20,0,36 40,2,10,,126093,20,0,36 40,2,50,,126081,20,0,36 40,2,10,,126008,20,0,36 40,2,10,,126013,20,0,36 40,2,10,,126117,20,0,36 40,2,10,,126003,20,0,36 40,2,10,,126075,20,0,36 40,2,50,,126106,20,0,36 40,2,10,,126115,20,0,36 40,2,12,,119252,20,0,36 40,2,8,,126096,20,0,36 40,2,9,,126017,20,0,36 40,2,10,,126058,20,0,36 40,2,48,,126046,20,0,36 40,2,10,,126110,20,0,36 40,2,10,,126070,20,0,36 40,2,12,,126095,20,0,36 40,2,10,,126114,20,0,36 40,2,8,,126064,20,0,36 40,2,48,,126074,20,0,36 40,2,8,,126072,20,0,36 40,2,8,,126011,20,0,36 40,2,8,,126103,20,0,36 40,2,8,,126042,20,0,36 40,2,8,,126079,20,0,36 40,2,8,,126101,20,0,36 40,2,8,,126051,20,0,36 40,2,48,,126122,20,0,36 40,2,8,,125996,20,0,36 40,2,8,,126107,20,0,36 40,2,8,,126045,20,0,36 40,2,8,,126056,20,0,36 40,2,8,,126057,20,0,36 40,2,8,,126032,20,0,36 40,2,48,,126112,20,0,36 40,2,8,,126037,20,0,36 40,2,8,,126007,20,0,36 40,2,8,,126061,20,0,36 40,2,8,,126062,20,0,36 40,2,8,,126082,20,0,36 40,2,8,,111611,20,0,36 40,2,8,,126027,20,0,36 40,2,48,,126054,20,0,36 40,2,8,,126085,20,0,36 40,2,8,,126049,20,0,36 40,2,8,,126059,20,0,36 40,2,8,,126031,20,0,36 40,2,8,,126012,20,0,36 40,2,8,,126006,20,0,36 40,2,48,,126015,20,0,36 40,2,8,,126086,20,0,36 40,2,8,,126105,20,0,36 40,2,8,,126053,20,0,36 40,2,8,,126111,20,0,36 40,2,8,,126052,20,0,36 40,2,8,,126055,20,0,36 40,2,8,,126019,20,0,36 40,2,48,,126014,20,0,36 40,2,8,,126066,20,0,36 40,2,8,,126060,20,0,36 40,2,7,,126024,20,0,36 40,2,10,,126100,20,0,36 40,2,5,,112508,20,0,36 40,2,5,,115866,20,0,36 40,2,10,,126030,20,0,36 40,2,50,,126044,20,0,36 40,2,10,,126120,20,0,36 40,2,10,,126087,20,0,36 40,2,5,,126113,20,0,36 40,2,5,,125998,20,0,36 40,2,10,,126028,20,0,36 40,2,10,,126035,20,0,36 40,2,50,,126102,20,0,36 40,2,10,,126016,20,0,36 40,2,10,,126025,20,0,36 40,2,10,,125997,20,0,36 40,2,10,,119449,20,0,36 40,2,10,,126125,20,0,36 40,2,50,,126023,20,0,36 40,2,10,,126065,20,0,36 40,2,10,,125993,20,0,36 40,2,8,,115004,20,0,36 40,2,8,,125999,20,0,36 40,2,7,,126018,20,0,36 40,2,50,,126005,20,0,36 40,2,10,,126090,20,0,36 40,2,10,,126073,20,0,36 40,2,10,,126063,20,0,36 40,2,10,,126104,20,0,36 40,2,10,,126021,20,0,36 40,2,50,,126077,20,0,36 40,2,10,,126078,20,0,36 40,2,10,,126097,20,0,36 40,2,10,,126043,20,0,36 40,2,10,,126088,20,0,36 40,2,10,,126076,20,0,36 40,2,50,,126068,20,0,36 40,2,10,,126099,20,0,36 40,2,10,,126004,20,0,36 40,2,10,,126009,20,0,36 40,2,10,,126092,20,0,36 40,2,10,,126010,20,0,36 40,2,50,,126084,20,0,36 40,2,10,,126119,20,0,36 40,2,10,,126036,20,0,36 40,2,10,,126071,20,0,36 40,2,11,,126121,20,0,36 40,2,8,,126041,20,0,36 40,2,8,,125994,20,0,36 40,2
50301,'3',608,,126165,20,0,36 40,2,10,,126167,20,0,36 40,2,10,,126224,20,0,36 40,2,10,,121919,20,0,36 40,2,10,,126183,20,0,36 40,2,10,,126186,20,0,36 40,2,50,,126152,20,0,36 40,2,10,,126216,20,0,36 40,2,10,,126176,20,0,36 40,2,10,,126156,20,0,36 40,2,10,,126132,20,0,36 40,2,10,,126229,20,0,36 40,2,50,,126245,20,0,36 40,2,11,,126140,20,0,36 40,2,11,,126200,20,0,36 40,2,11,,126163,20,0,36 40,2,10,,126218,20,0,36 40,2,50,,126166,20,0,36 40,2,10,,126138,20,0,36 40,2,10,,126233,20,0,36 40,2,10,,126182,20,0,36 40,2,10,,126198,20,0,36 40,2,10,,126151,20,0,36 40,2,50,,126187,20,0,36 40,2,10,,126180,20,0,36 40,2,10,,126236,20,0,36 40,2,10,,126142,20,0,36 40,2,10,,126171,20,0,36 40,2,10,,126128,20,0,36 40,2,50,,126205,20,0,36 40,2,10,,126220,20,0,36 40,2,10,,126232,20,0,36 40,2,10,,111825,20,0,36 40,2,10,,126217,20,0,36 40,2,10,,126202,20,0,36 40,2,50,,126238,20,0,36 40,2,10,,126244,20,0,36 40,2,11,,126161,20,0,36 40,2,12,,126235,20,0,36 40,2,10,,126153,20,0,36 40,2,10,,126145,20,0,36 40,2,50,,126207,20,0,36 40,2,10,,126196,20,0,36 40,2,10,,126190,20,0,36 40,2,10,,126159,20,0,36 40,2,10,,126203,20,0,36 40,2,10,,126199,20,0,36 40,2,50,,126158,20,0,36 40,2,10,,126189,20,0,36 40,2,10,,126188,20,0,36 40,2,10,,126160,20,0,36 40,2,10,,126234,20,0,36 40,2,10,,126213,20,0,36 40,2,50,,126215,20,0,36 40,2,10,,126177,20,0,36 40,2,10,,126195,20,0,36 40,2,10,,126192,20,0,36 40,2,10,,126204,20,0,36 40,2,10,,120949,20,0,36 40,2,50,,126240,20,0,36 40,2,10,,126222,20,0,36 40,2,10,,126144,20,0,36 40,2,10,,126210,20,0,36 40,2,10,,126173,20,0,36 40,2,10,,126241,20,0,36 40,2,50,,126172,20,0,36 40,2,10,,126164,20,0,36 40,2,10,,126225,20,0,36 40,2,10,,126129,20,0,36 40,2,10,,126136,20,0,36 40,2,10,,126157,20,0,36 40,2,50,,126226,20,0,36 40,2,10,,126246,20,0,36 40,2,10,,126197,20,0,36 40,2,10,,126141,20,0,36 40,2,10,,126248,20,0,36 40,2,10,,126231,20,0,36 40,2,50,,126191,20,0,36 40,2,10,,126243,20,0,36 40,2,8,,126174,20,0,36 40,2,10,,126211,20,0,36 40,2,9,,126206,20,0,36 40,2,10,,126179,20,0,36 40,2,50,,126150,20,0,36 40,2,10,,126139,20,0,36 40,2,10,,126184,20,0,36 40,2,10,,126169,20,0,36 40,2,10,,126181,20,0,36 40,2,10,,126194,20,0,36 40,2,50,,126143,20,0,36 40,2,10,,126137,20,0,36 40,2,10,,126155,20,0,36 40,2,10,,126214,20,0,36 40,2,10,,126130,20,0,36 40,2,10,,126168,20,0,36 40,2,50,,126134,20,0,36 40,2,10,,126185,20,0,36 40,2,10,,126230,20,0,36 40,2,9,,126239,20,0,36 40,2,8,,126193,20,0,36 40,2,10,,126247,20,0,36 40,2,10,,126242,20,0,36 40,2,50,,126208,20,0,36 40,2,10,,126201,20,0,36 40,2,10,,126227,20,0,36 40,2,10,,126221,20,0,36 40,2,10,,126146,20,0,36 40,2,10,,126133,20,0,36 40,2,50,,126149,20,0,36 40,2,10,,126212,20,0,36 40,2,10,,126154,20,0,36 40,2,10,,126162,20,0,36 40,2,10,,126127,20,0,36 40,2,10,,126223,20,0,36 40,2,50,,126228,20,0,36 40,2,10,,126237,20,0,36 40,2,10,,126126,20,0,36 40,2,10,,126219,20,0,36 40,2,10,,126178,20,0,36 40,2,10,,126135,20,0,36 40,2,50,,126175,20,0,36 40,2,9,,126147,20,0,36 40,2,8,,126131,20,0,36 40,2,8,,126148,20,0,36 40,2,13,,126170,20,0,36 40,2,54,,126209,20,0,36 40,2
50301,'5',608,,126304,20,0,36 40,2,10,,126271,20,0,36 40,2,10,,126312,20,0,36 40,2,10,,126327,20,0,36 40,2,10,,126263,20,0,36 40,2,10,,126343,20,0,36 40,2,50,,126323,20,0,36 40,2,10,,126309,20,0,36 40,2,10,,126362,20,0,36 40,2,10,,126355,20,0,36 40,2,10,,126299,20,0,36 40,2,10,,126317,20,0,36 40,2,50,,126310,20,0,36 40,2,11,,126291,20,0,36 40,2,11,,126294,20,0,36 40,2,11,,126335,20,0,36 40,2,10,,126316,20,0,36 40,2,50,,126325,20,0,36 40,2,10,,126298,20,0,36 40,2,10,,126255,20,0,36 40,2,10,,126319,20,0,36 40,2,10,,126313,20,0,36 40,2,10,,126364,20,0,36 40,2,50,,126340,20,0,36 40,2,10,,126297,20,0,36 40,2,10,,126281,20,0,36 40,2,10,,126252,20,0,36 40,2,10,,126303,20,0,36 40,2,10,,122342,20,0,36 40,2,50,,126349,20,0,36 40,2,10,,126308,20,0,36 40,2,10,,126330,20,0,36 40,2,10,,126358,20,0,36 40,2,10,,126346,20,0,36 40,2,10,,126360,20,0,36 40,2,50,,126268,20,0,36 40,2,10,,126256,20,0,36 40,2,11,,126260,20,0,36 40,2,12,,126331,20,0,36 40,2,10,,126318,20,0,36 40,2,10,,126351,20,0,36 40,2,50,,126361,20,0,36 40,2,10,,126278,20,0,36 40,2,10,,126285,20,0,36 40,2,10,,126264,20,0,36 40,2,10,,126367,20,0,36 40,2,10,,126259,20,0,36 40,2,50,,126269,20,0,36 40,2,10,,126257,20,0,36 40,2,10,,126289,20,0,36 40,2,10,,126302,20,0,36 40,2,10,,126326,20,0,36 40,2,10,,126295,20,0,36 40,2,50,,126274,20,0,36 40,2,10,,126306,20,0,36 40,2,10,,126265,20,0,36 40,2,10,,126282,20,0,36 40,2,10,,126352,20,0,36 40,2,10,,126270,20,0,36 40,2,50,,126292,20,0,36 40,2,10,,126365,20,0,36 40,2,10,,126368,20,0,36 40,2,10,,126288,20,0,36 40,2,10,,126261,20,0,36 40,2,10,,116270,20,0,36 40,2,50,,126347,20,0,36 40,2,10,,126369,20,0,36 40,2,10,,126249,20,0,36 40,2,10,,126341,20,0,36 40,2,10,,126280,20,0,36 40,2,10,,126314,20,0,36 40,2,50,,126345,20,0,36 40,2,10,,126332,20,0,36 40,2,10,,126286,20,0,36 40,2,10,,126301,20,0,36 40,2,10,,126287,20,0,36 40,2,10,,126266,20,0,36 40,2,50,,126275,20,0,36 40,2,10,,117022,20,0,36 40,2,8,,126348,20,0,36 40,2,10,,126273,20,0,36 40,2,9,,126293,20,0,36 40,2,10,,126357,20,0,36 40,2,50,,126290,20,0,36 40,2,10,,121152,20,0,36 40,2,10,,126363,20,0,36 40,2,10,,126324,20,0,36 40,2,10,,126296,20,0,36 40,2,10,,126254,20,0,36 40,2,50,,126251,20,0,36 40,2,10,,126250,20,0,36 40,2,10,,126328,20,0,36 40,2,10,,126300,20,0,36 40,2,10,,126359,20,0,36 40,2,10,,126276,20,0,36 40,2,50,,126354,20,0,36 40,2,10,,126267,20,0,36 40,2,10,,126272,20,0,36 40,2,9,,126320,20,0,36 40,2,8,,126366,20,0,36 40,2,10,,126311,20,0,36 40,2,10,,126344,20,0,36 40,2,50,,126370,20,0,36 40,2,10,,126339,20,0,36 40,2,10,,126262,20,0,36 40,2,10,,126342,20,0,36 40,2,10,,126322,20,0,36 40,2,10,,126277,20,0,36 40,2,50,,126336,20,0,36 40,2,10,,126321,20,0,36 40,2,10,,126329,20,0,36 40,2,10,,126334,20,0,36 40,2,10,,126353,20,0,36 40,2,10,,126333,20,0,36 40,2,50,,126253,20,0,36 40,2,10,,126338,20,0,36 40,2,10,,126284,20,0,36 40,2,10,,126350,20,0,36 40,2,10,,126305,20,0,36 40,2,10,,126283,20,0,36 40,2,50,,126356,20,0,36 40,2,9,,126279,20,0,36 40,2,8,,126315,20,0,36 40,2,8,,126337,20,0,36 40,2,13,,126258,20,0,36 40,2,54,,126307,20,0,36 40,2
