31003,'1',2530,,124454,3,0,18 7,2,10,,124464,3,0,18 7,2,9,,124466,3,0,19,2,8,,124455,3,0,18 7,2,60,,124458,3,0,18 7,2,20,,124457,3,0,18 7,2,20,,124459,3,0,18 7,2,60,,124462,3,0,18 7,2,20,,124467,3,0,18 7,2,20,,124463,3,0,18 7,2,60,,124461,3,0,18 7,2,20,,124468,3,0,18 7,2,20,,124460,3,0,18 7,2,60,,124465,3,0,18 7,2,20,,124456,3,0,19,2
31003,'2',2536,,124477,3,0,18 7,2,10,,124471,3,0,19,2,13,,124480,3,0,18 7,2,55,,124478,3,0,18 7,2,20,,124476,3,0,18 7,2,20,,124470,3,0,18 7,2,60,,124479,3,0,18 7,2,20,,124475,3,0,18 7,2,20,,124481,3,0,18 7,2,60,,124473,3,0,18 7,2,20,,124469,3,0,18 7,2,20,,124474,3,0,18 7,2,60,,124472,3,0,18 7,2
31003,'3',528,,124489,3,0,18 7,2,16,,124485,3,0,18 7,2,15,,124484,3,0,18 7,2,55,,124498,3,0,18 7,2,15,,124490,3,0,18 7,2,15,,124507,3,0,18 7,2,15,,124502,3,0,18 7,2,55,,124487,3,0,18 7,2,15,,124492,3,0,18 7,2,1795,,124486,3,0,19,2,10,,118030,3,0,18 7,2,10,,124506,3,0,19,2,10,,124495,3,0,18 7,2,60,,124503,3,0,18 7,2,20,,124501,3,0,18 7,2,20,,124493,3,0,18 7,2,60,,124496,3,0,18 7,2,20,,124499,3,0,18 7,2,20,,124482,3,0,18 7,2,60,,124483,3,0,18 7,2,20,,124491,3,0,18 7,2,20,,124497,3,0,18 7,2,60,,124488,3,0,18 7,2
31003,'5',2524,,124510,3,0,19,2,10,,124516,3,0,18 7,2,10,,124518,3,0,19,2,10,,124512,3,0,18 7,2,60,,124517,3,0,18 7,2,20,,124511,3,0,18 7,2,20,,124515,3,0,18 7,2,60,,124508,3,0,18 7,2,20,,124514,3,0,18 7,2,20,,124513,3,0,18 7,2,60,,124521,3,0,18 7,2,20,,124509,3,0,18 7,2,20,,124520,3,0,18 7,2,60,,124519,3,0,18 7,2
50902,'1',610,,122593,3,0,20,2,10,,134418,3,0,20,2,10,,134407,3,0,20,2,10,,134462,3,0,20,2,10,,134446,3,0,20,2,50,,134382,3,0,20,2,10,,134425,3,0,20,2,10,,134345,3,0,20,2,11,,134403,3,0,20,2,9,,134349,3,0,20,2,9,,134452,3,0,20,2,9,,134343,3,0,20,2,49,,134434,3,0,20,2,9,,134388,3,0,20,2,9,,119161,3,0,20,2,9,,134386,3,0,20,2,9,,134432,3,0,20,2,9,,134366,3,0,20,2,49,,134437,3,0,20,2,9,,134465,3,0,20,2,9,,134410,3,0,20,2,9,,134353,3,0,20,2,9,,134436,3,0,20,2,9,,134463,3,0,20,2,9,,134421,3,0,20,2,49,,134442,3,0,20,2,9,,134380,3,0,20,2,9,,134376,3,0,20,2,9,,134365,3,0,20,2,9,,134453,3,0,20,2,9,,134362,3,0,20,2,9,,134448,3,0,20,2,49,,134412,3,0,20,2,9,,134466,3,0,20,2,9,,134445,3,0,20,2,9,,134435,3,0,20,2,9,,134384,3,0,20,2,9,,134373,3,0,20,2,49,,134350,3,0,20,2,9,,134415,3,0,20,2,9,,134361,3,0,20,2,9,,134370,3,0,20,2,9,,134439,3,0,20,2,9,,134356,3,0,20,2,9,,134456,3,0,20,2,49,,134385,3,0,20,2,9,,134354,3,0,20,2,9,,134414,3,0,20,2,9,,134363,3,0,20,2,9,,134367,3,0,20,2,9,,134352,3,0,20,2,9,,134420,3,0,20,2,49,,134426,3,0,20,2,9,,134389,3,0,20,2,9,,134358,3,0,20,2,9,,134395,3,0,20,2,9,,134346,3,0,20,2,10,,134440,3,0,20,2,49,,134461,3,0,20,2,9,,134344,3,0,20,2,9,,134417,3,0,20,2,9,,134459,3,0,20,2,9,,134383,3,0,20,2,9,,134430,3,0,20,2,9,,134429,3,0,20,2,49,,134379,3,0,20,2,9,,134378,3,0,20,2,9,,134368,3,0,20,2,9,,134396,3,0,20,2,9,,134419,3,0,20,2,9,,134451,3,0,20,2,9,,134397,3,0,20,2,49,,134457,3,0,20,2,9,,134449,3,0,20,2,9,,134371,3,0,20,2,9,,134405,3,0,20,2,9,,134411,3,0,20,2,9,,134450,3,0,20,2,49,,134364,3,0,20,2,9,,134438,3,0,20,2,9,,134402,3,0,20,2,9,,134390,3,0,20,2,9,,134409,3,0,20,2,7,,134359,3,0,20,2,9,,134458,3,0,20,2,49,,134348,3,0,20,2,9,,134351,3,0,20,2,9,,134393,3,0,20,2,10,,134443,3,0,20,2,10,,134387,3,0,20,2,10,,134372,3,0,20,2,50,,134381,3,0,20,2,10,,134413,3,0,20,2,10,,134360,3,0,20,2,10,,134374,3,0,20,2,10,,134347,3,0,20,2,10,,134394,3,0,20,2,50,,134441,3,0,20,2,10,,134423,3,0,20,2,10,,134399,3,0,20,2,10,,134433,3,0,20,2,10,,134406,3,0,20,2,10,,134455,3,0,20,2,50,,134444,3,0,20,2,8,,134391,3,0,20,2,10,,134408,3,0,20,2,10,,134357,3,0,20,2,10,,134377,3,0,20,2,10,,113789,3,0,20,2,10,,134422,3,0,20,2,50,,134392,3,0,20,2,10,,134401,3,0,20,2,10,,134341,3,0,20,2,10,,134464,3,0,20,2,10,,134400,3,0,20,2,10,,134431,3,0,20,2,50,,134416,3,0,20,2,10,,134398,3,0,20,2,10,,134342,3,0,20,2,10,,134460,3,0,20,2,10,,134404,3,0,20,2,10,,134424,3,0,20,2,50,,134454,3,0,20,2,10,,134427,3,0,20,2
50902,'2',608,,134640,3,0,20,2,10,,134476,3,0,20,2,10,,134576,3,0,20,2,10,,134484,3,0,20,2,10,,134544,3,0,20,2,10,,134566,3,0,20,2,50,,134479,3,0,20,2,10,,134540,3,0,20,2,10,,134632,3,0,20,2,10,,134565,3,0,20,2,10,,134494,3,0,20,2,10,,134601,3,0,20,2,50,,134567,3,0,20,2,11,,134507,3,0,20,2,11,,134483,3,0,20,2,10,,134569,3,0,20,2,10,,134615,3,0,20,2,50,,134468,3,0,20,2,10,,134480,3,0,20,2,10,,134499,3,0,20,2,10,,134496,3,0,20,2,10,,134577,3,0,20,2,10,,134599,3,0,20,2,50,,134582,3,0,20,2,10,,134620,3,0,20,2,10,,134529,3,0,20,2,10,,134628,3,0,20,2,10,,134600,3,0,20,2,10,,134608,3,0,20,2,50,,134623,3,0,20,2,10,,134553,3,0,20,2,10,,134555,3,0,20,2,10,,134491,3,0,20,2,10,,134549,3,0,20,2,10,,134621,3,0,20,2,50,,134490,3,0,20,2,10,,134523,3,0,20,2,10,,134641,3,0,20,2,5,,134586,3,0,20,2,5,,134598,3,0,20,2,5,,134534,3,0,20,2,5,,134542,3,0,20,2,5,,134624,3,0,20,2,5,,134547,3,0,20,2,5,,134557,3,0,20,2,45,,134638,3,0,20,2,5,,134518,3,0,20,2,5,,134500,3,0,20,2,5,,120155,3,0,20,2,5,,134511,3,0,20,2,5,,134541,3,0,20,2,5,,134536,3,0,20,2,5,,134616,3,0,20,2,5,,134516,3,0,20,2,5,,134604,3,0,20,2,5,,134558,3,0,20,2,5,,134635,3,0,20,2,45,,134515,3,0,20,2,5,,134538,3,0,20,2,5,,134592,3,0,20,2,5,,134631,3,0,20,2,5,,134525,3,0,20,2,5,,134504,3,0,20,2,5,,134485,3,0,20,2,5,,134585,3,0,20,2,5,,134492,3,0,20,2,5,,134560,3,0,20,2,5,,134475,3,0,20,2,5,,134474,3,0,20,2,45,,134497,3,0,20,2,5,,134595,3,0,20,2,5,,134498,3,0,20,2,5,,134561,3,0,20,2,5,,134611,3,0,20,2,5,,134527,3,0,20,2,5,,134551,3,0,20,2,5,,134612,3,0,20,2,5,,134554,3,0,20,2,5,,134509,3,0,20,2,5,,134539,3,0,20,2,5,,134530,3,0,20,2,45,,134506,3,0,20,2,5,,134606,3,0,20,2,5,,134626,3,0,20,2,5,,134489,3,0,20,2,5,,134602,3,0,20,2,5,,134639,3,0,20,2,5,,134570,3,0,20,2,5,,134559,3,0,20,2,5,,134501,3,0,20,2,5,,134505,3,0,20,2,5,,134472,3,0,20,2,5,,134605,3,0,20,2,45,,134532,3,0,20,2,5,,134564,3,0,20,2,5,,134493,3,0,20,2,5,,134609,3,0,20,2,5,,134633,3,0,20,2,5,,134545,3,0,20,2,5,,134572,3,0,20,2,5,,134470,3,0,20,2,5,,134634,3,0,20,2,5,,134520,3,0,20,2,5,,134562,3,0,20,2,5,,134571,3,0,20,2,45,,115730,3,0,20,2,5,,134597,3,0,20,2,5,,134637,3,0,20,2,5,,111690,3,0,20,2,5,,134591,3,0,20,2,5,,134589,3,0,20,2,5,,134535,3,0,20,2,5,,134495,3,0,20,2,5,,134588,3,0,20,2,5,,134584,3,0,20,2,5,,134619,3,0,20,2,5,,134573,3,0,20,2,45,,134502,3,0,20,2,5,,134478,3,0,20,2,5,,134580,3,0,20,2,5,,134487,3,0,20,2,7,,134537,3,0,20,2,7,,134583,3,0,20,2,7,,134482,3,0,20,2,7,,134625,3,0,20,2,7,,134471,3,0,20,2,7,,134581,3,0,20,2,47,,134550,3,0,20,2,7,,134488,3,0,20,2,7,,134510,3,0,20,2,7,,134596,3,0,20,2,7,,134556,3,0,20,2,7,,134563,3,0,20,2,7,,134578,3,0,20,2,7,,134593,3,0,20,2,47,,134579,3,0,20,2,7,,134522,3,0,20,2,7,,134531,3,0,20,2,7,,134590,3,0,20,2,7,,134587,3,0,20,2,7,,134513,3,0,20,2,7,,134512,3,0,20,2,7,,134574,3,0,20,2,7,,134473,3,0,20,2,47,,134607,3,0,20,2,7,,134533,3,0,20,2,7,,134610,3,0,20,2,7,,134477,3,0,20,2,8,,134514,3,0,20,2,8,,134486,3,0,20,2,8,,134508,3,0,20,2,8,,134526,3,0,20,2,48,,134521,3,0,20,2,8,,134642,3,0,20,2,8,,134630,3,0,20,2,8,,115839,3,0,20,2,8,,134613,3,0,20,2,8,,134548,3,0,20,2,8,,134546,3,0,20,2,48,,134627,3,0,20,2,8,,134469,3,0,20,2,8,,134629,3,0,20,2,8,,109359,3,0,20,2,8,,134614,3,0,20,2,8,,134617,3,0,20,2,8,,134552,3,0,20,2,8,,134603,3,0,20,2,48,,134543,3,0,20,2,10,,134519,3,0,20,2,10,,134528,3,0,20,2
50902,'3',612,,134729,3,0,20,2,15,,134718,3,0,20,2,15,,134687,3,0,20,2,15,,134706,3,0,20,2,55,,134737,3,0,20,2,15,,134660,3,0,20,2,15,,134742,3,0,20,2,15,,134740,3,0,20,2,55,,134658,3,0,20,2,11,,134672,3,0,20,2,10,,134680,3,0,20,2,10,,134678,3,0,20,2,10,,134744,3,0,20,2,50,,134761,3,0,20,2,10,,134769,3,0,20,2,10,,134713,3,0,20,2,10,,134666,3,0,20,2,10,,134720,3,0,20,2,10,,134652,3,0,20,2,50,,134649,3,0,20,2,10,,134771,3,0,20,2,10,,134741,3,0,20,2,10,,134661,3,0,20,2,10,,134695,3,0,20,2,10,,134654,3,0,20,2,50,,134753,3,0,20,2,10,,134712,3,0,20,2,10,,134754,3,0,20,2,10,,134686,3,0,20,2,10,,134707,3,0,20,2,10,,134646,3,0,20,2,50,,134671,3,0,20,2,10,,112599,3,0,20,2,7,,109966,3,0,20,2,9,,134759,3,0,20,2,7,,134709,3,0,20,2,7,,134704,3,0,20,2,7,,134662,3,0,20,2,7,,134732,3,0,20,2,47,,134766,3,0,20,2,7,,134694,3,0,20,2,7,,134683,3,0,20,2,7,,134734,3,0,20,2,7,,134689,3,0,20,2,7,,134645,3,0,20,2,7,,134774,3,0,20,2,7,,134667,3,0,20,2,47,,134711,3,0,20,2,7,,134726,3,0,20,2,7,,134730,3,0,20,2,7,,134773,3,0,20,2,7,,134748,3,0,20,2,7,,134724,3,0,20,2,7,,134669,3,0,20,2,7,,134735,3,0,20,2,7,,134679,3,0,20,2,47,,134745,3,0,20,2,7,,134688,3,0,20,2,7,,134725,3,0,20,2,7,,134655,3,0,20,2,7,,134685,3,0,20,2,7,,134757,3,0,20,2,7,,134749,3,0,20,2,7,,134758,3,0,20,2,7,,134675,3,0,20,2,47,,134746,3,0,20,2,7,,134775,3,0,20,2,7,,134722,3,0,20,2,7,,134643,3,0,20,2,7,,134696,3,0,20,2,7,,134659,3,0,20,2,7,,134674,3,0,20,2,7,,134762,3,0,20,2,47,,134765,3,0,20,2,7,,134693,3,0,20,2,7,,134668,3,0,20,2,7,,134760,3,0,20,2,7,,134728,3,0,20,2,7,,134772,3,0,20,2,7,,134715,3,0,20,2,7,,134701,3,0,20,2,7,,134692,3,0,20,2,47,,108379,3,0,20,2,7,,134690,3,0,20,2,7,,134647,3,0,20,2,7,,134665,3,0,20,2,7,,108851,3,0,20,2,7,,134677,3,0,20,2,7,,134676,3,0,20,2,7,,134700,3,0,20,2,47,,134698,3,0,20,2,7,,134684,3,0,20,2,7,,134770,3,0,20,2,10,,134699,3,0,20,2,10,,134721,3,0,20,2,10,,134714,3,0,20,2,10,,134763,3,0,20,2,50,,134751,3,0,20,2,10,,134664,3,0,20,2,10,,134708,3,0,20,2,10,,134702,3,0,20,2,10,,134736,3,0,20,2,10,,134705,3,0,20,2,50,,134747,3,0,20,2,10,,134650,3,0,20,2,10,,134743,3,0,20,2,10,,134738,3,0,20,2,10,,134703,3,0,20,2,10,,134717,3,0,20,2,50,,134752,3,0,20,2,10,,134691,3,0,20,2,7,,134750,3,0,20,2,10,,134756,3,0,20,2,10,,134739,3,0,20,2,10,,134682,3,0,20,2,50,,134723,3,0,20,2,10,,134768,3,0,20,2,10,,134673,3,0,20,2,10,,134657,3,0,20,2,10,,134651,3,0,20,2,10,,134776,3,0,20,2,50,,134644,3,0,20,2,10,,134656,3,0,20,2,10,,134648,3,0,20,2,10,,134733,3,0,20,2,10,,134764,3,0,20,2,10,,134719,3,0,20,2,50,,134710,3,0,20,2,10,,134697,3,0,20,2,12,,134716,3,0,20,2
50902,'5',612,,134850,3,0,20,2,15,,134821,3,0,20,2,15,,134894,3,0,20,2,15,,134842,3,0,20,2,55,,112781,3,0,20,2,15,,134896,3,0,20,2,15,,134871,3,0,20,2,15,,134863,3,0,20,2,55,,134827,3,0,20,2,11,,134832,3,0,20,2,10,,134819,3,0,20,2,10,,134862,3,0,20,2,10,,134822,3,0,20,2,50,,134880,3,0,20,2,10,,134879,3,0,20,2,10,,134860,3,0,20,2,10,,134857,3,0,20,2,10,,134824,3,0,20,2,10,,134777,3,0,20,2,50,,134878,3,0,20,2,10,,134798,3,0,20,2,10,,134891,3,0,20,2,10,,134899,3,0,20,2,10,,134893,3,0,20,2,10,,134826,3,0,20,2,50,,134814,3,0,20,2,10,,134836,3,0,20,2,10,,134848,3,0,20,2,10,,117036,3,0,20,2,10,,134872,3,0,20,2,10,,134853,3,0,20,2,50,,134865,3,0,20,2,10,,134841,3,0,20,2,7,,134786,3,0,20,2,9,,134803,3,0,20,2,7,,134837,3,0,20,2,7,,134897,3,0,20,2,7,,134807,3,0,20,2,7,,134856,3,0,20,2,47,,134839,3,0,20,2,7,,134882,3,0,20,2,7,,134809,3,0,20,2,7,,134895,3,0,20,2,7,,134787,3,0,20,2,7,,134793,3,0,20,2,7,,134778,3,0,20,2,7,,134813,3,0,20,2,47,,134840,3,0,20,2,7,,134902,3,0,20,2,7,,110156,3,0,20,2,7,,134783,3,0,20,2,7,,134877,3,0,20,2,7,,134797,3,0,20,2,7,,134855,3,0,20,2,7,,134900,3,0,20,2,7,,134903,3,0,20,2,47,,134795,3,0,20,2,7,,134892,3,0,20,2,7,,134812,3,0,20,2,7,,134874,3,0,20,2,7,,117601,3,0,20,2,7,,134898,3,0,20,2,7,,134870,3,0,20,2,7,,134901,3,0,20,2,7,,134854,3,0,20,2,47,,134835,3,0,20,2,7,,134791,3,0,20,2,7,,134859,3,0,20,2,7,,134858,3,0,20,2,7,,134866,3,0,20,2,7,,134789,3,0,20,2,7,,134888,3,0,20,2,7,,134779,3,0,20,2,47,,134834,3,0,20,2,7,,134861,3,0,20,2,7,,134886,3,0,20,2,7,,117018,3,0,20,2,7,,134829,3,0,20,2,7,,134782,3,0,20,2,7,,134889,3,0,20,2,7,,134843,3,0,20,2,7,,134799,3,0,20,2,47,,134887,3,0,20,2,7,,134801,3,0,20,2,7,,134869,3,0,20,2,7,,134790,3,0,20,2,7,,134830,3,0,20,2,7,,134794,3,0,20,2,7,,134890,3,0,20,2,7,,117588,3,0,20,2,47,,134838,3,0,20,2,7,,134852,3,0,20,2,7,,134904,3,0,20,2,10,,134823,3,0,20,2,10,,134881,3,0,20,2,10,,134864,3,0,20,2,10,,134825,3,0,20,2,50,,134785,3,0,20,2,10,,134780,3,0,20,2,10,,134849,3,0,20,2,10,,134833,3,0,20,2,10,,134802,3,0,20,2,10,,134808,3,0,20,2,50,,134905,3,0,20,2,10,,134810,3,0,20,2,10,,134818,3,0,20,2,10,,96392,3,0,20,2,10,,134816,3,0,20,2,10,,134820,3,0,20,2,50,,134811,3,0,20,2,10,,134792,3,0,20,2,7,,134806,3,0,20,2,10,,134885,3,0,20,2,10,,134883,3,0,20,2,10,,134828,3,0,20,2,50,,134867,3,0,20,2,10,,134817,3,0,20,2,10,,134831,3,0,20,2,10,,134784,3,0,20,2,10,,134815,3,0,20,2,10,,134788,3,0,20,2,50,,134847,3,0,20,2,10,,134805,3,0,20,2,10,,134884,3,0,20,2,10,,134846,3,0,20,2,10,,111097,3,0,20,2,10,,134844,3,0,20,2,50,,134875,3,0,20,2,10,,134845,3,0,20,2,12,,134851,3,0,20,2
51003,'1',523,,134958,3,0,18 7,2,11,,134963,3,0,18 7,2,5,,134936,3,0,18 7,2,9,,134949,3,0,18 7,2,9,,134973,3,0,18 7,2,49,,135078,3,0,18 7,2,9,,113697,3,0,18 7,2,9,,135008,3,0,18 7,2,9,,135066,3,0,18 7,2,9,,135022,3,0,18 7,2,9,,135044,3,0,18 7,2,49,,134988,3,0,18 7,2,10,,135055,3,0,18 7,2,9,,134997,3,0,18 7,2,9,,134989,3,0,18 7,2,9,,134950,3,0,18 7,2,8,,134982,3,0,18 7,2,9,,134983,3,0,18 7,2,52,,134948,3,0,18 7,2,12,,134908,3,0,18 7,2,12,,135047,3,0,18 7,2,13,,135021,3,0,18 7,2,12,,135042,3,0,18 7,2,52,,135023,3,0,18 7,2,12,,134970,3,0,18 7,2,12,,134921,3,0,18 7,2,12,,135017,3,0,18 7,2,12,,134907,3,0,18 7,2,52,,135036,3,0,18 7,2,12,,134965,3,0,18 7,2,12,,134919,3,0,18 7,2,12,,134979,3,0,18 7,2,12,,134947,3,0,18 7,2,52,,134931,3,0,18 7,2,12,,135027,3,0,18 7,2,12,,135058,3,0,18 7,2,12,,135019,3,0,18 7,2,12,,119884,3,0,18 7,2,52,,134916,3,0,18 7,2,12,,134994,3,0,18 7,2,12,,134975,3,0,18 7,2,12,,135068,3,0,18 7,2,12,,134967,3,0,18 7,2,52,,135085,3,0,18 7,2,12,,135060,3,0,18 7,2,12,,135082,3,0,18 7,2,12,,134964,3,0,18 7,2,12,,134959,3,0,18 7,2,52,,134928,3,0,18 7,2,12,,134932,3,0,18 7,2,12,,134934,3,0,18 7,2,12,,135037,3,0,18 7,2,12,,135013,3,0,18 7,2,52,,134941,3,0,18 7,2,12,,134976,3,0,18 7,2,13,,135007,3,0,18 7,2,12,,134912,3,0,18 7,2,12,,134914,3,0,18 7,2,52,,134996,3,0,18 7,2,12,,134974,3,0,18 7,2,12,,135001,3,0,18 7,2,12,,134972,3,0,18 7,2,12,,134920,3,0,18 7,2,52,,135010,3,0,18 7,2,12,,119131,3,0,18 7,2,12,,134957,3,0,18 7,2,12,,135034,3,0,18 7,2,12,,134969,3,0,18 7,2,52,,134939,3,0,18 7,2,12,,134990,3,0,18 7,2,12,,134953,3,0,18 7,2,12,,135011,3,0,18 7,2,12,,135018,3,0,18 7,2,52,,135075,3,0,18 7,2,12,,135051,3,0,18 7,2,11,,135014,3,0,18 7,2,12,,135073,3,0,18 7,2,12,,135083,3,0,18 7,2,51,,135071,3,0,18 7,2,12,,134930,3,0,18 7,2,12,,134944,3,0,18 7,2,12,,135016,3,0,18 7,2,12,,134951,3,0,18 7,2,52,,135006,3,0,18 7,2,12,,134918,3,0,18 7,2,12,,134926,3,0,18 7,2,12,,134981,3,0,18 7,2,12,,134940,3,0,18 7,2,52,,135050,3,0,18 7,2,11,,134924,3,0,18 7,2,12,,134954,3,0,18 7,2,10,,134977,3,0,18 7,2,10,,134993,3,0,18 7,2,10,,135059,3,0,18 7,2,46,,134933,3,0,18 7,2,10,,135057,3,0,18 7,2,9,,134913,3,0,18 7,2,10,,108139,3,0,18 7,2,9,,134927,3,0,18 7,2,10,,135048,3,0,18 7,2,49,,135077,3,0,18 7,2,10,,134956,3,0,18 7,2,9,,135004,3,0,18 7,2,10,,134922,3,0,18 7,2,9,,134938,3,0,18 7,2,10,,135076,3,0,18 7,2,9,,134909,3,0,18 7,2,50,,135054,3,0,18 7,2,9,,135038,3,0,18 7,2
51003,'2',528,,135270,3,0,18 7,2,10,,135308,3,0,18 7,2,9,,135165,3,0,18 7,2,10,,135190,3,0,18 7,2,49,,135258,3,0,18 7,2,10,,135245,3,0,18 7,2,9,,135216,3,0,18 7,2,10,,135297,3,0,18 7,2,9,,135112,3,0,18 7,2,10,,135250,3,0,18 7,2,49,,135094,3,0,18 7,2,10,,135226,3,0,18 7,2,9,,135157,3,0,18 7,2,10,,135149,3,0,18 7,2,9,,135095,3,0,18 7,2,10,,135316,3,0,18 7,2,49,,135104,3,0,18 7,2,10,,135225,3,0,18 7,2,9,,135307,3,0,18 7,2,10,,135203,3,0,18 7,2,9,,135107,3,0,18 7,2,10,,135209,3,0,18 7,2,9,,135224,3,0,18 7,2,51,,135118,3,0,18 7,2,12,,135139,3,0,18 7,2,8,,116677,3,0,18 7,2,9,,135163,3,0,18 7,2,8,,135211,3,0,18 7,2,9,,135287,3,0,18 7,2,48,,135269,3,0,18 7,2,9,,135117,3,0,18 7,2,8,,135305,3,0,18 7,2,9,,135195,3,0,18 7,2,8,,135322,3,0,18 7,2,9,,135304,3,0,18 7,2,8,,135249,3,0,18 7,2,49,,135099,3,0,18 7,2,8,,135127,3,0,18 7,2,9,,135135,3,0,18 7,2,8,,135120,3,0,18 7,2,9,,135302,3,0,18 7,2,9,,135281,3,0,18 7,2,8,,135154,3,0,18 7,2,48,,135290,3,0,18 7,2,8,,135103,3,0,18 7,2,7,,135279,3,0,18 7,2,8,,135100,3,0,18 7,2,8,,135265,3,0,18 7,2,8,,135264,3,0,18 7,2,7,,135174,3,0,18 7,2,8,,135282,3,0,18 7,2,48,,135200,3,0,18 7,2,8,,135090,3,0,18 7,2,7,,135208,3,0,18 7,2,8,,135255,3,0,18 7,2,8,,135232,3,0,18 7,2,8,,135125,3,0,18 7,2,7,,135198,3,0,18 7,2,8,,135313,3,0,18 7,2,48,,135235,3,0,18 7,2,8,,135205,3,0,18 7,2,7,,135184,3,0,18 7,2,8,,135234,3,0,18 7,2,8,,135197,3,0,18 7,2,8,,107815,3,0,18 7,2,7,,135276,3,0,18 7,2,8,,111525,3,0,18 7,2,48,,135239,3,0,18 7,2,8,,135291,3,0,18 7,2,7,,135261,3,0,18 7,2,8,,135312,3,0,18 7,2,8,,135124,3,0,18 7,2,8,,135134,3,0,18 7,2,7,,135303,3,0,18 7,2,48,,135293,3,0,18 7,2,8,,135150,3,0,18 7,2,8,,135116,3,0,18 7,2,7,,135248,3,0,18 7,2,8,,135192,3,0,18 7,2,8,,135141,3,0,18 7,2,8,,135160,3,0,18 7,2,7,,117252,3,0,18 7,2,48,,135321,3,0,18 7,2,8,,135171,3,0,18 7,2,8,,113960,3,0,18 7,2,7,,135176,3,0,18 7,2,8,,135122,3,0,18 7,2,8,,135274,3,0,18 7,2,8,,135145,3,0,18 7,2,7,,135222,3,0,18 7,2,48,,135266,3,0,18 7,2,8,,135238,3,0,18 7,2,8,,135267,3,0,18 7,2,7,,135173,3,0,18 7,2,8,,135240,3,0,18 7,2,8,,135133,3,0,18 7,2,7,,135241,3,0,18 7,2,6,,135320,3,0,18 7,2,2,,135089,3,0,18 7,2,47,,135131,3,0,18 7,2,6,,135109,3,0,18 7,2,5,,135108,3,0,18 7,2,5,,135220,3,0,18 7,2,5,,135201,3,0,18 7,2,6,,135285,3,0,18 7,2,5,,135309,3,0,18 7,2,5,,135219,3,0,18 7,2,5,,135257,3,0,18 7,2,6,,135153,3,0,18 7,2,5,,135318,3,0,18 7,2,45,,135204,3,0,18 7,2,5,,135144,3,0,18 7,2,6,,135199,3,0,18 7,2,5,,135102,3,0,18 7,2,5,,135180,3,0,18 7,2,5,,135167,3,0,18 7,2,6,,135186,3,0,18 7,2,5,,135091,3,0,18 7,2,5,,135311,3,0,18 7,2,5,,135254,3,0,18 7,2,6,,135273,3,0,18 7,2,45,,135110,3,0,18 7,2,5,,135314,3,0,18 7,2,4,,135233,3,0,18 7,2,6,,114853,3,0,18 7,2,5,,135126,3,0,18 7,2,5,,135189,3,0,18 7,2,5,,135182,3,0,18 7,2,6,,135218,3,0,18 7,2,5,,135162,3,0,18 7,2,5,,135263,3,0,18 7,2,5,,135213,3,0,18 7,2,6,,109918,3,0,18 7,2,45,,135228,3,0,18 7,2,5,,135111,3,0,18 7,2,3,,135152,3,0,18 7,2,11,,135292,3,0,18 7,2,9,,135123,3,0,18 7,2,9,,135246,3,0,18 7,2,10,,135260,3,0,18 7,2,49,,135169,3,0,18 7,2,10,,135301,3,0,18 7,2,9,,135106,3,0,18 7,2,10,,135275,3,0,18 7,2,9,,135115,3,0,18 7,2,10,,135136,3,0,18 7,2,9,,135277,3,0,18 7,2,50,,135101,3,0,18 7,2,9,,115755,3,0,18 7,2,10,,135244,3,0,18 7,2,9,,135271,3,0,18 7,2,10,,135215,3,0,18 7,2,9,,135172,3,0,18 7,2,50,,135206,3,0,18 7,2,9,,135132,3,0,18 7,2,12,,135096,3,0,18 7,2
51003,'3',747,,135407,3,0,18 7,2,54,,135343,3,0,18 7,2,13,,135470,3,0,18 7,2,15,,135455,3,0,18 7,2,15,,135442,3,0,18 7,2,14,,135382,3,0,18 7,2,53,,135502,3,0,18 7,2,12,,135424,3,0,18 7,2,8,,135411,3,0,18 7,2,8,,135395,3,0,18 7,2,9,,135408,3,0,18 7,2,10,,135434,3,0,18 7,2,50,,135330,3,0,18 7,2,10,,135503,3,0,18 7,2,9,,135376,3,0,18 7,2,10,,135363,3,0,18 7,2,10,,135443,3,0,18 7,2,11,,135416,3,0,18 7,2,50,,135488,3,0,18 7,2,10,,135383,3,0,18 7,2,10,,135448,3,0,18 7,2,10,,135357,3,0,18 7,2,9,,135467,3,0,18 7,2,9,,135328,3,0,18 7,2,49,,135327,3,0,18 7,2,9,,135405,3,0,18 7,2,9,,135374,3,0,18 7,2,9,,135463,3,0,18 7,2,9,,135402,3,0,18 7,2,9,,135465,3,0,18 7,2,9,,135490,3,0,18 7,2,49,,135457,3,0,18 7,2,9,,135458,3,0,18 7,2,9,,135482,3,0,18 7,2,9,,135403,3,0,18 7,2,9,,135500,3,0,18 7,2,9,,135400,3,0,18 7,2,49,,135366,3,0,18 7,2,9,,135494,3,0,18 7,2,9,,135440,3,0,18 7,2,9,,116779,3,0,18 7,2,9,,135449,3,0,18 7,2,9,,135331,3,0,18 7,2,9,,135492,3,0,18 7,2,49,,135493,3,0,18 7,2,9,,135453,3,0,18 7,2,9,,135415,3,0,18 7,2,9,,135412,3,0,18 7,2,9,,135375,3,0,18 7,2,9,,123113,3,0,18 7,2,9,,135352,3,0,18 7,2,49,,135381,3,0,18 7,2,9,,135397,3,0,18 7,2,9,,135369,3,0,18 7,2,9,,135479,3,0,18 7,2,9,,135365,3,0,18 7,2,9,,135355,3,0,18 7,2,49,,135466,3,0,18 7,2,9,,135372,3,0,18 7,2,9,,135341,3,0,18 7,2,9,,135438,3,0,18 7,2,9,,135456,3,0,18 7,2,9,,135326,3,0,18 7,2,9,,135499,3,0,18 7,2,49,,135362,3,0,18 7,2,9,,135333,3,0,18 7,2,9,,135462,3,0,18 7,2,9,,135323,3,0,18 7,2,9,,135421,3,0,18 7,2,9,,135417,3,0,18 7,2,9,,107652,3,0,18 7,2,49,,135441,3,0,18 7,2,9,,135486,3,0,18 7,2,5,,135334,3,0,18 7,2,6,,135354,3,0,18 7,2,6,,135349,3,0,18 7,2,6,,135394,3,0,18 7,2,7,,135481,3,0,18 7,2,6,,135393,3,0,18 7,2,6,,135342,3,0,18 7,2,46,,135329,3,0,18 7,2,7,,135332,3,0,18 7,2,6,,135450,3,0,18 7,2,6,,135337,3,0,18 7,2,6,,135384,3,0,18 7,2,7,,135344,3,0,18 7,2,6,,135338,3,0,18 7,2,6,,135472,3,0,18 7,2,6,,135379,3,0,18 7,2,47,,135497,3,0,18 7,2,6,,135477,3,0,18 7,2,6,,111771,3,0,18 7,2,6,,117962,3,0,18 7,2,7,,135387,3,0,18 7,2,6,,135459,3,0,18 7,2,6,,135356,3,0,18 7,2,6,,135380,3,0,18 7,2,7,,135391,3,0,18 7,2,6,,135414,3,0,18 7,2,45,,135484,3,0,18 7,2,6,,135464,3,0,18 7,2,7,,135420,3,0,18 7,2,6,,135429,3,0,18 7,2,6,,135451,3,0,18 7,2,6,,135496,3,0,18 7,2,5,,135423,3,0,18 7,2,9,,135399,3,0,18 7,2,9,,135461,3,0,18 7,2,50,,135432,3,0,18 7,2,9,,135409,3,0,18 7,2,10,,135360,3,0,18 7,2,9,,135439,3,0,18 7,2,10,,135347,3,0,18 7,2,9,,135468,3,0,18 7,2,50,,135476,3,0,18 7,2,9,,135505,3,0,18 7,2,10,,135370,3,0,18 7,2,9,,135478,3,0,18 7,2,10,,119630,3,0,18 7,2,10,,135489,3,0,18 7,2,50,,135361,3,0,18 7,2,11,,135444,3,0,18 7,2
51003,'5',528,,135633,3,0,18 7,2,16,,135659,3,0,18 7,2,15,,135544,3,0,18 7,2,55,,135647,3,0,18 7,2,15,,135619,3,0,18 7,2,15,,135652,3,0,18 7,2,15,,135593,3,0,18 7,2,55,,135635,3,0,18 7,2,15,,135623,3,0,18 7,2,15,,135524,3,0,18 7,2,15,,135587,3,0,18 7,2,55,,135554,3,0,18 7,2,15,,135606,3,0,18 7,2,15,,135578,3,0,18 7,2,14,,135529,3,0,18 7,2,53,,135558,3,0,18 7,2,12,,135699,3,0,18 7,2,8,,135540,3,0,18 7,2,8,,135624,3,0,18 7,2,9,,135665,3,0,18 7,2,10,,135692,3,0,18 7,2,50,,135584,3,0,18 7,2,10,,135657,3,0,18 7,2,9,,135597,3,0,18 7,2,10,,135592,3,0,18 7,2,10,,135602,3,0,18 7,2,11,,135697,3,0,18 7,2,50,,135530,3,0,18 7,2,10,,135687,3,0,18 7,2,10,,135651,3,0,18 7,2,10,,135557,3,0,18 7,2,9,,135573,3,0,18 7,2,9,,135586,3,0,18 7,2,49,,135663,3,0,18 7,2,9,,135637,3,0,18 7,2,9,,135519,3,0,18 7,2,9,,135609,3,0,18 7,2,9,,135520,3,0,18 7,2,9,,135543,3,0,18 7,2,9,,135688,3,0,18 7,2,49,,135595,3,0,18 7,2,9,,135594,3,0,18 7,2,9,,135546,3,0,18 7,2,9,,135576,3,0,18 7,2,9,,135690,3,0,18 7,2,9,,135628,3,0,18 7,2,49,,135673,3,0,18 7,2,9,,135567,3,0,18 7,2,9,,135713,3,0,18 7,2,9,,135509,3,0,18 7,2,9,,135671,3,0,18 7,2,9,,135625,3,0,18 7,2,9,,135512,3,0,18 7,2,49,,135627,3,0,18 7,2,9,,135675,3,0,18 7,2,9,,135678,3,0,18 7,2,9,,135568,3,0,18 7,2,9,,135712,3,0,18 7,2,9,,135705,3,0,18 7,2,9,,135528,3,0,18 7,2,49,,135596,3,0,18 7,2,9,,135522,3,0,18 7,2,9,,135541,3,0,18 7,2,9,,135535,3,0,18 7,2,9,,135589,3,0,18 7,2,9,,135542,3,0,18 7,2,49,,135610,3,0,18 7,2,9,,135669,3,0,18 7,2,9,,135615,3,0,18 7,2,9,,135660,3,0,18 7,2,9,,135706,3,0,18 7,2,9,,135668,3,0,18 7,2,9,,135689,3,0,18 7,2,49,,135670,3,0,18 7,2,9,,135658,3,0,18 7,2,9,,135691,3,0,18 7,2,9,,135677,3,0,18 7,2,9,,135598,3,0,18 7,2,9,,135510,3,0,18 7,2,9,,135516,3,0,18 7,2,49,,135577,3,0,18 7,2,9,,135629,3,0,18 7,2,5,,135513,3,0,18 7,2,6,,135571,3,0,18 7,2,6,,135564,3,0,18 7,2,6,,135526,3,0,18 7,2,7,,135626,3,0,18 7,2,6,,135515,3,0,18 7,2,6,,135562,3,0,18 7,2,46,,135704,3,0,18 7,2,7,,135656,3,0,18 7,2,6,,135605,3,0,18 7,2,6,,135569,3,0,18 7,2,6,,135607,3,0,18 7,2,7,,135550,3,0,18 7,2,6,,135566,3,0,18 7,2,6,,135614,3,0,18 7,2,6,,135527,3,0,18 7,2,47,,135708,3,0,18 7,2,6,,135552,3,0,18 7,2,6,,135695,3,0,18 7,2,6,,135639,3,0,18 7,2,7,,135533,3,0,18 7,2,6,,135644,3,0,18 7,2,6,,135617,3,0,18 7,2,6,,135684,3,0,18 7,2,7,,135683,3,0,18 7,2,6,,135560,3,0,18 7,2,45,,135600,3,0,18 7,2,6,,135579,3,0,18 7,2,7,,135710,3,0,18 7,2,6,,135545,3,0,18 7,2,6,,135694,3,0,18 7,2,6,,135599,3,0,18 7,2,5,,135636,3,0,18 7,2,9,,135604,3,0,18 7,2,9,,135549,3,0,18 7,2,50,,135611,3,0,18 7,2,9,,135572,3,0,18 7,2,10,,135508,3,0,18 7,2,9,,135622,3,0,18 7,2,10,,135616,3,0,18 7,2,9,,135682,3,0,18 7,2,50,,135590,3,0,18 7,2,9,,135608,3,0,18 7,2,10,,135580,3,0,18 7,2,9,,135551,3,0,18 7,2,10,,135653,3,0,18 7,2,10,,135570,3,0,18 7,2,50,,135655,3,0,18 7,2,11,,135703,3,0,18 7,2
