30102,'1',2615,,91350,25,0,47 22 23,2,30,,91376,25,0,47 22 23,2,70,,91366,25,0,47 22 23,2,30,,91378,25,0,47 22 23,2,70,,91356,25,0,47 22 23,2,31,,91374,25,,,2,70,,91363,25,,,2,30,,91361,25,,,2
30102,'2',2620,,91396,25,0,47 22 23,2,30,,91382,25,0,47 22 23,2,70,,91389,25,0,47 22 23,2,30,,91398,25,0,47 22 23,2,70,,91380,25,0,47 22 23,2,31,,91392,25,,,2,70,,91379,25,,,2,30,,91393,25,,,2
30102,'3',2610,,91413,25,0,47 22 23,2,30,,91428,25,0,47 22 23,2,70,,91430,25,0,47 22 23,2,30,,91427,25,0,47 22 23,2,70,,91425,25,0,47 22 23,2,30,,91416,25,0,47 22 23,2,71,,91414,25,,,2,30,,91421,25,,,2
30102,'5',2610,,91445,25,0,47 22 23,2,30,,91446,25,0,47 22 23,2,70,,91437,25,0,47 22 23,2,30,,91461,25,0,47 22 23,2,70,,91454,25,0,47 22 23,2,30,,91450,25,0,47 22 23,2,71,,91447,25,,,2,30,,91436,25,,,2
50701,'1',915,,99957,10,0,49,2,999,,99923,10,0,49,2,27,,99866,10,0,49,2,298,,99892,10,0,49,2,213,,99948,10,0,49,2,60,,99864,10,0,49,2
50701,'2',1921,,100102,10,0,49,2,586,,100108,10,0,49,2,21,,100113,10,0,49,2
50701,'3',2439,,100360,10,0,49,2
50701,'5',2439,,100445,10,0,49,2
50702,'1',451,,100616,10,0,22 23,2,51,,100701,10,0,22 23,2,10,,100696,10,0,22 23,2,10,,100768,10,0,22 23,2,10,,100631,10,0,22 23,2,10,,100623,10,0,22 23,2,10,,100604,10,0,22 23,2,50,,100662,10,0,22 23,2,10,,100619,10,0,22 23,2,10,,100664,10,0,22 23,2,10,,88188,10,0,22 23,2,10,,100601,10,0,22 23,2,12,,100734,10,0,22 23,2,48,,100752,10,0,22 23,2,6,,100594,10,0,22 23,2,7,,100632,10,0,22 23,2,7,,100614,10,0,22 23,2,7,,100715,10,0,22 23,2,7,,100640,10,0,22 23,2,7,,100610,10,0,22 23,2,7,,100724,10,0,22 23,2,7,,100687,10,0,22 23,2,47,,100721,10,0,22 23,2,7,,100774,10,0,22 23,2,7,,100758,10,0,22 23,2,7,,100723,10,0,22 23,2,7,,100769,10,0,22 23,2,7,,100666,10,0,22 23,2,7,,100669,10,0,22 23,2,7,,100655,10,0,22 23,2,49,,100645,10,0,22 23,2,9,,100644,10,0,22 23,2,8,,100761,10,0,22 23,2,8,,100763,10,0,22 23,2,8,,100796,10,0,22 23,2,8,,100766,10,0,22 23,2,8,,100612,10,0,22 23,2,8,,100620,10,0,22 23,2,48,,100600,10,0,22 23,2,8,,100760,10,0,22 23,2,8,,100755,10,0,22 23,2,8,,100765,10,0,22 23,2,8,,100658,10,0,22 23,2,8,,100698,10,0,22 23,2,8,,100660,10,0,22 23,2,48,,100667,10,0,22 23,2,8,,100747,10,0,22 23,2,8,,100685,10,0,22 23,2,8,,100744,10,0,22 23,2,8,,100671,10,0,22 23,2,8,,100708,10,0,22 23,2,8,,100683,10,0,22 23,2,8,,100647,10,0,22 23,2,48,,100718,10,0,22 23,2,8,,100626,10,0,22 23,2,8,,100733,10,0,22 23,2,8,,100762,10,0,22 23,2,8,,100673,10,0,22 23,2,8,,100633,10,0,22 23,2,8,,100679,10,0,22 23,2,48,,100751,10,0,22 23,2,8,,100745,10,0,22 23,2,8,,100725,10,0,22 23,2,8,,89087,10,0,22 23,2,8,,100787,10,0,22 23,2,8,,100781,10,0,22 23,2,8,,100599,10,0,22 23,2,8,,100605,10,0,22 23,2,48,,100783,10,0,22 23,2,8,,81440,10,0,22 23,2,8,,100759,10,0,22 23,2,8,,79766,10,0,22 23,2,8,,100684,10,0,22 23,2,8,,100743,10,0,22 23,2,8,,100711,10,0,22 23,2,48,,100700,10,0,22 23,2,9,,100773,10,0,22 23,2,4,,100741,10,0,22 23,2,7,,100794,10,0,22 23,2,7,,100672,10,0,22 23,2,7,,100648,10,0,22 23,2,7,,100720,10,0,22 23,2,7,,100606,10,0,22 23,2,7,,100703,10,0,22 23,2,47,,100639,10,0,22 23,2,7,,100653,10,0,22 23,2,7,,100704,10,0,22 23,2,7,,100691,10,0,22 23,2,7,,100757,10,0,22 23,2,7,,100705,10,0,22 23,2,7,,100638,10,0,22 23,2,7,,100686,10,0,22 23,2,47,,100722,10,0,22 23,2,7,,100788,10,0,22 23,2,7,,100791,10,0,22 23,2,7,,100697,10,0,22 23,2,7,,100727,10,0,22 23,2,7,,100657,10,0,22 23,2,7,,100710,10,0,22 23,2,7,,100652,10,0,22 23,2,7,,100767,10,0,22 23,2,47,,100690,10,0,22 23,2,7,,100670,10,0,22 23,2,7,,89208,10,0,22 23,2,7,,100595,10,0,22 23,2,7,,100748,10,0,22 23,2,7,,100681,10,0,22 23,2,7,,100694,10,0,22 23,2,7,,100668,10,0,22 23,2,49,,100692,10,0,22 23,2,9,,100617,10,0,22 23,2,9,,100792,10,0,22 23,2,8,,100714,10,0,22 23,2,9,,100728,10,0,22 23,2,9,,100680,10,0,22 23,2,9,,100790,10,0,22 23,2,49,,100800,10,0,22 23,2,9,,100646,10,0,22 23,2,9,,100597,10,0,22 23,2,9,,100678,10,0,22 23,2,9,,100613,10,0,22 23,2,9,,100642,10,0,22 23,2,9,,100622,10,0,22 23,2,49,,100636,10,0,22 23,2,9,,100637,10,0,22 23,2,9,,100749,10,0,22 23,2,9,,100753,10,0,22 23,2,9,,100750,10,0,22 23,2,9,,100695,10,0,22 23,2,49,,100754,10,0,22 23,2,9,,100628,10,0,22 23,2,13,,100603,10,0,22 23,2,10,,100635,10,0,22 23,2,10,,100609,10,0,22 23,2,10,,100654,10,0,22 23,2,50,,100746,10,0,22 23,2,10,,100789,10,0,22 23,2,10,,100742,10,0,22 23,2,10,,100709,10,0,22 23,2,10,,100779,10,0,22 23,2,10,,100596,10,0,22 23,2,50,,100740,10,0,22 23,2,10,,100713,10,0,22 23,2,10,,100730,10,0,22 23,2,12,,100735,10,0,22 23,2,12,,100729,10,0,22 23,2,55,,100677,10,0,22 23,2,20,,100699,10,0,22 23,2,25,,100651,10,0,22 23,2
50702,'2',444,,100870,10,0,22 23,2,10,,100923,10,0,22 23,2,50,,100977,10,0,22 23,2,10,,100804,10,0,22 23,2,10,,100919,10,0,22 23,2,10,,100872,10,0,22 23,2,10,,100893,10,0,22 23,2,10,,100924,10,0,22 23,2,50,,100873,10,0,22 23,2,10,,100827,10,0,22 23,2,10,,100948,10,0,22 23,2,10,,86668,10,0,22 23,2,10,,100812,10,0,22 23,2,10,,100869,10,0,22 23,2,50,,100915,10,0,22 23,2,10,,100910,10,0,22 23,2,10,,100982,10,0,22 23,2,10,,100868,10,0,22 23,2,10,,100854,10,0,22 23,2,10,,100908,10,0,22 23,2,49,,100958,10,0,22 23,2,12,,100892,10,0,22 23,2,13,,100933,10,0,22 23,2,11,,100902,10,0,22 23,2,9,,100851,10,0,22 23,2,9,,100951,10,0,22 23,2,49,,79897,10,0,22 23,2,9,,100955,10,0,22 23,2,9,,100874,10,0,22 23,2,9,,100917,10,0,22 23,2,9,,100904,10,0,22 23,2,9,,100952,10,0,22 23,2,49,,100833,10,0,22 23,2,9,,100891,10,0,22 23,2,9,,100866,10,0,22 23,2,9,,100929,10,0,22 23,2,9,,100828,10,0,22 23,2,9,,100836,10,0,22 23,2,9,,100970,10,0,22 23,2,49,,100871,10,0,22 23,2,9,,100964,10,0,22 23,2,9,,100974,10,0,22 23,2,9,,100809,10,0,22 23,2,9,,100972,10,0,22 23,2,9,,100818,10,0,22 23,2,9,,100807,10,0,22 23,2,50,,100939,10,0,22 23,2,10,,100971,10,0,22 23,2,8,,100918,10,0,22 23,2,8,,100882,10,0,22 23,2,8,,100879,10,0,22 23,2,8,,100962,10,0,22 23,2,8,,100887,10,0,22 23,2,48,,100813,10,0,22 23,2,8,,100928,10,0,22 23,2,8,,100937,10,0,22 23,2,8,,100806,10,0,22 23,2,8,,100843,10,0,22 23,2,8,,100927,10,0,22 23,2,8,,100938,10,0,22 23,2,48,,100907,10,0,22 23,2,8,,100976,10,0,22 23,2,8,,100862,10,0,22 23,2,8,,100808,10,0,22 23,2,8,,100980,10,0,22 23,2,8,,100814,10,0,22 23,2,8,,100965,10,0,22 23,2,8,,100905,10,0,22 23,2,48,,78028,10,0,22 23,2,8,,100829,10,0,22 23,2,8,,100898,10,0,22 23,2,8,,100863,10,0,22 23,2,8,,100841,10,0,22 23,2,8,,100865,10,0,22 23,2,8,,100936,10,0,22 23,2,48,,100925,10,0,22 23,2,8,,100860,10,0,22 23,2,8,,100832,10,0,22 23,2,8,,100835,10,0,22 23,2,8,,100831,10,0,22 23,2,8,,100950,10,0,22 23,2,8,,100931,10,0,22 23,2,8,,100822,10,0,22 23,2,48,,100844,10,0,22 23,2,8,,100857,10,0,22 23,2,8,,100897,10,0,22 23,2,8,,100953,10,0,22 23,2,8,,100861,10,0,22 23,2,8,,100884,10,0,22 23,2,8,,100864,10,0,22 23,2,48,,100946,10,0,22 23,2,8,,100848,10,0,22 23,2,8,,100945,10,0,22 23,2,8,,100959,10,0,22 23,2,8,,100816,10,0,22 23,2,8,,100957,10,0,22 23,2,8,,100880,10,0,22 23,2,8,,100949,10,0,22 23,2,50,,100922,10,0,22 23,2,9,,100961,10,0,22 23,2,10,,100967,10,0,22 23,2,9,,100838,10,0,22 23,2,9,,100930,10,0,22 23,2,9,,100973,10,0,22 23,2,49,,100911,10,0,22 23,2,9,,100984,10,0,22 23,2,9,,100876,10,0,22 23,2,9,,100894,10,0,22 23,2,9,,100968,10,0,22 23,2,9,,100914,10,0,22 23,2,9,,100986,10,0,22 23,2,49,,100826,10,0,22 23,2,9,,100830,10,0,22 23,2,9,,100985,10,0,22 23,2,9,,100890,10,0,22 23,2,9,,100847,10,0,22 23,2,9,,100867,10,0,22 23,2,9,,100846,10,0,22 23,2,49,,100853,10,0,22 23,2,7,,100954,10,0,22 23,2,10,,100817,10,0,22 23,2,10,,100821,10,0,22 23,2,10,,100881,10,0,22 23,2,10,,100858,10,0,22 23,2,50,,100885,10,0,22 23,2,10,,100947,10,0,22 23,2,10,,100859,10,0,22 23,2,10,,100856,10,0,22 23,2,10,,100909,10,0,22 23,2,10,,100963,10,0,22 23,2,50,,100855,10,0,22 23,2,10,,100810,10,0,22 23,2,10,,100840,10,0,22 23,2,10,,100852,10,0,22 23,2,12,,100886,10,0,22 23,2,55,,100883,10,0,22 23,2,20,,100878,10,0,22 23,2,30,,100899,10,0,22 23,2
50702,'3',440,,101007,10,0,22 23,2,8,,101050,10,0,22 23,2,9,,101137,10,0,22 23,2,50,,101154,10,0,22 23,2,10,,101059,10,0,22 23,2,10,,101068,10,0,22 23,2,10,,101100,10,0,22 23,2,10,,101160,10,0,22 23,2,10,,100999,10,0,22 23,2,50,,101070,10,0,22 23,2,10,,101127,10,0,22 23,2,10,,101026,10,0,22 23,2,10,,101046,10,0,22 23,2,10,,101014,10,0,22 23,2,10,,101107,10,0,22 23,2,50,,101092,10,0,22 23,2,10,,100995,10,0,22 23,2,10,,101081,10,0,22 23,2,10,,77636,10,0,22 23,2,10,,101016,10,0,22 23,2,10,,101053,10,0,22 23,2,51,,101165,10,0,22 23,2,11,,101121,10,0,22 23,2,15,,101112,10,0,22 23,2,10,,101031,10,0,22 23,2,10,,101111,10,0,22 23,2,50,,101004,10,0,22 23,2,10,,101148,10,0,22 23,2,10,,101136,10,0,22 23,2,10,,101132,10,0,22 23,2,10,,101064,10,0,22 23,2,10,,101008,10,0,22 23,2,50,,101085,10,0,22 23,2,10,,101062,10,0,22 23,2,10,,101042,10,0,22 23,2,10,,101128,10,0,22 23,2,10,,100992,10,0,22 23,2,10,,101020,10,0,22 23,2,50,,101156,10,0,22 23,2,10,,101065,10,0,22 23,2,10,,101166,10,0,22 23,2,10,,101009,10,0,22 23,2,10,,101017,10,0,22 23,2,10,,101074,10,0,22 23,2,50,,101044,10,0,22 23,2,9,,101155,10,0,22 23,2,8,,100991,10,0,22 23,2,8,,101133,10,0,22 23,2,8,,101157,10,0,22 23,2,9,,101149,10,0,22 23,2,9,,101105,10,0,22 23,2,49,,101124,10,0,22 23,2,9,,101144,10,0,22 23,2,9,,101159,10,0,22 23,2,9,,100993,10,0,22 23,2,9,,101102,10,0,22 23,2,9,,101118,10,0,22 23,2,9,,101029,10,0,22 23,2,49,,89586,10,0,22 23,2,9,,101114,10,0,22 23,2,9,,101142,10,0,22 23,2,9,,80189,10,0,22 23,2,9,,101139,10,0,22 23,2,9,,101028,10,0,22 23,2,49,,101130,10,0,22 23,2,9,,101000,10,0,22 23,2,9,,101096,10,0,22 23,2,9,,101056,10,0,22 23,2,9,,101021,10,0,22 23,2,9,,101027,10,0,22 23,2,9,,101071,10,0,22 23,2,49,,101025,10,0,22 23,2,9,,101098,10,0,22 23,2,9,,101066,10,0,22 23,2,9,,101038,10,0,22 23,2,9,,101010,10,0,22 23,2,9,,101039,10,0,22 23,2,9,,101138,10,0,22 23,2,49,,101023,10,0,22 23,2,9,,101169,10,0,22 23,2,9,,101095,10,0,22 23,2,9,,101041,10,0,22 23,2,9,,101022,10,0,22 23,2,9,,101168,10,0,22 23,2,49,,101093,10,0,22 23,2,9,,101063,10,0,22 23,2,9,,101001,10,0,22 23,2,9,,101024,10,0,22 23,2,9,,101108,10,0,22 23,2,9,,101153,10,0,22 23,2,9,,101147,10,0,22 23,2,49,,101116,10,0,22 23,2,7,,101150,10,0,22 23,2,9,,101122,10,0,22 23,2,8,,101106,10,0,22 23,2,7,,100990,10,0,22 23,2,9,,101167,10,0,22 23,2,9,,101078,10,0,22 23,2,49,,101091,10,0,22 23,2,9,,101058,10,0,22 23,2,9,,101143,10,0,22 23,2,9,,101018,10,0,22 23,2,9,,101077,10,0,22 23,2,9,,70115,10,0,22 23,2,9,,101119,10,0,22 23,2,49,,101054,10,0,22 23,2,9,,101076,10,0,22 23,2,9,,101103,10,0,22 23,2,9,,101069,10,0,22 23,2,9,,100997,10,0,22 23,2,9,,101113,10,0,22 23,2,9,,100998,10,0,22 23,2,49,,86891,10,0,22 23,2,9,,101034,10,0,22 23,2,9,,101057,10,0,22 23,2,10,,101040,10,0,22 23,2,10,,101115,10,0,22 23,2,10,,101101,10,0,22 23,2,50,,101067,10,0,22 23,2,10,,101123,10,0,22 23,2,10,,101052,10,0,22 23,2,10,,101097,10,0,22 23,2,10,,101013,10,0,22 23,2,10,,101134,10,0,22 23,2,50,,101135,10,0,22 23,2,10,,101075,10,0,22 23,2,10,,80267,10,0,22 23,2,19,,101079,10,0,22 23,2,59,,101104,10,0,22 23,2,15,,101099,10,0,22 23,2,20,,101162,10,0,22 23,2
50702,'5',440,,101347,10,0,22 23,2,8,,101218,10,0,22 23,2,9,,101338,10,0,22 23,2,50,,101241,10,0,22 23,2,10,,101261,10,0,22 23,2,10,,101260,10,0,22 23,2,10,,101331,10,0,22 23,2,10,,101259,10,0,22 23,2,10,,101332,10,0,22 23,2,50,,101330,10,0,22 23,2,10,,101340,10,0,22 23,2,10,,101334,10,0,22 23,2,10,,101299,10,0,22 23,2,10,,101321,10,0,22 23,2,10,,101199,10,0,22 23,2,50,,101186,10,0,22 23,2,10,,101228,10,0,22 23,2,10,,101342,10,0,22 23,2,10,,101234,10,0,22 23,2,10,,101219,10,0,22 23,2,10,,101254,10,0,22 23,2,51,,101220,10,0,22 23,2,11,,101285,10,0,22 23,2,15,,101300,10,0,22 23,2,10,,101216,10,0,22 23,2,10,,101292,10,0,22 23,2,50,,101287,10,0,22 23,2,10,,101238,10,0,22 23,2,10,,101350,10,0,22 23,2,10,,101244,10,0,22 23,2,10,,101352,10,0,22 23,2,10,,101301,10,0,22 23,2,50,,101175,10,0,22 23,2,10,,101176,10,0,22 23,2,10,,101255,10,0,22 23,2,10,,101232,10,0,22 23,2,10,,101263,10,0,22 23,2,10,,101265,10,0,22 23,2,50,,80344,10,0,22 23,2,10,,101215,10,0,22 23,2,10,,101256,10,0,22 23,2,10,,101355,10,0,22 23,2,10,,101294,10,0,22 23,2,10,,101337,10,0,22 23,2,50,,101314,10,0,22 23,2,9,,101257,10,0,22 23,2,8,,101344,10,0,22 23,2,8,,101303,10,0,22 23,2,8,,101268,10,0,22 23,2,9,,101283,10,0,22 23,2,9,,101217,10,0,22 23,2,49,,101177,10,0,22 23,2,9,,101346,10,0,22 23,2,9,,101258,10,0,22 23,2,9,,101195,10,0,22 23,2,9,,101272,10,0,22 23,2,9,,101226,10,0,22 23,2,9,,79310,10,0,22 23,2,49,,101341,10,0,22 23,2,9,,101229,10,0,22 23,2,9,,101305,10,0,22 23,2,9,,101349,10,0,22 23,2,9,,101297,10,0,22 23,2,9,,101322,10,0,22 23,2,49,,101237,10,0,22 23,2,9,,101208,10,0,22 23,2,9,,101200,10,0,22 23,2,9,,101316,10,0,22 23,2,9,,101348,10,0,22 23,2,9,,101290,10,0,22 23,2,9,,101197,10,0,22 23,2,49,,101313,10,0,22 23,2,9,,101192,10,0,22 23,2,9,,101304,10,0,22 23,2,9,,101274,10,0,22 23,2,9,,101247,10,0,22 23,2,9,,101269,10,0,22 23,2,9,,101185,10,0,22 23,2,49,,101205,10,0,22 23,2,9,,101306,10,0,22 23,2,9,,101183,10,0,22 23,2,9,,101182,10,0,22 23,2,9,,101230,10,0,22 23,2,9,,101171,10,0,22 23,2,49,,101353,10,0,22 23,2,9,,101288,10,0,22 23,2,9,,101190,10,0,22 23,2,9,,101339,10,0,22 23,2,9,,101280,10,0,22 23,2,9,,101333,10,0,22 23,2,9,,101315,10,0,22 23,2,49,,101298,10,0,22 23,2,7,,101282,10,0,22 23,2,9,,101326,10,0,22 23,2,8,,101262,10,0,22 23,2,7,,101318,10,0,22 23,2,9,,101178,10,0,22 23,2,9,,101225,10,0,22 23,2,49,,101189,10,0,22 23,2,9,,101266,10,0,22 23,2,9,,101302,10,0,22 23,2,9,,101207,10,0,22 23,2,9,,101204,10,0,22 23,2,9,,101223,10,0,22 23,2,9,,101279,10,0,22 23,2,49,,77308,10,0,22 23,2,9,,101193,10,0,22 23,2,9,,101172,10,0,22 23,2,9,,101309,10,0,22 23,2,9,,101253,10,0,22 23,2,9,,101203,10,0,22 23,2,9,,101327,10,0,22 23,2,49,,101345,10,0,22 23,2,9,,101310,10,0,22 23,2,9,,101328,10,0,22 23,2,10,,101320,10,0,22 23,2,10,,101329,10,0,22 23,2,10,,101325,10,0,22 23,2,50,,101211,10,0,22 23,2,10,,101242,10,0,22 23,2,10,,101227,10,0,22 23,2,10,,101277,10,0,22 23,2,10,,101317,10,0,22 23,2,10,,101184,10,0,22 23,2,50,,101224,10,0,22 23,2,10,,101289,10,0,22 23,2,10,,101323,10,0,22 23,2,19,,101173,10,0,22 23,2,59,,83640,10,0,22 23,2,15,,101281,10,0,22 23,2,20,,101356,10,0,22 23,2
