31004,'1',2548,,92179,15,0,25 7,2,60,,92185,15,0,25 7,2,20,,92178,15,0,25 7,2,20,,92184,15,0,25 7,2,60,,92183,15,0,25 7,2,20,,92181,15,0,25 7,2,20,,92189,15,0,25 7,2,60,,92186,15,0,25 7,2,20,,92191,15,0,25 7,2,20,,89241,15,0,25 7,2,60,,87396,15,0,25 7,2,20,,92182,15,0,25 7,2
31004,'2',2550,,92198,15,0,25 7,2,55,,92208,15,0,25 7,2,20,,92203,15,0,25 7,2,20,,92205,15,0,25 7,2,60,,92207,15,0,25 7,2,20,,92200,15,0,25 7,2,20,,92202,15,0,25 7,2,60,,92199,15,0,25 7,2,20,,92201,15,0,25 7,2,20,,92197,15,0,25 7,2,60,,92195,15,0,25 7,2
31004,'3',520,,92209,15,0,25 7,2,16,,92224,15,0,25 7,2,15,,92214,15,0,25 7,2,55,,92216,15,0,25 7,2,10,,92213,15,0,25 7,2,20,,92211,15,0,25 7,2,15,,92230,15,0,25 7,2,55,,92226,15,0,25 7,2,15,,92210,15,0,25 7,2,15,,92223,15,0,25 7,2,15,,92222,15,0,25 7,2,1794,,92225,15,0,25 7,2,60,,92228,15,0,25 7,2,20,,92234,15,0,25 7,2,20,,92232,15,0,25 7,2,60,,92212,15,0,25 7,2,20,,92227,15,0,25 7,2,20,,92215,15,0,25 7,2,60,,92218,15,0,25 7,2,20,,92233,15,0,25 7,2,20,,92229,15,0,25 7,2,60,,92231,15,0,25 7,2
31004,'5',2545,,92248,15,0,25 7,2,60,,92243,15,0,25 7,2,20,,92247,15,0,25 7,2,20,,92242,15,0,25 7,2,60,,92238,15,0,25 7,2,20,,92241,15,0,25 7,2,20,,92237,15,0,25 7,2,60,,92245,15,0,25 7,2,20,,92249,15,0,25 7,2,20,,92235,15,0,25 7,2,60,,92244,15,0,25 7,2
50901,'1',601,,101447,10,0,25 7,2,10,,101403,10,0,25 7,2,10,,101404,10,0,25 7,2,10,,101363,10,0,25 7,2,10,,84547,10,0,25 7,2,10,,101449,10,0,25 7,2,50,,101428,10,0,25 7,2,10,,101383,10,0,25 7,2,10,,101357,10,0,25 7,2,9,,101446,10,0,25 7,2,9,,101382,10,0,25 7,2,9,,101466,10,0,25 7,2,9,,101384,10,0,25 7,2,49,,101434,10,0,25 7,2,9,,101444,10,0,25 7,2,9,,101458,10,0,25 7,2,9,,101390,10,0,25 7,2,9,,101448,10,0,25 7,2,9,,101469,10,0,25 7,2,49,,101391,10,0,25 7,2,9,,101408,10,0,25 7,2,9,,101468,10,0,25 7,2,9,,101431,10,0,25 7,2,9,,101420,10,0,25 7,2,9,,101465,10,0,25 7,2,9,,101398,10,0,25 7,2,49,,101435,10,0,25 7,2,9,,101400,10,0,25 7,2,9,,101440,10,0,25 7,2,9,,101394,10,0,25 7,2,9,,101414,10,0,25 7,2,9,,101368,10,0,25 7,2,9,,101432,10,0,25 7,2,49,,101418,10,0,25 7,2,9,,101409,10,0,25 7,2,9,,101378,10,0,25 7,2,9,,101471,10,0,25 7,2,9,,101374,10,0,25 7,2,9,,101453,10,0,25 7,2,49,,101392,10,0,25 7,2,9,,101375,10,0,25 7,2,9,,101459,10,0,25 7,2,9,,101407,10,0,25 7,2,9,,101365,10,0,25 7,2,9,,101373,10,0,25 7,2,9,,101454,10,0,25 7,2,49,,101470,10,0,25 7,2,9,,101413,10,0,25 7,2,9,,101478,10,0,25 7,2,9,,101460,10,0,25 7,2,9,,101359,10,0,25 7,2,9,,101426,10,0,25 7,2,9,,101358,10,0,25 7,2,49,,101472,10,0,25 7,2,9,,101386,10,0,25 7,2,9,,101445,10,0,25 7,2,9,,101423,10,0,25 7,2,10,,101406,10,0,25 7,2,9,,101456,10,0,25 7,2,49,,101362,10,0,25 7,2,9,,101422,10,0,25 7,2,9,,101461,10,0,25 7,2,9,,101430,10,0,25 7,2,9,,101421,10,0,25 7,2,9,,101367,10,0,25 7,2,9,,101379,10,0,25 7,2,49,,101442,10,0,25 7,2,9,,101462,10,0,25 7,2,9,,101360,10,0,25 7,2,9,,101364,10,0,25 7,2,9,,101417,10,0,25 7,2,9,,101451,10,0,25 7,2,9,,101425,10,0,25 7,2,49,,101381,10,0,25 7,2,9,,101395,10,0,25 7,2,9,,101389,10,0,25 7,2,9,,101482,10,0,25 7,2,9,,101369,10,0,25 7,2,9,,101361,10,0,25 7,2,49,,101402,10,0,25 7,2,9,,101433,10,0,25 7,2,9,,101476,10,0,25 7,2,9,,101376,10,0,25 7,2,8,,101438,10,0,25 7,2,9,,101377,10,0,25 7,2,9,,101452,10,0,25 7,2,49,,101477,10,0,25 7,2,9,,101416,10,0,25 7,2,10,,101385,10,0,25 7,2,10,,101371,10,0,25 7,2,10,,101424,10,0,25 7,2,10,,101399,10,0,25 7,2,50,,75790,10,0,25 7,2,10,,101388,10,0,25 7,2,10,,101393,10,0,25 7,2,10,,101443,10,0,25 7,2,10,,101397,10,0,25 7,2,10,,101419,10,0,25 7,2,50,,101411,10,0,25 7,2,10,,101405,10,0,25 7,2,10,,101370,10,0,25 7,2,10,,101436,10,0,25 7,2,10,,101429,10,0,25 7,2,10,,101380,10,0,25 7,2,48,,101396,10,0,25 7,2,10,,101387,10,0,25 7,2,10,,101410,10,0,25 7,2,10,,78409,10,0,25 7,2,10,,101481,10,0,25 7,2,10,,101473,10,0,25 7,2,50,,101480,10,0,25 7,2,10,,101455,10,0,25 7,2,10,,101474,10,0,25 7,2,10,,101441,10,0,25 7,2,10,,77879,10,0,25 7,2,10,,101412,10,0,25 7,2,50,,101427,10,0,25 7,2,10,,101437,10,0,25 7,2,10,,101464,10,0,25 7,2,10,,101467,10,0,25 7,2,10,,101450,10,0,25 7,2,10,,101457,10,0,25 7,2,50,,101439,10,0,25 7,2,10,,101366,10,0,25 7,2
50901,'2',559,,101561,10,0,25 7,2,50,,101627,10,0,25 7,2,10,,101613,10,0,25 7,2,10,,81515,10,0,25 7,2,10,,101489,10,0,25 7,2,10,,101537,10,0,25 7,2,10,,101563,10,0,25 7,2,50,,101494,10,0,25 7,2,10,,101577,10,0,25 7,2,10,,101501,10,0,25 7,2,10,,101550,10,0,25 7,2,10,,101508,10,0,25 7,2,10,,101496,10,0,25 7,2,51,,101592,10,0,25 7,2,11,,101645,10,0,25 7,2,10,,101629,10,0,25 7,2,10,,101540,10,0,25 7,2,10,,101654,10,0,25 7,2,50,,101625,10,0,25 7,2,10,,101504,10,0,25 7,2,10,,101582,10,0,25 7,2,10,,101509,10,0,25 7,2,10,,101621,10,0,25 7,2,10,,101626,10,0,25 7,2,50,,101580,10,0,25 7,2,10,,101519,10,0,25 7,2,10,,101566,10,0,25 7,2,10,,101579,10,0,25 7,2,10,,101535,10,0,25 7,2,10,,101548,10,0,25 7,2,50,,101648,10,0,25 7,2,10,,101594,10,0,25 7,2,10,,101534,10,0,25 7,2,10,,101558,10,0,25 7,2,10,,101541,10,0,25 7,2,10,,101651,10,0,25 7,2,50,,101543,10,0,25 7,2,10,,101499,10,0,25 7,2,5,,101618,10,0,25 7,2,5,,101546,10,0,25 7,2,5,,101610,10,0,25 7,2,5,,101528,10,0,25 7,2,5,,101649,10,0,25 7,2,5,,84797,10,0,25 7,2,5,,101588,10,0,25 7,2,5,,101544,10,0,25 7,2,5,,101571,10,0,25 7,2,45,,101549,10,0,25 7,2,5,,101529,10,0,25 7,2,5,,101576,10,0,25 7,2,5,,101488,10,0,25 7,2,5,,101598,10,0,25 7,2,5,,101547,10,0,25 7,2,5,,101518,10,0,25 7,2,5,,101599,10,0,25 7,2,5,,101510,10,0,25 7,2,5,,101497,10,0,25 7,2,5,,101483,10,0,25 7,2,5,,101486,10,0,25 7,2,45,,101562,10,0,25 7,2,5,,101525,10,0,25 7,2,5,,101632,10,0,25 7,2,5,,101575,10,0,25 7,2,5,,101526,10,0,25 7,2,5,,101643,10,0,25 7,2,5,,101633,10,0,25 7,2,5,,101533,10,0,25 7,2,5,,101631,10,0,25 7,2,5,,101612,10,0,25 7,2,5,,101506,10,0,25 7,2,5,,101656,10,0,25 7,2,45,,101635,10,0,25 7,2,5,,101502,10,0,25 7,2,5,,101619,10,0,25 7,2,5,,101512,10,0,25 7,2,5,,101555,10,0,25 7,2,5,,101573,10,0,25 7,2,5,,101536,10,0,25 7,2,5,,101538,10,0,25 7,2,5,,101591,10,0,25 7,2,5,,101617,10,0,25 7,2,5,,101653,10,0,25 7,2,5,,101606,10,0,25 7,2,45,,101623,10,0,25 7,2,5,,76985,10,0,25 7,2,5,,101639,10,0,25 7,2,5,,101539,10,0,25 7,2,5,,101589,10,0,25 7,2,5,,87708,10,0,25 7,2,5,,101503,10,0,25 7,2,5,,101630,10,0,25 7,2,5,,101640,10,0,25 7,2,5,,101616,10,0,25 7,2,5,,101530,10,0,25 7,2,5,,101542,10,0,25 7,2,45,,101498,10,0,25 7,2,5,,101568,10,0,25 7,2,5,,89340,10,0,25 7,2,5,,101583,10,0,25 7,2,5,,101531,10,0,25 7,2,5,,101484,10,0,25 7,2,5,,101553,10,0,25 7,2,5,,101490,10,0,25 7,2,5,,101524,10,0,25 7,2,5,,101636,10,0,25 7,2,5,,101552,10,0,25 7,2,5,,101593,10,0,25 7,2,45,,101585,10,0,25 7,2,5,,101521,10,0,25 7,2,5,,101514,10,0,25 7,2,5,,101614,10,0,25 7,2,5,,101572,10,0,25 7,2,5,,101578,10,0,25 7,2,5,,101554,10,0,25 7,2,5,,101551,10,0,25 7,2,5,,101637,10,0,25 7,2,5,,101516,10,0,25 7,2,5,,101620,10,0,25 7,2,5,,75393,10,0,25 7,2,45,,101641,10,0,25 7,2,5,,101615,10,0,25 7,2,7,,101601,10,0,25 7,2,7,,101570,10,0,25 7,2,7,,101564,10,0,25 7,2,7,,81503,10,0,25 7,2,7,,101581,10,0,25 7,2,7,,101607,10,0,25 7,2,7,,101574,10,0,25 7,2,47,,101569,10,0,25 7,2,7,,101605,10,0,25 7,2,7,,101515,10,0,25 7,2,7,,101609,10,0,25 7,2,7,,101634,10,0,25 7,2,7,,101604,10,0,25 7,2,7,,101565,10,0,25 7,2,7,,101560,10,0,25 7,2,7,,101602,10,0,25 7,2,47,,101628,10,0,25 7,2,7,,101600,10,0,25 7,2,7,,101505,10,0,25 7,2,7,,101595,10,0,25 7,2,7,,101493,10,0,25 7,2,7,,101557,10,0,25 7,2,7,,101523,10,0,25 7,2,7,,101559,10,0,25 7,2,47,,101492,10,0,25 7,2,7,,101491,10,0,25 7,2,7,,101567,10,0,25 7,2,8,,101520,10,0,25 7,2,8,,101507,10,0,25 7,2,8,,101527,10,0,25 7,2,8,,101652,10,0,25 7,2,8,,101522,10,0,25 7,2,48,,101622,10,0,25 7,2,8,,101608,10,0,25 7,2,8,,101624,10,0,25 7,2,8,,101556,10,0,25 7,2,8,,101644,10,0,25 7,2,8,,101586,10,0,25 7,2,8,,101545,10,0,25 7,2,8,,101596,10,0,25 7,2,48,,101655,10,0,25 7,2,8,,101642,10,0,25 7,2,8,,101584,10,0,25 7,2,8,,101487,10,0,25 7,2,8,,101647,10,0,25 7,2,8,,101611,10,0,25 7,2,8,,101513,10,0,25 7,2,50,,101650,10,0,25 7,2,10,,101603,10,0,25 7,2
50901,'3',603,,101686,10,0,25 7,2,15,,101783,10,0,25 7,2,15,,101678,10,0,25 7,2,15,,101720,10,0,25 7,2,55,,101729,10,0,25 7,2,15,,101754,10,0,25 7,2,15,,101731,10,0,25 7,2,15,,101715,10,0,25 7,2,55,,84241,10,0,25 7,2,11,,101683,10,0,25 7,2,10,,101699,10,0,25 7,2,10,,101725,10,0,25 7,2,10,,101750,10,0,25 7,2,10,,101691,10,0,25 7,2,50,,101704,10,0,25 7,2,10,,101659,10,0,25 7,2,10,,101749,10,0,25 7,2,10,,101732,10,0,25 7,2,10,,101672,10,0,25 7,2,10,,101675,10,0,25 7,2,50,,101705,10,0,25 7,2,10,,101774,10,0,25 7,2,10,,101753,10,0,25 7,2,10,,101677,10,0,25 7,2,10,,101687,10,0,25 7,2,10,,101698,10,0,25 7,2,50,,101676,10,0,25 7,2,10,,101664,10,0,25 7,2,10,,101730,10,0,25 7,2,10,,101684,10,0,25 7,2,10,,101727,10,0,25 7,2,10,,101770,10,0,25 7,2,50,,101761,10,0,25 7,2,7,,101752,10,0,25 7,2,9,,101766,10,0,25 7,2,7,,101767,10,0,25 7,2,7,,101758,10,0,25 7,2,7,,101728,10,0,25 7,2,7,,101735,10,0,25 7,2,7,,101714,10,0,25 7,2,47,,101759,10,0,25 7,2,7,,101723,10,0,25 7,2,7,,101755,10,0,25 7,2,7,,101710,10,0,25 7,2,7,,101724,10,0,25 7,2,7,,101673,10,0,25 7,2,7,,101712,10,0,25 7,2,7,,101665,10,0,25 7,2,7,,87859,10,0,25 7,2,47,,101706,10,0,25 7,2,7,,101773,10,0,25 7,2,7,,101667,10,0,25 7,2,7,,101695,10,0,25 7,2,7,,101719,10,0,25 7,2,7,,101787,10,0,25 7,2,7,,101688,10,0,25 7,2,7,,101697,10,0,25 7,2,47,,101744,10,0,25 7,2,7,,101737,10,0,25 7,2,7,,101734,10,0,25 7,2,7,,101700,10,0,25 7,2,7,,101784,10,0,25 7,2,7,,101748,10,0,25 7,2,7,,101680,10,0,25 7,2,7,,101769,10,0,25 7,2,7,,101690,10,0,25 7,2,47,,101703,10,0,25 7,2,7,,101768,10,0,25 7,2,7,,101721,10,0,25 7,2,7,,101771,10,0,25 7,2,7,,101660,10,0,25 7,2,7,,101713,10,0,25 7,2,7,,75846,10,0,25 7,2,7,,101657,10,0,25 7,2,47,,101666,10,0,25 7,2,7,,101662,10,0,25 7,2,7,,101786,10,0,25 7,2,7,,101779,10,0,25 7,2,7,,101681,10,0,25 7,2,7,,101772,10,0,25 7,2,7,,101741,10,0,25 7,2,7,,101661,10,0,25 7,2,7,,101669,10,0,25 7,2,47,,101718,10,0,25 7,2,7,,101764,10,0,25 7,2,7,,101696,10,0,25 7,2,7,,101746,10,0,25 7,2,7,,101751,10,0,25 7,2,7,,101733,10,0,25 7,2,7,,101701,10,0,25 7,2,7,,101685,10,0,25 7,2,7,,101760,10,0,25 7,2,47,,101762,10,0,25 7,2,10,,101693,10,0,25 7,2,10,,101763,10,0,25 7,2,10,,101781,10,0,25 7,2,10,,101671,10,0,25 7,2,10,,101707,10,0,25 7,2,50,,101742,10,0,25 7,2,10,,101682,10,0,25 7,2,10,,101711,10,0,25 7,2,10,,101726,10,0,25 7,2,10,,101694,10,0,25 7,2,10,,101782,10,0,25 7,2,50,,101692,10,0,25 7,2,10,,101716,10,0,25 7,2,10,,101679,10,0,25 7,2,10,,101780,10,0,25 7,2,10,,82763,10,0,25 7,2,10,,101674,10,0,25 7,2,50,,101743,10,0,25 7,2,7,,88791,10,0,25 7,2,10,,101738,10,0,25 7,2,10,,101756,10,0,25 7,2,10,,101775,10,0,25 7,2,10,,101708,10,0,25 7,2,50,,101740,10,0,25 7,2,10,,101736,10,0,25 7,2,10,,101658,10,0,25 7,2,10,,101776,10,0,25 7,2,10,,101702,10,0,25 7,2,10,,101788,10,0,25 7,2,50,,82308,10,0,25 7,2,10,,101668,10,0,25 7,2,10,,101765,10,0,25 7,2,10,,101722,10,0,25 7,2,10,,101778,10,0,25 7,2,10,,101785,10,0,25 7,2,50,,101747,10,0,25 7,2,12,,101670,10,0,25 7,2
50901,'5',603,,101812,10,0,25 7,2,15,,101811,10,0,25 7,2,15,,101855,10,0,25 7,2,15,,101892,10,0,25 7,2,55,,101838,10,0,25 7,2,15,,101840,10,0,25 7,2,15,,101873,10,0,25 7,2,15,,101802,10,0,25 7,2,55,,101880,10,0,25 7,2,11,,101849,10,0,25 7,2,10,,101830,10,0,25 7,2,10,,101860,10,0,25 7,2,10,,101858,10,0,25 7,2,10,,101921,10,0,25 7,2,50,,101805,10,0,25 7,2,10,,101837,10,0,25 7,2,10,,101814,10,0,25 7,2,10,,101861,10,0,25 7,2,10,,101911,10,0,25 7,2,10,,101903,10,0,25 7,2,50,,101868,10,0,25 7,2,10,,101914,10,0,25 7,2,10,,101854,10,0,25 7,2,10,,101834,10,0,25 7,2,10,,101905,10,0,25 7,2,10,,101809,10,0,25 7,2,50,,101901,10,0,25 7,2,10,,101898,10,0,25 7,2,10,,101801,10,0,25 7,2,10,,101906,10,0,25 7,2,10,,101800,10,0,25 7,2,10,,101791,10,0,25 7,2,50,,101789,10,0,25 7,2,7,,101882,10,0,25 7,2,9,,101912,10,0,25 7,2,7,,101806,10,0,25 7,2,7,,101825,10,0,25 7,2,7,,101815,10,0,25 7,2,7,,101817,10,0,25 7,2,7,,101820,10,0,25 7,2,47,,101835,10,0,25 7,2,7,,101853,10,0,25 7,2,7,,101859,10,0,25 7,2,7,,101843,10,0,25 7,2,7,,101848,10,0,25 7,2,7,,101865,10,0,25 7,2,7,,101793,10,0,25 7,2,7,,101922,10,0,25 7,2,7,,101842,10,0,25 7,2,47,,101902,10,0,25 7,2,7,,101847,10,0,25 7,2,7,,101919,10,0,25 7,2,7,,101879,10,0,25 7,2,7,,101895,10,0,25 7,2,7,,101856,10,0,25 7,2,7,,101792,10,0,25 7,2,7,,101798,10,0,25 7,2,47,,101790,10,0,25 7,2,7,,101881,10,0,25 7,2,7,,101900,10,0,25 7,2,7,,101872,10,0,25 7,2,7,,101829,10,0,25 7,2,7,,77216,10,0,25 7,2,7,,101836,10,0,25 7,2,7,,101827,10,0,25 7,2,7,,101804,10,0,25 7,2,47,,101875,10,0,25 7,2,7,,101797,10,0,25 7,2,7,,101869,10,0,25 7,2,7,,101918,10,0,25 7,2,7,,101851,10,0,25 7,2,7,,101888,10,0,25 7,2,7,,101907,10,0,25 7,2,7,,101893,10,0,25 7,2,47,,101799,10,0,25 7,2,7,,101832,10,0,25 7,2,7,,101844,10,0,25 7,2,7,,101920,10,0,25 7,2,7,,101891,10,0,25 7,2,7,,101886,10,0,25 7,2,7,,101828,10,0,25 7,2,7,,101819,10,0,25 7,2,7,,101826,10,0,25 7,2,47,,101916,10,0,25 7,2,7,,101864,10,0,25 7,2,7,,101833,10,0,25 7,2,7,,101878,10,0,25 7,2,7,,101810,10,0,25 7,2,7,,101846,10,0,25 7,2,7,,101841,10,0,25 7,2,7,,101794,10,0,25 7,2,7,,101816,10,0,25 7,2,47,,101876,10,0,25 7,2,10,,101874,10,0,25 7,2,10,,101887,10,0,25 7,2,10,,101818,10,0,25 7,2,10,,101909,10,0,25 7,2,10,,101831,10,0,25 7,2,50,,101807,10,0,25 7,2,10,,101884,10,0,25 7,2,10,,101885,10,0,25 7,2,10,,101908,10,0,25 7,2,10,,101822,10,0,25 7,2,10,,101915,10,0,25 7,2,50,,101913,10,0,25 7,2,10,,101897,10,0,25 7,2,10,,101852,10,0,25 7,2,10,,101883,10,0,25 7,2,10,,101839,10,0,25 7,2,10,,101896,10,0,25 7,2,50,,101899,10,0,25 7,2,7,,101845,10,0,25 7,2,10,,78360,10,0,25 7,2,10,,101823,10,0,25 7,2,10,,101910,10,0,25 7,2,10,,101870,10,0,25 7,2,50,,101894,10,0,25 7,2,10,,101821,10,0,25 7,2,10,,101796,10,0,25 7,2,10,,101803,10,0,25 7,2,10,,101871,10,0,25 7,2,10,,101889,10,0,25 7,2,50,,101862,10,0,25 7,2,10,,101850,10,0,25 7,2,10,,101813,10,0,25 7,2,10,,101824,10,0,25 7,2,10,,101795,10,0,25 7,2,10,,101904,10,0,25 7,2,50,,101917,10,0,25 7,2,12,,101867,10,0,25 7,2
51004,'1',516,,87508,6,0,26 25 7,2,11,,103442,6,0,26 25 7,2,5,,103466,6,0,26 25 7,2,9,,103465,6,0,26 25 7,2,9,,103518,15,0,26 25 7,2,9,,103386,15,0,26 25 7,2,49,,103538,15,0,26 25 7,2,9,,103481,15,0,26 25 7,2,9,,103475,15,0,26 25 7,2,9,,103493,15,0,26 25 7,2,9,,103369,15,0,26 25 7,2,9,,103384,15,0,26 25 7,2,49,,103531,15,0,26 25 7,2,9,,84745,15,0,26 25 7,2,9,,103529,15,0,26 25 7,2,9,,103436,15,0,26 25 7,2,8,,103443,15,0,26 25 7,2,9,,103390,15,0,26 25 7,2,10,,103462,15,0,26 25 7,2,50,,103485,15,0,26 25 7,2,10,,103441,15,0,26 25 7,2,10,,103401,15,0,26 25 7,2,9,,103455,15,0,26 25 7,2,10,,103542,15,0,26 25 7,2,10,,103479,15,0,26 25 7,2,50,,103429,15,0,26 25 7,2,10,,103457,15,0,26 25 7,2,10,,103545,15,0,26 25 7,2,10,,103519,15,0,26 25 7,2,10,,103491,15,0,26 25 7,2,10,,103459,15,0,26 25 7,2,50,,103461,15,0,26 25 7,2,10,,103407,15,0,26 25 7,2,10,,103514,15,0,26 25 7,2,10,,103351,15,0,26 25 7,2,10,,103415,15,0,26 25 7,2,10,,103458,15,0,26 25 7,2,50,,103445,15,0,26 25 7,2,10,,103496,15,0,26 25 7,2,10,,103425,15,0,26 25 7,2,10,,103370,15,0,26 25 7,2,10,,103396,15,0,26 25 7,2,10,,103354,15,0,26 25 7,2,50,,103495,15,0,26 25 7,2,10,,103352,15,0,26 25 7,2,10,,103467,15,0,26 25 7,2,10,,103463,15,0,26 25 7,2,10,,103450,15,0,26 25 7,2,10,,103397,15,0,26 25 7,2,50,,103497,15,0,26 25 7,2,10,,103528,15,0,26 25 7,2,10,,103453,15,0,26 25 7,2,10,,103477,15,0,26 25 7,2,10,,103469,15,0,26 25 7,2,10,,103376,15,0,26 25 7,2,50,,103516,15,0,26 25 7,2,10,,103547,15,0,26 25 7,2,10,,103419,15,0,26 25 7,2,10,,103451,15,0,26 25 7,2,10,,103438,15,0,26 25 7,2,10,,103362,15,0,26 25 7,2,50,,103363,15,0,26 25 7,2,11,,103385,15,0,26 25 7,2,10,,83890,15,0,26 25 7,2,10,,103524,15,0,26 25 7,2,10,,103420,15,0,26 25 7,2,10,,103446,15,0,26 25 7,2,50,,103478,15,0,26 25 7,2,10,,103377,15,0,26 25 7,2,10,,103504,15,0,26 25 7,2,10,,103366,15,0,26 25 7,2,10,,103398,15,0,26 25 7,2,10,,103408,15,0,26 25 7,2,50,,103464,15,0,26 25 7,2,10,,103523,15,0,26 25 7,2,10,,103500,15,0,26 25 7,2,10,,103349,15,0,26 25 7,2,10,,103521,15,0,26 25 7,2,10,,103360,15,0,26 25 7,2,50,,103437,15,0,26 25 7,2,10,,103402,15,0,26 25 7,2,10,,103536,15,0,26 25 7,2,10,,103448,15,0,26 25 7,2,10,,103509,15,0,26 25 7,2,11,,103486,15,0,26 25 7,2,51,,103395,15,0,26 25 7,2,10,,103470,15,0,26 25 7,2,10,,103400,15,0,26 25 7,2,11,,103353,15,0,26 25 7,2,9,,103388,15,0,26 25 7,2,10,,103506,15,0,26 25 7,2,51,,103391,15,0,26 25 7,2,10,,103444,15,0,26 25 7,2,10,,103433,15,0,26 25 7,2,10,,103508,15,0,26 25 7,2,10,,103434,15,0,26 25 7,2,10,,103412,15,0,26 25 7,2,50,,103505,15,0,26 25 7,2,10,,103468,15,0,26 25 7,2,10,,103357,15,0,26 25 7,2,10,,103484,15,0,26 25 7,2,10,,103374,15,0,26 25 7,2,10,,103358,15,0,26 25 7,2,53,,103413,15,0,26 25 7,2,10,,103356,15,0,26 25 7,2,10,,103498,15,0,26 25 7,2,10,,103490,15,0,26 25 7,2,10,,103394,15,0,26 25 7,2,6,,103383,15,0,26 25 7,2,50,,103454,15,0,26 25 7,2,9,,103373,15,0,26 25 7,2,10,,103537,15,0,26 25 7,2,9,,103435,15,0,26 25 7,2,10,,103535,15,0,26 25 7,2,9,,103411,15,0,26 25 7,2,50,,85683,15,0,26 25 7,2,9,,103488,15,0,26 25 7,2,10,,103418,15,0,26 25 7,2,9,,103410,15,0,26 25 7,2,10,,103522,15,0,26 25 7,2,9,,103404,15,0,26 25 7,2,50,,103517,15,0,26 25 7,2,9,,89940,15,0,26 25 7,2,11,,103392,15,0,26 25 7,2,10,,103387,15,0,26 25 7,2,9,,103372,15,0,26 25 7,2
51004,'2',521,,103626,6,0,26 25 7,2,10,,103734,6,0,26 25 7,2,9,,103648,6,0,26 25 7,2,10,,103784,15,0,26 25 7,2,9,,103571,15,0,26 25 7,2,50,,103562,15,0,26 25 7,2,9,,103706,15,0,26 25 7,2,10,,103603,15,0,26 25 7,2,9,,103712,15,0,26 25 7,2,10,,103724,15,0,26 25 7,2,9,,103683,15,0,26 25 7,2,50,,103583,15,0,26 25 7,2,9,,103717,15,0,26 25 7,2,10,,103764,15,0,26 25 7,2,9,,103620,15,0,26 25 7,2,10,,103634,15,0,26 25 7,2,9,,103773,15,0,26 25 7,2,50,,103777,15,0,26 25 7,2,9,,103751,15,0,26 25 7,2,10,,103718,15,0,26 25 7,2,9,,103695,15,0,26 25 7,2,10,,77052,15,0,26 25 7,2,9,,103770,15,0,26 25 7,2,50,,103672,15,0,26 25 7,2,12,,103669,15,0,26 25 7,2,8,,103722,15,0,26 25 7,2,9,,103675,15,0,26 25 7,2,8,,103613,15,0,26 25 7,2,9,,103557,15,0,26 25 7,2,8,,103654,15,0,26 25 7,2,49,,103742,15,0,26 25 7,2,8,,103666,15,0,26 25 7,2,9,,103743,15,0,26 25 7,2,8,,103769,15,0,26 25 7,2,9,,103581,15,0,26 25 7,2,8,,103757,15,0,26 25 7,2,9,,103786,15,0,26 25 7,2,48,,103641,15,0,26 25 7,2,9,,103779,15,0,26 25 7,2,8,,103697,15,0,26 25 7,2,9,,103646,15,0,26 25 7,2,9,,103578,15,0,26 25 7,2,8,,103738,15,0,26 25 7,2,8,,103647,15,0,26 25 7,2,48,,103586,15,0,26 25 7,2,7,,103558,15,0,26 25 7,2,8,,103630,15,0,26 25 7,2,8,,103714,15,0,26 25 7,2,8,,103732,15,0,26 25 7,2,7,,103652,15,0,26 25 7,2,8,,103673,15,0,26 25 7,2,8,,103771,15,0,26 25 7,2,48,,103729,15,0,26 25 7,2,7,,103671,15,0,26 25 7,2,8,,103753,15,0,26 25 7,2,8,,103778,15,0,26 25 7,2,8,,103633,15,0,26 25 7,2,7,,103635,15,0,26 25 7,2,8,,103686,15,0,26 25 7,2,8,,103715,15,0,26 25 7,2,48,,103570,15,0,26 25 7,2,7,,103587,15,0,26 25 7,2,8,,103687,15,0,26 25 7,2,8,,103606,15,0,26 25 7,2,8,,103730,15,0,26 25 7,2,7,,103577,15,0,26 25 7,2,8,,103616,15,0,26 25 7,2,8,,103665,15,0,26 25 7,2,48,,83277,15,0,26 25 7,2,7,,103623,15,0,26 25 7,2,8,,103574,15,0,26 25 7,2,8,,103719,15,0,26 25 7,2,8,,103728,15,0,26 25 7,2,7,,103731,15,0,26 25 7,2,8,,103760,15,0,26 25 7,2,48,,103696,15,0,26 25 7,2,8,,103651,15,0,26 25 7,2,7,,103594,15,0,26 25 7,2,8,,103749,15,0,26 25 7,2,8,,103775,15,0,26 25 7,2,8,,103560,15,0,26 25 7,2,7,,103595,15,0,26 25 7,2,8,,83261,15,0,26 25 7,2,48,,103649,15,0,26 25 7,2,8,,103705,15,0,26 25 7,2,7,,103579,15,0,26 25 7,2,8,,103552,15,0,26 25 7,2,8,,103723,15,0,26 25 7,2,8,,103756,15,0,26 25 7,2,7,,103619,15,0,26 25 7,2,8,,103788,15,0,26 25 7,2,48,,103632,15,0,26 25 7,2,8,,103677,15,0,26 25 7,2,7,,103762,15,0,26 25 7,2,8,,103604,15,0,26 25 7,2,8,,103750,15,0,26 25 7,2,7,,103708,15,0,26 25 7,2,6,,103639,15,0,26 25 7,2,2,,103556,15,0,26 25 7,2,7,,103720,15,0,26 25 7,2,46,,103625,15,0,26 25 7,2,5,,103682,15,0,26 25 7,2,5,,103755,15,0,26 25 7,2,5,,103554,15,0,26 25 7,2,6,,103563,15,0,26 25 7,2,5,,103761,15,0,26 25 7,2,5,,103580,15,0,26 25 7,2,5,,103573,15,0,26 25 7,2,6,,103653,15,0,26 25 7,2,5,,103765,15,0,26 25 7,2,5,,103681,15,0,26 25 7,2,45,,103663,15,0,26 25 7,2,6,,103602,15,0,26 25 7,2,5,,103568,15,0,26 25 7,2,5,,103739,15,0,26 25 7,2,5,,103644,15,0,26 25 7,2,6,,103585,15,0,26 25 7,2,5,,103727,15,0,26 25 7,2,5,,103591,15,0,26 25 7,2,5,,103582,15,0,26 25 7,2,6,,103593,15,0,26 25 7,2,5,,103638,15,0,26 25 7,2,5,,103589,15,0,26 25 7,2,45,,103736,15,0,26 25 7,2,6,,103567,15,0,26 25 7,2,5,,103679,15,0,26 25 7,2,5,,103713,15,0,26 25 7,2,5,,103785,15,0,26 25 7,2,6,,103698,15,0,26 25 7,2,5,,103763,15,0,26 25 7,2,5,,103776,15,0,26 25 7,2,5,,103767,15,0,26 25 7,2,6,,81497,15,0,26 25 7,2,5,,103754,15,0,26 25 7,2,45,,103572,15,0,26 25 7,2,3,,103551,15,0,26 25 7,2,11,,103608,15,0,26 25 7,2,9,,103614,15,0,26 25 7,2,9,,103611,15,0,26 25 7,2,10,,103726,15,0,26 25 7,2,9,,103553,15,0,26 25 7,2,50,,103627,15,0,26 25 7,2,9,,103699,15,0,26 25 7,2,10,,103640,15,0,26 25 7,2,9,,103768,15,0,26 25 7,2,10,,103628,15,0,26 25 7,2,9,,103670,15,0,26 25 7,2,50,,103709,15,0,26 25 7,2,9,,103624,15,0,26 25 7,2,10,,103781,15,0,26 25 7,2,9,,103780,15,0,26 25 7,2,10,,103645,15,0,26 25 7,2,9,,103782,15,0,26 25 7,2,10,,103561,15,0,26 25 7,2,49,,103701,15,0,26 25 7,2,12,,103659,15,0,26 25 7,2,10,,103615,15,0,26 25 7,2,10,,103703,15,0,26 25 7,2
51004,'3',806,,103931,15,0,26 25 7,2,15,,103796,15,0,26 25 7,2,15,,103952,15,0,26 25 7,2,14,,103928,15,0,26 25 7,2,53,,103935,15,0,26 25 7,2,12,,103864,15,0,26 25 7,2,8,,103890,15,0,26 25 7,2,9,,103836,15,0,26 25 7,2,9,,103855,15,0,26 25 7,2,10,,103927,15,0,26 25 7,2,50,,103921,15,0,26 25 7,2,10,,103885,15,0,26 25 7,2,9,,103859,15,0,26 25 7,2,10,,103956,15,0,26 25 7,2,10,,103957,15,0,26 25 7,2,10,,103891,15,0,26 25 7,2,50,,103961,15,0,26 25 7,2,10,,103926,15,0,26 25 7,2,10,,103793,15,0,26 25 7,2,10,,103973,15,0,26 25 7,2,9,,103889,15,0,26 25 7,2,9,,103917,15,0,26 25 7,2,9,,103873,15,0,26 25 7,2,49,,103965,15,0,26 25 7,2,9,,103833,15,0,26 25 7,2,9,,103909,15,0,26 25 7,2,9,,103914,15,0,26 25 7,2,9,,103945,15,0,26 25 7,2,9,,103792,15,0,26 25 7,2,49,,103888,15,0,26 25 7,2,9,,103797,15,0,26 25 7,2,9,,103960,15,0,26 25 7,2,9,,103826,15,0,26 25 7,2,9,,103922,15,0,26 25 7,2,9,,103893,15,0,26 25 7,2,9,,103870,15,0,26 25 7,2,49,,103933,15,0,26 25 7,2,9,,103862,15,0,26 25 7,2,9,,103849,15,0,26 25 7,2,9,,103819,15,0,26 25 7,2,9,,103841,15,0,26 25 7,2,9,,103894,15,0,26 25 7,2,9,,103968,15,0,26 25 7,2,49,,103798,15,0,26 25 7,2,9,,103920,15,0,26 25 7,2,9,,103916,15,0,26 25 7,2,9,,103896,15,0,26 25 7,2,9,,103842,15,0,26 25 7,2,9,,103863,15,0,26 25 7,2,49,,103806,15,0,26 25 7,2,9,,103846,15,0,26 25 7,2,9,,103838,15,0,26 25 7,2,9,,103860,15,0,26 25 7,2,9,,103789,15,0,26 25 7,2,9,,103832,15,0,26 25 7,2,9,,103971,15,0,26 25 7,2,49,,103856,15,0,26 25 7,2,9,,103929,15,0,26 25 7,2,9,,103847,15,0,26 25 7,2,9,,103868,15,0,26 25 7,2,9,,103843,15,0,26 25 7,2,9,,83490,15,0,26 25 7,2,9,,103880,15,0,26 25 7,2,49,,103947,15,0,26 25 7,2,9,,103882,15,0,26 25 7,2,9,,103830,15,0,26 25 7,2,9,,103807,15,0,26 25 7,2,9,,103840,15,0,26 25 7,2,9,,103874,15,0,26 25 7,2,49,,103949,15,0,26 25 7,2,9,,103900,15,0,26 25 7,2,5,,103818,15,0,26 25 7,2,6,,103964,15,0,26 25 7,2,6,,103937,15,0,26 25 7,2,6,,103816,15,0,26 25 7,2,7,,103822,15,0,26 25 7,2,6,,103851,15,0,26 25 7,2,6,,79158,15,0,26 25 7,2,6,,103801,15,0,26 25 7,2,47,,103835,15,0,26 25 7,2,6,,103924,15,0,26 25 7,2,6,,103899,15,0,26 25 7,2,6,,88618,15,0,26 25 7,2,7,,103940,15,0,26 25 7,2,6,,103837,15,0,26 25 7,2,6,,103944,15,0,26 25 7,2,6,,103901,15,0,26 25 7,2,7,,103919,15,0,26 25 7,2,46,,103812,15,0,26 25 7,2,6,,103972,15,0,26 25 7,2,6,,103811,15,0,26 25 7,2,7,,103879,15,0,26 25 7,2,6,,103867,15,0,26 25 7,2,6,,103903,15,0,26 25 7,2,6,,103852,15,0,26 25 7,2,7,,103825,15,0,26 25 7,2,6,,103977,15,0,26 25 7,2,6,,103865,15,0,26 25 7,2,46,,103809,15,0,26 25 7,2,7,,103808,15,0,26 25 7,2,6,,103831,15,0,26 25 7,2,6,,103814,15,0,26 25 7,2,6,,103827,15,0,26 25 7,2,5,,103953,15,0,26 25 7,2,9,,103925,15,0,26 25 7,2,9,,103969,15,0,26 25 7,2,50,,103904,15,0,26 25 7,2,9,,103810,15,0,26 25 7,2,10,,103799,15,0,26 25 7,2,9,,103853,15,0,26 25 7,2,10,,103845,15,0,26 25 7,2,9,,103958,15,0,26 25 7,2,10,,103892,15,0,26 25 7,2,49,,103923,15,0,26 25 7,2,10,,103800,15,0,26 25 7,2,9,,103975,15,0,26 25 7,2,10,,103817,15,0,26 25 7,2,10,,88774,15,0,26 25 7,2,10,,103902,15,0,26 25 7,2,51,,103907,15,0,26 25 7,2,10,,103850,15,0,26 25 7,2,10,,103876,15,0,26 25 7,2,10,,103978,15,0,26 25 7,2
51004,'5',520,,104048,15,0,26 25 7,2,16,,104159,15,0,26 25 7,2,15,,104126,15,0,26 25 7,2,55,,104152,15,0,26 25 7,2,15,,104040,15,0,26 25 7,2,15,,104115,15,0,26 25 7,2,15,,104003,15,0,26 25 7,2,55,,104096,15,0,26 25 7,2,15,,104135,15,0,26 25 7,2,15,,104050,15,0,26 25 7,2,15,,104011,15,0,26 25 7,2,55,,104093,15,0,26 25 7,2,15,,104090,15,0,26 25 7,2,15,,103997,15,0,26 25 7,2,14,,104030,15,0,26 25 7,2,53,,104111,15,0,26 25 7,2,12,,104140,15,0,26 25 7,2,8,,104124,15,0,26 25 7,2,9,,104008,15,0,26 25 7,2,9,,104143,15,0,26 25 7,2,10,,104119,15,0,26 25 7,2,50,,104142,15,0,26 25 7,2,10,,104029,15,0,26 25 7,2,9,,104006,15,0,26 25 7,2,10,,104141,15,0,26 25 7,2,10,,104133,15,0,26 25 7,2,10,,104122,15,0,26 25 7,2,50,,104059,15,0,26 25 7,2,10,,104012,15,0,26 25 7,2,10,,104130,15,0,26 25 7,2,10,,104091,15,0,26 25 7,2,9,,104165,15,0,26 25 7,2,9,,103988,15,0,26 25 7,2,9,,104148,15,0,26 25 7,2,49,,104025,15,0,26 25 7,2,9,,104037,15,0,26 25 7,2,9,,104033,15,0,26 25 7,2,9,,81261,15,0,26 25 7,2,9,,104097,15,0,26 25 7,2,9,,104150,15,0,26 25 7,2,49,,104064,15,0,26 25 7,2,9,,104161,15,0,26 25 7,2,9,,103990,15,0,26 25 7,2,9,,104046,15,0,26 25 7,2,9,,104132,15,0,26 25 7,2,9,,104061,15,0,26 25 7,2,9,,104098,15,0,26 25 7,2,49,,104002,15,0,26 25 7,2,9,,104105,15,0,26 25 7,2,9,,104014,15,0,26 25 7,2,9,,104085,15,0,26 25 7,2,9,,104053,15,0,26 25 7,2,9,,104056,15,0,26 25 7,2,9,,103985,15,0,26 25 7,2,49,,103981,15,0,26 25 7,2,9,,104163,15,0,26 25 7,2,9,,104041,15,0,26 25 7,2,9,,104136,15,0,26 25 7,2,9,,104131,15,0,26 25 7,2,9,,104026,15,0,26 25 7,2,49,,104144,15,0,26 25 7,2,9,,103979,15,0,26 25 7,2,9,,104004,15,0,26 25 7,2,9,,104072,15,0,26 25 7,2,9,,104013,15,0,26 25 7,2,9,,103998,15,0,26 25 7,2,9,,104146,15,0,26 25 7,2,49,,104128,15,0,26 25 7,2,9,,104070,15,0,26 25 7,2,9,,104173,15,0,26 25 7,2,9,,104166,15,0,26 25 7,2,9,,104104,15,0,26 25 7,2,9,,104095,15,0,26 25 7,2,9,,104110,15,0,26 25 7,2,49,,104015,15,0,26 25 7,2,9,,104045,15,0,26 25 7,2,9,,81856,15,0,26 25 7,2,9,,104116,15,0,26 25 7,2,9,,104007,15,0,26 25 7,2,9,,104169,15,0,26 25 7,2,49,,104078,15,0,26 25 7,2,9,,104066,15,0,26 25 7,2,5,,104081,15,0,26 25 7,2,6,,104109,15,0,26 25 7,2,6,,80413,15,0,26 25 7,2,6,,104044,15,0,26 25 7,2,7,,104017,15,0,26 25 7,2,6,,104168,15,0,26 25 7,2,6,,104069,15,0,26 25 7,2,6,,104101,15,0,26 25 7,2,47,,104099,15,0,26 25 7,2,6,,104083,15,0,26 25 7,2,6,,104057,15,0,26 25 7,2,6,,104167,15,0,26 25 7,2,7,,104102,15,0,26 25 7,2,6,,104092,15,0,26 25 7,2,6,,104080,15,0,26 25 7,2,6,,104052,15,0,26 25 7,2,7,,104114,15,0,26 25 7,2,46,,104076,15,0,26 25 7,2,6,,104145,15,0,26 25 7,2,6,,104153,15,0,26 25 7,2,7,,104074,15,0,26 25 7,2,6,,104047,15,0,26 25 7,2,6,,104088,15,0,26 25 7,2,6,,103987,15,0,26 25 7,2,7,,104062,15,0,26 25 7,2,6,,104005,15,0,26 25 7,2,6,,104000,15,0,26 25 7,2,46,,104129,15,0,26 25 7,2,7,,104084,15,0,26 25 7,2,6,,104035,15,0,26 25 7,2,6,,104036,15,0,26 25 7,2,6,,103994,15,0,26 25 7,2,5,,104106,15,0,26 25 7,2,9,,104009,15,0,26 25 7,2,9,,104176,15,0,26 25 7,2,50,,104171,15,0,26 25 7,2,9,,103989,15,0,26 25 7,2,10,,104108,15,0,26 25 7,2,9,,104100,15,0,26 25 7,2,10,,104020,15,0,26 25 7,2,9,,103982,15,0,26 25 7,2,10,,103991,15,0,26 25 7,2,49,,104027,15,0,26 25 7,2,10,,104137,15,0,26 25 7,2,9,,103995,15,0,26 25 7,2,10,,104151,15,0,26 25 7,2,10,,104010,15,0,26 25 7,2,10,,104158,15,0,26 25 7,2,51,,104016,15,0,26 25 7,2,10,,104054,15,0,26 25 7,2,10,,104113,15,0,26 25 7,2,10,,104023,15,0,26 25 7,2
