30102,'1',2501,,123701,15,,,2,8,,123680,15,0,17,2,4,,123700,15,,,2,12,,123690,15,,,2,20,,123689,15,,,2,4,,123681,15,0,17,2,51,,123697,15,,,2,10,,123699,15,0,17,2,5,,123683,15,,,2,15,,123695,15,0,17,2,1,,123693,15,,,2,14,,123691,15,,,2,6,,123707,15,0,17,2,49,,123705,15,,,2,15,,123702,15,,,2,15,,123677,15,,,2,15,,123687,15,,,2,55,,123696,15,,,2,15,,123676,15,,,2,15,,123682,15,,,2,15,,123678,15,,,2,55,,123692,15,,,2,9,,123706,15,0,17,2,15,,123708,15,0,17,2,15,,123703,15,0,17,2,15,,123694,15,0,17,2
30102,'2',2508,,123714,15,,,2,11,,123728,15,0,17,2,9,,123736,15,,,2,14,,123710,15,0,17,2,13,,123735,15,,,2,55,,109867,15,,,2,15,,123722,15,,,2,5,,123737,15,0,17,2,10,,123733,15,,,2,5,,123713,15,0,17,2,10,,123718,15,,,2,47,,123719,15,0,17,2,8,,123726,15,,,2,15,,123709,15,,,2,15,,116524,15,,,2,15,,123720,15,,,2,55,,123712,15,,,2,15,,123731,15,,,2,15,,123717,15,,,2,15,,123738,15,,,2,55,,123734,15,0,17,2,15,,123723,15,0,17,2,15,,123721,15,0,17,2,15,,123711,15,0,17,2,49,,123727,15,0,17,2
30102,'3',2501,,123752,15,,,2,24,,123743,15,,,2,15,,123762,15,,,2,15,,123750,15,,,2,47,,123761,15,0,17,2,8,,123766,15,,,2,5,,123755,15,0,17,2,10,,123768,15,,,2,15,,123767,15,,,2,7,,123771,15,0,17,2,8,,123759,15,,,2,47,,123757,15,0,17,2,8,,123763,15,,,2,15,,123772,15,,,2,15,,123745,15,,,2,15,,123748,15,,,2,55,,123741,15,,,2,15,,123770,15,,,2,15,,123749,15,,,2,15,,123740,15,,,2,55,,123747,15,0,17,2,15,,123769,15,0,17,2,15,,123746,15,0,17,2,15,,123754,15,0,17,2,55,,123751,15,0,17,2
30102,'5',2501,,123776,15,,,2,24,,123793,15,,,2,15,,123800,15,,,2,15,,123799,15,,,2,47,,123794,15,0,17,2,8,,123780,15,,,2,5,,123777,15,0,17,2,10,,123779,15,,,2,15,,123791,15,,,2,7,,123801,15,0,17,2,8,,123788,15,,,2,47,,123792,15,0,17,2,8,,123785,15,,,2,15,,123773,15,,,2,15,,123790,15,,,2,15,,123803,15,,,2,55,,123781,15,,,2,15,,123784,15,,,2,15,,123782,15,,,2,15,,123786,15,,,2,55,,123783,15,0,17,2,15,,123778,15,0,17,2,15,,123502,15,0,17,2,15,,123775,15,0,17,2,55,,123802,15,0,17,2
50102,'1',519,,125421,15,0,30,2,10,,125328,15,0,30,2,10,,125395,15,0,30,2,10,,125317,15,0,30,2,10,,125425,15,0,30,2,50,,125347,15,0,30,2,10,,125375,15,0,30,2,10,,125405,15,0,30,2,10,,125410,15,0,30,2,10,,125345,15,0,30,2,10,,125404,15,0,30,2,50,,125378,15,0,30,2,10,,125323,15,0,30,2,10,,125394,15,0,30,2,10,,125319,15,0,30,2,11,,125312,15,0,30,2,51,,125365,15,0,30,2,11,,125315,15,0,30,2,10,,125356,15,0,30,2,10,,125433,15,0,30,2,10,,125406,15,0,30,2,10,,125353,15,0,30,2,50,,125341,15,0,30,2,10,,125434,15,0,30,2,10,,125431,15,0,30,2,10,,125377,15,0,30,2,10,,125329,15,0,30,2,10,,125322,15,0,30,2,50,,125423,15,0,30,2,10,,125313,15,0,30,2,10,,125358,15,0,30,2,10,,125435,15,0,30,2,10,,125369,15,0,30,2,10,,125408,15,0,30,2,50,,125402,15,0,30,2,10,,125419,15,0,30,2,10,,125381,15,0,30,2,10,,125409,15,0,30,2,10,,125407,15,0,30,2,10,,125354,15,0,30,2,50,,125413,15,0,30,2,10,,125334,15,0,30,2,10,,125314,15,0,30,2,10,,125327,15,0,30,2,10,,125348,15,0,30,2,10,,125310,15,0,30,2,50,,125391,15,0,30,2,10,,125339,15,0,30,2,10,,125376,15,0,30,2,10,,125344,15,0,30,2,10,,125422,15,0,30,2,10,,125370,15,0,30,2,50,,125311,15,0,30,2,10,,125361,15,0,30,2,10,,125383,15,0,30,2,10,,125393,15,0,30,2,10,,125336,15,0,30,2,10,,125338,15,0,30,2,50,,125427,15,0,30,2,10,,125412,15,0,30,2,10,,125411,15,0,30,2,10,,125436,15,0,30,2,10,,125415,15,0,30,2,10,,125316,15,0,30,2,50,,125373,15,0,30,2,10,,125337,15,0,30,2,10,,125368,15,0,30,2,10,,125400,15,0,30,2,10,,125340,15,0,30,2,10,,125379,15,0,30,2,50,,125359,15,0,30,2,10,,125390,15,0,30,2,10,,125367,15,0,17,2,10,,125342,15,0,30,2,10,,125385,15,0,30,2,10,,125360,15,0,30,2,50,,125321,15,0,30,2,10,,125387,15,0,30,2,10,,125397,15,0,30,2,10,,125350,15,0,30,2,10,,125372,15,0,30,2,10,,125335,15,0,30,2,50,,125384,15,0,30,2,10,,125332,15,0,30,2,10,,125331,15,0,30,2,9,,125424,15,0,30,2,10,,125426,15,0,30,2,10,,125437,15,0,30,2,50,,125420,15,0,30,2,10,,125351,15,0,30,2,10,,125398,15,0,30,2,10,,125371,15,0,30,2,10,,125355,15,0,30,2,10,,125418,15,0,30,2,50,,125309,15,0,30,2,10,,125330,15,0,30,2,5,,125386,15,0,17,2,5,,125382,15,0,30,2,10,,125364,15,0,30,2,10,,125352,15,0,30,2,10,,125429,15,0,30,2,50,,125389,15,0,30,2,6,,125362,15,0,30,2,7,,125396,15,0,17,2,8,,125324,15,0,30,2,9,,125388,15,0,30,2,10,,125325,15,0,30,2,10,,125380,15,0,30,2,50,,125349,15,0,30,2,10,,125366,15,0,30,2,10,,125308,15,0,30,2,10,,125432,15,0,30,2,5,,125403,15,0,17,2,5,,125392,15,0,30,2,10,,125363,15,0,30,2,50,,110404,15,0,30,2,10,,125416,15,0,30,2,10,,125374,15,0,30,2,10,,125326,15,0,30,2,10,,125399,15,0,30,2,10,,125357,15,0,30,2
50102,'2',521,,125462,15,0,30,2,9,,125552,15,0,30,2,9,,125460,15,0,30,2,10,,125450,15,0,30,2,10,,125554,15,0,30,2,50,,125505,15,0,30,2,10,,125458,15,0,30,2,10,,125538,15,0,30,2,10,,125547,15,0,30,2,10,,125451,15,0,30,2,10,,125507,15,0,30,2,50,,125517,15,0,30,2,10,,125457,15,0,30,2,10,,125440,15,0,30,2,10,,113907,15,0,30,2,10,,125571,15,0,30,2,10,,125445,15,0,30,2,52,,125512,15,0,30,2,12,,121730,15,0,30,2,12,,125489,15,0,30,2,11,,125477,15,0,30,2,10,,125570,15,0,30,2,50,,125473,15,0,30,2,10,,125568,15,0,30,2,10,,125553,15,0,30,2,10,,125483,15,0,30,2,10,,125537,15,0,30,2,10,,125479,15,0,30,2,50,,125567,15,0,30,2,10,,125540,15,0,30,2,10,,125497,15,0,30,2,10,,125515,15,0,30,2,10,,125543,15,0,30,2,11,,125495,15,0,30,2,50,,125534,15,0,30,2,11,,125556,15,0,30,2,11,,125480,15,0,30,2,9,,125494,15,0,30,2,9,,125558,15,0,30,2,9,,125469,15,0,30,2,49,,125529,15,0,30,2,9,,125541,15,0,30,2,9,,125453,15,0,30,2,9,,125519,15,0,30,2,9,,125560,15,0,30,2,9,,125530,15,0,30,2,9,,125504,15,0,30,2,49,,125481,15,0,30,2,9,,125533,15,0,30,2,9,,125566,15,0,30,2,9,,125488,15,0,30,2,9,,125514,15,0,30,2,9,,125498,15,0,30,2,49,,125500,15,0,30,2,9,,125468,15,0,30,2,9,,125465,15,0,30,2,9,,125442,15,0,30,2,9,,125564,15,0,30,2,9,,125486,15,0,30,2,9,,125524,15,0,30,2,49,,125490,15,0,30,2,9,,125525,15,0,30,2,9,,125511,15,0,30,2,9,,125572,15,0,30,2,9,,125459,15,0,30,2,9,,125470,15,0,30,2,9,,125563,15,0,30,2,49,,125516,15,0,30,2,9,,114993,15,0,30,2,9,,125448,15,0,30,2,9,,125532,15,0,30,2,9,,125518,15,0,30,2,9,,125544,15,0,30,2,49,,125452,15,0,30,2,9,,125513,15,0,30,2,9,,125550,15,0,30,2,9,,125548,15,0,30,2,9,,125561,15,0,30,2,9,,125502,15,0,30,2,9,,125522,15,0,30,2,49,,125527,15,0,30,2,9,,125493,15,0,30,2,9,,125559,15,0,30,2,9,,125444,15,0,30,2,9,,125499,15,0,30,2,9,,125443,15,0,30,2,9,,125438,15,0,30,2,48,,125471,15,0,30,2,9,,125562,15,0,30,2,9,,125503,15,0,30,2,9,,125557,15,0,30,2,10,,125472,15,0,30,2,10,,125569,15,0,30,2,50,,125467,15,0,30,2,5,,125478,15,0,17,2,5,,125565,15,0,30,2,10,,125454,15,0,30,2,10,,125574,15,0,30,2,10,,125496,15,0,30,2,10,,125539,15,0,30,2,50,,125476,15,0,30,2,10,,125575,15,0,30,2,10,,125484,15,0,30,2,10,,125546,15,0,30,2,10,,113867,15,0,30,2,10,,125535,15,0,30,2,50,,125441,15,0,30,2,8,,125439,15,0,30,2,7,,125528,15,0,17,2,8,,125485,15,0,30,2,10,,125523,15,0,30,2,10,,125455,15,0,30,2,10,,125447,15,0,30,2,50,,125482,15,0,30,2,10,,125521,15,0,30,2,10,,125463,15,0,30,2,10,,125508,15,0,30,2,5,,125526,15,0,17,2,5,,125501,15,0,30,2,5,,125464,15,0,17,2,5,,125461,15,0,30,2,50,,125545,15,0,30,2,10,,125510,15,0,30,2,10,,125446,15,0,30,2,12,,125573,15,0,30,2,13,,125549,15,0,30,2,50,,125456,15,0,17,2,3,,125449,15,0,17,2
50102,'3',521,,125680,15,0,30,2,10,,125643,15,0,30,2,10,,125599,15,0,30,2,10,,125684,15,0,30,2,50,,125677,15,0,30,2,10,,125578,15,0,30,2,10,,125583,15,0,30,2,10,,125669,15,0,30,2,10,,125624,15,0,30,2,10,,125605,15,0,30,2,50,,125639,15,0,30,2,10,,125689,15,0,30,2,10,,125582,15,0,30,2,10,,125609,15,0,30,2,10,,125671,15,0,30,2,10,,125612,15,0,30,2,51,,125700,15,0,30,2,11,,125617,15,0,30,2,11,,125673,15,0,30,2,10,,125646,15,0,30,2,10,,125637,15,0,30,2,8,,125696,15,0,30,2,50,,125642,15,0,30,2,10,,125631,15,0,30,2,10,,125641,15,0,30,2,10,,125576,15,0,30,2,10,,125685,15,0,30,2,10,,125604,15,0,30,2,50,,125703,15,0,30,2,10,,125579,15,0,30,2,10,,125588,15,0,30,2,10,,125663,15,0,30,2,10,,121822,15,0,30,2,11,,125668,15,0,30,2,50,,125613,15,0,30,2,10,,125672,15,0,30,2,12,,125619,15,0,30,2,10,,125666,15,0,30,2,10,,125675,15,0,30,2,10,,125608,15,0,30,2,50,,125652,15,0,30,2,10,,125598,15,0,30,2,10,,125662,15,0,30,2,10,,125679,15,0,30,2,10,,125628,15,0,30,2,10,,125701,15,0,30,2,50,,125587,15,0,30,2,10,,125695,15,0,30,2,10,,125627,15,0,30,2,10,,125632,15,0,30,2,10,,125657,15,0,30,2,10,,125592,15,0,30,2,50,,125697,15,0,30,2,10,,125702,15,0,30,2,10,,125591,15,0,30,2,10,,125629,15,0,30,2,10,,125649,15,0,30,2,10,,125647,15,0,30,2,50,,125594,15,0,30,2,10,,125589,15,0,30,2,10,,125635,15,0,30,2,10,,125618,15,0,30,2,10,,115066,15,0,30,2,10,,125704,15,0,30,2,50,,125590,15,0,30,2,10,,125585,15,0,30,2,10,,125692,15,0,30,2,10,,125665,15,0,30,2,10,,125596,15,0,30,2,10,,125678,15,0,30,2,50,,125606,15,0,30,2,10,,125682,15,0,30,2,10,,125611,15,0,30,2,10,,125674,15,0,30,2,10,,125693,15,0,30,2,10,,125686,15,0,30,2,50,,125616,15,0,30,2,10,,125581,15,0,30,2,10,,125688,15,0,30,2,10,,125602,15,0,30,2,10,,125687,15,0,30,2,9,,125667,15,0,30,2,49,,125676,15,0,30,2,8,,125615,15,0,30,2,9,,125638,15,0,30,2,10,,125694,15,0,30,2,10,,125607,15,0,30,2,10,,125648,15,0,30,2,50,,125661,15,0,30,2,10,,125690,15,0,30,2,10,,125683,15,0,30,2,10,,125681,15,0,30,2,6,,125664,15,0,17,2,4,,125645,15,0,30,2,10,,125622,15,0,30,2,50,,125653,15,0,30,2,10,,125626,15,0,30,2,10,,125586,15,0,30,2,10,,120955,15,0,30,2,10,,125630,15,0,30,2,10,,125580,15,0,30,2,50,,125610,15,0,30,2,10,,125659,15,0,30,2,7,,125597,15,0,30,2,10,,125640,15,0,30,2,10,,125698,15,0,30,2,10,,125656,15,0,30,2,10,,125636,15,0,30,2,50,,125623,15,0,30,2,10,,125595,15,0,30,2,10,,125601,15,0,30,2,5,,125614,15,0,17,2,5,,125621,15,0,30,2,10,,125705,15,0,30,2,10,,125584,15,0,30,2,50,,125625,15,0,30,2,10,,125650,15,0,30,2,10,,117478,15,0,30,2,11,,125634,15,0,30,2,12,,125633,15,0,30,2,50,,125660,15,0,17,2,16,,125654,15,0,17,2
50102,'5',521,,125715,15,0,30,2,10,,125751,15,0,30,2,10,,125801,15,0,30,2,10,,125744,15,0,30,2,50,,125833,15,0,30,2,10,,125807,15,0,30,2,10,,125802,15,0,30,2,10,,125804,15,0,30,2,10,,125775,15,0,30,2,10,,125780,15,0,30,2,50,,125710,15,0,30,2,10,,125837,15,0,30,2,10,,125746,15,0,30,2,10,,125816,15,0,30,2,10,,125763,15,0,30,2,10,,125734,15,0,30,2,51,,125776,15,0,30,2,11,,125771,15,0,30,2,11,,125794,15,0,30,2,10,,125828,15,0,30,2,10,,125838,15,0,30,2,8,,125760,15,0,30,2,50,,125811,15,0,30,2,10,,125792,15,0,30,2,10,,125757,15,0,30,2,10,,125750,15,0,30,2,10,,125749,15,0,30,2,10,,125831,15,0,30,2,50,,125813,15,0,30,2,10,,125747,15,0,30,2,10,,125791,15,0,30,2,10,,125790,15,0,30,2,10,,125835,15,0,30,2,11,,125773,15,0,30,2,50,,125778,15,0,30,2,10,,125711,15,0,30,2,12,,125762,15,0,30,2,10,,125743,15,0,30,2,10,,125708,15,0,30,2,10,,125815,15,0,30,2,50,,125817,15,0,30,2,10,,125752,15,0,30,2,10,,125793,15,0,30,2,10,,125718,15,0,30,2,10,,125739,15,0,30,2,10,,125774,15,0,30,2,50,,125735,15,0,30,2,10,,125748,15,0,30,2,10,,125808,15,0,30,2,10,,125727,15,0,30,2,10,,125707,15,0,30,2,10,,125827,15,0,30,2,50,,125742,15,0,30,2,10,,125822,15,0,30,2,10,,125834,15,0,30,2,10,,125765,15,0,30,2,10,,125803,15,0,30,2,10,,125781,15,0,30,2,50,,125720,15,0,30,2,10,,125728,15,0,30,2,10,,125733,15,0,30,2,10,,125809,15,0,30,2,10,,125732,15,0,30,2,10,,125796,15,0,30,2,50,,125737,15,0,30,2,10,,125798,15,0,30,2,10,,125806,15,0,30,2,10,,125758,15,0,30,2,10,,125714,15,0,30,2,10,,125754,15,0,30,2,50,,112121,15,0,30,2,10,,125787,15,0,30,2,10,,125782,15,0,30,2,10,,125755,15,0,30,2,10,,125777,15,0,30,2,10,,125819,15,0,30,2,50,,125812,15,0,30,2,10,,125726,15,0,30,2,10,,125770,15,0,30,2,10,,125768,15,0,30,2,10,,125832,15,0,30,2,9,,125814,15,0,30,2,49,,125767,15,0,30,2,8,,125721,15,0,30,2,9,,125723,15,0,30,2,10,,125823,15,0,30,2,10,,125759,15,0,30,2,10,,125785,15,0,30,2,50,,125772,15,0,30,2,10,,125756,15,0,30,2,10,,125821,15,0,30,2,10,,125783,15,0,30,2,6,,125713,15,0,17,2,4,,125745,15,0,30,2,10,,125753,15,0,30,2,50,,125789,15,0,30,2,10,,125824,15,0,30,2,10,,125724,15,0,30,2,10,,125788,15,0,30,2,10,,125706,15,0,30,2,10,,125764,15,0,30,2,50,,125719,15,0,30,2,10,,125784,15,0,30,2,7,,125799,15,0,30,2,10,,125830,15,0,30,2,10,,125740,15,0,30,2,10,,125716,15,0,30,2,10,,125717,15,0,30,2,50,,125797,15,0,30,2,10,,125826,15,0,30,2,10,,125829,15,0,30,2,5,,125820,15,0,17,2,5,,125805,15,0,30,2,10,,125725,15,0,30,2,10,,125800,15,0,30,2,50,,125795,15,0,30,2,10,,125741,15,0,30,2,10,,125722,15,0,30,2,11,,125729,15,0,30,2,12,,125736,15,0,30,2,50,,125761,15,0,17,2,16,,125818,15,0,17,2
50302,'1',513,,126375,17,0,32 8 19,2,12,,126469,17,0,32 8 19,2,10,,126383,17,0,32 8 19,2,10,,126434,17,0,32 8 19,2,10,,126433,17,0,32 8 19,2,53,,126488,17,0,32 8 19,2,8,,126421,17,0,32 8 19,2,6,,126506,17,0,32 8 19,2,6,,126445,17,0,32 8 19,2,7,,110381,17,0,32 8 19,2,10,,126500,17,0,32 8 19,2,5,,126476,17,0,32 8 19,2,5,,126514,17,0,32 8 19,2,45,,126479,17,0,32 8 19,2,7,,126403,17,0,32 8 19,2,8,,126498,17,0,32 8 19,2,6,,126507,17,0,32 8 19,2,5,,126393,17,0,32 8 19,2,5,,126408,17,0,32 8 19,2,6,,126424,17,0,32 8 19,2,6,,115562,17,0,32 8 19,2,6,,126478,17,0,32 8 19,2,6,,126459,17,0,32 8 19,2,46,,126516,17,0,32 8 19,2,6,,126451,17,0,32 8 19,2,6,,126503,17,0,32 8 19,2,6,,126485,17,0,32 8 19,2,6,,126481,17,0,32 8 19,2,6,,126415,17,0,32 8 19,2,6,,126419,17,0,32 8 19,2,6,,126404,17,0,32 8 19,2,6,,126430,17,0,32 8 19,2,6,,126465,17,0,32 8 19,2,46,,126426,17,0,32 8 19,2,6,,109684,17,0,32 8 19,2,6,,126436,17,0,32 8 19,2,6,,126420,17,0,32 8 19,2,6,,126399,17,0,32 8 19,2,6,,126489,17,0,32 8 19,2,6,,126518,17,0,32 8 19,2,6,,126456,17,0,32 8 19,2,6,,126509,17,0,32 8 19,2,7,,126504,17,0,32 8 19,2,50,,126389,17,0,32 8 19,2,10,,126398,17,0,32 8 19,2,10,,126382,17,0,32 8 19,2,10,,111368,17,0,32 8 19,2,10,,126475,17,0,32 8 19,2,10,,126486,17,0,32 8 19,2,50,,126455,17,0,32 8 19,2,10,,126449,17,0,32 8 19,2,10,,126413,17,0,32 8 19,2,10,,126452,17,0,32 8 19,2,10,,126423,17,0,32 8 19,2,10,,126497,17,0,32 8 19,2,50,,126429,17,0,32 8 19,2,10,,126458,17,0,32 8 19,2,10,,126371,17,0,32 8 19,2,10,,126480,17,0,32 8 19,2,10,,126438,17,0,32 8 19,2,10,,126402,17,0,32 8 19,2,50,,126387,17,0,32 8 19,2,10,,126521,17,0,32 8 19,2,10,,126502,17,0,32 8 19,2,10,,126373,17,0,32 8 19,2,10,,126410,17,0,32 8 19,2,10,,126495,17,0,32 8 19,2,50,,126508,17,0,32 8 19,2,10,,126418,17,0,32 8 19,2,10,,126473,17,0,32 8 19,2,10,,126460,17,0,32 8 19,2,10,,126417,17,0,32 8 19,2,8,,126446,17,0,32 8 19,2,50,,126510,17,0,32 8 19,2,3,,126483,17,0,32 8 19,2,6,,126390,17,0,32 8 19,2,6,,126397,17,0,32 8 19,2,6,,126515,17,0,32 8 19,2,6,,126470,17,0,32 8 19,2,6,,126474,17,0,32 8 19,2,6,,126462,17,0,32 8 19,2,6,,126457,17,0,32 8 19,2,6,,126374,17,0,32 8 19,2,46,,126379,17,0,32 8 19,2,6,,126411,17,0,32 8 19,2,6,,126381,17,0,32 8 19,2,6,,126428,17,0,32 8 19,2,6,,126440,17,0,32 8 19,2,6,,126431,17,0,32 8 19,2,6,,126395,17,0,32 8 19,2,6,,126392,17,0,32 8 19,2,6,,126425,17,0,32 8 19,2,6,,126439,17,0,32 8 19,2,46,,126432,17,0,32 8 19,2,6,,126377,17,0,32 8 19,2,6,,126466,17,0,32 8 19,2,6,,126414,17,0,32 8 19,2,6,,126394,17,0,32 8 19,2,6,,126386,17,0,32 8 19,2,6,,126453,17,0,32 8 19,2,6,,126463,17,0,32 8 19,2,6,,126441,17,0,32 8 19,2,6,,126472,17,0,32 8 19,2,46,,126447,17,0,32 8 19,2,6,,126372,17,0,32 8 19,2,6,,126407,17,0,32 8 19,2,6,,126471,17,0,32 8 19,2,6,,126490,17,0,32 8 19,2,6,,126511,17,0,32 8 19,2,7,,126454,17,0,32 8 19,2,7,,126376,17,0,32 8 19,2,7,,126464,17,0,32 8 19,2,7,,126520,17,0,32 8 19,2,47,,126388,17,0,32 8 19,2,6,,126435,17,0,32 8 19,2,7,,126450,17,0,32 8 19,2,6,,126491,17,0,32 8 19,2,8,,126513,17,0,32 8 19,2,8,,126380,17,0,32 8 19,2,8,,126448,17,0,32 8 19,2,8,,126400,17,0,32 8 19,2,48,,126422,17,0,32 8 19,2,8,,126467,17,0,32 8 19,2,8,,126501,17,0,32 8 19,2,8,,126384,17,0,32 8 19,2,8,,126405,17,0,32 8 19,2,8,,126444,17,0,32 8 19,2,8,,126391,17,0,32 8 19,2,48,,126468,17,0,32 8 19,2,8,,126461,17,0,32 8 19,2,8,,126401,17,0,32 8 19,2,8,,126385,17,0,32 8 19,2,8,,126443,17,0,32 8 19,2,8,,126494,17,0,32 8 19,2,8,,126499,17,0,32 8 19,2,9,,126442,17,0,32 8 19,2,49,,126396,17,0,32 8 19,2,9,,126409,17,0,32 8 19,2,8,,126493,17,0,32 8 19,2,10,,126505,17,0,32 8 19,2,10,,126517,17,0,32 8 19,2,10,,126487,17,0,32 8 19,2,50,,126492,17,0,32 8 19,2,10,,126406,17,0,32 8 19,2,10,,126484,17,0,32 8 19,2,10,,126496,17,0,32 8 19,2,10,,126482,17,0,32 8 19,2,10,,126477,17,0,32 8 19,2,50,,126412,17,0,32 8 19,2,10,,126427,17,0,32 8 19,2,10,,126416,17,0,32 8 19,2,10,,126512,17,0,32 8 19,2,14,,126378,17,0,32 8 19,2,57,,126519,17,0,32 8 19,2,17,,126437,17,0,32 8 19,2
50302,'2',441,,126633,17,0,32 8 19,2,10,,126624,17,0,32 8 19,2,50,,119310,17,0,32 8 19,2,10,,126538,17,0,32 8 19,2,8,,126530,17,0,32 8 19,2,8,,126562,17,0,32 8 19,2,9,,126628,17,0,32 8 19,2,10,,126605,17,0,32 8 19,2,10,,126570,17,0,32 8 19,2,50,,126629,17,0,32 8 19,2,10,,126604,17,0,32 8 19,2,10,,126592,17,0,32 8 19,2,10,,126616,17,0,32 8 19,2,10,,126601,17,0,32 8 19,2,10,,126552,17,0,32 8 19,2,50,,126563,17,0,32 8 19,2,10,,126631,17,0,32 8 19,2,10,,126646,17,0,32 8 19,2,10,,126589,17,0,32 8 19,2,10,,126637,17,0,32 8 19,2,10,,126544,17,0,32 8 19,2,50,,126621,17,0,32 8 19,2,11,,126571,17,0,32 8 19,2,12,,126523,17,0,32 8 19,2,10,,126540,17,0,32 8 19,2,9,,126617,17,0,32 8 19,2,9,,126600,17,0,32 8 19,2,49,,126549,17,0,32 8 19,2,10,,126630,17,0,32 8 19,2,10,,126529,17,0,32 8 19,2,10,,126564,17,0,32 8 19,2,10,,126585,17,0,32 8 19,2,10,,126642,17,0,32 8 19,2,50,,126643,17,0,32 8 19,2,10,,126620,17,0,32 8 19,2,10,,126546,17,0,32 8 19,2,10,,126545,17,0,32 8 19,2,10,,126652,17,0,32 8 19,2,10,,126614,17,0,32 8 19,2,50,,126644,17,0,32 8 19,2,10,,126567,17,0,32 8 19,2,10,,126550,17,0,32 8 19,2,11,,126578,17,0,32 8 19,2,5,,126627,17,0,32 8 19,2,5,,126528,17,0,32 8 19,2,10,,126533,17,0,32 8 19,2,50,,126581,17,0,32 8 19,2,10,,126573,17,0,32 8 19,2,7,,126575,17,0,32 8 19,2,5,,126557,17,0,32 8 19,2,10,,126560,17,0,32 8 19,2,10,,126655,17,0,32 8 19,2,10,,126597,17,0,32 8 19,2,45,,126558,17,0,32 8 19,2,5,,126622,17,0,32 8 19,2,10,,126579,17,0,32 8 19,2,8,,126569,17,0,32 8 19,2,8,,126648,17,0,32 8 19,2,8,,126525,17,0,32 8 19,2,8,,126548,17,0,32 8 19,2,8,,126531,17,0,32 8 19,2,48,,126522,17,0,32 8 19,2,8,,126645,17,0,32 8 19,2,8,,126638,17,0,32 8 19,2,8,,126611,17,0,32 8 19,2,8,,126590,17,0,32 8 19,2,8,,126619,17,0,32 8 19,2,8,,126591,17,0,32 8 19,2,48,,126607,17,0,32 8 19,2,8,,126657,17,0,32 8 19,2,8,,126568,17,0,32 8 19,2,8,,126634,17,0,32 8 19,2,8,,126539,17,0,32 8 19,2,8,,126626,17,0,32 8 19,2,8,,126647,17,0,32 8 19,2,8,,126583,17,0,32 8 19,2,48,,126524,17,0,32 8 19,2,8,,126536,17,0,32 8 19,2,8,,112405,17,0,32 8 19,2,8,,111586,17,0,32 8 19,2,8,,126559,17,0,32 8 19,2,8,,126588,17,0,32 8 19,2,8,,115036,17,0,32 8 19,2,48,,126615,17,0,32 8 19,2,8,,126640,17,0,32 8 19,2,8,,126602,17,0,32 8 19,2,8,,126654,17,0,32 8 19,2,8,,126582,17,0,32 8 19,2,8,,126561,17,0,32 8 19,2,8,,126595,17,0,32 8 19,2,8,,126553,17,0,32 8 19,2,48,,126598,17,0,32 8 19,2,8,,126599,17,0,32 8 19,2,8,,126534,17,0,32 8 19,2,8,,126577,17,0,32 8 19,2,8,,126527,17,0,32 8 19,2,8,,126610,17,0,32 8 19,2,9,,126576,17,0,32 8 19,2,49,,126580,17,0,32 8 19,2,9,,126584,17,0,32 8 19,2,8,,126650,17,0,32 8 19,2,9,,126547,17,0,32 8 19,2,9,,126649,17,0,32 8 19,2,10,,126635,17,0,32 8 19,2,50,,126532,17,0,32 8 19,2,10,,126542,17,0,32 8 19,2,10,,126639,17,0,32 8 19,2,10,,126574,17,0,32 8 19,2,10,,126594,17,0,32 8 19,2,10,,126606,17,0,32 8 19,2,50,,126572,17,0,32 8 19,2,10,,126618,17,0,32 8 19,2,10,,126612,17,0,32 8 19,2,10,,126554,17,0,32 8 19,2,10,,126603,17,0,32 8 19,2,10,,126632,17,0,32 8 19,2,50,,126651,17,0,32 8 19,2,11,,126608,17,0,32 8 19,2,11,,126586,17,0,32 8 19,2,10,,126613,17,0,32 8 19,2,10,,126587,17,0,32 8 19,2,10,,126551,17,0,32 8 19,2,50,,126541,17,0,32 8 19,2,10,,126535,17,0,32 8 19,2,10,,126543,17,0,32 8 19,2,10,,126625,17,0,32 8 19,2,10,,126609,17,0,32 8 19,2,10,,126656,17,0,32 8 19,2,50,,126526,17,0,32 8 19,2,10,,126623,17,0,32 8 19,2,10,,126537,17,0,32 8 19,2,10,,126556,17,0,32 8 19,2,10,,126555,17,0,32 8 19,2,10,,126636,17,0,32 8 19,2,50,,126596,17,0,32 8 19,2,10,,126641,17,0,32 8 19,2,10,,126565,17,0,32 8 19,2,10,,111498,17,0,32 8 19,2,10,,126653,17,0,32 8 19,2,8,,126566,17,0,32 8 19,2,8,,126593,17,0,32 8 19,2
50302,'3',509,,126699,17,0,32 8 19,2,11,,126733,17,0,32 8 19,2,10,,126666,17,0,32 8 19,2,10,,126673,17,0,32 8 19,2,10,,126724,17,0,32 8 19,2,50,,126682,17,0,32 8 19,2,10,,126758,17,0,32 8 19,2,10,,126662,17,0,32 8 19,2,10,,126688,17,0,32 8 19,2,10,,126762,17,0,32 8 19,2,10,,126692,17,0,32 8 19,2,50,,126748,17,0,32 8 19,2,10,,126669,17,0,32 8 19,2,10,,126766,17,0,32 8 19,2,10,,126730,17,0,32 8 19,2,10,,126771,17,0,32 8 19,2,10,,126768,17,0,32 8 19,2,51,,126678,17,0,32 8 19,2,12,,126770,17,0,32 8 19,2,11,,126725,17,0,32 8 19,2,11,,126700,17,0,32 8 19,2,9,,126751,17,0,32 8 19,2,8,,126671,17,0,32 8 19,2,48,,126729,17,0,32 8 19,2,10,,126683,17,0,32 8 19,2,10,,126767,17,0,32 8 19,2,10,,126679,17,0,32 8 19,2,10,,126745,17,0,32 8 19,2,10,,126701,17,0,32 8 19,2,50,,126769,17,0,32 8 19,2,10,,126728,17,0,32 8 19,2,10,,112614,17,0,32 8 19,2,10,,126674,17,0,32 8 19,2,10,,126696,17,0,32 8 19,2,10,,126722,17,0,32 8 19,2,50,,126735,17,0,32 8 19,2,10,,126753,17,0,32 8 19,2,10,,126727,17,0,32 8 19,2,10,,126743,17,0,32 8 19,2,10,,126712,17,0,32 8 19,2,10,,126742,17,0,32 8 19,2,50,,126736,17,0,32 8 19,2,9,,126685,17,0,32 8 19,2,9,,126705,17,0,32 8 19,2,10,,126721,17,0,32 8 19,2,9,,126744,17,0,32 8 19,2,9,,126706,17,0,32 8 19,2,10,,126726,17,0,32 8 19,2,50,,126763,17,0,32 8 19,2,10,,126756,17,0,32 8 19,2,10,,126677,17,0,32 8 19,2,10,,126665,17,0,32 8 19,2,10,,126675,17,0,32 8 19,2,10,,126676,17,0,32 8 19,2,50,,126740,17,0,32 8 19,2,10,,126667,17,0,32 8 19,2,10,,126689,17,0,32 8 19,2,10,,126697,17,0,32 8 19,2,10,,126732,17,0,32 8 19,2,10,,126749,17,0,32 8 19,2,50,,108420,17,0,32 8 19,2,10,,126708,17,0,32 8 19,2,10,,126714,17,0,32 8 19,2,10,,126750,17,0,32 8 19,2,10,,126710,17,0,32 8 19,2,10,,126711,17,0,32 8 19,2,50,,126773,17,0,32 8 19,2,10,,126659,17,0,32 8 19,2,10,,126741,17,0,32 8 19,2,10,,126693,17,0,32 8 19,2,10,,126684,17,0,32 8 19,2,10,,126680,17,0,32 8 19,2,50,,126661,17,0,32 8 19,2,10,,126694,17,0,32 8 19,2,10,,126746,17,0,32 8 19,2,10,,126772,17,0,32 8 19,2,10,,126765,17,0,32 8 19,2,10,,126761,17,0,32 8 19,2,50,,126734,17,0,32 8 19,2,10,,126754,17,0,32 8 19,2,10,,126764,17,0,32 8 19,2,10,,126668,17,0,32 8 19,2,10,,126760,17,0,32 8 19,2,10,,126731,17,0,32 8 19,2,50,,126779,17,0,32 8 19,2,11,,126709,17,0,32 8 19,2,11,,126737,17,0,32 8 19,2,12,,126717,17,0,32 8 19,2,10,,126719,17,0,32 8 19,2,50,,126707,17,0,32 8 19,2,10,,126663,17,0,32 8 19,2,10,,126670,17,0,32 8 19,2,10,,126739,17,0,32 8 19,2,10,,126759,17,0,32 8 19,2,10,,113315,17,0,32 8 19,2,50,,126774,17,0,32 8 19,2,10,,126702,17,0,32 8 19,2,10,,126738,17,0,32 8 19,2,10,,126691,17,0,32 8 19,2,10,,126660,17,0,32 8 19,2,10,,126687,17,0,32 8 19,2,50,,126686,17,0,32 8 19,2,10,,126747,17,0,32 8 19,2,12,,126718,17,0,32 8 19,2,11,,118820,17,0,32 8 19,2,7,,126777,17,0,32 8 19,2,10,,126713,17,0,32 8 19,2,50,,126690,17,0,32 8 19,2,10,,126672,17,0,32 8 19,2,10,,126716,17,0,32 8 19,2,10,,126698,17,0,32 8 19,2,10,,126715,17,0,32 8 19,2,10,,126703,17,0,32 8 19,2,50,,126775,17,0,32 8 19,2,10,,126704,17,0,32 8 19,2,10,,126755,17,0,32 8 19,2,10,,126681,17,0,32 8 19,2,10,,126757,17,0,32 8 19,2,10,,126723,17,0,32 8 19,2,50,,126664,17,0,32 8 19,2,10,,126695,17,0,32 8 19,2,10,,126752,17,0,32 8 19,2,10,,126658,17,0,32 8 19,2,10,,126776,17,0,32 8 19,2,13,,126778,17,0,32 8 19,2,54,,126720,17,0,32 8 19,2
50302,'5',509,,122246,17,0,32 8 19,2,11,,126803,17,0,32 8 19,2,10,,126879,17,0,32 8 19,2,10,,126871,17,0,32 8 19,2,10,,126857,17,0,32 8 19,2,50,,126891,17,0,32 8 19,2,10,,126814,17,0,32 8 19,2,10,,126833,17,0,32 8 19,2,10,,126797,17,0,32 8 19,2,10,,126888,17,0,32 8 19,2,10,,126885,17,0,32 8 19,2,50,,126828,17,0,32 8 19,2,10,,126856,17,0,32 8 19,2,10,,126810,17,0,32 8 19,2,10,,126780,17,0,32 8 19,2,10,,126817,17,0,32 8 19,2,10,,126886,17,0,32 8 19,2,51,,112772,17,0,32 8 19,2,12,,119835,17,0,32 8 19,2,11,,126860,17,0,32 8 19,2,11,,126822,17,0,32 8 19,2,9,,126820,17,0,32 8 19,2,8,,126787,17,0,32 8 19,2,48,,126830,17,0,32 8 19,2,10,,126832,17,0,32 8 19,2,10,,126845,17,0,32 8 19,2,10,,111071,17,0,32 8 19,2,10,,126865,17,0,32 8 19,2,10,,126883,17,0,32 8 19,2,50,,126872,17,0,32 8 19,2,10,,126876,17,0,32 8 19,2,10,,126796,17,0,32 8 19,2,10,,106095,17,0,32 8 19,2,10,,126864,17,0,32 8 19,2,10,,126878,17,0,32 8 19,2,50,,126866,17,0,32 8 19,2,10,,126808,17,0,32 8 19,2,10,,126873,17,0,32 8 19,2,10,,126839,17,0,32 8 19,2,10,,126875,17,0,32 8 19,2,10,,126818,17,0,32 8 19,2,50,,126802,17,0,32 8 19,2,9,,126868,17,0,32 8 19,2,9,,126896,17,0,32 8 19,2,10,,126782,17,0,32 8 19,2,9,,126867,17,0,32 8 19,2,9,,126846,17,0,32 8 19,2,10,,126881,17,0,32 8 19,2,50,,126854,17,0,32 8 19,2,10,,126819,17,0,32 8 19,2,10,,126882,17,0,32 8 19,2,10,,126852,17,0,32 8 19,2,10,,126783,17,0,32 8 19,2,10,,126791,17,0,32 8 19,2,50,,126847,17,0,32 8 19,2,10,,109086,17,0,32 8 19,2,10,,126823,17,0,32 8 19,2,10,,126893,17,0,32 8 19,2,10,,126829,17,0,32 8 19,2,10,,126855,17,0,32 8 19,2,50,,126853,17,0,32 8 19,2,10,,126835,17,0,32 8 19,2,10,,126840,17,0,32 8 19,2,10,,126825,17,0,32 8 19,2,10,,126858,17,0,32 8 19,2,10,,126877,17,0,32 8 19,2,50,,126880,17,0,32 8 19,2,10,,126849,17,0,32 8 19,2,10,,126834,17,0,32 8 19,2,10,,126859,17,0,32 8 19,2,10,,126815,17,0,32 8 19,2,10,,126807,17,0,32 8 19,2,50,,126824,17,0,32 8 19,2,10,,126841,17,0,32 8 19,2,10,,126869,17,0,32 8 19,2,10,,126874,17,0,32 8 19,2,10,,116124,17,0,32 8 19,2,10,,126827,17,0,32 8 19,2,50,,126842,17,0,32 8 19,2,10,,126844,17,0,32 8 19,2,10,,126781,17,0,32 8 19,2,10,,126826,17,0,32 8 19,2,10,,126812,17,0,32 8 19,2,10,,126801,17,0,32 8 19,2,50,,126884,17,0,32 8 19,2,11,,126894,17,0,32 8 19,2,11,,126813,17,0,32 8 19,2,12,,126821,17,0,32 8 19,2,10,,126811,17,0,32 8 19,2,50,,126806,17,0,32 8 19,2,10,,126799,17,0,32 8 19,2,10,,126890,17,0,32 8 19,2,10,,126892,17,0,32 8 19,2,10,,126805,17,0,32 8 19,2,10,,126870,17,0,32 8 19,2,50,,126836,17,0,32 8 19,2,10,,126831,17,0,32 8 19,2,10,,126785,17,0,32 8 19,2,10,,113446,17,0,32 8 19,2,10,,126850,17,0,32 8 19,2,10,,126862,17,0,32 8 19,2,50,,126809,17,0,32 8 19,2,10,,126790,17,0,32 8 19,2,12,,126887,17,0,32 8 19,2,11,,126895,17,0,32 8 19,2,7,,126838,17,0,32 8 19,2,10,,126837,17,0,32 8 19,2,50,,126798,17,0,32 8 19,2,10,,126804,17,0,32 8 19,2,10,,126848,17,0,32 8 19,2,10,,126792,17,0,32 8 19,2,10,,113407,17,0,32 8 19,2,10,,126851,17,0,32 8 19,2,50,,126889,17,0,32 8 19,2,10,,126861,17,0,32 8 19,2,10,,126800,17,0,32 8 19,2,10,,126793,17,0,32 8 19,2,10,,126784,17,0,32 8 19,2,10,,126863,17,0,32 8 19,2,50,,126843,17,0,32 8 19,2,10,,126816,17,0,32 8 19,2,10,,126788,17,0,32 8 19,2,10,,126794,17,0,32 8 19,2,10,,126789,17,0,32 8 19,2,13,,126786,17,0,32 8 19,2,54,,126795,17,0,32 8 19,2
