30402,'1',2620,,123924,19,0,5 6 7,2,10,,123923,19,0,5 6 7,2,10,,123934,19,0,5 6 7,2,10,,123922,19,0,5 6 7,2,50,,123920,19,0,5 6 7,2,10,,123919,19,0,5 6 7,2,10,,123932,19,0,5 6 7,2,10,,123928,19,0,5 6 7,2,10,,123931,19,0,5 6 7,2,10,,123918,19,0,5 6 7,2,50,,123921,19,0,5 6 7,2,10,,123935,19,0,5 6 7,2,10,,123936,19,0,5 6 7,2,10,,123915,19,0,5 6 7,2,10,,123916,19,0,5 6 7,2,10,,123937,19,0,5 6 7,2,6,,123926,19,0,5 6 7,2
30402,'2',2640,,123939,19,0,5 6 7,2,10,,123961,19,0,5 6 7,2,50,,123947,19,0,5 6 7,2,10,,123958,19,0,5 6 7,2,10,,123938,19,0,5 6 7,2,10,,123950,19,0,5 6 7,2,10,,123944,19,0,5 6 7,2,10,,123953,19,0,5 6 7,2,50,,123949,19,0,5 6 7,2,10,,123957,19,0,5 6 7,2,10,,123941,19,0,5 6 7,2,10,,123959,19,0,5 6 7,2,10,,123952,19,0,5 6 7,2,10,,123946,19,0,5 6 7,2,50,,123954,19,0,5 6 7,2,10,,123940,19,0,5 6 7,2,13,,123943,19,0,5 6 7,2
30402,'3',436,,124006,9,0,5 6 7,2,14,,123968,9,0,5 6 7,2,6,,123986,9,0,21,2,48,,124007,9,0,5 6 7,2,6,,123971,9,0,21,2,6,,124008,9,0,5 6 7,2,5,,124001,19,0,21,2,10,,124009,7,0,5 6 7,2,5,,123995,9,0,21,2,6,,124013,19,0,21,2,4,,124003,9,0,5 6 7,2,4,,123981,7,0,5 6 7,2,8,,124005,19,0,21,2,46,,123980,7,0,5 6 7,2,7,,123997,19,0,21,2,7,,123966,7,0,5 6 7,2,7,,123992,19,0,21,2,7,,123993,7,0,5 6 7,2,7,,123973,19,0,21,2,7,,124011,7,0,5 6 7,2,7,,124010,19,0,21,2,47,,123984,7,0,5 6 7,2,7,,123969,19,0,21,2,7,,123985,7,0,5 6 7,2,7,,123990,19,0,21,2,7,,123977,7,0,5 6 7,2,7,,119646,19,0,21,2,14,,123964,19,0,21,2,54,,124000,19,0,21,2,14,,124004,19,0,21,2,1826,,123991,19,0,5 6 7,2,10,,123999,19,0,5 6 7,2,50,,123972,19,0,5 6 7,2,10,,123965,19,0,5 6 7,2,10,,123987,19,0,5 6 7,2,10,,124012,19,0,5 6 7,2,10,,123989,19,0,5 6 7,2,10,,123970,19,0,5 6 7,2,50,,123998,19,0,5 6 7,2,10,,123967,19,0,5 6 7,2,10,,123994,19,0,5 6 7,2,11,,123963,19,0,5 6 7,2
30402,'5',2643,,124032,19,0,5 6 7,2,10,,124020,19,0,5 6 7,2,50,,124033,19,0,5 6 7,2,10,,124028,19,0,5 6 7,2,10,,124021,19,0,5 6 7,2,10,,124023,19,0,5 6 7,2,10,,124022,19,0,5 6 7,2,10,,124025,19,0,5 6 7,2,50,,124018,19,0,5 6 7,2,10,,124029,19,0,5 6 7,2,10,,124024,19,0,5 6 7,2,11,,124027,19,0,5 6 7,2
50302,'1',532,,126375,34,0,32 8 19,2,12,,126469,34,0,32 8 19,2,10,,126383,34,0,32 8 19,2,50,,126434,34,0,32 8 19,2,10,,126433,34,0,32 8 19,2,13,,126488,34,0,32 8 19,2,8,,126421,34,0,32 8 19,2,6,,126506,34,0,32 8 19,2,6,,126445,34,0,32 8 19,2,7,,110381,34,0,32 8 19,2,50,,126500,34,0,32 8 19,2,5,,126476,34,0,32 8 19,2,5,,126514,34,0,32 8 19,2,5,,126479,34,0,32 8 19,2,7,,126403,34,0,32 8 19,2,9,,126498,34,0,32 8 19,2,7,,126507,34,0,32 8 19,2,5,,126393,34,0,32 8 19,2,5,,126408,34,0,32 8 19,2,6,,126424,34,0,32 8 19,2,46,,115562,34,0,32 8 19,2,6,,126478,34,0,32 8 19,2,6,,126459,34,0,32 8 19,2,6,,126516,34,0,32 8 19,2,6,,126451,34,0,32 8 19,2,6,,126503,34,0,32 8 19,2,6,,126485,34,0,32 8 19,2,6,,126481,34,0,32 8 19,2,6,,126415,34,0,32 8 19,2,6,,126419,34,0,32 8 19,2,46,,126404,34,0,32 8 19,2,6,,126430,34,0,32 8 19,2,6,,126465,34,0,32 8 19,2,6,,126426,34,0,32 8 19,2,6,,109684,34,0,32 8 19,2,6,,126436,34,0,32 8 19,2,6,,126420,34,0,32 8 19,2,6,,126399,34,0,32 8 19,2,6,,126489,34,0,32 8 19,2,6,,126518,34,0,32 8 19,2,46,,126456,34,0,32 8 19,2,6,,126509,34,0,32 8 19,2,7,,126504,34,0,32 8 19,2,10,,126389,34,0,32 8 19,2,10,,126398,34,0,32 8 19,2,10,,126382,34,0,32 8 19,2,10,,111368,34,0,32 8 19,2,50,,126475,34,0,32 8 19,2,10,,126486,34,0,32 8 19,2,10,,126455,34,0,32 8 19,2,10,,126449,34,0,32 8 19,2,10,,126413,34,0,32 8 19,2,10,,126452,34,0,32 8 19,2,50,,126423,34,0,32 8 19,2,10,,126497,34,0,32 8 19,2,10,,126429,34,0,32 8 19,2,10,,126458,34,0,32 8 19,2,10,,126371,34,0,32 8 19,2,10,,126480,34,0,32 8 19,2,50,,126438,34,0,32 8 19,2,10,,126402,34,0,32 8 19,2,10,,126387,34,0,32 8 19,2,10,,126521,34,0,32 8 19,2,10,,126502,34,0,32 8 19,2,10,,126373,34,0,32 8 19,2,50,,126410,34,0,32 8 19,2,10,,126495,34,0,32 8 19,2,10,,126508,34,0,32 8 19,2,10,,126418,34,0,32 8 19,2,10,,126473,34,0,32 8 19,2,10,,126460,34,0,32 8 19,2,51,,126417,34,0,32 8 19,2,9,,126446,34,0,32 8 19,2,11,,126510,34,0,32 8 19,2,3,,126483,34,0,32 8 19,2,6,,126390,34,0,32 8 19,2,6,,126397,34,0,32 8 19,2,6,,126515,34,0,32 8 19,2,6,,126470,34,0,32 8 19,2,46,,126474,34,0,32 8 19,2,6,,126462,34,0,32 8 19,2,6,,126457,34,0,32 8 19,2,6,,126374,34,0,32 8 19,2,6,,126379,34,0,32 8 19,2,6,,126411,34,0,32 8 19,2,6,,126381,34,0,32 8 19,2,6,,126428,34,0,32 8 19,2,6,,126440,34,0,32 8 19,2,6,,126431,34,0,32 8 19,2,46,,126395,34,0,32 8 19,2,6,,126392,34,0,32 8 19,2,6,,126425,34,0,32 8 19,2,6,,126439,34,0,32 8 19,2,6,,126432,34,0,32 8 19,2,6,,126377,34,0,32 8 19,2,6,,126466,34,0,32 8 19,2,6,,126414,34,0,32 8 19,2,6,,126394,34,0,32 8 19,2,6,,126386,34,0,32 8 19,2,46,,126453,34,0,32 8 19,2,6,,126463,34,0,32 8 19,2,6,,126441,34,0,32 8 19,2,6,,126472,34,0,32 8 19,2,6,,126447,34,0,32 8 19,2,6,,126372,34,0,32 8 19,2,6,,126407,34,0,32 8 19,2,6,,126471,34,0,32 8 19,2,6,,126490,34,0,32 8 19,2,6,,126511,34,0,32 8 19,2,47,,126454,34,0,32 8 19,2,7,,126376,34,0,32 8 19,2,7,,126464,34,0,32 8 19,2,7,,126520,34,0,32 8 19,2,7,,126388,34,0,32 8 19,2,6,,126435,34,0,32 8 19,2,7,,126450,34,0,32 8 19,2,7,,126491,34,0,32 8 19,2,7,,126513,34,0,32 8 19,2,48,,126380,34,0,32 8 19,2,8,,126448,34,0,32 8 19,2,8,,126400,34,0,32 8 19,2,8,,126422,34,0,32 8 19,2,8,,126467,34,0,32 8 19,2,8,,126501,34,0,32 8 19,2,8,,126384,34,0,32 8 19,2,48,,126405,34,0,32 8 19,2,8,,126444,34,0,32 8 19,2,8,,126391,34,0,32 8 19,2,8,,126468,34,0,32 8 19,2,8,,126461,34,0,32 8 19,2,8,,126401,34,0,32 8 19,2,8,,126385,34,0,32 8 19,2,8,,126443,34,0,32 8 19,2,48,,126494,34,0,32 8 19,2,8,,126499,34,0,32 8 19,2,9,,126442,34,0,32 8 19,2,9,,126396,34,0,32 8 19,2,7,,126409,34,0,32 8 19,2,7,,126493,34,0,32 8 19,2,8,,126505,34,0,32 8 19,2,50,,126517,34,0,32 8 19,2,10,,126487,34,0,32 8 19,2,10,,126492,34,0,32 8 19,2,10,,126406,34,0,32 8 19,2,10,,126484,34,0,32 8 19,2,10,,126496,34,0,32 8 19,2,50,,126482,34,0,32 8 19,2,10,,126477,34,0,32 8 19,2,10,,126412,34,0,32 8 19,2,10,,126427,34,0,32 8 19,2,10,,126416,34,0,32 8 19,2,10,,126512,34,0,32 8 19,2,54,,126378,34,0,32 8 19,2,17,,126519,34,0,32 8 19,2,17,,126437,34,0,32 8 19,2
50302,'2',457,,126633,34,0,32 8 19,2,50,,126624,34,0,32 8 19,2,10,,119310,34,0,32 8 19,2,10,,126538,34,0,32 8 19,2,8,,126530,34,0,32 8 19,2,8,,126562,34,0,32 8 19,2,9,,126628,34,0,32 8 19,2,50,,126605,34,0,32 8 19,2,10,,126570,34,0,32 8 19,2,10,,126629,34,0,32 8 19,2,10,,126604,34,0,32 8 19,2,10,,126592,34,0,32 8 19,2,10,,126616,34,0,32 8 19,2,50,,126601,34,0,32 8 19,2,10,,126552,34,0,32 8 19,2,10,,126563,34,0,32 8 19,2,10,,126631,34,0,32 8 19,2,10,,126646,34,0,32 8 19,2,10,,126589,34,0,32 8 19,2,50,,126637,34,0,32 8 19,2,10,,126544,34,0,32 8 19,2,10,,126621,34,0,32 8 19,2,12,,126571,34,0,32 8 19,2,14,,126523,34,0,32 8 19,2,11,,126540,34,0,32 8 19,2,49,,126617,34,0,32 8 19,2,9,,126600,34,0,32 8 19,2,9,,126549,34,0,32 8 19,2,10,,126630,34,0,32 8 19,2,10,,126529,34,0,32 8 19,2,10,,126564,34,0,32 8 19,2,50,,126585,34,0,32 8 19,2,10,,126642,34,0,32 8 19,2,10,,126643,34,0,32 8 19,2,10,,126620,34,0,32 8 19,2,10,,126546,34,0,32 8 19,2,10,,126545,34,0,32 8 19,2,50,,126652,34,0,32 8 19,2,10,,126614,34,0,32 8 19,2,10,,126644,34,0,32 8 19,2,10,,126567,34,0,32 8 19,2,10,,126550,34,0,32 8 19,2,11,,126578,34,0,32 8 19,2,45,,126627,34,0,32 8 19,2,5,,126528,34,0,32 8 19,2,10,,126533,34,0,32 8 19,2,10,,126581,34,0,32 8 19,2,10,,126573,34,0,32 8 19,2,8,,126575,34,0,32 8 19,2,5,,126557,34,0,32 8 19,2,50,,126560,34,0,32 8 19,2,10,,126655,34,0,32 8 19,2,10,,126597,34,0,32 8 19,2,5,,126558,34,0,32 8 19,2,5,,126622,34,0,32 8 19,2,10,,126579,34,0,32 8 19,2,8,,126569,34,0,32 8 19,2,8,,126648,34,0,32 8 19,2,48,,126525,34,0,32 8 19,2,8,,126548,34,0,32 8 19,2,8,,126531,34,0,32 8 19,2,8,,126522,34,0,32 8 19,2,8,,126645,34,0,32 8 19,2,8,,126638,34,0,32 8 19,2,8,,126611,34,0,32 8 19,2,48,,126590,34,0,32 8 19,2,8,,126619,34,0,32 8 19,2,8,,126591,34,0,32 8 19,2,8,,126607,34,0,32 8 19,2,8,,126657,34,0,32 8 19,2,8,,126568,34,0,32 8 19,2,8,,126634,34,0,32 8 19,2,8,,126539,34,0,32 8 19,2,48,,126626,34,0,32 8 19,2,8,,126647,34,0,32 8 19,2,8,,126583,34,0,32 8 19,2,8,,126524,34,0,32 8 19,2,8,,126536,34,0,32 8 19,2,8,,112405,34,0,32 8 19,2,8,,111586,34,0,32 8 19,2,48,,126559,34,0,32 8 19,2,8,,126588,34,0,32 8 19,2,8,,115036,34,0,32 8 19,2,8,,126615,34,0,32 8 19,2,8,,126640,34,0,32 8 19,2,8,,126602,34,0,32 8 19,2,8,,126654,34,0,32 8 19,2,8,,126582,34,0,32 8 19,2,48,,126561,34,0,32 8 19,2,8,,126595,34,0,32 8 19,2,8,,126553,34,0,32 8 19,2,8,,126598,34,0,32 8 19,2,8,,126599,34,0,32 8 19,2,8,,126534,34,0,32 8 19,2,8,,126577,34,0,32 8 19,2,48,,126527,34,0,32 8 19,2,8,,126610,34,0,32 8 19,2,9,,126576,34,0,32 8 19,2,9,,126580,34,0,32 8 19,2,9,,126584,34,0,32 8 19,2,11,,126650,34,0,32 8 19,2,9,,126547,34,0,32 8 19,2,49,,126649,34,0,32 8 19,2,10,,126635,34,0,32 8 19,2,10,,126532,34,0,32 8 19,2,10,,126542,34,0,32 8 19,2,10,,126639,34,0,32 8 19,2,10,,126574,34,0,32 8 19,2,50,,126594,34,0,32 8 19,2,10,,126606,34,0,32 8 19,2,10,,126572,34,0,32 8 19,2,10,,126618,34,0,32 8 19,2,10,,126612,34,0,32 8 19,2,10,,126554,34,0,32 8 19,2,50,,126603,34,0,32 8 19,2,10,,126632,34,0,32 8 19,2,10,,126651,34,0,32 8 19,2,11,,126608,34,0,32 8 19,2,8,,126586,34,0,32 8 19,2,8,,126613,34,0,32 8 19,2,50,,126587,34,0,32 8 19,2,10,,126551,34,0,32 8 19,2,10,,126541,34,0,32 8 19,2,10,,126535,34,0,32 8 19,2,10,,126543,34,0,32 8 19,2,10,,126625,34,0,32 8 19,2,50,,126609,34,0,32 8 19,2,10,,126656,34,0,32 8 19,2,10,,126526,34,0,32 8 19,2,10,,126623,34,0,32 8 19,2,10,,126537,34,0,32 8 19,2,10,,126556,34,0,32 8 19,2,50,,126555,34,0,32 8 19,2,10,,126636,34,0,32 8 19,2,10,,126596,34,0,32 8 19,2,10,,126641,34,0,32 8 19,2,10,,126565,34,0,32 8 19,2,10,,111498,34,0,32 8 19,2,50,,126653,34,0,32 8 19,2,8,,126566,34,0,32 8 19,2,8,,126593,34,0,32 8 19,2
50302,'3',525,,126699,34,0,32 8 19,2,11,,126733,34,0,32 8 19,2,10,,126666,34,0,32 8 19,2,10,,126673,34,0,32 8 19,2,50,,126724,34,0,32 8 19,2,10,,126682,34,0,32 8 19,2,10,,126758,34,0,32 8 19,2,10,,126662,34,0,32 8 19,2,10,,126688,34,0,32 8 19,2,10,,126762,34,0,32 8 19,2,50,,126692,34,0,32 8 19,2,10,,126748,34,0,32 8 19,2,10,,126669,34,0,32 8 19,2,10,,126766,34,0,32 8 19,2,10,,126730,34,0,32 8 19,2,10,,126771,34,0,32 8 19,2,50,,126768,34,0,32 8 19,2,12,,126678,34,0,32 8 19,2,13,,126770,34,0,32 8 19,2,13,,126725,34,0,32 8 19,2,11,,126700,34,0,32 8 19,2,49,,126751,34,0,32 8 19,2,8,,126671,34,0,32 8 19,2,8,,126729,34,0,32 8 19,2,10,,126683,34,0,32 8 19,2,10,,126767,34,0,32 8 19,2,10,,126679,34,0,32 8 19,2,50,,126745,34,0,32 8 19,2,10,,126701,34,0,32 8 19,2,10,,126769,34,0,32 8 19,2,10,,126728,34,0,32 8 19,2,10,,112614,34,0,32 8 19,2,10,,126674,34,0,32 8 19,2,50,,126696,34,0,32 8 19,2,10,,126722,34,0,32 8 19,2,10,,126735,34,0,32 8 19,2,10,,126753,34,0,32 8 19,2,10,,126727,34,0,32 8 19,2,10,,126743,34,0,32 8 19,2,50,,126712,34,0,32 8 19,2,10,,126742,34,0,32 8 19,2,10,,126736,34,0,32 8 19,2,9,,126685,34,0,32 8 19,2,10,,126705,34,0,32 8 19,2,13,,126721,34,0,32 8 19,2,49,,126744,34,0,32 8 19,2,9,,126706,34,0,32 8 19,2,10,,126726,34,0,32 8 19,2,10,,126763,34,0,32 8 19,2,10,,126756,34,0,32 8 19,2,10,,126677,34,0,32 8 19,2,50,,126665,34,0,32 8 19,2,10,,126675,34,0,32 8 19,2,10,,126676,34,0,32 8 19,2,10,,126740,34,0,32 8 19,2,10,,126667,34,0,32 8 19,2,10,,126689,34,0,32 8 19,2,50,,126697,34,0,32 8 19,2,10,,126732,34,0,32 8 19,2,10,,126749,34,0,32 8 19,2,10,,108420,34,0,32 8 19,2,10,,126708,34,0,32 8 19,2,10,,126714,34,0,32 8 19,2,50,,126750,34,0,32 8 19,2,10,,126710,34,0,32 8 19,2,10,,126711,34,0,32 8 19,2,10,,126773,34,0,32 8 19,2,10,,126659,34,0,32 8 19,2,10,,126741,34,0,32 8 19,2,50,,126693,34,0,32 8 19,2,10,,126684,34,0,32 8 19,2,10,,126680,34,0,32 8 19,2,10,,126661,34,0,32 8 19,2,10,,126694,34,0,32 8 19,2,10,,126746,34,0,32 8 19,2,50,,126772,34,0,32 8 19,2,10,,126765,34,0,32 8 19,2,10,,126761,34,0,32 8 19,2,10,,126734,34,0,32 8 19,2,10,,126754,34,0,32 8 19,2,10,,126764,34,0,32 8 19,2,50,,126668,34,0,32 8 19,2,10,,126760,34,0,32 8 19,2,10,,126731,34,0,32 8 19,2,10,,126779,34,0,32 8 19,2,10,,126709,34,0,32 8 19,2,8,,126737,34,0,32 8 19,2,52,,126717,34,0,32 8 19,2,10,,126719,34,0,32 8 19,2,10,,126707,34,0,32 8 19,2,10,,126663,34,0,32 8 19,2,10,,126670,34,0,32 8 19,2,10,,126739,34,0,32 8 19,2,50,,126759,34,0,32 8 19,2,10,,113315,34,0,32 8 19,2,10,,126774,34,0,32 8 19,2,10,,126702,34,0,32 8 19,2,10,,126738,34,0,32 8 19,2,10,,126691,34,0,32 8 19,2,50,,126660,34,0,32 8 19,2,10,,126687,34,0,32 8 19,2,10,,126686,34,0,32 8 19,2,10,,126747,34,0,32 8 19,2,11,,126718,34,0,32 8 19,2,9,,118820,34,0,32 8 19,2,6,,126777,34,0,32 8 19,2,50,,126713,34,0,32 8 19,2,10,,126690,34,0,32 8 19,2,10,,126672,34,0,32 8 19,2,10,,126716,34,0,32 8 19,2,10,,126698,34,0,32 8 19,2,10,,126715,34,0,32 8 19,2,50,,126703,34,0,32 8 19,2,10,,126775,34,0,32 8 19,2,10,,126704,34,0,32 8 19,2,10,,126755,34,0,32 8 19,2,10,,126681,34,0,32 8 19,2,10,,126757,34,0,32 8 19,2,50,,126723,34,0,32 8 19,2,10,,126664,34,0,32 8 19,2,10,,126695,34,0,32 8 19,2,10,,126752,34,0,32 8 19,2,10,,126658,34,0,32 8 19,2,10,,126776,34,0,32 8 19,2,53,,126778,34,0,32 8 19,2,14,,126720,34,0,32 8 19,2
50302,'5',525,,122246,34,0,32 8 19,2,11,,126803,34,0,32 8 19,2,10,,126879,34,0,32 8 19,2,10,,126871,34,0,32 8 19,2,50,,126857,34,0,32 8 19,2,10,,126891,34,0,32 8 19,2,10,,126814,34,0,32 8 19,2,10,,126833,34,0,32 8 19,2,10,,126797,34,0,32 8 19,2,10,,126888,34,0,32 8 19,2,50,,126885,34,0,32 8 19,2,10,,126828,34,0,32 8 19,2,10,,126856,34,0,32 8 19,2,10,,126810,34,0,32 8 19,2,10,,126780,34,0,32 8 19,2,10,,126817,34,0,32 8 19,2,50,,126886,34,0,32 8 19,2,12,,112772,34,0,32 8 19,2,13,,119835,34,0,32 8 19,2,13,,126860,34,0,32 8 19,2,11,,126822,34,0,32 8 19,2,49,,126820,34,0,32 8 19,2,8,,126787,34,0,32 8 19,2,8,,126830,34,0,32 8 19,2,10,,126832,34,0,32 8 19,2,10,,126845,34,0,32 8 19,2,10,,111071,34,0,32 8 19,2,50,,126865,34,0,32 8 19,2,10,,126883,34,0,32 8 19,2,10,,126872,34,0,32 8 19,2,10,,126876,34,0,32 8 19,2,10,,126796,34,0,32 8 19,2,10,,106095,34,0,32 8 19,2,50,,126864,34,0,32 8 19,2,10,,126878,34,0,32 8 19,2,10,,126866,34,0,32 8 19,2,10,,126808,34,0,32 8 19,2,10,,126873,34,0,32 8 19,2,10,,126839,34,0,32 8 19,2,50,,126875,34,0,32 8 19,2,10,,126818,34,0,32 8 19,2,10,,126802,34,0,32 8 19,2,9,,126868,34,0,32 8 19,2,10,,126896,34,0,32 8 19,2,13,,126782,34,0,32 8 19,2,49,,126867,34,0,32 8 19,2,9,,126846,34,0,32 8 19,2,10,,126881,34,0,32 8 19,2,10,,126854,34,0,32 8 19,2,10,,126819,34,0,32 8 19,2,10,,126882,34,0,32 8 19,2,50,,126852,34,0,32 8 19,2,10,,126783,34,0,32 8 19,2,10,,126791,34,0,32 8 19,2,10,,126847,34,0,32 8 19,2,10,,109086,34,0,32 8 19,2,10,,126823,34,0,32 8 19,2,50,,126893,34,0,32 8 19,2,10,,126829,34,0,32 8 19,2,10,,126855,34,0,32 8 19,2,10,,126853,34,0,32 8 19,2,10,,126835,34,0,32 8 19,2,10,,126840,34,0,32 8 19,2,50,,126825,34,0,32 8 19,2,10,,126858,34,0,32 8 19,2,10,,126877,34,0,32 8 19,2,10,,126880,34,0,32 8 19,2,10,,126849,34,0,32 8 19,2,10,,126834,34,0,32 8 19,2,50,,126859,34,0,32 8 19,2,10,,126815,34,0,32 8 19,2,10,,126807,34,0,32 8 19,2,10,,126824,34,0,32 8 19,2,10,,126841,34,0,32 8 19,2,10,,126869,34,0,32 8 19,2,50,,126874,34,0,32 8 19,2,10,,116124,34,0,32 8 19,2,10,,126827,34,0,32 8 19,2,10,,126842,34,0,32 8 19,2,10,,126844,34,0,32 8 19,2,10,,126781,34,0,32 8 19,2,50,,126826,34,0,32 8 19,2,10,,126812,34,0,32 8 19,2,10,,126801,34,0,32 8 19,2,10,,126884,34,0,32 8 19,2,10,,126894,34,0,32 8 19,2,8,,126813,34,0,32 8 19,2,52,,126821,34,0,32 8 19,2,10,,126811,34,0,32 8 19,2,10,,126806,34,0,32 8 19,2,10,,126799,34,0,32 8 19,2,10,,126890,34,0,32 8 19,2,10,,126892,34,0,32 8 19,2,50,,126805,34,0,32 8 19,2,10,,126870,34,0,32 8 19,2,10,,126836,34,0,32 8 19,2,10,,126831,34,0,32 8 19,2,10,,126785,34,0,32 8 19,2,10,,113446,34,0,32 8 19,2,50,,126850,34,0,32 8 19,2,10,,126862,34,0,32 8 19,2,10,,126809,34,0,32 8 19,2,10,,126790,34,0,32 8 19,2,11,,126887,34,0,32 8 19,2,9,,126895,34,0,32 8 19,2,6,,126838,34,0,32 8 19,2,50,,126837,34,0,32 8 19,2,10,,126798,34,0,32 8 19,2,10,,126804,34,0,32 8 19,2,10,,126848,34,0,32 8 19,2,10,,126792,34,0,32 8 19,2,10,,113407,34,0,32 8 19,2,50,,126851,34,0,32 8 19,2,10,,126889,34,0,32 8 19,2,10,,126861,34,0,32 8 19,2,10,,126800,34,0,32 8 19,2,10,,126793,34,0,32 8 19,2,10,,126784,34,0,32 8 19,2,50,,126863,34,0,32 8 19,2,10,,126843,34,0,32 8 19,2,10,,126816,34,0,32 8 19,2,10,,126788,34,0,32 8 19,2,10,,126794,34,0,32 8 19,2,10,,126789,34,0,32 8 19,2,53,,126786,34,0,32 8 19,2,14,,126795,34,0,32 8 19,2
50402,'1',412,,128166,9,0,46 5 41,2,15,,128140,9,0,46 5 41,2,15,,127922,9,0,46 5 41,2,1,,128011,9,0,21,2,9,,128059,9,0,46 5 41,2,5,,128158,9,0,21,2,46,,119188,7,0,46 5 41,2,7,,127965,19,0,21,2,4,,127924,7,0,46 5 41,2,6,,127947,19,0,21,2,4,,127974,7,0,46 5 41,2,6,,127980,19,0,21,2,4,,128139,7,0,46 5 41,2,6,,127950,19,0,21,2,4,,128055,7,0,46 5 41,2,6,,128034,19,0,21,2,4,,128115,7,0,46 5 41,2,46,,127992,19,0,21,2,4,,128179,7,0,46 5 41,2,6,,127993,19,0,21,2,2,,127961,7,0,46 5 41,2,4,,127935,18,0,21,2,6,,128008,7,0,46 5 41,2,4,,128114,18,0,21,2,6,,128178,7,0,46 5 41,2,4,,127916,18,0,21,2,6,,128004,7,0,46 5 41,2,4,,128021,18,0,21,2,6,,128014,7,0,46 5 41,2,2,,128127,9,0,46 5 41,2,2,,127975,18,0,21,2,46,,128110,7,0,46 5 41,2,4,,127963,18,0,21,2,6,,128096,7,0,46 5 41,2,4,,128148,18,0,21,2,6,,128099,7,0,46 5 41,2,2,,128033,9,0,46 5 41,2,3,,128084,18,0,21,2,3,,128098,7,0,46 5 41,2,4,,128154,7,0,46 5 41,2,3,,127970,18,0,21,2,6,,128015,9,0,21,2,3,,128172,7,0,46 5 41,2,1,,128156,18,0,21,2,6,,128135,18,0,21,2,4,,128078,7,0,46 5 41,2,2,,128136,18,0,21,2,44,,128149,7,0,46 5 41,2,3,,128053,18,0,21,2,4,,128180,7,0,46 5 41,2,2,,128176,18,0,21,2,5,,127914,7,0,46 5 41,2,1,,128090,18,0,21,2,8,,127919,7,0,46 5 41,2,5,,128009,18,0,21,2,4,,127979,7,0,46 5 41,2,1,,127997,7,0,17 3 14,2,1,,128039,18,0,21,2,4,,127967,7,0,46 5 41,2,1,,128095,18,0,21,2,7,,128032,7,0,46 5 41,2,5,,127938,7,0,17 3 14,2,0,,127940,18,0,21,2,5,,128113,7,0,46 5 41,2,43,,127978,7,0,17 3 14,2,3,,128126,7,0,46 5 41,2,0,,128075,18,0,21,2,6,,127971,7,0,17 3 14,2,3,,128071,18,0,21,2,3,,128066,7,0,46 5 41,2,2,,127915,7,0,17 3 14,2,3,,128023,18,0,21,2,2,,109715,7,0,46 5 41,2,5,,128047,7,0,46 5 41,2,1,,128079,7,0,17 3 14,2,0,,128018,18,0,21,2,8,,128081,7,0,46 5 41,2,0,,128073,18,0,21,2,8,,127995,18,0,21,2,5,,128117,7,0,46 5 41,2,3,,128100,18,0,21,2,3,,128031,7,0,17 3 14,2,43,,127956,7,0,46 5 41,2,3,,128155,18,0,21,2,6,,127951,7,0,46 5 41,2,2,,128125,18,0,21,2,7,,128182,7,0,46 5 41,2,1,,128130,18,0,21,2,8,,127973,18,0,21,2,5,,128151,7,0,46 5 41,2,3,,128163,18,0,21,2,5,,128042,7,0,46 5 41,2,3,,127912,18,0,21,2,8,,128024,7,0,46 5 41,2,6,,128028,18,0,21,2,45,,128072,7,0,46 5 41,2,4,,128181,18,0,21,2,5,,128083,7,0,46 5 41,2,3,,127958,18,0,21,2,6,,128094,7,0,46 5 41,2,3,,127968,18,0,21,2,6,,128160,7,0,46 5 41,2,4,,127934,18,0,21,2,6,,128169,7,0,46 5 41,2,4,,127953,18,0,21,2,6,,127932,7,0,46 5 41,2,4,,127933,18,0,21,2,6,,128003,7,0,46 5 41,2,44,,127972,18,0,21,2,6,,127923,7,0,46 5 41,2,4,,112931,18,0,21,2,6,,121317,7,0,46 5 41,2,4,,128040,18,0,21,2,6,,128111,7,0,46 5 41,2,4,,128131,18,0,21,2,6,,127999,7,0,46 5 41,2,4,,128157,18,0,21,2,6,,128077,7,0,46 5 41,2,4,,128056,18,0,21,2,6,,128146,7,0,46 5 41,2,44,,128104,18,0,21,2,6,,128122,7,0,46 5 41,2,4,,128112,18,0,21,2,6,,128101,7,0,46 5 41,2,4,,128006,18,0,21,2,6,,128002,7,0,46 5 41,2,4,,128170,18,0,21,2,6,,128000,7,0,46 5 41,2,4,,127960,18,0,21,2,6,,128132,7,0,46 5 41,2,4,,128086,18,0,21,2,6,,128174,7,0,46 5 41,2,44,,128153,18,0,21,2,6,,128069,7,0,46 5 41,2,4,,127910,18,0,21,2,6,,128022,7,0,46 5 41,2,4,,127988,18,0,21,2,6,,128103,7,0,46 5 41,2,5,,128036,18,0,21,2,6,,127982,7,0,46 5 41,2,4,,128017,18,0,21,2,5,,128046,9,0,46 5 41,2,3,,128177,7,0,46 5 41,2,3,,127964,18,0,21,2,45,,127921,9,0,21,2,3,,127930,7,0,46 5 41,2,2,,128106,18,0,21,2,6,,128089,7,0,46 5 41,2,4,,128029,18,0,21,2,6,,128062,7,0,46 5 41,2,4,,127966,18,0,21,2,6,,127981,7,0,46 5 41,2,4,,128161,18,0,21,2,7,,128068,7,0,46 5 41,2,3,,128026,18,0,21,2,7,,127990,7,0,46 5 41,2,4,,128070,18,0,21,2,47,,128064,7,0,46 5 41,2,5,,127948,18,0,21,2,6,,127954,7,0,46 5 41,2,5,,128105,18,0,21,2,6,,127908,7,0,46 5 41,2,4,,128138,18,0,21,2,6,,128061,7,0,46 5 41,2,4,,128184,18,0,21,2,6,,127984,7,0,46 5 41,2,4,,128052,18,0,21,2,6,,127937,7,0,46 5 41,2,4,,128128,18,0,21,2,46,,128063,7,0,46 5 41,2,4,,127977,18,0,21,2,6,,127946,7,0,46 5 41,2,4,,128012,18,0,21,2,6,,127987,7,0,46 5 41,2,4,,128010,18,0,21,2,6,,128067,7,0,46 5 41,2,4,,128143,18,0,21,2,6,,127998,7,0,46 5 41,2,4,,127911,18,0,21,2,6,,128134,7,0,46 5 41,2,4,,128159,18,0,21,2,46,,127943,7,0,46 5 41,2,4,,128150,18,0,21,2,6,,128137,7,0,46 5 41,2,4,,127996,18,0,21,2,6,,128038,7,0,46 5 41,2,4,,128027,18,0,21,2,6,,128025,7,0,46 5 41,2,4,,128050,18,0,21,2,6,,128175,7,0,46 5 41,2,4,,128120,18,0,21,2,6,,128097,7,0,46 5 41,2,4,,128051,18,0,21,2,46,,127986,7,0,46 5 41,2,4,,127928,18,0,21,2,6,,127920,7,0,46 5 41,2,4,,127931,18,0,21,2,5,,127957,7,0,46 5 41,2,4,,128145,18,0,21,2,4,,128183,7,0,46 5 41,2,3,,127929,18,0,21,2,6,,116358,7,0,46 5 41,2,4,,128142,18,0,21,2,6,,127925,7,0,46 5 41,2,3,,122444,18,0,21,2,46,,128152,7,0,46 5 41,2,4,,127976,18,0,21,2,8,,128035,18,0,21,2,3,,128085,7,0,46 5 41,2,5,,128109,18,0,21,2,5,,128013,7,0,46 5 41,2,5,,128133,18,0,21,2,5,,128102,7,0,46 5 41,2,5,,127936,18,0,21,2,5,,127985,7,0,46 5 41,2,4,,128129,18,0,21,2,6,,127949,7,0,46 5 41,2,4,,128123,18,0,21,2,46,,128057,7,0,46 5 41,2,4,,128168,18,0,21,2,6,,127909,7,0,46 5 41,2,4,,128060,18,0,21,2,6,,128121,7,0,46 5 41,2,4,,127969,18,0,21,2,6,,128037,7,0,46 5 41,2,4,,128074,18,0,21,2,6,,128167,7,0,46 5 41,2,4,,127989,18,0,21,2,6,,120533,7,0,46 5 41,2,4,,128108,18,0,21,2,46,,121279,7,0,46 5 41,2,4,,128043,18,0,21,2,6,,128030,7,0,46 5 41,2,4,,127945,18,0,21,2,6,,127991,7,0,46 5 41,2,4,,128054,18,0,21,2,6,,128093,7,0,46 5 41,2,4,,109133,18,0,21,2,6,,128147,7,0,46 5 41,2,4,,127927,18,0,21,2,6,,127952,7,0,46 5 41,2,4,,128058,18,0,21,2,45,,128005,7,0,46 5 41,2,4,,107088,18,0,21,2,6,,127913,7,0,46 5 41,2,4,,128082,18,0,21,2,6,,128065,7,0,46 5 41,2,4,,128107,18,0,21,2,6,,127944,7,0,46 5 41,2,4,,128164,18,0,21,2,6,,127983,7,0,46 5 41,2,4,,128144,18,0,21,2,6,,127959,7,0,46 5 41,2,4,,112201,18,0,21,2,46,,128048,7,0,46 5 41,2,4,,128087,18,0,21,2,6,,127941,7,0,46 5 41,2,4,,114700,18,0,21,2,6,,128141,7,0,46 5 41,2,4,,128092,18,0,21,2,6,,127955,7,0,46 5 41,2,4,,127906,18,0,21,2,6,,128016,7,0,46 5 41,2,4,,128091,18,0,21,2,6,,128044,7,0,46 5 41,2,4,,128045,18,0,21,2,46,,128118,7,0,46 5 41,2,4,,128007,18,0,21,2,6,,128019,7,0,46 5 41,2,4,,128041,18,0,21,2,6,,128080,7,0,46 5 41,2,4,,127918,18,0,21,2,6,,128076,7,0,46 5 41,2,4,,128119,18,0,21,2,6,,127907,7,0,46 5 41,2,4,,128165,18,0,21,2,6,,128185,7,0,46 5 41,2,4,,128020,18,0,21,2,49,,128124,7,0,46 5 41,2,1,,128088,18,0,21,2,10,,128173,18,0,21,2
50402,'2',408,,128353,9,0,46 5 41,2,20,,128215,9,0,46 5 41,2,12,,128386,9,0,46 5 41,2,11,,128216,9,0,21,2,8,,128395,9,0,46 5 41,2,47,,128283,9,0,46 5 41,2,6,,128347,9,0,21,2,4,,128313,9,0,46 5 41,2,5,,128352,19,0,21,2,5,,128206,9,0,46 5 41,2,5,,128414,9,0,46 5 41,2,5,,128424,19,0,21,2,6,,128191,7,0,46 5 41,2,4,,128305,19,0,21,2,6,,128278,7,0,46 5 41,2,4,,128205,19,0,21,2,46,,128245,7,0,46 5 41,2,4,,128370,19,0,21,2,6,,128420,7,0,46 5 41,2,4,,128190,18,0,21,2,6,,128324,7,0,46 5 41,2,4,,128194,18,0,21,2,6,,128307,7,0,46 5 41,2,4,,128434,18,0,21,2,6,,128356,7,0,46 5 41,2,5,,128392,9,0,21,2,4,,128437,18,0,21,2,6,,128255,7,0,46 5 41,2,44,,128431,18,0,21,2,6,,128421,7,0,46 5 41,2,4,,128203,18,0,21,2,6,,128275,7,0,46 5 41,2,4,,128423,18,0,21,2,6,,128217,7,0,46 5 41,2,4,,128343,18,0,21,2,6,,128426,7,0,46 5 41,2,4,,128379,18,0,21,2,6,,128355,7,0,46 5 41,2,4,,128235,18,0,21,2,6,,128224,7,0,46 5 41,2,44,,128397,18,0,21,2,5,,128319,7,0,46 5 41,2,4,,128213,7,0,46 5 41,2,1,,128281,18,0,21,2,9,,128258,7,0,46 5 41,2,1,,128303,18,0,21,2,9,,128333,7,0,46 5 41,2,4,,128336,18,0,21,2,7,,128357,7,0,46 5 41,2,4,,128223,18,0,21,2,6,,128265,7,0,46 5 41,2,4,,128233,9,0,21,2,2,,128301,18,0,21,2,47,,128308,7,0,46 5 41,2,6,,128198,18,0,21,2,5,,128257,7,0,46 5 41,2,6,,128439,7,0,46 5 41,2,4,,128385,18,0,21,2,6,,128354,7,0,46 5 41,2,4,,128328,9,0,21,2,3,,128212,18,0,21,2,6,,114821,7,0,46 5 41,2,5,,128329,18,0,21,2,6,,128289,7,0,46 5 41,2,4,,128219,18,0,21,2,46,,128264,7,0,46 5 41,2,4,,128342,18,0,21,2,6,,128274,7,0,46 5 41,2,4,,128376,18,0,21,2,6,,128228,7,0,46 5 41,2,4,,128335,18,0,21,2,6,,128292,7,0,46 5 41,2,4,,128244,18,0,21,2,6,,128330,7,0,46 5 41,2,4,,128433,18,0,21,2,6,,128200,7,0,46 5 41,2,4,,128276,18,0,21,2,46,,128432,7,0,46 5 41,2,4,,128348,18,0,21,2,6,,128218,7,0,46 5 41,2,4,,128268,18,0,21,2,5,,128411,7,0,46 5 41,2,5,,128249,18,0,21,2,5,,128340,7,0,46 5 41,2,3,,113189,9,0,46 5 41,2,2,,128294,18,0,21,2,6,,128243,7,0,46 5 41,2,4,,128399,18,0,21,2,6,,128248,7,0,46 5 41,2,4,,128261,18,0,21,2,47,,128371,7,0,46 5 41,2,6,,128408,18,0,21,2,6,,128346,7,0,46 5 41,2,4,,128208,18,0,21,2,6,,128295,7,0,46 5 41,2,4,,128322,18,0,21,2,6,,128293,7,0,46 5 41,2,4,,128238,18,0,21,2,6,,128440,7,0,46 5 41,2,4,,128417,18,0,21,2,6,,128359,7,0,46 5 41,2,44,,128345,18,0,21,2,6,,128362,7,0,46 5 41,2,4,,128266,18,0,21,2,6,,128398,7,0,46 5 41,2,4,,128375,18,0,21,2,6,,128430,7,0,46 5 41,2,4,,128298,18,0,21,2,5,,128250,7,0,46 5 41,2,2,,128396,18,0,21,2,5,,122692,7,0,46 5 41,2,2,,128201,18,0,21,2,8,,128273,7,0,46 5 41,2,46,,128220,18,0,21,2,2,,128230,9,0,21,2,5,,128246,7,0,46 5 41,2,3,,128337,18,0,21,2,6,,128222,7,0,46 5 41,2,4,,128247,18,0,21,2,6,,128269,7,0,46 5 41,2,4,,128438,18,0,21,2,6,,128260,7,0,46 5 41,2,4,,128358,18,0,21,2,6,,128207,7,0,46 5 41,2,4,,128349,18,0,21,2,6,,128361,7,0,46 5 41,2,44,,128419,18,0,21,2,6,,128321,7,0,46 5 41,2,4,,128271,18,0,21,2,6,,128221,7,0,46 5 41,2,4,,128360,18,0,21,2,6,,128189,7,0,46 5 41,2,4,,128350,18,0,21,2,6,,128188,7,0,46 5 41,2,4,,128326,18,0,21,2,6,,128197,7,0,46 5 41,2,4,,128427,18,0,21,2,6,,128287,7,0,46 5 41,2,44,,128232,18,0,21,2,6,,128381,7,0,46 5 41,2,4,,128225,18,0,21,2,6,,128393,7,0,46 5 41,2,4,,128270,18,0,21,2,6,,128365,7,0,46 5 41,2,4,,128442,18,0,21,2,6,,128318,7,0,46 5 41,2,4,,128380,18,0,21,2,6,,128291,7,0,46 5 41,2,4,,128254,18,0,21,2,6,,128296,7,0,46 5 41,2,44,,128210,18,0,21,2,6,,128400,7,0,46 5 41,2,4,,128388,18,0,21,2,6,,128367,7,0,46 5 41,2,4,,128387,18,0,21,2,6,,128332,7,0,46 5 41,2,4,,128286,18,0,21,2,6,,128409,7,0,46 5 41,2,4,,116674,18,0,21,2,6,,128323,7,0,46 5 41,2,4,,128312,18,0,21,2,6,,128410,7,0,46 5 41,2,44,,128404,18,0,21,2,6,,128267,7,0,46 5 41,2,4,,128368,18,0,21,2,6,,128290,7,0,46 5 41,2,4,,128429,18,0,21,2,6,,128309,7,0,46 5 41,2,4,,128302,18,0,21,2,6,,128435,7,0,46 5 41,2,4,,128253,18,0,21,2,6,,128240,7,0,46 5 41,2,4,,128364,18,0,21,2,4,,114050,7,0,46 5 41,2,3,,128384,18,0,21,2,46,,128418,7,0,46 5 41,2,4,,128338,18,0,21,2,6,,128192,7,0,46 5 41,2,4,,128366,18,0,21,2,6,,128277,7,0,46 5 41,2,4,,128196,18,0,21,2,6,,128284,7,0,46 5 41,2,4,,128311,18,0,21,2,6,,128402,7,0,46 5 41,2,4,,128369,18,0,21,2,5,,128259,7,0,46 5 41,2,3,,128236,18,0,21,2,47,,128314,7,0,46 5 41,2,1,,128299,18,0,21,2,8,,128401,18,0,21,2,4,,128229,7,0,46 5 41,2,6,,128199,18,0,21,2,4,,128310,7,0,46 5 41,2,6,,128436,18,0,21,2,6,,128226,7,0,46 5 41,2,4,,110635,18,0,21,2,6,,128407,7,0,46 5 41,2,4,,128390,18,0,21,2,6,,128425,7,0,46 5 41,2,44,,128280,18,0,21,2,6,,128304,7,0,46 5 41,2,4,,128443,18,0,21,2,6,,128428,7,0,46 5 41,2,4,,128204,18,0,21,2,6,,128316,7,0,46 5 41,2,4,,128195,18,0,21,2,6,,128403,7,0,46 5 41,2,4,,128282,18,0,21,2,6,,120814,7,0,46 5 41,2,4,,128320,18,0,21,2,6,,128263,7,0,46 5 41,2,44,,128300,18,0,21,2,6,,128416,7,0,46 5 41,2,4,,128341,18,0,21,2,6,,128256,7,0,46 5 41,2,4,,128373,18,0,21,2,6,,128187,7,0,46 5 41,2,4,,128317,18,0,21,2,6,,128391,7,0,46 5 41,2,4,,128297,18,0,21,2,6,,128306,7,0,46 5 41,2,4,,118503,18,0,21,2,6,,128413,7,0,46 5 41,2,44,,128374,18,0,21,2,6,,128383,7,0,46 5 41,2,4,,128406,18,0,21,2,6,,128202,7,0,46 5 41,2,3,,128285,18,0,21,2,6,,128237,7,0,46 5 41,2,4,,128242,18,0,21,2,7,,128382,7,0,46 5 41,2,5,,128378,18,0,21,2,6,,128209,7,0,46 5 41,2,4,,128272,18,0,21,2,6,,128405,7,0,46 5 41,2,44,,128412,18,0,21,2,6,,128231,7,0,46 5 41,2,4,,128214,18,0,21,2,6,,128389,7,0,46 5 41,2,4,,128377,18,0,21,2,6,,128363,7,0,46 5 41,2,4,,128315,18,0,21,2,6,,128227,7,0,46 5 41,2,4,,128193,18,0,21,2,6,,128372,7,0,46 5 41,2,4,,122913,18,0,21,2,6,,128241,7,0,46 5 41,2,44,,128251,18,0,21,2,6,,128339,7,0,46 5 41,2,4,,128279,18,0,21,2,6,,128334,7,0,46 5 41,2,4,,128239,18,0,21,2,6,,128344,7,0,46 5 41,2,4,,128262,18,0,21,2,6,,128234,7,0,46 5 41,2,4,,128327,18,0,21,2,6,,128186,7,0,46 5 41,2,4,,121645,18,0,21,2,6,,128331,7,0,46 5 41,2,44,,128394,18,0,21,2,6,,128415,7,0,46 5 41,2,4,,128441,18,0,21,2,6,,128422,7,0,46 5 41,2
50402,'3',743,,128655,7,0,46 5 41,2,14,,128620,7,0,46 5 41,2,54,,128578,7,0,46 5 41,2,14,,128587,7,0,46 5 41,2,6,,128575,18,0,21,2,8,,128628,7,0,46 5 41,2,2,,128457,9,0,21,2,2,,128653,9,0,46 5 41,2,2,,128641,18,0,21,2,8,,128496,7,0,46 5 41,2,1,,128464,18,0,21,2,5,,123097,9,0,46 5 41,2,43,,128469,18,0,21,2,6,,128569,7,0,46 5 41,2,10,,128527,7,0,46 5 41,2,1,,128624,18,0,21,2,9,,128495,7,0,46 5 41,2,3,,128538,9,0,21,2,2,,128483,18,0,21,2,5,,128543,7,0,46 5 41,2,3,,128525,18,0,21,2,7,,128485,7,0,46 5 41,2,1,,128590,18,0,21,2,9,,128640,7,0,46 5 41,2,46,,128584,18,0,21,2,4,,128541,7,0,46 5 41,2,4,,128492,18,0,21,2,6,,128534,7,0,46 5 41,2,6,,128481,18,0,21,2,4,,128656,7,0,46 5 41,2,8,,128617,18,0,21,2,2,,128601,7,0,46 5 41,2,8,,128505,18,0,21,2,2,,128625,7,0,46 5 41,2,8,,128544,18,0,21,2,2,,128592,7,0,46 5 41,2,48,,128646,18,0,21,2,2,,128529,7,0,46 5 41,2,8,,128521,18,0,21,2,2,,128591,7,0,46 5 41,2,8,,128517,18,0,21,2,2,,128454,7,0,46 5 41,2,8,,128607,18,0,21,2,2,,128622,7,0,46 5 41,2,8,,128644,18,0,21,2,2,,128528,7,0,46 5 41,2,8,,128645,18,0,21,2,2,,128545,7,0,46 5 41,2,48,,128506,18,0,21,2,2,,128612,7,0,46 5 41,2,8,,128547,18,0,21,2,2,,128452,7,0,46 5 41,2,8,,128598,18,0,21,2,2,,128563,7,0,46 5 41,2,8,,128473,18,0,21,2,2,,128651,7,0,46 5 41,2,8,,128610,18,0,21,2,2,,128635,7,0,46 5 41,2,8,,128524,18,0,21,2,2,,128565,7,0,46 5 41,2,50,,128549,7,0,46 5 41,2,1,,128458,18,0,21,2,9,,128461,7,0,46 5 41,2,4,,128613,9,0,21,2,1,,128502,18,0,21,2,5,,128456,7,0,46 5 41,2,6,,128581,18,0,21,2,4,,128554,7,0,46 5 41,2,6,,128603,18,0,21,2,4,,128536,7,0,46 5 41,2,6,,128654,18,0,21,2,4,,128593,7,0,46 5 41,2,46,,128631,18,0,21,2,4,,128555,7,0,46 5 41,2,6,,128661,18,0,21,2,4,,128498,7,0,46 5 41,2,6,,128642,18,0,21,2,4,,128579,7,0,46 5 41,2,6,,128539,18,0,21,2,4,,123195,7,0,46 5 41,2,6,,128477,18,0,21,2,4,,128632,7,0,46 5 41,2,6,,128553,18,0,21,2,4,,128576,7,0,46 5 41,2,46,,128540,18,0,21,2,4,,128444,7,0,46 5 41,2,6,,128526,18,0,21,2,4,,128512,7,0,46 5 41,2,6,,128566,18,0,21,2,4,,128658,7,0,46 5 41,2,6,,128648,18,0,21,2,4,,128647,7,0,46 5 41,2,6,,128499,18,0,21,2,4,,128520,7,0,46 5 41,2,6,,128445,18,0,21,2,4,,128462,7,0,46 5 41,2,46,,128533,18,0,21,2,4,,128467,7,0,46 5 41,2,6,,128453,18,0,21,2,4,,128604,7,0,46 5 41,2,6,,128488,18,0,21,2,4,,128471,7,0,46 5 41,2,6,,128595,18,0,21,2,4,,128459,7,0,46 5 41,2,6,,128465,18,0,21,2,4,,128608,7,0,46 5 41,2,6,,128614,18,0,21,2,4,,128638,7,0,46 5 41,2,46,,128602,18,0,21,2,4,,128571,7,0,46 5 41,2,6,,128448,18,0,21,2,4,,128518,7,0,46 5 41,2,6,,128594,18,0,21,2,4,,128551,7,0,46 5 41,2,6,,128562,18,0,21,2,4,,128582,7,0,46 5 41,2,6,,128600,18,0,21,2,4,,128572,7,0,46 5 41,2,6,,109998,18,0,21,2,4,,128509,7,0,46 5 41,2,46,,128605,18,0,21,2,4,,128630,7,0,46 5 41,2,6,,128650,18,0,21,2,4,,128489,7,0,46 5 41,2,6,,128519,18,0,21,2,4,,128629,7,0,46 5 41,2,6,,128470,18,0,21,2,4,,128494,7,0,46 5 41,2,6,,128475,18,0,21,2,4,,128577,7,0,46 5 41,2,6,,128447,18,0,21,2,46,,128596,7,0,46 5 41,2,4,,128546,18,0,21,2,6,,128561,7,0,46 5 41,2,4,,128643,18,0,21,2,6,,128626,7,0,46 5 41,2,3,,128597,18,0,21,2,7,,128532,7,0,46 5 41,2,3,,128557,18,0,21,2,7,,128522,7,0,46 5 41,2,3,,128482,18,0,21,2,7,,128500,7,0,46 5 41,2,3,,128501,18,0,21,2,47,,128479,7,0,46 5 41,2,3,,128560,18,0,21,2,7,,128611,7,0,46 5 41,2,1,,128487,18,0,21,2,9,,128476,7,0,46 5 41,2,0,,128460,18,0,21,2,10,,128451,7,0,46 5 41,2,0,,128637,18,0,21,2,10,,128606,7,0,46 5 41,2,0,,128550,18,0,21,2,10,,128586,7,0,46 5 41,2,0,,128514,18,0,21,2,50,,128583,7,0,46 5 41,2,0,,128486,18,0,21,2,10,,128570,7,0,46 5 41,2,0,,128446,18,0,21,2,10,,128537,7,0,46 5 41,2,0,,128523,18,0,21,2,10,,128599,7,0,46 5 41,2,0,,128542,18,0,21,2,10,,128623,7,0,46 5 41,2,0,,128468,18,0,21,2,10,,128531,7,0,46 5 41,2,0,,128580,18,0,21,2,50,,128556,7,0,46 5 41,2,0,,128455,18,0,21,2,10,,128515,18,0,21,2,3,,128574,7,0,46 5 41,2,7,,114195,18,0,21,2,3,,120270,7,0,46 5 41,2,7,,128585,18,0,21,2,3,,128511,7,0,46 5 41,2,7,,128633,18,0,21,2,3,,115145,7,0,46 5 41,2,7,,128507,18,0,21,2,3,,128516,7,0,46 5 41,2,47,,128490,18,0,21,2,3,,128503,7,0,46 5 41,2,7,,128466,18,0,21,2,3,,128510,7,0,46 5 41,2,6,,128657,18,0,21,2,4,,128652,7,0,46 5 41,2,6,,128619,18,0,21,2,4,,128474,7,0,46 5 41,2,6,,128530,18,0,21,2,4,,128504,7,0,46 5 41,2,6,,128513,18,0,21,2,4,,128573,7,0,46 5 41,2,6,,128508,18,0,21,2,44,,128568,7,0,46 5 41,2,6,,128558,18,0,21,2,4,,128564,7,0,46 5 41,2,6,,128478,18,0,21,2,4,,128660,7,0,46 5 41,2,6,,128567,18,0,21,2,4,,128535,7,0,46 5 41,2,6,,128659,18,0,21,2,4,,128618,7,0,46 5 41,2,6,,128463,18,0,21,2,4,,128449,7,0,46 5 41,2,6,,117483,18,0,21,2,44,,128472,7,0,46 5 41,2,6,,128634,18,0,21,2,4,,128497,7,0,46 5 41,2,6,,128493,18,0,21,2,4,,128621,7,0,46 5 41,2,6,,128627,18,0,21,2,4,,128548,7,0,46 5 41,2,6,,128588,18,0,21,2,4,,128589,7,0,46 5 41,2,6,,128616,18,0,21,2,4,,128649,7,0,46 5 41,2,6,,128636,18,0,21,2,44,,128609,7,0,46 5 41,2,6,,128450,18,0,21,2,4,,128639,7,0,46 5 41,2,6,,118762,18,0,21,2,4,,128491,7,0,46 5 41,2,6,,128559,18,0,21,2,4,,128615,7,0,46 5 41,2
50402,'5',436,,128695,9,0,46 5 41,2,14,,128845,9,0,46 5 41,2,7,,128740,9,0,21,2,47,,128816,9,0,46 5 41,2,7,,128854,9,0,21,2,5,,128704,9,0,46 5 41,2,4,,128885,18,0,21,2,12,,128843,7,0,46 5 41,2,5,,128903,9,0,21,2,4,,128803,18,0,21,2,5,,128665,9,0,46 5 41,2,5,,128865,7,0,46 5 41,2,6,,128672,19,0,21,2,48,,128714,7,0,46 5 41,2,6,,128799,19,0,21,2,8,,128758,7,0,46 5 41,2,6,,128916,18,0,21,2,8,,128829,7,0,46 5 41,2,6,,128693,18,0,21,2,8,,128713,7,0,46 5 41,2,6,,128744,18,0,21,2,48,,128703,7,0,46 5 41,2,6,,128805,18,0,21,2,8,,128867,7,0,46 5 41,2,6,,128687,18,0,21,2,8,,128725,7,0,46 5 41,2,6,,128820,18,0,21,2,8,,128728,7,0,46 5 41,2,6,,128787,18,0,21,2,8,,128807,7,0,46 5 41,2,46,,128755,18,0,21,2,8,,128909,7,0,46 5 41,2,6,,128768,18,0,21,2,8,,128732,7,0,46 5 41,2,6,,128840,18,0,21,2,8,,128731,7,0,46 5 41,2,1,,128792,9,0,21,2,3,,128712,9,0,46 5 41,2,2,,128681,18,0,21,2,8,,128692,7,0,46 5 41,2,1,,128698,18,0,21,2,5,,128844,9,0,46 5 41,2,43,,128773,18,0,21,2,6,,128890,7,0,46 5 41,2,10,,128869,7,0,46 5 41,2,1,,128832,18,0,21,2,9,,128879,7,0,46 5 41,2,3,,128674,9,0,21,2,2,,128831,18,0,21,2,5,,128757,7,0,46 5 41,2,3,,128824,18,0,21,2,7,,128702,7,0,46 5 41,2,1,,128708,18,0,21,2,9,,128876,7,0,46 5 41,2,46,,128752,18,0,21,2,4,,128748,7,0,46 5 41,2,4,,128781,18,0,21,2,6,,128795,7,0,46 5 41,2,6,,128682,18,0,21,2,4,,128872,7,0,46 5 41,2,8,,128689,18,0,21,2,2,,128870,7,0,46 5 41,2,8,,128798,18,0,21,2,2,,128859,7,0,46 5 41,2,8,,128852,18,0,21,2,2,,128745,7,0,46 5 41,2,48,,128835,18,0,21,2,2,,128855,7,0,46 5 41,2,8,,128754,18,0,21,2,2,,128751,7,0,46 5 41,2,8,,128819,18,0,21,2,2,,128911,7,0,46 5 41,2,8,,128668,18,0,21,2,2,,128701,7,0,46 5 41,2,8,,128847,18,0,21,2,2,,128871,7,0,46 5 41,2,8,,128886,18,0,21,2,2,,128683,7,0,46 5 41,2,48,,128730,18,0,21,2,2,,128739,7,0,46 5 41,2,8,,128893,18,0,21,2,2,,128664,7,0,46 5 41,2,8,,128678,18,0,21,2,2,,128900,7,0,46 5 41,2,8,,128907,18,0,21,2,2,,128826,7,0,46 5 41,2,8,,128875,18,0,21,2,2,,128700,7,0,46 5 41,2,8,,128747,18,0,21,2,2,,128790,7,0,46 5 41,2,50,,128694,7,0,46 5 41,2,1,,128671,18,0,21,2,9,,128810,7,0,46 5 41,2,4,,128862,9,0,21,2,1,,128779,18,0,21,2,5,,128817,7,0,46 5 41,2,6,,128783,18,0,21,2,4,,115270,7,0,46 5 41,2,6,,128721,18,0,21,2,4,,128764,7,0,46 5 41,2,6,,128812,18,0,21,2,4,,128889,7,0,46 5 41,2,46,,128761,18,0,21,2,4,,128828,7,0,46 5 41,2,6,,128866,18,0,21,2,4,,128848,7,0,46 5 41,2,6,,128785,18,0,21,2,4,,128735,7,0,46 5 41,2,6,,128759,18,0,21,2,4,,128777,7,0,46 5 41,2,6,,128837,18,0,21,2,4,,128686,7,0,46 5 41,2,6,,128697,18,0,21,2,4,,128719,7,0,46 5 41,2,46,,128834,18,0,21,2,4,,115442,7,0,46 5 41,2,6,,128716,18,0,21,2,4,,116968,7,0,46 5 41,2,6,,128913,18,0,21,2,4,,128711,7,0,46 5 41,2,6,,128796,18,0,21,2,4,,128823,7,0,46 5 41,2,6,,128767,18,0,21,2,4,,128814,7,0,46 5 41,2,6,,128718,18,0,21,2,4,,128786,7,0,46 5 41,2,46,,128858,18,0,21,2,4,,128801,7,0,46 5 41,2,6,,128723,18,0,21,2,4,,128746,7,0,46 5 41,2,6,,128669,18,0,21,2,4,,128811,7,0,46 5 41,2,6,,128906,18,0,21,2,4,,128809,7,0,46 5 41,2,6,,128775,18,0,21,2,4,,128873,7,0,46 5 41,2,6,,128842,18,0,21,2,4,,128806,7,0,46 5 41,2,46,,128897,18,0,21,2,4,,128863,7,0,46 5 41,2,6,,128898,18,0,21,2,4,,128690,7,0,46 5 41,2,6,,128838,18,0,21,2,4,,128878,7,0,46 5 41,2,6,,128793,18,0,21,2,4,,128830,7,0,46 5 41,2,6,,128813,18,0,21,2,4,,128738,7,0,46 5 41,2,6,,128891,18,0,21,2,4,,128788,7,0,46 5 41,2,46,,128915,18,0,21,2,4,,128800,7,0,46 5 41,2,6,,128706,18,0,21,2,4,,128904,7,0,46 5 41,2,6,,128778,18,0,21,2,4,,128864,7,0,46 5 41,2,6,,128742,18,0,21,2,4,,128724,7,0,46 5 41,2,6,,128895,18,0,21,2,4,,128868,7,0,46 5 41,2,6,,128883,18,0,21,2,46,,128741,7,0,46 5 41,2,4,,128736,18,0,21,2,6,,128912,7,0,46 5 41,2,4,,128881,18,0,21,2,6,,128772,7,0,46 5 41,2,3,,128774,18,0,21,2,7,,128887,7,0,46 5 41,2,3,,128766,18,0,21,2,7,,128815,7,0,46 5 41,2,3,,128839,18,0,21,2,7,,128841,7,0,46 5 41,2,3,,128880,18,0,21,2,47,,128734,7,0,46 5 41,2,3,,128727,18,0,21,2,7,,128910,7,0,46 5 41,2,1,,128753,18,0,21,2,9,,128685,7,0,46 5 41,2,0,,128770,18,0,21,2,10,,128789,7,0,46 5 41,2,0,,128676,18,0,21,2,10,,128861,7,0,46 5 41,2,0,,128726,18,0,21,2,10,,128905,7,0,46 5 41,2,0,,128901,18,0,21,2,50,,128763,7,0,46 5 41,2,0,,128822,18,0,21,2,10,,128808,7,0,46 5 41,2,0,,128666,18,0,21,2,10,,128884,7,0,46 5 41,2,0,,128899,18,0,21,2,10,,128804,7,0,46 5 41,2,0,,128818,18,0,21,2,10,,128760,7,0,46 5 41,2,0,,128794,18,0,21,2,10,,128853,7,0,46 5 41,2,0,,128765,18,0,21,2,50,,128892,7,0,46 5 41,2,0,,128771,18,0,21,2,10,,128833,18,0,21,2,3,,128888,7,0,46 5 41,2,7,,128699,18,0,21,2,3,,128667,7,0,46 5 41,2,7,,128662,18,0,21,2,3,,128749,7,0,46 5 41,2,7,,128717,18,0,21,2,3,,128851,7,0,46 5 41,2,7,,128743,18,0,21,2,3,,128769,7,0,46 5 41,2,47,,128850,18,0,21,2,3,,128663,7,0,46 5 41,2,7,,128729,18,0,21,2,3,,128762,7,0,46 5 41,2,6,,128696,18,0,21,2,4,,128894,7,0,46 5 41,2,6,,128688,18,0,21,2,4,,128670,7,0,46 5 41,2,6,,128821,18,0,21,2,4,,128856,7,0,46 5 41,2,6,,128902,18,0,21,2,4,,128877,7,0,46 5 41,2,6,,128860,18,0,21,2,44,,128827,7,0,46 5 41,2,6,,128908,18,0,21,2,4,,128680,7,0,46 5 41,2,6,,128846,18,0,21,2,4,,128896,7,0,46 5 41,2,6,,128720,18,0,21,2,4,,128784,7,0,46 5 41,2,6,,128705,18,0,21,2,4,,128782,7,0,46 5 41,2,6,,128756,18,0,21,2,4,,128857,7,0,46 5 41,2,6,,128917,18,0,21,2,44,,128707,7,0,46 5 41,2,6,,128675,18,0,21,2,4,,128802,7,0,46 5 41,2,6,,128780,18,0,21,2,4,,128691,7,0,46 5 41,2,6,,128710,18,0,21,2,4,,128673,7,0,46 5 41,2,6,,128715,18,0,21,2,4,,128722,7,0,46 5 41,2,6,,128776,18,0,21,2,4,,128684,7,0,46 5 41,2,6,,128882,18,0,21,2,44,,128874,7,0,46 5 41,2,6,,128737,18,0,21,2,4,,128836,7,0,46 5 41,2,6,,128797,18,0,21,2,4,,128677,7,0,46 5 41,2,6,,128849,18,0,21,2,4,,128750,7,0,46 5 41,2
50802,'1',1633,,133769,7,0,17,2,20,,133765,7,0,17,2,50,,133772,7,0,17,2,10,,133768,7,0,17,2,10,,133777,7,0,17,2,10,,133776,7,0,17,2,20,,133771,7,0,17,2
