31003,'1',2528,,92118,2,0,18 7,2,10,,92119,2,0,18 7,2,9,,92113,2,0,19,2,8,,92122,2,0,18 7,2,60,,92117,2,0,18 7,2,20,,88356,2,0,18 7,2,20,,92123,2,0,18 7,2,60,,92112,2,0,18 7,2,20,,92116,2,0,18 7,2,20,,92124,2,0,18 7,2,60,,76842,2,0,18 7,2,20,,92120,2,0,18 7,2,20,,92114,2,0,18 7,2,60,,92121,2,0,18 7,2,20,,92115,2,0,19,2
31003,'2',2534,,92136,2,0,18 7,2,10,,92134,2,0,19,2,13,,92130,2,0,18 7,2,55,,92135,2,0,18 7,2,20,,92133,2,0,18 7,2,20,,92129,2,0,18 7,2,60,,92126,2,0,18 7,2,20,,92127,2,0,18 7,2,20,,92128,2,0,18 7,2,60,,92131,2,0,18 7,2,20,,92125,2,0,18 7,2,20,,92132,2,0,18 7,2,60,,80909,2,0,18 7,2
31003,'3',526,,92161,2,0,18 7,2,16,,92137,2,0,18 7,2,15,,92138,2,0,18 7,2,55,,92160,2,0,18 7,2,15,,92147,2,0,18 7,2,15,,92159,2,0,18 7,2,15,,92144,2,0,18 7,2,55,,92139,2,0,18 7,2,15,,92162,2,0,18 7,2,1795,,92140,2,0,19,2,10,,92156,2,0,18 7,2,10,,92154,2,0,19,2,10,,92148,2,0,18 7,2,60,,92157,2,0,18 7,2,20,,92153,2,0,18 7,2,20,,92155,2,0,18 7,2,60,,92143,2,0,18 7,2,20,,92149,2,0,18 7,2,20,,92150,2,0,18 7,2,60,,92145,2,0,18 7,2,20,,92151,2,0,18 7,2,20,,92152,2,0,18 7,2,60,,92141,2,0,18 7,2
31003,'5',2522,,92170,2,0,19,2,10,,92169,2,0,18 7,2,10,,92167,2,0,19,2,10,,92168,2,0,18 7,2,60,,92171,2,0,18 7,2,20,,92164,2,0,18 7,2,20,,92173,2,0,18 7,2,60,,92176,2,0,18 7,2,20,,92172,2,0,18 7,2,20,,92166,2,0,18 7,2,60,,92175,2,0,18 7,2,20,,92165,2,0,18 7,2,20,,92174,2,0,18 7,2,60,,92177,2,0,18 7,2
50902,'1',608,,88191,2,0,20,2,10,,101997,2,0,20,2,10,,102038,2,0,20,2,10,,101976,2,0,20,2,10,,101974,2,0,20,2,10,,102030,2,0,20,2,50,,101946,2,0,20,2,10,,102015,2,0,20,2,11,,102019,2,0,20,2,9,,101980,2,0,20,2,9,,102035,2,0,20,2,9,,102006,2,0,20,2,49,,102000,2,0,20,2,9,,102045,2,0,20,2,9,,101967,2,0,20,2,9,,101929,2,0,20,2,9,,101940,2,0,20,2,9,,102009,2,0,20,2,9,,102011,2,0,20,2,49,,101955,2,0,20,2,9,,68748,2,0,20,2,9,,102036,2,0,20,2,9,,101932,2,0,20,2,9,,101986,2,0,20,2,9,,86487,2,0,20,2,49,,101941,2,0,20,2,9,,101958,2,0,20,2,9,,102040,2,0,20,2,9,,101937,2,0,20,2,9,,101975,2,0,20,2,9,,101950,2,0,20,2,9,,101983,2,0,20,2,49,,102012,2,0,20,2,9,,101965,2,0,20,2,9,,101948,2,0,20,2,9,,101953,2,0,20,2,9,,101925,2,0,20,2,9,,101934,2,0,20,2,9,,102032,2,0,20,2,49,,102048,2,0,20,2,9,,101994,2,0,20,2,9,,102046,2,0,20,2,9,,101939,2,0,20,2,9,,101947,2,0,20,2,9,,101993,2,0,20,2,49,,102004,2,0,20,2,9,,102043,2,0,20,2,9,,101982,2,0,20,2,9,,101963,2,0,20,2,9,,101995,2,0,20,2,9,,101990,2,0,20,2,9,,101989,2,0,20,2,49,,89041,2,0,20,2,9,,101927,2,0,20,2,9,,101968,2,0,20,2,9,,101935,2,0,20,2,9,,101931,2,0,20,2,10,,101985,2,0,20,2,49,,101998,2,0,20,2,9,,101942,2,0,20,2,9,,101979,2,0,20,2,9,,102016,2,0,20,2,9,,101949,2,0,20,2,9,,102020,2,0,20,2,9,,102021,2,0,20,2,49,,101992,2,0,20,2,9,,101962,2,0,20,2,9,,102014,2,0,20,2,9,,102003,2,0,20,2,9,,101969,2,0,20,2,9,,101996,2,0,20,2,9,,101954,2,0,20,2,49,,101966,2,0,20,2,9,,101981,2,0,20,2,9,,102029,2,0,20,2,9,,101938,2,0,20,2,9,,101964,2,0,20,2,9,,101984,2,0,20,2,49,,102047,2,0,20,2,9,,102022,2,0,20,2,9,,101970,2,0,20,2,9,,101959,2,0,20,2,9,,102018,2,0,20,2,7,,102001,2,0,20,2,9,,101924,2,0,20,2,49,,101956,2,0,20,2,9,,102027,2,0,20,2,9,,101951,2,0,20,2,10,,101971,2,0,20,2,10,,101973,2,0,20,2,10,,102005,2,0,20,2,10,,101991,2,0,20,2,50,,101926,2,0,20,2,10,,101943,2,0,20,2,10,,102002,2,0,20,2,10,,102031,2,0,20,2,10,,101977,2,0,20,2,10,,102041,2,0,20,2,50,,102010,2,0,20,2,10,,102008,2,0,20,2,10,,102023,2,0,20,2,10,,101988,2,0,20,2,10,,101936,2,0,20,2,10,,102017,2,0,20,2,48,,102024,2,0,20,2,10,,102039,2,0,20,2,10,,102033,2,0,20,2,10,,83764,2,0,20,2,10,,102007,2,0,20,2,10,,102013,2,0,20,2,50,,101999,2,0,20,2,10,,102037,2,0,20,2,10,,101978,2,0,20,2,10,,101957,2,0,20,2,10,,102034,2,0,20,2,10,,102042,2,0,20,2,50,,101930,2,0,20,2,10,,101945,2,0,20,2,10,,102028,2,0,20,2,10,,101961,2,0,20,2,10,,101960,2,0,20,2,10,,102025,2,0,20,2,50,,101972,2,0,20,2,10,,101952,2,0,20,2
50902,'2',606,,102178,2,0,20,2,10,,102096,2,0,20,2,10,,102114,2,0,20,2,10,,102086,2,0,20,2,10,,102216,2,0,20,2,10,,102204,2,0,20,2,50,,102058,2,0,20,2,10,,88428,2,0,20,2,10,,102141,2,0,20,2,10,,102050,2,0,20,2,10,,102075,2,0,20,2,10,,102060,2,0,20,2,50,,102210,2,0,20,2,11,,102080,2,0,20,2,11,,102066,2,0,20,2,10,,102136,2,0,20,2,10,,102147,2,0,20,2,10,,102142,2,0,20,2,50,,102179,2,0,20,2,10,,102202,2,0,20,2,10,,102087,2,0,20,2,10,,102081,2,0,20,2,10,,102083,2,0,20,2,10,,102068,2,0,20,2,50,,102197,2,0,20,2,10,,102051,2,0,20,2,10,,102165,2,0,20,2,10,,102200,2,0,20,2,10,,102188,2,0,20,2,10,,102105,2,0,20,2,50,,102067,2,0,20,2,10,,102063,2,0,20,2,10,,102151,2,0,20,2,10,,102106,2,0,20,2,10,,102174,2,0,20,2,10,,102215,2,0,20,2,50,,102173,2,0,20,2,10,,102137,2,0,20,2,5,,102120,2,0,20,2,5,,102061,2,0,20,2,5,,102129,2,0,20,2,5,,102128,2,0,20,2,5,,102111,2,0,20,2,5,,102073,2,0,20,2,5,,102169,2,0,20,2,5,,102095,2,0,20,2,45,,102198,2,0,20,2,5,,102193,2,0,20,2,5,,102053,2,0,20,2,5,,102153,2,0,20,2,5,,102110,2,0,20,2,5,,102092,2,0,20,2,5,,102214,2,0,20,2,5,,102055,2,0,20,2,5,,102074,2,0,20,2,5,,81567,2,0,20,2,5,,102196,2,0,20,2,5,,102166,2,0,20,2,45,,102118,2,0,20,2,5,,102079,2,0,20,2,5,,102155,2,0,20,2,5,,102145,2,0,20,2,5,,102189,2,0,20,2,5,,102207,2,0,20,2,5,,102146,2,0,20,2,5,,102148,2,0,20,2,5,,102172,2,0,20,2,5,,102062,2,0,20,2,5,,102098,2,0,20,2,5,,102101,2,0,20,2,45,,102059,2,0,20,2,5,,102069,2,0,20,2,5,,102218,2,0,20,2,5,,102139,2,0,20,2,5,,102163,2,0,20,2,5,,102206,2,0,20,2,5,,102112,2,0,20,2,5,,102094,2,0,20,2,5,,102184,2,0,20,2,5,,102090,2,0,20,2,5,,102183,2,0,20,2,5,,102154,2,0,20,2,45,,102161,2,0,20,2,5,,102130,2,0,20,2,5,,102180,2,0,20,2,5,,102133,2,0,20,2,5,,102064,2,0,20,2,5,,102160,2,0,20,2,5,,102140,2,0,20,2,5,,102125,2,0,20,2,5,,102115,2,0,20,2,5,,102052,2,0,20,2,5,,102103,2,0,20,2,5,,102078,2,0,20,2,45,,102186,2,0,20,2,5,,102152,2,0,20,2,5,,102099,2,0,20,2,5,,102203,2,0,20,2,5,,102088,2,0,20,2,5,,102170,2,0,20,2,5,,80949,2,0,20,2,5,,102156,2,0,20,2,5,,102054,2,0,20,2,5,,102121,2,0,20,2,5,,102104,2,0,20,2,5,,102167,2,0,20,2,45,,102138,2,0,20,2,5,,102135,2,0,20,2,5,,102171,2,0,20,2,5,,102199,2,0,20,2,5,,102150,2,0,20,2,5,,102157,2,0,20,2,5,,102126,2,0,20,2,5,,102124,2,0,20,2,5,,77017,2,0,20,2,5,,102108,2,0,20,2,5,,102093,2,0,20,2,5,,102116,2,0,20,2,45,,102065,2,0,20,2,5,,102194,2,0,20,2,5,,102168,2,0,20,2,7,,102176,2,0,20,2,7,,102149,2,0,20,2,7,,102187,2,0,20,2,7,,102191,2,0,20,2,7,,102082,2,0,20,2,7,,102117,2,0,20,2,47,,102119,2,0,20,2,7,,102123,2,0,20,2,7,,102164,2,0,20,2,7,,102177,2,0,20,2,7,,77585,2,0,20,2,7,,102071,2,0,20,2,7,,102089,2,0,20,2,7,,102113,2,0,20,2,7,,102220,2,0,20,2,47,,102181,2,0,20,2,7,,102122,2,0,20,2,7,,102209,2,0,20,2,7,,102219,2,0,20,2,7,,102091,2,0,20,2,7,,102085,2,0,20,2,7,,102100,2,0,20,2,7,,102190,2,0,20,2,47,,102070,2,0,20,2,7,,102185,2,0,20,2,7,,102162,2,0,20,2,7,,102175,2,0,20,2,8,,102127,2,0,20,2,8,,102208,2,0,20,2,8,,102213,2,0,20,2,8,,102097,2,0,20,2,48,,102201,2,0,20,2,8,,102107,2,0,20,2,8,,102212,2,0,20,2,8,,102144,2,0,20,2,8,,102134,2,0,20,2,8,,102102,2,0,20,2,8,,102143,2,0,20,2,8,,102221,2,0,20,2,48,,102182,2,0,20,2,8,,75422,2,0,20,2,8,,102109,2,0,20,2,8,,102158,2,0,20,2,8,,102077,2,0,20,2,8,,102056,2,0,20,2,8,,102222,2,0,20,2,48,,102195,2,0,20,2,10,,102211,2,0,20,2,10,,90839,2,0,20,2
50902,'3',610,,102257,2,0,20,2,15,,102310,2,0,20,2,15,,102337,2,0,20,2,15,,80240,2,0,20,2,55,,102291,2,0,20,2,15,,102225,2,0,20,2,15,,102340,2,0,20,2,15,,102302,2,0,20,2,55,,102298,2,0,20,2,11,,102355,2,0,20,2,10,,102249,2,0,20,2,10,,102344,2,0,20,2,10,,102321,2,0,20,2,50,,102350,2,0,20,2,10,,102322,2,0,20,2,10,,102266,2,0,20,2,10,,102304,2,0,20,2,10,,102325,2,0,20,2,10,,102334,2,0,20,2,50,,102234,2,0,20,2,10,,102320,2,0,20,2,10,,102305,2,0,20,2,10,,102284,2,0,20,2,10,,102300,2,0,20,2,10,,102332,2,0,20,2,50,,102269,2,0,20,2,10,,102264,2,0,20,2,10,,102248,2,0,20,2,10,,102290,2,0,20,2,10,,102247,2,0,20,2,10,,102237,2,0,20,2,50,,102316,2,0,20,2,10,,102282,2,0,20,2,7,,102351,2,0,20,2,9,,102285,2,0,20,2,7,,102263,2,0,20,2,7,,102306,2,0,20,2,7,,102288,2,0,20,2,7,,102241,2,0,20,2,47,,102314,2,0,20,2,7,,102261,2,0,20,2,7,,102281,2,0,20,2,7,,102293,2,0,20,2,7,,102327,2,0,20,2,7,,102279,2,0,20,2,7,,102250,2,0,20,2,7,,102289,2,0,20,2,7,,102309,2,0,20,2,47,,102235,2,0,20,2,7,,102252,2,0,20,2,7,,102246,2,0,20,2,7,,102326,2,0,20,2,7,,102297,2,0,20,2,7,,102345,2,0,20,2,7,,102346,2,0,20,2,7,,102356,2,0,20,2,47,,102229,2,0,20,2,7,,102230,2,0,20,2,7,,102243,2,0,20,2,7,,102323,2,0,20,2,7,,102347,2,0,20,2,7,,102317,2,0,20,2,7,,102307,2,0,20,2,7,,102318,2,0,20,2,7,,102258,2,0,20,2,47,,102244,2,0,20,2,7,,102301,2,0,20,2,7,,102296,2,0,20,2,7,,102277,2,0,20,2,7,,102278,2,0,20,2,7,,102227,2,0,20,2,7,,102226,2,0,20,2,7,,102358,2,0,20,2,47,,102329,2,0,20,2,7,,102348,2,0,20,2,7,,102294,2,0,20,2,7,,102303,2,0,20,2,7,,102236,2,0,20,2,7,,102319,2,0,20,2,7,,102259,2,0,20,2,7,,102276,2,0,20,2,7,,102292,2,0,20,2,47,,102254,2,0,20,2,7,,102251,2,0,20,2,7,,102267,2,0,20,2,7,,102260,2,0,20,2,7,,102287,2,0,20,2,7,,102280,2,0,20,2,7,,102233,2,0,20,2,7,,102232,2,0,20,2,7,,102228,2,0,20,2,47,,102240,2,0,20,2,7,,102268,2,0,20,2,10,,102357,2,0,20,2,10,,102330,2,0,20,2,10,,102231,2,0,20,2,10,,102274,2,0,20,2,50,,102331,2,0,20,2,10,,102313,2,0,20,2,10,,102311,2,0,20,2,10,,102328,2,0,20,2,10,,102265,2,0,20,2,10,,102262,2,0,20,2,50,,102308,2,0,20,2,10,,102354,2,0,20,2,10,,102324,2,0,20,2,10,,102295,2,0,20,2,10,,102272,2,0,20,2,10,,102312,2,0,20,2,50,,102342,2,0,20,2,10,,102353,2,0,20,2,7,,102242,2,0,20,2,10,,102339,2,0,20,2,10,,102245,2,0,20,2,10,,102335,2,0,20,2,50,,102273,2,0,20,2,10,,102352,2,0,20,2,10,,102223,2,0,20,2,10,,102343,2,0,20,2,10,,102286,2,0,20,2,10,,102283,2,0,20,2,50,,102315,2,0,20,2,10,,102341,2,0,20,2,10,,102256,2,0,20,2,10,,102255,2,0,20,2,10,,102238,2,0,20,2,10,,102349,2,0,20,2,50,,79162,2,0,20,2,10,,102275,2,0,20,2,12,,102270,2,0,20,2
50902,'5',610,,102464,2,0,20,2,15,,102395,2,0,20,2,15,,102478,2,0,20,2,15,,102425,2,0,20,2,55,,102481,2,0,20,2,15,,102397,2,0,20,2,15,,102485,2,0,20,2,15,,102371,2,0,20,2,55,,102447,2,0,20,2,11,,102392,2,0,20,2,10,,102450,2,0,20,2,10,,102423,2,0,20,2,10,,102451,2,0,20,2,50,,102431,2,0,20,2,10,,102483,2,0,20,2,10,,102409,2,0,20,2,10,,102396,2,0,20,2,10,,102424,2,0,20,2,10,,102361,2,0,20,2,50,,102363,2,0,20,2,10,,102393,2,0,20,2,10,,102460,2,0,20,2,10,,102416,2,0,20,2,10,,102419,2,0,20,2,10,,102394,2,0,20,2,50,,102495,2,0,20,2,10,,102442,2,0,20,2,10,,102438,2,0,20,2,10,,102474,2,0,20,2,10,,102449,2,0,20,2,10,,102428,2,0,20,2,50,,102382,2,0,20,2,10,,102374,2,0,20,2,7,,102422,2,0,20,2,9,,102470,2,0,20,2,7,,102433,2,0,20,2,7,,102408,2,0,20,2,7,,102368,2,0,20,2,7,,102466,2,0,20,2,47,,102490,2,0,20,2,7,,102469,2,0,20,2,7,,102386,2,0,20,2,7,,102477,2,0,20,2,7,,102404,2,0,20,2,7,,102473,2,0,20,2,7,,102383,2,0,20,2,7,,102360,2,0,20,2,7,,102459,2,0,20,2,47,,102471,2,0,20,2,7,,102446,2,0,20,2,7,,102486,2,0,20,2,7,,102414,2,0,20,2,7,,102488,2,0,20,2,7,,102453,2,0,20,2,7,,102398,2,0,20,2,7,,102410,2,0,20,2,47,,102441,2,0,20,2,7,,102475,2,0,20,2,7,,102407,2,0,20,2,7,,102429,2,0,20,2,7,,102362,2,0,20,2,7,,102472,2,0,20,2,7,,102400,2,0,20,2,7,,102462,2,0,20,2,7,,102391,2,0,20,2,47,,102427,2,0,20,2,7,,102439,2,0,20,2,7,,102494,2,0,20,2,7,,102452,2,0,20,2,7,,102457,2,0,20,2,7,,102375,2,0,20,2,7,,102444,2,0,20,2,7,,102365,2,0,20,2,47,,102406,2,0,20,2,7,,102476,2,0,20,2,7,,102389,2,0,20,2,7,,102461,2,0,20,2,7,,102491,2,0,20,2,7,,102415,2,0,20,2,7,,102402,2,0,20,2,7,,102435,2,0,20,2,7,,102437,2,0,20,2,47,,102366,2,0,20,2,7,,102456,2,0,20,2,7,,102468,2,0,20,2,7,,102405,2,0,20,2,7,,102432,2,0,20,2,7,,102417,2,0,20,2,7,,102403,2,0,20,2,7,,102370,2,0,20,2,7,,102359,2,0,20,2,47,,102455,2,0,20,2,7,,102372,2,0,20,2,10,,102379,2,0,20,2,10,,102387,2,0,20,2,10,,102364,2,0,20,2,10,,102420,2,0,20,2,50,,102480,2,0,20,2,10,,102463,2,0,20,2,10,,102482,2,0,20,2,10,,102385,2,0,20,2,10,,102421,2,0,20,2,10,,102388,2,0,20,2,50,,102492,2,0,20,2,10,,102412,2,0,20,2,10,,102381,2,0,20,2,10,,102413,2,0,20,2,10,,102434,2,0,20,2,10,,102484,2,0,20,2,50,,102426,2,0,20,2,10,,102430,2,0,20,2,7,,102448,2,0,20,2,10,,102465,2,0,20,2,10,,102487,2,0,20,2,10,,102443,2,0,20,2,50,,102445,2,0,20,2,10,,102411,2,0,20,2,10,,102440,2,0,20,2,10,,102436,2,0,20,2,10,,102384,2,0,20,2,10,,102369,2,0,20,2,50,,102458,2,0,20,2,10,,102377,2,0,20,2,10,,102390,2,0,20,2,10,,102454,2,0,20,2,10,,102380,2,0,20,2,10,,102467,2,0,20,2,50,,102399,2,0,20,2,10,,102367,2,0,20,2,12,,102373,2,0,20,2
51003,'1',521,,102582,2,0,18 7,2,11,,102531,2,0,18 7,2,5,,102643,2,0,18 7,2,9,,102611,2,0,18 7,2,9,,102503,2,0,18 7,2,49,,102700,2,0,18 7,2,9,,102635,2,0,18 7,2,9,,102650,2,0,18 7,2,9,,102688,2,0,18 7,2,9,,102511,2,0,18 7,2,9,,102496,2,0,18 7,2,9,,102501,2,0,18 7,2,50,,102617,2,0,18 7,2,9,,102510,2,0,18 7,2,9,,102693,2,0,18 7,2,9,,102522,2,0,18 7,2,8,,102515,2,0,18 7,2,9,,102690,2,0,18 7,2,50,,102581,2,0,18 7,2,10,,102521,2,0,18 7,2,10,,102563,2,0,18 7,2,10,,102542,2,0,18 7,2,9,,102653,2,0,18 7,2,10,,102571,2,0,18 7,2,50,,102627,2,0,18 7,2,10,,102587,2,0,18 7,2,10,,102606,2,0,18 7,2,10,,102584,2,0,18 7,2,10,,102575,2,0,18 7,2,10,,102568,2,0,18 7,2,50,,102660,2,0,18 7,2,10,,102595,2,0,18 7,2,10,,102696,2,0,18 7,2,10,,102505,2,0,18 7,2,10,,102692,2,0,18 7,2,10,,102579,2,0,18 7,2,50,,102686,2,0,18 7,2,10,,102520,2,0,18 7,2,10,,102506,2,0,18 7,2,10,,102576,2,0,18 7,2,10,,102623,2,0,18 7,2,10,,102498,2,0,18 7,2,50,,102621,2,0,18 7,2,10,,102539,2,0,18 7,2,10,,102533,2,0,18 7,2,10,,102598,2,0,18 7,2,10,,102599,2,0,18 7,2,10,,102565,2,0,18 7,2,50,,102671,2,0,18 7,2,10,,102567,2,0,18 7,2,10,,102707,2,0,18 7,2,10,,102517,2,0,18 7,2,10,,102532,2,0,18 7,2,10,,102502,2,0,18 7,2,50,,102547,2,0,18 7,2,10,,102679,2,0,18 7,2,10,,102555,2,0,18 7,2,10,,102694,2,0,18 7,2,10,,102629,2,0,18 7,2,10,,102658,2,0,18 7,2,51,,102559,2,0,18 7,2,10,,78470,2,0,18 7,2,10,,102675,2,0,18 7,2,10,,102638,2,0,18 7,2,10,,102578,2,0,18 7,2,10,,102624,2,0,18 7,2,50,,102632,2,0,18 7,2,10,,102512,2,0,18 7,2,10,,102514,2,0,18 7,2,10,,102552,2,0,18 7,2,10,,102615,2,0,18 7,2,10,,102708,2,0,18 7,2,50,,102654,2,0,18 7,2,10,,102574,2,0,18 7,2,10,,102573,2,0,18 7,2,10,,102528,2,0,18 7,2,10,,102577,2,0,18 7,2,10,,102509,2,0,18 7,2,50,,102640,2,0,18 7,2,10,,102666,2,0,18 7,2,10,,102672,2,0,18 7,2,10,,102618,2,0,18 7,2,10,,102527,2,0,18 7,2,10,,102699,2,0,18 7,2,51,,102668,2,0,18 7,2,11,,102669,2,0,18 7,2,10,,102681,2,0,18 7,2,10,,102540,2,0,18 7,2,11,,102580,2,0,18 7,2,9,,102590,2,0,18 7,2,50,,102697,2,0,18 7,2,11,,102557,2,0,18 7,2,10,,102691,2,0,18 7,2,10,,102663,2,0,18 7,2,10,,102631,2,0,18 7,2,10,,102619,2,0,18 7,2,50,,102659,2,0,18 7,2,10,,102513,2,0,18 7,2,10,,102695,2,0,18 7,2,10,,102534,2,0,18 7,2,10,,102550,2,0,18 7,2,10,,102648,2,0,18 7,2,52,,102553,2,0,18 7,2,10,,102622,2,0,18 7,2,10,,76803,2,0,18 7,2,10,,102608,2,0,18 7,2,10,,102676,2,0,18 7,2,10,,102682,2,0,18 7,2,46,,102572,2,0,18 7,2,10,,102634,2,0,18 7,2,9,,102519,2,0,18 7,2,10,,102613,2,0,18 7,2,9,,102644,2,0,18 7,2,10,,102657,2,0,18 7,2,49,,102646,2,0,18 7,2,10,,102523,2,0,18 7,2,9,,102561,2,0,18 7,2,10,,102602,2,0,18 7,2,9,,102616,2,0,18 7,2,10,,102683,2,0,18 7,2,9,,102585,2,0,18 7,2,50,,102639,2,0,18 7,2,9,,102678,2,0,18 7,2
51003,'2',526,,102936,2,0,18 7,2,10,,102907,2,0,18 7,2,9,,102783,2,0,18 7,2,10,,102875,2,0,18 7,2,49,,102855,2,0,18 7,2,10,,102799,2,0,18 7,2,9,,102830,2,0,18 7,2,10,,102733,2,0,18 7,2,9,,102861,2,0,18 7,2,10,,102860,2,0,18 7,2,49,,102933,2,0,18 7,2,10,,102928,2,0,18 7,2,9,,102712,2,0,18 7,2,10,,102866,2,0,18 7,2,9,,102910,2,0,18 7,2,10,,102890,2,0,18 7,2,9,,102732,2,0,18 7,2,50,,102932,2,0,18 7,2,9,,102776,2,0,18 7,2,10,,102819,2,0,18 7,2,9,,102842,2,0,18 7,2,10,,102888,2,0,18 7,2,9,,102945,2,0,18 7,2,51,,102920,2,0,18 7,2,12,,102833,2,0,18 7,2,8,,102731,2,0,18 7,2,9,,102725,2,0,18 7,2,8,,102949,2,0,18 7,2,9,,102904,2,0,18 7,2,48,,102818,2,0,18 7,2,9,,102923,2,0,18 7,2,8,,102807,2,0,18 7,2,9,,102886,2,0,18 7,2,8,,102822,2,0,18 7,2,9,,102900,2,0,18 7,2,8,,102792,2,0,18 7,2,49,,102884,2,0,18 7,2,8,,102940,2,0,18 7,2,9,,102780,2,0,18 7,2,8,,102906,2,0,18 7,2,9,,102877,2,0,18 7,2,9,,102887,2,0,18 7,2,8,,102946,2,0,18 7,2,8,,102831,2,0,18 7,2,48,,102845,2,0,18 7,2,7,,102779,2,0,18 7,2,8,,102809,2,0,18 7,2,8,,102898,2,0,18 7,2,8,,102718,2,0,18 7,2,7,,102870,2,0,18 7,2,8,,102924,2,0,18 7,2,48,,102841,2,0,18 7,2,8,,102754,2,0,18 7,2,7,,102749,2,0,18 7,2,8,,102947,2,0,18 7,2,8,,102871,2,0,18 7,2,8,,102716,2,0,18 7,2,7,,102878,2,0,18 7,2,8,,102881,2,0,18 7,2,48,,102840,2,0,18 7,2,8,,102872,2,0,18 7,2,7,,102769,2,0,18 7,2,8,,102726,2,0,18 7,2,8,,102911,2,0,18 7,2,8,,102757,2,0,18 7,2,7,,102785,2,0,18 7,2,8,,102734,2,0,18 7,2,48,,102908,2,0,18 7,2,8,,102790,2,0,18 7,2,7,,102794,2,0,18 7,2,8,,102800,2,0,18 7,2,8,,102849,2,0,18 7,2,8,,102857,2,0,18 7,2,7,,102744,2,0,18 7,2,8,,102929,2,0,18 7,2,48,,102771,2,0,18 7,2,8,,102827,2,0,18 7,2,7,,102820,2,0,18 7,2,8,,102836,2,0,18 7,2,8,,102826,2,0,18 7,2,8,,102829,2,0,18 7,2,7,,102772,2,0,18 7,2,48,,102737,2,0,18 7,2,8,,102824,2,0,18 7,2,8,,102921,2,0,18 7,2,7,,102926,2,0,18 7,2,8,,102788,2,0,18 7,2,8,,102867,2,0,18 7,2,8,,102937,2,0,18 7,2,7,,102782,2,0,18 7,2,48,,102802,2,0,18 7,2,8,,102736,2,0,18 7,2,8,,102740,2,0,18 7,2,7,,102746,2,0,18 7,2,8,,102816,2,0,18 7,2,8,,102765,2,0,18 7,2,7,,102839,2,0,18 7,2,6,,102922,2,0,18 7,2,2,,102727,2,0,18 7,2,47,,102767,2,0,18 7,2,6,,102846,2,0,18 7,2,5,,102868,2,0,18 7,2,5,,102882,2,0,18 7,2,5,,102848,2,0,18 7,2,6,,102805,2,0,18 7,2,5,,102786,2,0,18 7,2,5,,102762,2,0,18 7,2,5,,102844,2,0,18 7,2,6,,102796,2,0,18 7,2,5,,102742,2,0,18 7,2,45,,102939,2,0,18 7,2,5,,102813,2,0,18 7,2,6,,102903,2,0,18 7,2,5,,102808,2,0,18 7,2,5,,102781,2,0,18 7,2,5,,102895,2,0,18 7,2,6,,102714,2,0,18 7,2,5,,102832,2,0,18 7,2,5,,102901,2,0,18 7,2,5,,102738,2,0,18 7,2,6,,102942,2,0,18 7,2,45,,102854,2,0,18 7,2,5,,102950,2,0,18 7,2,4,,102812,2,0,18 7,2,6,,102774,2,0,18 7,2,5,,102719,2,0,18 7,2,5,,102858,2,0,18 7,2,5,,102784,2,0,18 7,2,6,,102902,2,0,18 7,2,5,,102766,2,0,18 7,2,5,,102948,2,0,18 7,2,5,,102751,2,0,18 7,2,6,,102821,2,0,18 7,2,45,,102823,2,0,18 7,2,5,,102917,2,0,18 7,2,3,,102778,2,0,18 7,2,11,,102876,2,0,18 7,2,9,,102913,2,0,18 7,2,9,,102770,2,0,18 7,2,10,,102934,2,0,18 7,2,9,,102753,2,0,18 7,2,50,,102755,2,0,18 7,2,9,,102880,2,0,18 7,2,10,,102723,2,0,18 7,2,9,,102883,2,0,18 7,2,10,,102760,2,0,18 7,2,9,,102825,2,0,18 7,2,50,,102863,2,0,18 7,2,9,,102838,2,0,18 7,2,10,,102896,2,0,18 7,2,9,,102793,2,0,18 7,2,10,,102869,2,0,18 7,2,9,,102730,2,0,18 7,2,50,,102891,2,0,18 7,2,9,,102743,2,0,18 7,2,12,,102750,2,0,18 7,2
51003,'3',745,,102990,2,0,18 7,2,14,,102994,2,0,18 7,2,53,,103095,2,0,18 7,2,15,,102956,2,0,18 7,2,15,,103024,2,0,18 7,2,14,,102998,2,0,18 7,2,53,,103009,2,0,18 7,2,12,,102974,2,0,18 7,2,8,,102960,2,0,18 7,2,8,,103099,2,0,18 7,2,9,,103071,2,0,18 7,2,10,,103083,2,0,18 7,2,50,,103027,2,0,18 7,2,10,,103122,2,0,18 7,2,9,,103125,2,0,18 7,2,10,,103069,2,0,18 7,2,10,,80998,2,0,18 7,2,11,,103072,2,0,18 7,2,50,,103057,2,0,18 7,2,10,,102985,2,0,18 7,2,10,,102958,2,0,18 7,2,10,,103047,2,0,18 7,2,9,,103100,2,0,18 7,2,9,,103001,2,0,18 7,2,49,,103059,2,0,18 7,2,9,,78131,2,0,18 7,2,9,,102952,2,0,18 7,2,9,,103018,2,0,18 7,2,9,,103077,2,0,18 7,2,9,,88772,2,0,18 7,2,9,,103035,2,0,18 7,2,49,,102995,2,0,18 7,2,9,,103042,2,0,18 7,2,9,,103140,2,0,18 7,2,9,,103020,2,0,18 7,2,9,,103127,2,0,18 7,2,9,,103136,2,0,18 7,2,49,,103118,2,0,18 7,2,9,,103126,2,0,18 7,2,9,,103111,2,0,18 7,2,9,,103129,2,0,18 7,2,9,,103078,2,0,18 7,2,9,,102988,2,0,18 7,2,9,,103032,2,0,18 7,2,49,,103137,2,0,18 7,2,9,,103022,2,0,18 7,2,9,,103064,2,0,18 7,2,9,,103097,2,0,18 7,2,9,,103036,2,0,18 7,2,9,,103051,2,0,18 7,2,9,,103005,2,0,18 7,2,49,,103138,2,0,18 7,2,9,,103011,2,0,18 7,2,9,,103098,2,0,18 7,2,9,,103067,2,0,18 7,2,9,,102964,2,0,18 7,2,9,,102951,2,0,18 7,2,49,,103092,2,0,18 7,2,9,,103110,2,0,18 7,2,9,,102955,2,0,18 7,2,9,,103061,2,0,18 7,2,9,,103102,2,0,18 7,2,9,,102973,2,0,18 7,2,9,,102987,2,0,18 7,2,49,,103073,2,0,18 7,2,9,,103021,2,0,18 7,2,9,,103094,2,0,18 7,2,9,,103014,2,0,18 7,2,9,,102999,2,0,18 7,2,9,,102981,2,0,18 7,2,9,,103075,2,0,18 7,2,49,,103085,2,0,18 7,2,9,,103050,2,0,18 7,2,5,,103089,2,0,18 7,2,6,,103015,2,0,18 7,2,6,,103120,2,0,18 7,2,6,,103039,2,0,18 7,2,7,,103019,2,0,18 7,2,6,,103002,2,0,18 7,2,6,,103008,2,0,18 7,2,46,,103004,2,0,18 7,2,7,,90279,2,0,18 7,2,6,,102997,2,0,18 7,2,6,,103016,2,0,18 7,2,6,,103031,2,0,18 7,2,7,,102992,2,0,18 7,2,6,,103062,2,0,18 7,2,6,,103091,2,0,18 7,2,6,,103108,2,0,18 7,2,47,,103060,2,0,18 7,2,6,,103040,2,0,18 7,2,6,,103076,2,0,18 7,2,6,,103074,2,0,18 7,2,7,,103056,2,0,18 7,2,6,,103055,2,0,18 7,2,6,,103070,2,0,18 7,2,6,,103132,2,0,18 7,2,7,,102967,2,0,18 7,2,6,,103043,2,0,18 7,2,45,,103033,2,0,18 7,2,6,,103121,2,0,18 7,2,7,,103000,2,0,18 7,2,6,,102996,2,0,18 7,2,6,,103044,2,0,18 7,2,6,,103104,2,0,18 7,2,5,,103113,2,0,18 7,2,9,,103007,2,0,18 7,2,9,,102989,2,0,18 7,2,50,,103038,2,0,18 7,2,9,,103093,2,0,18 7,2,10,,103048,2,0,18 7,2,9,,102954,2,0,18 7,2,10,,103086,2,0,18 7,2,9,,102978,2,0,18 7,2,50,,103065,2,0,18 7,2,9,,102959,2,0,18 7,2,10,,103049,2,0,18 7,2,9,,102980,2,0,18 7,2,10,,103023,2,0,18 7,2,10,,103103,2,0,18 7,2,50,,103116,2,0,18 7,2,11,,102965,2,0,18 7,2
51003,'5',526,,103246,2,0,18 7,2,16,,103325,2,0,18 7,2,15,,103240,2,0,18 7,2,55,,103157,2,0,18 7,2,15,,103252,2,0,18 7,2,15,,103241,2,0,18 7,2,15,,103175,2,0,18 7,2,55,,103187,2,0,18 7,2,15,,103340,2,0,18 7,2,15,,87274,2,0,18 7,2,15,,103296,2,0,18 7,2,55,,103190,2,0,18 7,2,15,,103225,2,0,18 7,2,15,,103298,2,0,18 7,2,14,,103221,2,0,18 7,2,53,,103224,2,0,18 7,2,12,,103247,2,0,18 7,2,8,,103193,2,0,18 7,2,8,,103249,2,0,18 7,2,9,,103151,2,0,18 7,2,10,,103222,2,0,18 7,2,50,,103307,2,0,18 7,2,10,,103148,2,0,18 7,2,9,,103323,2,0,18 7,2,10,,103215,2,0,18 7,2,10,,103199,2,0,18 7,2,11,,83615,2,0,18 7,2,50,,103196,2,0,18 7,2,10,,103146,2,0,18 7,2,10,,103145,2,0,18 7,2,10,,103226,2,0,18 7,2,9,,103326,2,0,18 7,2,9,,103156,2,0,18 7,2,49,,103317,2,0,18 7,2,9,,103322,2,0,18 7,2,9,,103169,2,0,18 7,2,9,,103253,2,0,18 7,2,9,,103227,2,0,18 7,2,9,,103223,2,0,18 7,2,9,,103338,2,0,18 7,2,49,,103286,2,0,18 7,2,9,,103258,2,0,18 7,2,9,,103309,2,0,18 7,2,9,,103228,2,0,18 7,2,9,,103238,2,0,18 7,2,9,,103216,2,0,18 7,2,49,,103168,2,0,18 7,2,9,,103320,2,0,18 7,2,9,,103337,2,0,18 7,2,9,,81963,2,0,18 7,2,9,,103273,2,0,18 7,2,9,,103275,2,0,18 7,2,9,,103315,2,0,18 7,2,49,,103186,2,0,18 7,2,9,,103211,2,0,18 7,2,9,,103184,2,0,18 7,2,9,,103242,2,0,18 7,2,9,,103155,2,0,18 7,2,9,,103213,2,0,18 7,2,9,,103218,2,0,18 7,2,49,,103203,2,0,18 7,2,9,,103141,2,0,18 7,2,9,,103237,2,0,18 7,2,9,,103284,2,0,18 7,2,9,,75486,2,0,18 7,2,9,,103256,2,0,18 7,2,49,,103154,2,0,18 7,2,9,,103164,2,0,18 7,2,9,,77309,2,0,18 7,2,9,,103314,2,0,18 7,2,9,,103313,2,0,18 7,2,9,,103328,2,0,18 7,2,9,,103255,2,0,18 7,2,49,,103302,2,0,18 7,2,9,,103336,2,0,18 7,2,9,,103232,2,0,18 7,2,9,,103259,2,0,18 7,2,9,,103311,2,0,18 7,2,9,,103316,2,0,18 7,2,9,,103287,2,0,18 7,2,49,,103303,2,0,18 7,2,9,,103204,2,0,18 7,2,5,,103220,2,0,18 7,2,6,,86336,2,0,18 7,2,6,,103245,2,0,18 7,2,6,,103188,2,0,18 7,2,7,,103261,2,0,18 7,2,6,,103173,2,0,18 7,2,6,,103177,2,0,18 7,2,46,,103341,2,0,18 7,2,7,,103257,2,0,18 7,2,6,,103339,2,0,18 7,2,6,,103282,2,0,18 7,2,6,,103264,2,0,18 7,2,7,,103208,2,0,18 7,2,6,,103165,2,0,18 7,2,6,,103263,2,0,18 7,2,6,,103343,2,0,18 7,2,47,,103191,2,0,18 7,2,6,,103308,2,0,18 7,2,6,,103153,2,0,18 7,2,6,,103162,2,0,18 7,2,7,,103288,2,0,18 7,2,6,,103149,2,0,18 7,2,6,,103185,2,0,18 7,2,6,,103197,2,0,18 7,2,7,,103233,2,0,18 7,2,6,,103329,2,0,18 7,2,45,,103195,2,0,18 7,2,6,,103144,2,0,18 7,2,7,,103167,2,0,18 7,2,6,,103147,2,0,18 7,2,6,,103178,2,0,18 7,2,6,,103244,2,0,18 7,2,5,,103176,2,0,18 7,2,9,,103170,2,0,18 7,2,9,,103289,2,0,18 7,2,50,,103229,2,0,18 7,2,9,,103235,2,0,18 7,2,10,,103182,2,0,18 7,2,9,,103272,2,0,18 7,2,10,,103230,2,0,18 7,2,9,,103318,2,0,18 7,2,50,,103333,2,0,18 7,2,9,,103266,2,0,18 7,2,10,,103171,2,0,18 7,2,9,,103279,2,0,18 7,2,10,,103301,2,0,18 7,2,10,,103335,2,0,18 7,2,50,,103270,2,0,18 7,2,11,,103163,2,0,18 7,2
