30102,'1',2504,,91377,18,,,2,8,,91373,18,0,17,2,12,,91368,18,,,2,8,,89112,18,0,17,2,12,,91355,18,,,2,8,,91357,18,0,17,2,51,,91364,18,,,2,10,,91353,18,0,17,2,10,,91354,18,,,2,10,,80677,18,0,17,2,10,,91362,18,,,2,5,,91371,18,0,17,2,6,,91372,18,0,17,2,49,,91352,18,,,2,20,,91369,18,,,2,20,,91358,18,,,2,60,,91359,18,,,2,20,,91375,18,,,2,20,,91365,18,,,2,60,,91351,18,,,2,20,,91367,18,0,17,2,20,,91360,18,0,17,2,60,,91370,18,0,17,2
30102,'2',2511,,91397,18,,,2,11,,91388,18,0,17,2,9,,91394,18,,,2,13,,91390,18,0,17,2,9,,91386,18,,,2,50,,91399,18,0,17,2,10,,91408,18,,,2,10,,91404,18,0,17,2,10,,91391,18,,,2,10,,91381,18,0,17,2,10,,91402,18,,,2,50,,91395,18,0,17,2,10,,91401,18,,,2,20,,91407,18,,,2,20,,91387,18,,,2,60,,91384,18,,,2,20,,91400,18,,,2,20,,91403,18,,,2,60,,91383,18,0,17,2,20,,91406,18,0,17,2,20,,91385,18,0,17,2,60,,91405,18,0,17,2
30102,'3',2504,,91431,18,,,2,22,,91415,18,,,2,10,,91417,18,0,17,2,12,,91424,18,,,2,10,,91419,18,0,17,2,50,,91432,18,,,2,10,,91412,18,0,17,2,10,,91420,18,,,2,10,,91418,18,0,17,2,10,,91422,18,,,2,60,,91409,18,,,2,20,,91411,18,,,2,20,,91410,18,,,2,60,,82311,18,,,2,20,,91423,18,,,2,20,,91429,18,,,2,60,,91433,18,0,17,2,20,,91426,18,0,17,2,20,,91435,18,0,17,2,60,,91434,18,0,17,2
30102,'5',2504,,91451,18,,,2,22,,91442,18,,,2,10,,91443,18,0,17,2,12,,91462,18,,,2,10,,91459,18,0,17,2,50,,91460,18,,,2,10,,91439,18,0,17,2,10,,91457,18,,,2,10,,91444,18,0,17,2,10,,91455,18,,,2,60,,91438,18,,,2,20,,91440,18,,,2,20,,87157,18,,,2,60,,91449,18,,,2,20,,91452,18,,,2,20,,91453,18,,,2,60,,91456,18,0,17,2,20,,91458,18,0,17,2,20,,91441,18,0,17,2,60,,91448,18,0,17,2
50102,'1',522,,93075,18,0,30,2,10,,92970,18,0,30,2,10,,92983,18,0,30,2,10,,92965,18,0,30,2,50,,93053,18,0,30,2,10,,92996,18,0,30,2,10,,93025,18,0,30,2,10,,93011,18,0,30,2,10,,93034,18,0,30,2,10,,92953,18,0,30,2,50,,92976,18,0,30,2,10,,93070,18,0,30,2,10,,92971,18,0,30,2,10,,92995,18,0,30,2,10,,92959,18,0,30,2,11,,92989,18,0,30,2,51,,93042,18,0,30,2,11,,92993,18,0,30,2,10,,92988,18,0,30,2,10,,78637,18,0,30,2,10,,92985,18,0,30,2,10,,93072,18,0,30,2,50,,92973,18,0,30,2,10,,93047,18,0,30,2,10,,93031,18,0,30,2,10,,92975,18,0,30,2,10,,93008,18,0,30,2,10,,92963,18,0,30,2,50,,92978,18,0,30,2,10,,92984,18,0,30,2,10,,93028,18,0,30,2,10,,93063,18,0,30,2,10,,92986,18,0,30,2,10,,92994,18,0,30,2,50,,92961,18,0,30,2,10,,93010,18,0,30,2,10,,92954,18,0,30,2,10,,93069,18,0,30,2,10,,93049,18,0,30,2,10,,93062,18,0,30,2,50,,93030,18,0,30,2,10,,92982,18,0,30,2,10,,93035,18,0,30,2,10,,93009,18,0,30,2,10,,92956,18,0,30,2,10,,92992,18,0,30,2,50,,93029,18,0,30,2,10,,93021,18,0,30,2,10,,92998,18,0,30,2,10,,93019,18,0,30,2,10,,92999,18,0,30,2,10,,93060,18,0,30,2,50,,92981,18,0,30,2,10,,93058,18,0,30,2,10,,92977,18,0,30,2,10,,93013,18,0,30,2,10,,93050,18,0,30,2,10,,93066,18,0,30,2,50,,93038,18,0,30,2,10,,92974,18,0,30,2,10,,93074,18,0,30,2,10,,92968,18,0,30,2,10,,93045,18,0,30,2,10,,93044,18,0,30,2,50,,92990,18,0,30,2,10,,92950,18,0,30,2,10,,93005,18,0,30,2,10,,93000,18,0,30,2,10,,93051,18,0,30,2,10,,93007,18,0,30,2,50,,93001,18,0,30,2,10,,92967,18,0,30,2,10,,93057,18,0,17,2,10,,92969,18,0,30,2,10,,93039,18,0,30,2,10,,93014,18,0,30,2,50,,93036,18,0,30,2,10,,92979,18,0,30,2,10,,93073,18,0,30,2,10,,93023,18,0,30,2,10,,93012,18,0,30,2,10,,93048,18,0,30,2,50,,93017,18,0,30,2,10,,93040,18,0,30,2,10,,88247,18,0,30,2,9,,93006,18,0,30,2,10,,93046,18,0,30,2,10,,92966,18,0,30,2,50,,93033,18,0,30,2,10,,93002,18,0,30,2,10,,93068,18,0,30,2,10,,93016,18,0,30,2,10,,93064,18,0,30,2,10,,92951,18,0,30,2,50,,92957,18,0,30,2,10,,93037,18,0,30,2,5,,93052,18,0,17,2,5,,93043,18,0,30,2,10,,93071,18,0,30,2,10,,93054,18,0,30,2,10,,92949,18,0,30,2,50,,92948,18,0,30,2,6,,93067,18,0,30,2,7,,93004,18,0,17,2,8,,87466,18,0,30,2,9,,92987,18,0,30,2,10,,93024,18,0,30,2,10,,93065,18,0,30,2,50,,93041,18,0,30,2,10,,93022,18,0,30,2,10,,93056,18,0,30,2,10,,92955,18,0,30,2,5,,92960,18,0,17,2,5,,93059,18,0,30,2,10,,93015,18,0,30,2,50,,92980,18,0,30,2,10,,93003,18,0,30,2,10,,92997,18,0,30,2,10,,92958,18,0,30,2,10,,93027,18,0,30,2,10,,93020,18,0,30,2
50102,'2',523,,93079,18,0,30,2,9,,93194,18,0,30,2,9,,93082,18,0,30,2,10,,93088,18,0,30,2,50,,93180,18,0,30,2,10,,93111,18,0,30,2,10,,93155,18,0,30,2,10,,93176,18,0,30,2,10,,93161,18,0,30,2,10,,93141,18,0,30,2,50,,93195,18,0,30,2,10,,93139,18,0,30,2,10,,93158,18,0,30,2,10,,93174,18,0,30,2,10,,93199,18,0,30,2,10,,93126,18,0,30,2,51,,93197,18,0,30,2,12,,93136,18,0,30,2,12,,93131,18,0,30,2,12,,93164,18,0,30,2,11,,93149,18,0,30,2,10,,93096,18,0,30,2,50,,93113,18,0,30,2,10,,93102,18,0,30,2,10,,93115,18,0,30,2,10,,93191,18,0,30,2,10,,93146,18,0,30,2,10,,93087,18,0,30,2,50,,93150,18,0,30,2,10,,93184,18,0,30,2,10,,84134,18,0,30,2,10,,93116,18,0,30,2,10,,93123,18,0,30,2,51,,93154,18,0,30,2,10,,93208,18,0,30,2,11,,93167,18,0,30,2,11,,93100,18,0,30,2,9,,93162,18,0,30,2,9,,93076,18,0,30,2,9,,93207,18,0,30,2,49,,93187,18,0,30,2,9,,93186,18,0,30,2,9,,93118,18,0,30,2,9,,93169,18,0,30,2,9,,93094,18,0,30,2,9,,93135,18,0,30,2,49,,93097,18,0,30,2,9,,93098,18,0,30,2,9,,93153,18,0,30,2,9,,93211,18,0,30,2,9,,93099,18,0,30,2,9,,93114,18,0,30,2,9,,93152,18,0,30,2,49,,93165,18,0,30,2,9,,93089,18,0,30,2,9,,93215,18,0,30,2,9,,93202,18,0,30,2,9,,93148,18,0,30,2,9,,93108,18,0,30,2,9,,93179,18,0,30,2,49,,93107,18,0,30,2,9,,93128,18,0,30,2,9,,93125,18,0,30,2,9,,93190,18,0,30,2,9,,93178,18,0,30,2,9,,93206,18,0,30,2,49,,93119,18,0,30,2,9,,93173,18,0,30,2,9,,93080,18,0,30,2,9,,93203,18,0,30,2,9,,93182,18,0,30,2,9,,93142,18,0,30,2,9,,93163,18,0,30,2,49,,93210,18,0,30,2,9,,93117,18,0,30,2,9,,93156,18,0,30,2,9,,93078,18,0,30,2,9,,93151,18,0,30,2,9,,93103,18,0,30,2,9,,93193,18,0,30,2,49,,93181,18,0,30,2,9,,93166,18,0,30,2,9,,93145,18,0,30,2,9,,93212,18,0,30,2,9,,93091,18,0,30,2,9,,93105,18,0,30,2,49,,93090,18,0,30,2,8,,93106,18,0,30,2,9,,93204,18,0,30,2,9,,93214,18,0,30,2,9,,93121,18,0,30,2,10,,93196,18,0,30,2,10,,93185,18,0,30,2,50,,93168,18,0,30,2,5,,93138,18,0,17,2,5,,93132,18,0,30,2,10,,93140,18,0,30,2,10,,93127,18,0,30,2,10,,93083,18,0,30,2,10,,93189,18,0,30,2,50,,93130,18,0,30,2,10,,93143,18,0,30,2,10,,93192,18,0,30,2,10,,93170,18,0,30,2,10,,93093,18,0,30,2,10,,93081,18,0,30,2,50,,93124,18,0,30,2,8,,93077,18,0,30,2,7,,93213,18,0,17,2,8,,93147,18,0,30,2,10,,93160,18,0,30,2,10,,93175,18,0,30,2,50,,93171,18,0,30,2,10,,93200,18,0,30,2,10,,93095,18,0,30,2,10,,93188,18,0,30,2,10,,93086,18,0,30,2,5,,93109,18,0,17,2,5,,93177,18,0,30,2,5,,93159,18,0,17,2,45,,93198,18,0,30,2,10,,93129,18,0,30,2,10,,93092,18,0,30,2,10,,93101,18,0,30,2,12,,93209,18,0,30,2,13,,93110,18,0,30,2,50,,93201,18,0,17,2,3,,82652,18,0,17,2
50102,'3',524,,93230,18,0,30,2,10,,93236,18,0,30,2,10,,93241,18,0,30,2,10,,85143,18,0,30,2,50,,93245,18,0,30,2,10,,93263,18,0,30,2,10,,93271,18,0,30,2,10,,93289,18,0,30,2,10,,93250,18,0,30,2,10,,93240,18,0,30,2,50,,93238,18,0,30,2,10,,93303,18,0,30,2,10,,93329,18,0,30,2,10,,93286,18,0,30,2,10,,93293,18,0,30,2,10,,80294,18,0,30,2,51,,93229,18,0,30,2,11,,93307,18,0,30,2,11,,93256,18,0,30,2,10,,93253,18,0,30,2,10,,93298,18,0,30,2,8,,93220,18,0,30,2,50,,93288,18,0,30,2,10,,93332,18,0,30,2,10,,93269,18,0,30,2,10,,93287,18,0,30,2,10,,93337,18,0,30,2,10,,93314,18,0,30,2,50,,93218,18,0,30,2,10,,93246,18,0,30,2,10,,93216,18,0,30,2,10,,79000,18,0,30,2,10,,93283,18,0,30,2,11,,93290,18,0,30,2,50,,93282,18,0,30,2,10,,93335,18,0,30,2,12,,93233,18,0,30,2,10,,93219,18,0,30,2,10,,93302,18,0,30,2,10,,93313,18,0,30,2,50,,93331,18,0,30,2,10,,93315,18,0,30,2,10,,93223,18,0,30,2,10,,93277,18,0,30,2,10,,93261,18,0,30,2,10,,93226,18,0,30,2,50,,76208,18,0,30,2,10,,93281,18,0,30,2,10,,85003,18,0,30,2,10,,93319,18,0,30,2,10,,93306,18,0,30,2,10,,93292,18,0,30,2,50,,93222,18,0,30,2,10,,84202,18,0,30,2,10,,93328,18,0,30,2,10,,87834,18,0,30,2,10,,93325,18,0,30,2,10,,93234,18,0,30,2,50,,93231,18,0,30,2,10,,93296,18,0,30,2,10,,93242,18,0,30,2,10,,93278,18,0,30,2,10,,93322,18,0,30,2,10,,93221,18,0,30,2,50,,93272,18,0,30,2,10,,93316,18,0,30,2,10,,93235,18,0,30,2,10,,93262,18,0,30,2,10,,93334,18,0,30,2,10,,93299,18,0,30,2,50,,93248,18,0,30,2,10,,93232,18,0,30,2,10,,93285,18,0,30,2,10,,93255,18,0,30,2,10,,93326,18,0,30,2,10,,93340,18,0,30,2,50,,93339,18,0,30,2,10,,93305,18,0,30,2,10,,93318,18,0,30,2,10,,82321,18,0,30,2,10,,93317,18,0,30,2,9,,93304,18,0,30,2,49,,93243,18,0,30,2,8,,93301,18,0,30,2,9,,93258,18,0,30,2,10,,93276,18,0,30,2,10,,93273,18,0,30,2,10,,93260,18,0,30,2,50,,93227,18,0,30,2,10,,93295,18,0,30,2,10,,93237,18,0,30,2,10,,93321,18,0,30,2,6,,93330,18,0,17,2,4,,93249,18,0,30,2,10,,93312,18,0,30,2,50,,93323,18,0,30,2,10,,80255,18,0,30,2,10,,93279,18,0,30,2,10,,93257,18,0,30,2,10,,93265,18,0,30,2,10,,93297,18,0,30,2,50,,93309,18,0,30,2,10,,93267,18,0,30,2,7,,93252,18,0,30,2,10,,93274,18,0,30,2,10,,93225,18,0,30,2,10,,93275,18,0,30,2,50,,93244,18,0,30,2,10,,93217,18,0,30,2,10,,93239,18,0,30,2,10,,93324,18,0,30,2,5,,93294,18,0,17,2,5,,93280,18,0,30,2,10,,93327,18,0,30,2,50,,93336,18,0,30,2,10,,93251,18,0,30,2,10,,93254,18,0,30,2,10,,93300,18,0,30,2,11,,93247,18,0,30,2,12,,93228,18,0,30,2,50,,93268,18,0,17,2,10,,93224,18,0,17,2
50102,'5',524,,93456,18,0,30,2,10,,93349,18,0,30,2,10,,93441,18,0,30,2,10,,93355,18,0,30,2,50,,93362,18,0,30,2,10,,93423,18,0,30,2,10,,93433,18,0,30,2,10,,93412,18,0,30,2,10,,93445,18,0,30,2,10,,93408,18,0,30,2,50,,93378,18,0,30,2,10,,93468,18,0,30,2,10,,93347,18,0,30,2,10,,93466,18,0,30,2,10,,93424,18,0,30,2,10,,93376,18,0,30,2,51,,93414,18,0,30,2,11,,93390,18,0,30,2,11,,93442,18,0,30,2,10,,75492,18,0,30,2,10,,93401,18,0,30,2,8,,93419,18,0,30,2,50,,93461,18,0,30,2,10,,93447,18,0,30,2,10,,93426,18,0,30,2,10,,93377,18,0,30,2,10,,93388,18,0,30,2,10,,93450,18,0,30,2,50,,93346,18,0,30,2,10,,93350,18,0,30,2,10,,93380,18,0,30,2,10,,93363,18,0,30,2,10,,93459,18,0,30,2,11,,93430,18,0,30,2,50,,93439,18,0,30,2,10,,93418,18,0,30,2,12,,93383,18,0,30,2,10,,93431,18,0,30,2,10,,93446,18,0,30,2,10,,93351,18,0,30,2,50,,93404,18,0,30,2,10,,93344,18,0,30,2,10,,93395,18,0,30,2,10,,93449,18,0,30,2,10,,93368,18,0,30,2,10,,93428,18,0,30,2,50,,93405,18,0,30,2,10,,93440,18,0,30,2,10,,93429,18,0,30,2,10,,93397,18,0,30,2,10,,81937,18,0,30,2,10,,93371,18,0,30,2,50,,93400,18,0,30,2,10,,93413,18,0,30,2,10,,93436,18,0,30,2,10,,93415,18,0,30,2,10,,93417,18,0,30,2,10,,93391,18,0,30,2,50,,93372,18,0,30,2,10,,93359,18,0,30,2,10,,93421,18,0,30,2,10,,93354,18,0,30,2,10,,93451,18,0,30,2,10,,93342,18,0,30,2,50,,93345,18,0,30,2,10,,93407,18,0,30,2,10,,93353,18,0,30,2,10,,93385,18,0,30,2,10,,93465,18,0,30,2,10,,93403,18,0,30,2,50,,93370,18,0,30,2,10,,93392,18,0,30,2,10,,93448,18,0,30,2,10,,93406,18,0,30,2,10,,93375,18,0,30,2,10,,93374,18,0,30,2,50,,93464,18,0,30,2,10,,93409,18,0,30,2,10,,93434,18,0,30,2,10,,93394,18,0,30,2,10,,93460,18,0,30,2,9,,93458,18,0,30,2,49,,93437,18,0,30,2,8,,93443,18,0,30,2,9,,93364,18,0,30,2,10,,93396,18,0,30,2,10,,93386,18,0,30,2,10,,93457,18,0,30,2,50,,93422,18,0,30,2,10,,93453,18,0,30,2,10,,93369,18,0,30,2,10,,93343,18,0,30,2,6,,93341,18,0,17,2,4,,93360,18,0,30,2,10,,93452,18,0,30,2,50,,93361,18,0,30,2,10,,93357,18,0,30,2,10,,93382,18,0,30,2,10,,93410,18,0,30,2,10,,93455,18,0,30,2,10,,87990,18,0,30,2,50,,93365,18,0,30,2,10,,93393,18,0,30,2,7,,93398,18,0,30,2,10,,93411,18,0,30,2,10,,93389,18,0,30,2,10,,93463,18,0,30,2,50,,93402,18,0,30,2,10,,93399,18,0,30,2,10,,93427,18,0,30,2,10,,93416,18,0,30,2,5,,93420,18,0,17,2,5,,93462,18,0,30,2,10,,93387,18,0,30,2,50,,93425,18,0,30,2,10,,93373,18,0,30,2,10,,82351,18,0,30,2,10,,93352,18,0,30,2,11,,93444,18,0,30,2,12,,93432,18,0,30,2,50,,93379,18,0,17,2,10,,93435,18,0,17,2
50302,'1',516,,94052,20,0,32 8 19,2,12,,93988,20,0,32 8 19,2,10,,94042,20,0,32 8 19,2,10,,94041,20,0,32 8 19,2,10,,94120,20,0,32 8 19,2,53,,94009,20,0,32 8 19,2,14,,94101,20,0,32 8 19,2,6,,94090,20,0,32 8 19,2,7,,86556,20,0,32 8 19,2,10,,79674,20,0,32 8 19,2,10,,94066,20,0,32 8 19,2,45,,94047,20,0,32 8 19,2,7,,93989,20,0,32 8 19,2,9,,94099,20,0,32 8 19,2,10,,94068,20,0,32 8 19,2,6,,93998,20,0,32 8 19,2,6,,94087,20,0,32 8 19,2,6,,94116,20,0,32 8 19,2,6,,94020,20,0,32 8 19,2,6,,94029,20,0,32 8 19,2,46,,94082,20,0,32 8 19,2,6,,94113,20,0,32 8 19,2,6,,94007,20,0,32 8 19,2,6,,94062,20,0,32 8 19,2,6,,94073,20,0,32 8 19,2,6,,94105,20,0,32 8 19,2,6,,94078,20,0,32 8 19,2,6,,94005,20,0,32 8 19,2,6,,94121,20,0,32 8 19,2,6,,94088,20,0,32 8 19,2,46,,94057,20,0,32 8 19,2,6,,94044,20,0,32 8 19,2,6,,94123,20,0,32 8 19,2,6,,94010,20,0,32 8 19,2,6,,94085,20,0,32 8 19,2,6,,94081,20,0,32 8 19,2,6,,94128,20,0,32 8 19,2,6,,94043,20,0,32 8 19,2,6,,93994,20,0,32 8 19,2,47,,94000,20,0,32 8 19,2,10,,94100,20,0,32 8 19,2,10,,94130,20,0,32 8 19,2,10,,94040,20,0,32 8 19,2,10,,94023,20,0,32 8 19,2,10,,94079,20,0,32 8 19,2,50,,94131,20,0,32 8 19,2,10,,94129,20,0,32 8 19,2,10,,94086,20,0,32 8 19,2,10,,94080,20,0,32 8 19,2,10,,94114,20,0,32 8 19,2,10,,94127,20,0,32 8 19,2,50,,94054,20,0,32 8 19,2,10,,94067,20,0,32 8 19,2,10,,94017,20,0,32 8 19,2,10,,94072,20,0,32 8 19,2,10,,94038,20,0,32 8 19,2,10,,94109,20,0,32 8 19,2,50,,94034,20,0,32 8 19,2,10,,94016,20,0,32 8 19,2,10,,94094,20,0,32 8 19,2,10,,94026,20,0,32 8 19,2,10,,93995,20,0,32 8 19,2,10,,94001,20,0,32 8 19,2,50,,94098,20,0,32 8 19,2,10,,94058,20,0,32 8 19,2,10,,94107,20,0,32 8 19,2,10,,94119,20,0,32 8 19,2,10,,94103,20,0,32 8 19,2,10,,94003,20,0,32 8 19,2,53,,94045,20,0,32 8 19,2,9,,94069,20,0,32 8 19,2,6,,94033,20,0,32 8 19,2,6,,94077,20,0,32 8 19,2,6,,94093,20,0,32 8 19,2,6,,94013,20,0,32 8 19,2,8,,94050,20,0,32 8 19,2,8,,94056,20,0,32 8 19,2,48,,94074,20,0,32 8 19,2,6,,89064,20,0,32 8 19,2,6,,94076,20,0,32 8 19,2,6,,93997,20,0,32 8 19,2,6,,94048,20,0,32 8 19,2,6,,94111,20,0,32 8 19,2,6,,94089,20,0,32 8 19,2,6,,79538,20,0,32 8 19,2,6,,94014,20,0,32 8 19,2,6,,94046,20,0,32 8 19,2,46,,94095,20,0,32 8 19,2,6,,94084,20,0,32 8 19,2,6,,94021,20,0,32 8 19,2,6,,94092,20,0,32 8 19,2,6,,94108,20,0,32 8 19,2,6,,93992,20,0,32 8 19,2,6,,94070,20,0,32 8 19,2,6,,94071,20,0,32 8 19,2,6,,94083,20,0,32 8 19,2,6,,94049,20,0,32 8 19,2,46,,94018,20,0,32 8 19,2,18,,94012,20,0,32 8 19,2,6,,94055,20,0,32 8 19,2,6,,94039,20,0,32 8 19,2,6,,94004,20,0,32 8 19,2,6,,94075,20,0,32 8 19,2,4,,94112,20,0,32 8 19,2,4,,94008,20,0,32 8 19,2,7,,94106,20,0,32 8 19,2,47,,94091,20,0,32 8 19,2,7,,94022,20,0,32 8 19,2,5,,94104,20,0,32 8 19,2,7,,94037,20,0,32 8 19,2,6,,94019,20,0,32 8 19,2,7,,93999,20,0,32 8 19,2,8,,94053,20,0,32 8 19,2,8,,94118,20,0,32 8 19,2,48,,93987,20,0,32 8 19,2,8,,94060,20,0,32 8 19,2,8,,94011,20,0,32 8 19,2,8,,93993,20,0,32 8 19,2,8,,94015,20,0,32 8 19,2,8,,94102,20,0,32 8 19,2,8,,94117,20,0,32 8 19,2,8,,94002,20,0,32 8 19,2,48,,94031,20,0,32 8 19,2,8,,93996,20,0,32 8 19,2,8,,94035,20,0,32 8 19,2,8,,94063,20,0,32 8 19,2,8,,94122,20,0,32 8 19,2,8,,94032,20,0,32 8 19,2,8,,93991,20,0,32 8 19,2,49,,94024,20,0,32 8 19,2,9,,94096,20,0,32 8 19,2,9,,94027,20,0,32 8 19,2,8,,94097,20,0,32 8 19,2,10,,94125,20,0,32 8 19,2,10,,94030,20,0,32 8 19,2,10,,93990,20,0,32 8 19,2,50,,94006,20,0,32 8 19,2,10,,94124,20,0,32 8 19,2,10,,94110,20,0,32 8 19,2,10,,94061,20,0,32 8 19,2,10,,94028,20,0,32 8 19,2,10,,94051,20,0,32 8 19,2,50,,94025,20,0,32 8 19,2,10,,94126,20,0,32 8 19,2,10,,94065,20,0,32 8 19,2,10,,93986,20,0,32 8 19,2,10,,94036,20,0,32 8 19,2,10,,94115,20,0,32 8 19,2,51,,94059,20,0,32 8 19,2,18,,94064,20,0,32 8 19,2
50302,'2',443,,94235,20,0,32 8 19,2,65,,94188,20,0,32 8 19,2,17,,94223,20,0,32 8 19,2,13,,94199,20,0,32 8 19,2,15,,94169,20,0,32 8 19,2,55,,94195,20,0,32 8 19,2,10,,94134,20,0,32 8 19,2,10,,94136,20,0,32 8 19,2,10,,94232,20,0,32 8 19,2,10,,94132,20,0,32 8 19,2,10,,94178,20,0,32 8 19,2,50,,94162,20,0,32 8 19,2,10,,94181,20,0,32 8 19,2,10,,94201,20,0,32 8 19,2,10,,94158,20,0,32 8 19,2,10,,94231,20,0,32 8 19,2,10,,94220,20,0,32 8 19,2,50,,94140,20,0,32 8 19,2,11,,94159,20,0,32 8 19,2,13,,94166,20,0,32 8 19,2,10,,94245,20,0,32 8 19,2,9,,94258,20,0,32 8 19,2,49,,77519,20,0,32 8 19,2,9,,94133,20,0,32 8 19,2,10,,94156,20,0,32 8 19,2,10,,94149,20,0,32 8 19,2,10,,94196,20,0,32 8 19,2,10,,94210,20,0,32 8 19,2,10,,94174,20,0,32 8 19,2,50,,94247,20,0,32 8 19,2,10,,94214,20,0,32 8 19,2,10,,94250,20,0,32 8 19,2,10,,94177,20,0,32 8 19,2,10,,94168,20,0,32 8 19,2,10,,94194,20,0,32 8 19,2,50,,94143,20,0,32 8 19,2,10,,94197,20,0,32 8 19,2,10,,94221,20,0,32 8 19,2,11,,94151,20,0,32 8 19,2,10,,94239,20,0,32 8 19,2,50,,94249,20,0,32 8 19,2,10,,94139,20,0,32 8 19,2,5,,94208,20,0,32 8 19,2,7,,94180,20,0,32 8 19,2,10,,94259,20,0,32 8 19,2,10,,94138,20,0,32 8 19,2,8,,94204,20,0,32 8 19,2,8,,94233,20,0,32 8 19,2,56,,94237,20,0,32 8 19,2,8,,94192,20,0,32 8 19,2,8,,76490,20,0,32 8 19,2,8,,94207,20,0,32 8 19,2,8,,94228,20,0,32 8 19,2,8,,94248,20,0,32 8 19,2,48,,94256,20,0,32 8 19,2,8,,94191,20,0,32 8 19,2,8,,94209,20,0,32 8 19,2,8,,94179,20,0,32 8 19,2,8,,94167,20,0,32 8 19,2,8,,94226,20,0,32 8 19,2,8,,94243,20,0,32 8 19,2,8,,94182,20,0,32 8 19,2,48,,94165,20,0,32 8 19,2,8,,94153,20,0,32 8 19,2,8,,94148,20,0,32 8 19,2,8,,94155,20,0,32 8 19,2,8,,94224,20,0,32 8 19,2,8,,94175,20,0,32 8 19,2,8,,94154,20,0,32 8 19,2,48,,94183,20,0,32 8 19,2,8,,94184,20,0,32 8 19,2,8,,94255,20,0,32 8 19,2,8,,94225,20,0,32 8 19,2,8,,94164,20,0,32 8 19,2,8,,94227,20,0,32 8 19,2,8,,94203,20,0,32 8 19,2,8,,94213,20,0,32 8 19,2,48,,94157,20,0,32 8 19,2,8,,94163,20,0,32 8 19,2,8,,94219,20,0,32 8 19,2,8,,94150,20,0,32 8 19,2,8,,94251,20,0,32 8 19,2,8,,94222,20,0,32 8 19,2,8,,94137,20,0,32 8 19,2,48,,94173,20,0,32 8 19,2,8,,94257,20,0,32 8 19,2,16,,94170,20,0,32 8 19,2,8,,94261,20,0,32 8 19,2,8,,94200,20,0,32 8 19,2,8,,94186,20,0,32 8 19,2,9,,94202,20,0,32 8 19,2,49,,94253,20,0,32 8 19,2,9,,94142,20,0,32 8 19,2,8,,94234,20,0,32 8 19,2,9,,94135,20,0,32 8 19,2,9,,94205,20,0,32 8 19,2,10,,94218,20,0,32 8 19,2,50,,94236,20,0,32 8 19,2,10,,94176,20,0,32 8 19,2,10,,94141,20,0,32 8 19,2,10,,79964,20,0,32 8 19,2,10,,94260,20,0,32 8 19,2,10,,94187,20,0,32 8 19,2,50,,94229,20,0,32 8 19,2,10,,94160,20,0,32 8 19,2,10,,94189,20,0,32 8 19,2,10,,94147,20,0,32 8 19,2,10,,94172,20,0,32 8 19,2,10,,94242,20,0,32 8 19,2,50,,94185,20,0,32 8 19,2,11,,94146,20,0,32 8 19,2,11,,94161,20,0,32 8 19,2,10,,94254,20,0,32 8 19,2,10,,94216,20,0,32 8 19,2,10,,94244,20,0,32 8 19,2,50,,94252,20,0,32 8 19,2,10,,94238,20,0,32 8 19,2,10,,94206,20,0,32 8 19,2,10,,94171,20,0,32 8 19,2,10,,94190,20,0,32 8 19,2,10,,94230,20,0,32 8 19,2,50,,94240,20,0,32 8 19,2,10,,94144,20,0,32 8 19,2,10,,94193,20,0,32 8 19,2,10,,94241,20,0,32 8 19,2,10,,94152,20,0,32 8 19,2,10,,94198,20,0,32 8 19,2,50,,94145,20,0,32 8 19,2,10,,94246,20,0,32 8 19,2,10,,94215,20,0,32 8 19,2,10,,94262,20,0,32 8 19,2,10,,94217,20,0,32 8 19,2,8,,94211,20,0,32 8 19,2,48,,94212,20,0,32 8 19,2
50302,'3',511,,94286,20,0,32 8 19,2,21,,94346,20,0,32 8 19,2,20,,94294,20,0,32 8 19,2,60,,94324,20,0,32 8 19,2,20,,80283,20,0,32 8 19,2,10,,94360,20,0,32 8 19,2,10,,94358,20,0,32 8 19,2,50,,94289,20,0,32 8 19,2,10,,94316,20,0,32 8 19,2,10,,94287,20,0,32 8 19,2,10,,94359,20,0,32 8 19,2,10,,94342,20,0,32 8 19,2,10,,94370,20,0,32 8 19,2,51,,94306,20,0,32 8 19,2,13,,94355,20,0,32 8 19,2,11,,94296,20,0,32 8 19,2,11,,94335,20,0,32 8 19,2,9,,94268,20,0,32 8 19,2,8,,94269,20,0,32 8 19,2,48,,94277,20,0,32 8 19,2,10,,94323,20,0,32 8 19,2,10,,94366,20,0,32 8 19,2,10,,94276,20,0,32 8 19,2,10,,75434,20,0,32 8 19,2,10,,94339,20,0,32 8 19,2,50,,94350,20,0,32 8 19,2,10,,94308,20,0,32 8 19,2,10,,94275,20,0,32 8 19,2,10,,94353,20,0,32 8 19,2,10,,94352,20,0,32 8 19,2,10,,94301,20,0,32 8 19,2,50,,94376,20,0,32 8 19,2,10,,94272,20,0,32 8 19,2,10,,94321,20,0,32 8 19,2,10,,94364,20,0,32 8 19,2,10,,94263,20,0,32 8 19,2,10,,94329,20,0,32 8 19,2,50,,94283,20,0,32 8 19,2,9,,94291,20,0,32 8 19,2,9,,94303,20,0,32 8 19,2,10,,94373,20,0,32 8 19,2,9,,94327,20,0,32 8 19,2,9,,80244,20,0,32 8 19,2,10,,94305,20,0,32 8 19,2,50,,94266,20,0,32 8 19,2,10,,94363,20,0,32 8 19,2,10,,94348,20,0,32 8 19,2,10,,94313,20,0,32 8 19,2,10,,94297,20,0,32 8 19,2,10,,94300,20,0,32 8 19,2,50,,94341,20,0,32 8 19,2,10,,94331,20,0,32 8 19,2,10,,94336,20,0,32 8 19,2,10,,94338,20,0,32 8 19,2,10,,94340,20,0,32 8 19,2,10,,94278,20,0,32 8 19,2,50,,94343,20,0,32 8 19,2,10,,94375,20,0,32 8 19,2,10,,94362,20,0,32 8 19,2,10,,94288,20,0,32 8 19,2,10,,94298,20,0,32 8 19,2,10,,94337,20,0,32 8 19,2,50,,94334,20,0,32 8 19,2,10,,94267,20,0,32 8 19,2,10,,94332,20,0,32 8 19,2,10,,94328,20,0,32 8 19,2,10,,94281,20,0,32 8 19,2,10,,94304,20,0,32 8 19,2,50,,94292,20,0,32 8 19,2,10,,94368,20,0,32 8 19,2,10,,94295,20,0,32 8 19,2,10,,85132,20,0,32 8 19,2,10,,94369,20,0,32 8 19,2,10,,94318,20,0,32 8 19,2,50,,94326,20,0,32 8 19,2,10,,94361,20,0,32 8 19,2,10,,94357,20,0,32 8 19,2,20,,94345,20,0,32 8 19,2,10,,94293,20,0,32 8 19,2,50,,94284,20,0,32 8 19,2,11,,94265,20,0,32 8 19,2,11,,94319,20,0,32 8 19,2,12,,94290,20,0,32 8 19,2,10,,94309,20,0,32 8 19,2,50,,94307,20,0,32 8 19,2,10,,94280,20,0,32 8 19,2,10,,94330,20,0,32 8 19,2,10,,94302,20,0,32 8 19,2,10,,94354,20,0,32 8 19,2,10,,67251,20,0,32 8 19,2,50,,94317,20,0,32 8 19,2,10,,94314,20,0,32 8 19,2,10,,82258,20,0,32 8 19,2,10,,94365,20,0,32 8 19,2,10,,94372,20,0,32 8 19,2,10,,94274,20,0,32 8 19,2,50,,94349,20,0,32 8 19,2,10,,94285,20,0,32 8 19,2,12,,94367,20,0,32 8 19,2,10,,94270,20,0,32 8 19,2,7,,94356,20,0,32 8 19,2,10,,94371,20,0,32 8 19,2,50,,94282,20,0,32 8 19,2,10,,94333,20,0,32 8 19,2,10,,94299,20,0,32 8 19,2,10,,94279,20,0,32 8 19,2,10,,94374,20,0,32 8 19,2,10,,94311,20,0,32 8 19,2,50,,94310,20,0,32 8 19,2,10,,94351,20,0,32 8 19,2,10,,94315,20,0,32 8 19,2,10,,87007,20,0,32 8 19,2,10,,94312,20,0,32 8 19,2,10,,94322,20,0,32 8 19,2,50,,94347,20,0,32 8 19,2,12,,94320,20,0,32 8 19,2,8,,94344,20,0,32 8 19,2,10,,94273,20,0,32 8 19,2,10,,94325,20,0,32 8 19,2,13,,94271,20,0,32 8 19,2,54,,94264,20,0,32 8 19,2
50302,'5',511,,94492,20,0,32 8 19,2,21,,94378,20,0,32 8 19,2,20,,94422,20,0,32 8 19,2,60,,94379,20,0,32 8 19,2,20,,94484,20,0,32 8 19,2,10,,94488,20,0,32 8 19,2,10,,94377,20,0,32 8 19,2,50,,94397,20,0,32 8 19,2,10,,94472,20,0,32 8 19,2,10,,94412,20,0,32 8 19,2,10,,94409,20,0,32 8 19,2,10,,94450,20,0,32 8 19,2,10,,94407,20,0,32 8 19,2,51,,94477,20,0,32 8 19,2,13,,94404,20,0,32 8 19,2,11,,94427,20,0,32 8 19,2,11,,94402,20,0,32 8 19,2,9,,94475,20,0,32 8 19,2,8,,94444,20,0,32 8 19,2,48,,94480,20,0,32 8 19,2,10,,94494,20,0,32 8 19,2,10,,94390,20,0,32 8 19,2,10,,94413,20,0,32 8 19,2,10,,94451,20,0,32 8 19,2,10,,94446,20,0,32 8 19,2,50,,94401,20,0,32 8 19,2,10,,94386,20,0,32 8 19,2,10,,87277,20,0,32 8 19,2,10,,94447,20,0,32 8 19,2,10,,94489,20,0,32 8 19,2,10,,94388,20,0,32 8 19,2,50,,94430,20,0,32 8 19,2,10,,94405,20,0,32 8 19,2,10,,94433,20,0,32 8 19,2,10,,94460,20,0,32 8 19,2,10,,94497,20,0,32 8 19,2,10,,94439,20,0,32 8 19,2,50,,94429,20,0,32 8 19,2,9,,94396,20,0,32 8 19,2,9,,94417,20,0,32 8 19,2,10,,94399,20,0,32 8 19,2,9,,94414,20,0,32 8 19,2,9,,94465,20,0,32 8 19,2,10,,94432,20,0,32 8 19,2,50,,94392,20,0,32 8 19,2,10,,94464,20,0,32 8 19,2,10,,94495,20,0,32 8 19,2,10,,94381,20,0,32 8 19,2,10,,94481,20,0,32 8 19,2,10,,94385,20,0,32 8 19,2,50,,94435,20,0,32 8 19,2,10,,94462,20,0,32 8 19,2,10,,94426,20,0,32 8 19,2,10,,94420,20,0,32 8 19,2,10,,94408,20,0,32 8 19,2,10,,94483,20,0,32 8 19,2,50,,94387,20,0,32 8 19,2,10,,94487,20,0,32 8 19,2,10,,94456,20,0,32 8 19,2,10,,94459,20,0,32 8 19,2,10,,94453,20,0,32 8 19,2,10,,94419,20,0,32 8 19,2,50,,94469,20,0,32 8 19,2,10,,94470,20,0,32 8 19,2,10,,94406,20,0,32 8 19,2,10,,94455,20,0,32 8 19,2,10,,94431,20,0,32 8 19,2,10,,94418,20,0,32 8 19,2,50,,94434,20,0,32 8 19,2,10,,94416,20,0,32 8 19,2,10,,94479,20,0,32 8 19,2,10,,94457,20,0,32 8 19,2,10,,94380,20,0,32 8 19,2,10,,94384,20,0,32 8 19,2,50,,94478,20,0,32 8 19,2,10,,94398,20,0,32 8 19,2,10,,94496,20,0,32 8 19,2,10,,94476,20,0,32 8 19,2,10,,94491,20,0,32 8 19,2,10,,94440,20,0,32 8 19,2,50,,94463,20,0,32 8 19,2,11,,94443,20,0,32 8 19,2,11,,94423,20,0,32 8 19,2,12,,94490,20,0,32 8 19,2,10,,94421,20,0,32 8 19,2,50,,94415,20,0,32 8 19,2,10,,94458,20,0,32 8 19,2,10,,94437,20,0,32 8 19,2,10,,94474,20,0,32 8 19,2,10,,94428,20,0,32 8 19,2,10,,94438,20,0,32 8 19,2,50,,94467,20,0,32 8 19,2,10,,94452,20,0,32 8 19,2,10,,94466,20,0,32 8 19,2,10,,94485,20,0,32 8 19,2,10,,94493,20,0,32 8 19,2,10,,94454,20,0,32 8 19,2,50,,94471,20,0,32 8 19,2,10,,94411,20,0,32 8 19,2,12,,94400,20,0,32 8 19,2,10,,94403,20,0,32 8 19,2,7,,94473,20,0,32 8 19,2,10,,94424,20,0,32 8 19,2,50,,94410,20,0,32 8 19,2,10,,94448,20,0,32 8 19,2,10,,94436,20,0,32 8 19,2,10,,94393,20,0,32 8 19,2,10,,94395,20,0,32 8 19,2,10,,94445,20,0,32 8 19,2,50,,94389,20,0,32 8 19,2,10,,94383,20,0,32 8 19,2,10,,94442,20,0,32 8 19,2,10,,94468,20,0,32 8 19,2,10,,94425,20,0,32 8 19,2,10,,94461,20,0,32 8 19,2,50,,94486,20,0,32 8 19,2,12,,94382,20,0,32 8 19,2,8,,94482,20,0,32 8 19,2,10,,94391,20,0,32 8 19,2,10,,94394,20,0,32 8 19,2,13,,94449,20,0,32 8 19,2,54,,94441,20,0,32 8 19,2
