30102,'1',2506,,91377,20,,,2,7,,91373,20,0,17,2,13,,91368,20,,,2,7,,89112,20,0,17,2,13,,91355,20,,,2,7,,91357,20,0,17,2,51,,91364,20,,,2,10,,91353,20,0,17,2,10,,91354,20,,,2,10,,80677,20,0,17,2,10,,91362,20,,,2,5,,91371,20,0,17,2,6,,91372,20,0,17,2,49,,91352,20,,,2,20,,91369,20,,,2,20,,91358,20,,,2,60,,91359,20,,,2,20,,91375,20,,,2,20,,91365,20,,,2,60,,91351,20,,,2,20,,91367,20,0,17,2,20,,91360,20,0,17,2,60,,91370,20,0,17,2
30102,'2',2513,,91397,20,,,2,11,,91388,20,0,17,2,8,,91394,20,,,2,14,,91390,20,0,17,2,8,,91386,20,,,2,50,,91399,20,0,17,2,10,,91408,20,,,2,10,,91404,20,0,17,2,10,,91391,20,,,2,10,,91381,20,0,17,2,10,,91402,20,,,2,50,,91395,20,0,17,2,10,,91401,20,,,2,20,,91407,20,,,2,20,,91387,20,,,2,60,,91384,20,,,2,20,,91400,20,,,2,20,,91403,20,,,2,60,,91383,20,0,17,2,20,,91406,20,0,17,2,20,,91385,20,0,17,2,60,,91405,20,0,17,2
30102,'3',2505,,91431,20,,,2,22,,91415,20,,,2,10,,91417,20,0,17,2,12,,91424,20,,,2,10,,91419,20,0,17,2,50,,91432,20,,,2,10,,91412,20,0,17,2,10,,91420,20,,,2,10,,91418,20,0,17,2,10,,91422,20,,,2,60,,91409,20,,,2,20,,91411,20,,,2,20,,91410,20,,,2,60,,82311,20,,,2,20,,91423,20,,,2,20,,91429,20,,,2,60,,91433,20,0,17,2,20,,91426,20,0,17,2,20,,91435,20,0,17,2,60,,91434,20,0,17,2
30102,'5',2505,,91451,20,,,2,22,,91442,20,,,2,10,,91443,20,0,17,2,12,,91462,20,,,2,10,,91459,20,0,17,2,50,,91460,20,,,2,10,,91439,20,0,17,2,10,,91457,20,,,2,10,,91444,20,0,17,2,10,,91455,20,,,2,60,,91438,20,,,2,20,,91440,20,,,2,20,,87157,20,,,2,60,,91449,20,,,2,20,,91452,20,,,2,20,,91453,20,,,2,60,,91456,20,0,17,2,20,,91458,20,0,17,2,20,,91441,20,0,17,2,60,,91448,20,0,17,2
50102,'1',524,,93075,20,0,30,2,10,,92970,20,0,30,2,10,,92983,20,0,30,2,10,,92965,20,0,30,2,50,,93053,20,0,30,2,10,,92996,20,0,30,2,10,,93025,20,0,30,2,10,,93011,20,0,30,2,10,,93034,20,0,30,2,10,,92953,20,0,30,2,50,,92976,20,0,30,2,10,,93070,20,0,30,2,10,,92971,20,0,30,2,10,,92995,20,0,30,2,10,,92959,20,0,30,2,11,,92989,20,0,30,2,51,,93042,20,0,30,2,11,,92993,20,0,30,2,10,,92988,20,0,30,2,10,,78637,20,0,30,2,10,,92985,20,0,30,2,10,,93072,20,0,30,2,50,,92973,20,0,30,2,10,,93047,20,0,30,2,10,,93031,20,0,30,2,10,,92975,20,0,30,2,10,,93008,20,0,30,2,10,,92963,20,0,30,2,50,,92978,20,0,30,2,10,,92984,20,0,30,2,10,,93028,20,0,30,2,10,,93063,20,0,30,2,10,,92986,20,0,30,2,10,,92994,20,0,30,2,50,,92961,20,0,30,2,10,,93010,20,0,30,2,10,,92954,20,0,30,2,10,,93069,20,0,30,2,10,,93049,20,0,30,2,10,,93062,20,0,30,2,50,,93030,20,0,30,2,10,,92982,20,0,30,2,10,,93035,20,0,30,2,10,,93009,20,0,30,2,10,,92956,20,0,30,2,10,,92992,20,0,30,2,50,,93029,20,0,30,2,10,,93021,20,0,30,2,10,,92998,20,0,30,2,10,,93019,20,0,30,2,10,,92999,20,0,30,2,10,,93060,20,0,30,2,50,,92981,20,0,30,2,10,,93058,20,0,30,2,10,,92977,20,0,30,2,10,,93013,20,0,30,2,10,,93050,20,0,30,2,10,,93066,20,0,30,2,50,,93038,20,0,30,2,10,,92974,20,0,30,2,10,,93074,20,0,30,2,10,,92968,20,0,30,2,10,,93045,20,0,30,2,10,,93044,20,0,30,2,50,,92990,20,0,30,2,10,,92950,20,0,30,2,10,,93005,20,0,30,2,10,,93000,20,0,30,2,10,,93051,20,0,30,2,10,,93007,20,0,30,2,50,,93001,20,0,30,2,10,,92967,20,0,30,2,10,,93057,20,0,17,2,10,,92969,20,0,30,2,10,,93039,20,0,30,2,10,,93014,20,0,30,2,50,,93036,20,0,30,2,10,,92979,20,0,30,2,10,,93073,20,0,30,2,10,,93023,20,0,30,2,10,,93012,20,0,30,2,10,,93048,20,0,30,2,50,,93017,20,0,30,2,10,,93040,20,0,30,2,10,,88247,20,0,30,2,9,,93006,20,0,30,2,10,,93046,20,0,30,2,10,,92966,20,0,30,2,50,,93033,20,0,30,2,10,,93002,20,0,30,2,10,,93068,20,0,30,2,10,,93016,20,0,30,2,10,,93064,20,0,30,2,10,,92951,20,0,30,2,50,,92957,20,0,30,2,10,,93037,20,0,30,2,5,,93052,20,0,17,2,5,,93043,20,0,30,2,10,,93071,20,0,30,2,10,,93054,20,0,30,2,10,,92949,20,0,30,2,50,,92948,20,0,30,2,6,,93067,20,0,30,2,6,,93004,20,0,17,2,9,,87466,20,0,30,2,8,,92987,20,0,30,2,10,,93024,20,0,30,2,10,,93065,20,0,30,2,50,,93041,20,0,30,2,10,,93022,20,0,30,2,10,,93056,20,0,30,2,10,,92955,20,0,30,2,5,,92960,20,0,17,2,5,,93059,20,0,30,2,10,,93015,20,0,30,2,50,,92980,20,0,30,2,10,,93003,20,0,30,2,10,,92997,20,0,30,2,10,,92958,20,0,30,2,10,,93027,20,0,30,2,10,,93020,20,0,30,2
50102,'2',525,,93079,20,0,30,2,9,,93194,20,0,30,2,9,,93082,20,0,30,2,10,,93088,20,0,30,2,50,,93180,20,0,30,2,10,,93111,20,0,30,2,10,,93155,20,0,30,2,10,,93176,20,0,30,2,10,,93161,20,0,30,2,10,,93141,20,0,30,2,50,,93195,20,0,30,2,10,,93139,20,0,30,2,10,,93158,20,0,30,2,10,,93174,20,0,30,2,10,,93199,20,0,30,2,10,,93126,20,0,30,2,50,,93197,20,0,30,2,13,,93136,20,0,30,2,12,,93131,20,0,30,2,12,,93164,20,0,30,2,11,,93149,20,0,30,2,50,,93096,20,0,30,2,10,,93113,20,0,30,2,10,,93102,20,0,30,2,10,,93115,20,0,30,2,10,,93191,20,0,30,2,10,,93146,20,0,30,2,50,,93087,20,0,30,2,10,,93150,20,0,30,2,10,,93184,20,0,30,2,10,,84134,20,0,30,2,10,,93116,20,0,30,2,10,,93123,20,0,30,2,51,,93154,20,0,30,2,10,,93208,20,0,30,2,11,,93167,20,0,30,2,11,,93100,20,0,30,2,9,,93162,20,0,30,2,9,,93076,20,0,30,2,49,,93207,20,0,30,2,9,,93187,20,0,30,2,9,,93186,20,0,30,2,9,,93118,20,0,30,2,9,,93169,20,0,30,2,9,,93094,20,0,30,2,9,,93135,20,0,30,2,49,,93097,20,0,30,2,9,,93098,20,0,30,2,9,,93153,20,0,30,2,9,,93211,20,0,30,2,9,,93099,20,0,30,2,9,,93114,20,0,30,2,9,,93152,20,0,30,2,49,,93165,20,0,30,2,9,,93089,20,0,30,2,9,,93215,20,0,30,2,9,,93202,20,0,30,2,9,,93148,20,0,30,2,9,,93108,20,0,30,2,49,,93179,20,0,30,2,9,,93107,20,0,30,2,9,,93128,20,0,30,2,9,,93125,20,0,30,2,9,,93190,20,0,30,2,9,,93178,20,0,30,2,9,,93206,20,0,30,2,49,,93119,20,0,30,2,9,,93173,20,0,30,2,9,,93080,20,0,30,2,9,,93203,20,0,30,2,9,,93182,20,0,30,2,9,,93142,20,0,30,2,9,,93163,20,0,30,2,49,,93210,20,0,30,2,9,,93117,20,0,30,2,9,,93156,20,0,30,2,9,,93078,20,0,30,2,9,,93151,20,0,30,2,9,,93103,20,0,30,2,49,,93193,20,0,30,2,9,,93181,20,0,30,2,9,,93166,20,0,30,2,9,,93145,20,0,30,2,9,,93212,20,0,30,2,9,,93091,20,0,30,2,9,,93105,20,0,30,2,49,,93090,20,0,30,2,8,,93106,20,0,30,2,9,,93204,20,0,30,2,9,,93214,20,0,30,2,9,,93121,20,0,30,2,10,,93196,20,0,30,2,10,,93185,20,0,30,2,50,,93168,20,0,30,2,5,,93138,20,0,17,2,5,,93132,20,0,30,2,10,,93140,20,0,30,2,10,,93127,20,0,30,2,10,,93083,20,0,30,2,10,,93189,20,0,30,2,50,,93130,20,0,30,2,10,,93143,20,0,30,2,10,,93192,20,0,30,2,10,,93170,20,0,30,2,10,,93093,20,0,30,2,10,,93081,20,0,30,2,50,,93124,20,0,30,2,8,,93077,20,0,30,2,6,,93213,20,0,17,2,8,,93147,20,0,30,2,10,,93160,20,0,30,2,10,,93175,20,0,30,2,50,,93171,20,0,30,2,10,,93200,20,0,30,2,10,,93095,20,0,30,2,10,,93188,20,0,30,2,10,,93086,20,0,30,2,5,,93109,20,0,17,2,5,,93177,20,0,30,2,5,,93159,20,0,17,2,45,,93198,20,0,30,2,10,,93129,20,0,30,2,10,,93092,20,0,30,2,10,,93101,20,0,30,2,12,,93209,20,0,30,2,13,,93110,20,0,30,2,50,,93201,20,0,17,2,3,,82652,20,0,17,2
50102,'3',525,,93230,20,0,30,2,10,,93236,20,0,30,2,10,,93241,20,0,30,2,10,,85143,20,0,30,2,50,,93245,20,0,30,2,10,,93263,20,0,30,2,10,,93271,20,0,30,2,10,,93289,20,0,30,2,10,,93250,20,0,30,2,10,,93240,20,0,30,2,50,,93238,20,0,30,2,10,,93303,20,0,30,2,10,,93329,20,0,30,2,10,,93286,20,0,30,2,10,,93293,20,0,30,2,10,,80294,20,0,30,2,52,,93229,20,0,30,2,11,,93307,20,0,30,2,11,,93256,20,0,30,2,10,,93253,20,0,30,2,10,,93298,20,0,30,2,8,,93220,20,0,30,2,50,,93288,20,0,30,2,10,,93332,20,0,30,2,10,,93269,20,0,30,2,10,,93287,20,0,30,2,10,,93337,20,0,30,2,10,,93314,20,0,30,2,50,,93218,20,0,30,2,10,,93246,20,0,30,2,10,,93216,20,0,30,2,10,,79000,20,0,30,2,10,,93283,20,0,30,2,11,,93290,20,0,30,2,50,,93282,20,0,30,2,10,,93335,20,0,30,2,12,,93233,20,0,30,2,10,,93219,20,0,30,2,10,,93302,20,0,30,2,50,,93313,20,0,30,2,10,,93331,20,0,30,2,10,,93315,20,0,30,2,10,,93223,20,0,30,2,10,,93277,20,0,30,2,10,,93261,20,0,30,2,50,,93226,20,0,30,2,10,,76208,20,0,30,2,10,,93281,20,0,30,2,10,,85003,20,0,30,2,10,,93319,20,0,30,2,10,,93306,20,0,30,2,50,,93292,20,0,30,2,10,,93222,20,0,30,2,10,,84202,20,0,30,2,10,,93328,20,0,30,2,10,,87834,20,0,30,2,10,,93325,20,0,30,2,50,,93234,20,0,30,2,10,,93231,20,0,30,2,10,,93296,20,0,30,2,10,,93242,20,0,30,2,10,,93278,20,0,30,2,10,,93322,20,0,30,2,50,,93221,20,0,30,2,10,,93272,20,0,30,2,10,,93316,20,0,30,2,10,,93235,20,0,30,2,10,,93262,20,0,30,2,10,,93334,20,0,30,2,50,,93299,20,0,30,2,10,,93248,20,0,30,2,10,,93232,20,0,30,2,10,,93285,20,0,30,2,10,,93255,20,0,30,2,10,,93326,20,0,30,2,50,,93340,20,0,30,2,10,,93339,20,0,30,2,10,,93305,20,0,30,2,10,,93318,20,0,30,2,10,,82321,20,0,30,2,10,,93317,20,0,30,2,9,,93304,20,0,30,2,49,,93243,20,0,30,2,8,,93301,20,0,30,2,9,,93258,20,0,30,2,10,,93276,20,0,30,2,10,,93273,20,0,30,2,10,,93260,20,0,30,2,50,,93227,20,0,30,2,10,,93295,20,0,30,2,10,,93237,20,0,30,2,10,,93321,20,0,30,2,6,,93330,20,0,17,2,4,,93249,20,0,30,2,10,,93312,20,0,30,2,50,,93323,20,0,30,2,10,,80255,20,0,30,2,10,,93279,20,0,30,2,10,,93257,20,0,30,2,10,,93265,20,0,30,2,10,,93297,20,0,30,2,50,,93309,20,0,30,2,10,,93267,20,0,30,2,6,,93252,20,0,30,2,10,,93274,20,0,30,2,10,,93225,20,0,30,2,10,,93275,20,0,30,2,50,,93244,20,0,30,2,10,,93217,20,0,30,2,10,,93239,20,0,30,2,10,,93324,20,0,30,2,5,,93294,20,0,17,2,5,,93280,20,0,30,2,10,,93327,20,0,30,2,50,,93336,20,0,30,2,10,,93251,20,0,30,2,10,,93254,20,0,30,2,10,,93300,20,0,30,2,11,,93247,20,0,30,2,12,,93228,20,0,30,2,50,,93268,20,0,17,2,10,,93224,20,0,17,2
50102,'5',525,,93456,20,0,30,2,10,,93349,20,0,30,2,10,,93441,20,0,30,2,10,,93355,20,0,30,2,50,,93362,20,0,30,2,10,,93423,20,0,30,2,10,,93433,20,0,30,2,10,,93412,20,0,30,2,10,,93445,20,0,30,2,10,,93408,20,0,30,2,50,,93378,20,0,30,2,10,,93468,20,0,30,2,10,,93347,20,0,30,2,10,,93466,20,0,30,2,10,,93424,20,0,30,2,10,,93376,20,0,30,2,52,,93414,20,0,30,2,11,,93390,20,0,30,2,11,,93442,20,0,30,2,10,,75492,20,0,30,2,10,,93401,20,0,30,2,8,,93419,20,0,30,2,50,,93461,20,0,30,2,10,,93447,20,0,30,2,10,,93426,20,0,30,2,10,,93377,20,0,30,2,10,,93388,20,0,30,2,10,,93450,20,0,30,2,50,,93346,20,0,30,2,10,,93350,20,0,30,2,10,,93380,20,0,30,2,10,,93363,20,0,30,2,10,,93459,20,0,30,2,11,,93430,20,0,30,2,50,,93439,20,0,30,2,10,,93418,20,0,30,2,12,,93383,20,0,30,2,10,,93431,20,0,30,2,10,,93446,20,0,30,2,50,,93351,20,0,30,2,10,,93404,20,0,30,2,10,,93344,20,0,30,2,10,,93395,20,0,30,2,10,,93449,20,0,30,2,10,,93368,20,0,30,2,50,,93428,20,0,30,2,10,,93405,20,0,30,2,10,,93440,20,0,30,2,10,,93429,20,0,30,2,10,,93397,20,0,30,2,10,,81937,20,0,30,2,50,,93371,20,0,30,2,10,,93400,20,0,30,2,10,,93413,20,0,30,2,10,,93436,20,0,30,2,10,,93415,20,0,30,2,10,,93417,20,0,30,2,50,,93391,20,0,30,2,10,,93372,20,0,30,2,10,,93359,20,0,30,2,10,,93421,20,0,30,2,10,,93354,20,0,30,2,10,,93451,20,0,30,2,50,,93342,20,0,30,2,10,,93345,20,0,30,2,10,,93407,20,0,30,2,10,,93353,20,0,30,2,10,,93385,20,0,30,2,10,,93465,20,0,30,2,50,,93403,20,0,30,2,10,,93370,20,0,30,2,10,,93392,20,0,30,2,10,,93448,20,0,30,2,10,,93406,20,0,30,2,10,,93375,20,0,30,2,50,,93374,20,0,30,2,10,,93464,20,0,30,2,10,,93409,20,0,30,2,10,,93434,20,0,30,2,10,,93394,20,0,30,2,10,,93460,20,0,30,2,9,,93458,20,0,30,2,49,,93437,20,0,30,2,8,,93443,20,0,30,2,9,,93364,20,0,30,2,10,,93396,20,0,30,2,10,,93386,20,0,30,2,10,,93457,20,0,30,2,50,,93422,20,0,30,2,10,,93453,20,0,30,2,10,,93369,20,0,30,2,10,,93343,20,0,30,2,6,,93341,20,0,17,2,4,,93360,20,0,30,2,10,,93452,20,0,30,2,50,,93361,20,0,30,2,10,,93357,20,0,30,2,10,,93382,20,0,30,2,10,,93410,20,0,30,2,10,,93455,20,0,30,2,10,,87990,20,0,30,2,50,,93365,20,0,30,2,10,,93393,20,0,30,2,6,,93398,20,0,30,2,10,,93411,20,0,30,2,10,,93389,20,0,30,2,10,,93463,20,0,30,2,50,,93402,20,0,30,2,10,,93399,20,0,30,2,10,,93427,20,0,30,2,10,,93416,20,0,30,2,5,,93420,20,0,17,2,5,,93462,20,0,30,2,10,,93387,20,0,30,2,50,,93425,20,0,30,2,10,,93373,20,0,30,2,10,,82351,20,0,30,2,10,,93352,20,0,30,2,11,,93444,20,0,30,2,12,,93432,20,0,30,2,50,,93379,20,0,17,2,10,,93435,20,0,17,2
50302,'1',518,,94052,22,0,32 8 19,2,12,,93988,22,0,32 8 19,2,10,,94042,22,0,32 8 19,2,10,,94041,22,0,32 8 19,2,50,,94120,22,0,32 8 19,2,13,,94009,22,0,32 8 19,2,14,,94101,22,0,32 8 19,2,6,,94090,22,0,32 8 19,2,7,,86556,22,0,32 8 19,2,10,,79674,22,0,32 8 19,2,50,,94066,22,0,32 8 19,2,5,,94047,22,0,32 8 19,2,6,,93989,22,0,32 8 19,2,10,,94099,22,0,32 8 19,2,10,,94068,22,0,32 8 19,2,6,,93998,22,0,32 8 19,2,6,,94087,22,0,32 8 19,2,6,,94116,22,0,32 8 19,2,6,,94020,22,0,32 8 19,2,46,,94029,22,0,32 8 19,2,6,,94082,22,0,32 8 19,2,6,,94113,22,0,32 8 19,2,6,,94007,22,0,32 8 19,2,6,,94062,22,0,32 8 19,2,6,,94073,22,0,32 8 19,2,6,,94105,22,0,32 8 19,2,6,,94078,22,0,32 8 19,2,6,,94005,22,0,32 8 19,2,6,,94121,22,0,32 8 19,2,46,,94088,22,0,32 8 19,2,6,,94057,22,0,32 8 19,2,6,,94044,22,0,32 8 19,2,6,,94123,22,0,32 8 19,2,6,,94010,22,0,32 8 19,2,6,,94085,22,0,32 8 19,2,6,,94081,22,0,32 8 19,2,6,,94128,22,0,32 8 19,2,6,,94043,22,0,32 8 19,2,6,,93994,22,0,32 8 19,2,47,,94000,22,0,32 8 19,2,10,,94100,22,0,32 8 19,2,10,,94130,22,0,32 8 19,2,10,,94040,22,0,32 8 19,2,10,,94023,22,0,32 8 19,2,10,,94079,22,0,32 8 19,2,50,,94131,22,0,32 8 19,2,10,,94129,22,0,32 8 19,2,10,,94086,22,0,32 8 19,2,10,,94080,22,0,32 8 19,2,10,,94114,22,0,32 8 19,2,10,,94127,22,0,32 8 19,2,50,,94054,22,0,32 8 19,2,10,,94067,22,0,32 8 19,2,10,,94017,22,0,32 8 19,2,10,,94072,22,0,32 8 19,2,10,,94038,22,0,32 8 19,2,10,,94109,22,0,32 8 19,2,50,,94034,22,0,32 8 19,2,10,,94016,22,0,32 8 19,2,10,,94094,22,0,32 8 19,2,10,,94026,22,0,32 8 19,2,10,,93995,22,0,32 8 19,2,10,,94001,22,0,32 8 19,2,50,,94098,22,0,32 8 19,2,10,,94058,22,0,32 8 19,2,10,,94107,22,0,32 8 19,2,10,,94119,22,0,32 8 19,2,10,,94103,22,0,32 8 19,2,10,,94003,22,0,32 8 19,2,53,,94045,22,0,32 8 19,2,9,,94069,22,0,32 8 19,2,6,,94033,22,0,32 8 19,2,6,,94077,22,0,32 8 19,2,6,,94093,22,0,32 8 19,2,6,,94013,22,0,32 8 19,2,8,,94050,22,0,32 8 19,2,8,,94056,22,0,32 8 19,2,48,,94074,22,0,32 8 19,2,6,,89064,22,0,32 8 19,2,6,,94076,22,0,32 8 19,2,6,,93997,22,0,32 8 19,2,6,,94048,22,0,32 8 19,2,6,,94111,22,0,32 8 19,2,6,,94089,22,0,32 8 19,2,6,,79538,22,0,32 8 19,2,6,,94014,22,0,32 8 19,2,6,,94046,22,0,32 8 19,2,46,,94095,22,0,32 8 19,2,6,,94084,22,0,32 8 19,2,6,,94021,22,0,32 8 19,2,6,,94092,22,0,32 8 19,2,6,,94108,22,0,32 8 19,2,6,,93992,22,0,32 8 19,2,6,,94070,22,0,32 8 19,2,6,,94071,22,0,32 8 19,2,6,,94083,22,0,32 8 19,2,6,,94049,22,0,32 8 19,2,46,,94018,22,0,32 8 19,2,18,,94012,22,0,32 8 19,2,6,,94055,22,0,32 8 19,2,6,,94039,22,0,32 8 19,2,6,,94004,22,0,32 8 19,2,6,,94075,22,0,32 8 19,2,4,,94112,22,0,32 8 19,2,4,,94008,22,0,32 8 19,2,7,,94106,22,0,32 8 19,2,47,,94091,22,0,32 8 19,2,7,,94022,22,0,32 8 19,2,5,,94104,22,0,32 8 19,2,7,,94037,22,0,32 8 19,2,6,,94019,22,0,32 8 19,2,7,,93999,22,0,32 8 19,2,8,,94053,22,0,32 8 19,2,8,,94118,22,0,32 8 19,2,48,,93987,22,0,32 8 19,2,8,,94060,22,0,32 8 19,2,8,,94011,22,0,32 8 19,2,8,,93993,22,0,32 8 19,2,8,,94015,22,0,32 8 19,2,8,,94102,22,0,32 8 19,2,8,,94117,22,0,32 8 19,2,8,,94002,22,0,32 8 19,2,48,,94031,22,0,32 8 19,2,8,,93996,22,0,32 8 19,2,8,,94035,22,0,32 8 19,2,8,,94063,22,0,32 8 19,2,8,,94122,22,0,32 8 19,2,8,,94032,22,0,32 8 19,2,8,,93991,22,0,32 8 19,2,49,,94024,22,0,32 8 19,2,9,,94096,22,0,32 8 19,2,8,,94027,22,0,32 8 19,2,9,,94097,22,0,32 8 19,2,9,,94125,22,0,32 8 19,2,10,,94030,22,0,32 8 19,2,10,,93990,22,0,32 8 19,2,50,,94006,22,0,32 8 19,2,10,,94124,22,0,32 8 19,2,10,,94110,22,0,32 8 19,2,10,,94061,22,0,32 8 19,2,10,,94028,22,0,32 8 19,2,10,,94051,22,0,32 8 19,2,50,,94025,22,0,32 8 19,2,10,,94126,22,0,32 8 19,2,10,,94065,22,0,32 8 19,2,10,,93986,22,0,32 8 19,2,10,,94036,22,0,32 8 19,2,10,,94115,22,0,32 8 19,2,51,,94059,22,0,32 8 19,2,18,,94064,22,0,32 8 19,2
50302,'2',444,,94235,22,0,32 8 19,2,65,,94188,22,0,32 8 19,2,17,,94223,22,0,32 8 19,2,13,,94199,22,0,32 8 19,2,15,,94169,22,0,32 8 19,2,55,,94195,22,0,32 8 19,2,10,,94134,22,0,32 8 19,2,10,,94136,22,0,32 8 19,2,10,,94232,22,0,32 8 19,2,10,,94132,22,0,32 8 19,2,10,,94178,22,0,32 8 19,2,50,,94162,22,0,32 8 19,2,10,,94181,22,0,32 8 19,2,10,,94201,22,0,32 8 19,2,10,,94158,22,0,32 8 19,2,10,,94231,22,0,32 8 19,2,10,,94220,22,0,32 8 19,2,50,,94140,22,0,32 8 19,2,12,,94159,22,0,32 8 19,2,12,,94166,22,0,32 8 19,2,11,,94245,22,0,32 8 19,2,9,,94258,22,0,32 8 19,2,49,,77519,22,0,32 8 19,2,9,,94133,22,0,32 8 19,2,10,,94156,22,0,32 8 19,2,10,,94149,22,0,32 8 19,2,10,,94196,22,0,32 8 19,2,10,,94210,22,0,32 8 19,2,50,,94174,22,0,32 8 19,2,10,,94247,22,0,32 8 19,2,10,,94214,22,0,32 8 19,2,10,,94250,22,0,32 8 19,2,10,,94177,22,0,32 8 19,2,10,,94168,22,0,32 8 19,2,50,,94194,22,0,32 8 19,2,10,,94143,22,0,32 8 19,2,10,,94197,22,0,32 8 19,2,10,,94221,22,0,32 8 19,2,11,,94151,22,0,32 8 19,2,10,,94239,22,0,32 8 19,2,50,,94249,22,0,32 8 19,2,10,,94139,22,0,32 8 19,2,5,,94208,22,0,32 8 19,2,6,,94180,22,0,32 8 19,2,10,,94259,22,0,32 8 19,2,10,,94138,22,0,32 8 19,2,8,,94204,22,0,32 8 19,2,8,,94233,22,0,32 8 19,2,56,,94237,22,0,32 8 19,2,8,,94192,22,0,32 8 19,2,8,,76490,22,0,32 8 19,2,8,,94207,22,0,32 8 19,2,8,,94228,22,0,32 8 19,2,8,,94248,22,0,32 8 19,2,48,,94256,22,0,32 8 19,2,8,,94191,22,0,32 8 19,2,8,,94209,22,0,32 8 19,2,8,,94179,22,0,32 8 19,2,8,,94167,22,0,32 8 19,2,8,,94226,22,0,32 8 19,2,8,,94243,22,0,32 8 19,2,8,,94182,22,0,32 8 19,2,48,,94165,22,0,32 8 19,2,8,,94153,22,0,32 8 19,2,8,,94148,22,0,32 8 19,2,8,,94155,22,0,32 8 19,2,8,,94224,22,0,32 8 19,2,8,,94175,22,0,32 8 19,2,8,,94154,22,0,32 8 19,2,48,,94183,22,0,32 8 19,2,8,,94184,22,0,32 8 19,2,8,,94255,22,0,32 8 19,2,8,,94225,22,0,32 8 19,2,8,,94164,22,0,32 8 19,2,8,,94227,22,0,32 8 19,2,8,,94203,22,0,32 8 19,2,8,,94213,22,0,32 8 19,2,48,,94157,22,0,32 8 19,2,8,,94163,22,0,32 8 19,2,8,,94219,22,0,32 8 19,2,8,,94150,22,0,32 8 19,2,8,,94251,22,0,32 8 19,2,8,,94222,22,0,32 8 19,2,8,,94137,22,0,32 8 19,2,48,,94173,22,0,32 8 19,2,8,,94257,22,0,32 8 19,2,16,,94170,22,0,32 8 19,2,8,,94261,22,0,32 8 19,2,8,,94200,22,0,32 8 19,2,8,,94186,22,0,32 8 19,2,49,,94202,22,0,32 8 19,2,9,,94253,22,0,32 8 19,2,9,,94142,22,0,32 8 19,2,9,,94234,22,0,32 8 19,2,9,,94135,22,0,32 8 19,2,9,,94205,22,0,32 8 19,2,10,,94218,22,0,32 8 19,2,50,,94236,22,0,32 8 19,2,10,,94176,22,0,32 8 19,2,10,,94141,22,0,32 8 19,2,10,,79964,22,0,32 8 19,2,10,,94260,22,0,32 8 19,2,10,,94187,22,0,32 8 19,2,50,,94229,22,0,32 8 19,2,10,,94160,22,0,32 8 19,2,10,,94189,22,0,32 8 19,2,10,,94147,22,0,32 8 19,2,10,,94172,22,0,32 8 19,2,10,,94242,22,0,32 8 19,2,50,,94185,22,0,32 8 19,2,11,,94146,22,0,32 8 19,2,10,,94161,22,0,32 8 19,2,10,,94254,22,0,32 8 19,2,10,,94216,22,0,32 8 19,2,10,,94244,22,0,32 8 19,2,50,,94252,22,0,32 8 19,2,10,,94238,22,0,32 8 19,2,10,,94206,22,0,32 8 19,2,10,,94171,22,0,32 8 19,2,10,,94190,22,0,32 8 19,2,10,,94230,22,0,32 8 19,2,50,,94240,22,0,32 8 19,2,10,,94144,22,0,32 8 19,2,10,,94193,22,0,32 8 19,2,10,,94241,22,0,32 8 19,2,10,,94152,22,0,32 8 19,2,10,,94198,22,0,32 8 19,2,50,,94145,22,0,32 8 19,2,10,,94246,22,0,32 8 19,2,10,,94215,22,0,32 8 19,2,10,,94262,22,0,32 8 19,2,10,,94217,22,0,32 8 19,2,8,,94211,22,0,32 8 19,2,48,,94212,22,0,32 8 19,2
50302,'3',512,,94286,22,0,32 8 19,2,21,,94346,22,0,32 8 19,2,20,,94294,22,0,32 8 19,2,60,,94324,22,0,32 8 19,2,20,,80283,22,0,32 8 19,2,10,,94360,22,0,32 8 19,2,10,,94358,22,0,32 8 19,2,50,,94289,22,0,32 8 19,2,10,,94316,22,0,32 8 19,2,10,,94287,22,0,32 8 19,2,10,,94359,22,0,32 8 19,2,10,,94342,22,0,32 8 19,2,10,,94370,22,0,32 8 19,2,52,,94306,22,0,32 8 19,2,12,,94355,22,0,32 8 19,2,12,,94296,22,0,32 8 19,2,11,,94335,22,0,32 8 19,2,9,,94268,22,0,32 8 19,2,8,,94269,22,0,32 8 19,2,48,,94277,22,0,32 8 19,2,10,,94323,22,0,32 8 19,2,10,,94366,22,0,32 8 19,2,10,,94276,22,0,32 8 19,2,10,,75434,22,0,32 8 19,2,10,,94339,22,0,32 8 19,2,50,,94350,22,0,32 8 19,2,10,,94308,22,0,32 8 19,2,10,,94275,22,0,32 8 19,2,10,,94353,22,0,32 8 19,2,10,,94352,22,0,32 8 19,2,10,,94301,22,0,32 8 19,2,50,,94376,22,0,32 8 19,2,10,,94272,22,0,32 8 19,2,10,,94321,22,0,32 8 19,2,10,,94364,22,0,32 8 19,2,10,,94263,22,0,32 8 19,2,10,,94329,22,0,32 8 19,2,50,,94283,22,0,32 8 19,2,9,,94291,22,0,32 8 19,2,9,,94303,22,0,32 8 19,2,10,,94373,22,0,32 8 19,2,9,,94327,22,0,32 8 19,2,9,,80244,22,0,32 8 19,2,50,,94305,22,0,32 8 19,2,10,,94266,22,0,32 8 19,2,10,,94363,22,0,32 8 19,2,10,,94348,22,0,32 8 19,2,10,,94313,22,0,32 8 19,2,10,,94297,22,0,32 8 19,2,50,,94300,22,0,32 8 19,2,10,,94341,22,0,32 8 19,2,10,,94331,22,0,32 8 19,2,10,,94336,22,0,32 8 19,2,10,,94338,22,0,32 8 19,2,10,,94340,22,0,32 8 19,2,50,,94278,22,0,32 8 19,2,10,,94343,22,0,32 8 19,2,10,,94375,22,0,32 8 19,2,10,,94362,22,0,32 8 19,2,10,,94288,22,0,32 8 19,2,10,,94298,22,0,32 8 19,2,50,,94337,22,0,32 8 19,2,10,,94334,22,0,32 8 19,2,10,,94267,22,0,32 8 19,2,10,,94332,22,0,32 8 19,2,10,,94328,22,0,32 8 19,2,10,,94281,22,0,32 8 19,2,50,,94304,22,0,32 8 19,2,10,,94292,22,0,32 8 19,2,10,,94368,22,0,32 8 19,2,10,,94295,22,0,32 8 19,2,10,,85132,22,0,32 8 19,2,10,,94369,22,0,32 8 19,2,50,,94318,22,0,32 8 19,2,10,,94326,22,0,32 8 19,2,10,,94361,22,0,32 8 19,2,10,,94357,22,0,32 8 19,2,20,,94345,22,0,32 8 19,2,50,,94293,22,0,32 8 19,2,10,,94284,22,0,32 8 19,2,11,,94265,22,0,32 8 19,2,11,,94319,22,0,32 8 19,2,12,,94290,22,0,32 8 19,2,10,,94309,22,0,32 8 19,2,50,,94307,22,0,32 8 19,2,10,,94280,22,0,32 8 19,2,10,,94330,22,0,32 8 19,2,10,,94302,22,0,32 8 19,2,10,,94354,22,0,32 8 19,2,10,,67251,22,0,32 8 19,2,50,,94317,22,0,32 8 19,2,10,,94314,22,0,32 8 19,2,10,,82258,22,0,32 8 19,2,10,,94365,22,0,32 8 19,2,10,,94372,22,0,32 8 19,2,10,,94274,22,0,32 8 19,2,50,,94349,22,0,32 8 19,2,10,,94285,22,0,32 8 19,2,11,,94367,22,0,32 8 19,2,11,,94270,22,0,32 8 19,2,6,,94356,22,0,32 8 19,2,10,,94371,22,0,32 8 19,2,50,,94282,22,0,32 8 19,2,10,,94333,22,0,32 8 19,2,10,,94299,22,0,32 8 19,2,10,,94279,22,0,32 8 19,2,10,,94374,22,0,32 8 19,2,10,,94311,22,0,32 8 19,2,50,,94310,22,0,32 8 19,2,10,,94351,22,0,32 8 19,2,10,,94315,22,0,32 8 19,2,10,,87007,22,0,32 8 19,2,10,,94312,22,0,32 8 19,2,10,,94322,22,0,32 8 19,2,50,,94347,22,0,32 8 19,2,12,,94320,22,0,32 8 19,2,8,,94344,22,0,32 8 19,2,10,,94273,22,0,32 8 19,2,10,,94325,22,0,32 8 19,2,13,,94271,22,0,32 8 19,2,54,,94264,22,0,32 8 19,2
50302,'5',512,,94492,22,0,32 8 19,2,21,,94378,22,0,32 8 19,2,20,,94422,22,0,32 8 19,2,60,,94379,22,0,32 8 19,2,20,,94484,22,0,32 8 19,2,10,,94488,22,0,32 8 19,2,10,,94377,22,0,32 8 19,2,50,,94397,22,0,32 8 19,2,10,,94472,22,0,32 8 19,2,10,,94412,22,0,32 8 19,2,10,,94409,22,0,32 8 19,2,10,,94450,22,0,32 8 19,2,10,,94407,22,0,32 8 19,2,52,,94477,22,0,32 8 19,2,12,,94404,22,0,32 8 19,2,12,,94427,22,0,32 8 19,2,11,,94402,22,0,32 8 19,2,9,,94475,22,0,32 8 19,2,8,,94444,22,0,32 8 19,2,48,,94480,22,0,32 8 19,2,10,,94494,22,0,32 8 19,2,10,,94390,22,0,32 8 19,2,10,,94413,22,0,32 8 19,2,10,,94451,22,0,32 8 19,2,10,,94446,22,0,32 8 19,2,50,,94401,22,0,32 8 19,2,10,,94386,22,0,32 8 19,2,10,,87277,22,0,32 8 19,2,10,,94447,22,0,32 8 19,2,10,,94489,22,0,32 8 19,2,10,,94388,22,0,32 8 19,2,50,,94430,22,0,32 8 19,2,10,,94405,22,0,32 8 19,2,10,,94433,22,0,32 8 19,2,10,,94460,22,0,32 8 19,2,10,,94497,22,0,32 8 19,2,10,,94439,22,0,32 8 19,2,50,,94429,22,0,32 8 19,2,9,,94396,22,0,32 8 19,2,9,,94417,22,0,32 8 19,2,10,,94399,22,0,32 8 19,2,9,,94414,22,0,32 8 19,2,9,,94465,22,0,32 8 19,2,50,,94432,22,0,32 8 19,2,10,,94392,22,0,32 8 19,2,10,,94464,22,0,32 8 19,2,10,,94495,22,0,32 8 19,2,10,,94381,22,0,32 8 19,2,10,,94481,22,0,32 8 19,2,50,,94385,22,0,32 8 19,2,10,,94435,22,0,32 8 19,2,10,,94462,22,0,32 8 19,2,10,,94426,22,0,32 8 19,2,10,,94420,22,0,32 8 19,2,10,,94408,22,0,32 8 19,2,50,,94483,22,0,32 8 19,2,10,,94387,22,0,32 8 19,2,10,,94487,22,0,32 8 19,2,10,,94456,22,0,32 8 19,2,10,,94459,22,0,32 8 19,2,10,,94453,22,0,32 8 19,2,50,,94419,22,0,32 8 19,2,10,,94469,22,0,32 8 19,2,10,,94470,22,0,32 8 19,2,10,,94406,22,0,32 8 19,2,10,,94455,22,0,32 8 19,2,10,,94431,22,0,32 8 19,2,50,,94418,22,0,32 8 19,2,10,,94434,22,0,32 8 19,2,10,,94416,22,0,32 8 19,2,10,,94479,22,0,32 8 19,2,10,,94457,22,0,32 8 19,2,10,,94380,22,0,32 8 19,2,50,,94384,22,0,32 8 19,2,10,,94478,22,0,32 8 19,2,10,,94398,22,0,32 8 19,2,10,,94496,22,0,32 8 19,2,10,,94476,22,0,32 8 19,2,10,,94491,22,0,32 8 19,2,50,,94440,22,0,32 8 19,2,10,,94463,22,0,32 8 19,2,11,,94443,22,0,32 8 19,2,11,,94423,22,0,32 8 19,2,12,,94490,22,0,32 8 19,2,10,,94421,22,0,32 8 19,2,50,,94415,22,0,32 8 19,2,10,,94458,22,0,32 8 19,2,10,,94437,22,0,32 8 19,2,10,,94474,22,0,32 8 19,2,10,,94428,22,0,32 8 19,2,10,,94438,22,0,32 8 19,2,50,,94467,22,0,32 8 19,2,10,,94452,22,0,32 8 19,2,10,,94466,22,0,32 8 19,2,10,,94485,22,0,32 8 19,2,10,,94493,22,0,32 8 19,2,10,,94454,22,0,32 8 19,2,50,,94471,22,0,32 8 19,2,10,,94411,22,0,32 8 19,2,11,,94400,22,0,32 8 19,2,11,,94403,22,0,32 8 19,2,6,,94473,22,0,32 8 19,2,10,,94424,22,0,32 8 19,2,50,,94410,22,0,32 8 19,2,10,,94448,22,0,32 8 19,2,10,,94436,22,0,32 8 19,2,10,,94393,22,0,32 8 19,2,10,,94395,22,0,32 8 19,2,10,,94445,22,0,32 8 19,2,50,,94389,22,0,32 8 19,2,10,,94383,22,0,32 8 19,2,10,,94442,22,0,32 8 19,2,10,,94468,22,0,32 8 19,2,10,,94425,22,0,32 8 19,2,10,,94461,22,0,32 8 19,2,50,,94486,22,0,32 8 19,2,12,,94382,22,0,32 8 19,2,8,,94482,22,0,32 8 19,2,10,,94391,22,0,32 8 19,2,10,,94394,22,0,32 8 19,2,13,,94449,22,0,32 8 19,2,54,,94441,22,0,32 8 19,2
