30502,'1',2558,,124119,37,0,5 41,2,60,,124118,37,0,5 41,2,20,,124112,37,0,5 41,2,20,,124117,37,0,5 41,2,60,,124120,37,0,5 41,2,20,,124122,37,0,5 41,2,20,,124123,37,0,5 41,2,70,,124114,37,0,5 41,2,30,,124116,37,0,5 41,2
30502,'2',2548,,124131,37,0,5 41,2,60,,124127,37,0,5 41,2,20,,124128,37,0,5 41,2,20,,124130,37,0,5 41,2,60,,124125,37,0,5 41,2,20,,124126,37,0,5 41,2,20,,124136,37,0,5 41,2,60,,124133,37,0,5 41,2,20,,124139,37,0,5 41,2,20,,124140,37,0,5 41,2,70,,124138,37,0,5 41,2
30502,'3',509,,124160,28,0,5 41,2,15,,124162,28,0,5 41,2,11,,124170,37,0,5 41,2,17,,124169,37,0,5 41,2,57,,124159,37,0,5 41,2,15,,124145,37,0,5 41,2,15,,124152,37,0,5 41,2,15,,124171,37,0,5 41,2,50,,124147,37,0,5 41,2,10,,124154,37,0,5 41,2,10,,124175,37,0,5 41,2,10,,124157,37,0,5 41,2,10,,124164,37,0,5 41,2,10,,124151,37,0,5 41,2,50,,124176,37,0,5 41,2,10,,124155,37,0,5 41,2,10,,124143,37,0,5 41,2,1728,,124161,37,0,5 41,2,50,,124174,37,0,5 41,2,20,,124172,37,0,5 41,2,20,,124163,37,0,5 41,2,10,,124148,37,0,5 41,2,70,,124158,37,0,5 41,2,20,,124156,37,0,5 41,2,60,,124168,37,0,5 41,2,20,,124146,37,0,5 41,2,20,,124142,37,0,5 41,2
30502,'5',2552,,124185,37,0,5 41,2,50,,124189,37,0,5 41,2,20,,124180,37,0,5 41,2,20,,124192,37,0,5 41,2,60,,124178,37,0,5 41,2,20,,124179,37,0,5 41,2,20,,124186,37,0,5 41,2,60,,124182,37,0,5 41,2,20,,124177,37,0,5 41,2,30,,124190,37,0,5 41,2
30602,'1',2613,,124331,58,,,2,20,,124321,58,,,2,20,,124339,58,,,2,70,,115687,58,,,2,10,,124318,58,,,2,20,,124334,58,,,2,60,,124335,58,,,2,20,,124320,58,,,2,20,,124343,58,,,2,60,,124336,58,,,2
30602,'2',2612,,124359,58,,,2,25,,124367,58,,,2,20,,124357,58,,,2,60,,124355,58,,,2,20,,124369,58,,,2,20,,124370,58,,,2,60,,124365,58,,,2,20,,124354,58,,,2,20,,124353,58,,,2,60,,124352,58,,,2,18,,124366,58,,,2
30602,'3',520,,124421,47,0,9 40,2,10,,124423,47,0,9 40,2,10,,124376,47,0,9 40,2,10,,124400,47,0,9 40,2,50,,124391,47,0,9 40,2,4,,111775,58,,,2,10,,124407,58,,,2,10,,124387,58,,,2,10,,115193,58,,,2,10,,124392,58,,,2,10,,124380,58,,,2,50,,124413,58,,,2,10,,124395,58,,,2,10,,124384,58,,,2,10,,124385,58,,,2,10,,124410,58,,,2,10,,124399,58,,,2,50,,117979,58,,,2,10,,124411,58,,,2,10,,124405,58,,,2,10,,124372,58,,,2,10,,124386,58,,,2,1759,,124409,58,,,2,11,,124418,58,,,2,18,,124373,58,,,2,20,,124402,58,,,2,60,,124416,58,,,2,20,,124428,58,,,2,20,,124419,58,,,2,60,,124377,58,,,2,20,,124389,58,,,2,26,,124414,58,,,2
30602,'5',2603,,124439,58,,,2,11,,124453,58,,,2,18,,122101,58,,,2,20,,124437,58,,,2,60,,124430,58,,,2,20,,124433,58,,,2,20,,124429,58,,,2,60,,124445,58,,,2,20,,116228,58,,,2,26,,124443,58,,,2
50502,'1',510,,129681,37,0,5 41,2,13,,129743,37,0,5 41,2,5,,129741,37,0,5 41,2,5,,129664,37,0,5 41,2,10,,129716,37,0,5 41,2,10,,129640,37,0,5 41,2,50,,129646,37,0,5 41,2,10,,129687,37,0,5 41,2,10,,129620,37,0,5 41,2,10,,129742,37,0,5 41,2,10,,129596,36,0,5 41,2,10,,129600,36,0,5 41,2,50,,129704,36,0,5 41,2,10,,129679,36,0,5 41,2,10,,129584,36,0,5 41,2,5,,129636,28,0,5 41,2,5,,129737,36,0,5 41,2,5,,129656,28,0,5 41,2,5,,129751,36,0,5 41,2,10,,129601,36,0,5 41,2,5,,129606,36,0,5 41,2,45,,129700,36,0,5 41,2,8,,129701,28,0,5 41,2,2,,129713,36,0,5 41,2,9,,117117,28,0,5 41,2,4,,129693,36,0,5 41,2,12,,129730,36,0,5 41,2,5,,129629,28,0,5 41,2,2,,129758,36,0,5 41,2,6,,129639,36,0,5 41,2,6,,129661,36,0,5 41,2,46,,129694,36,0,5 41,2,6,,129663,36,0,5 41,2,6,,129723,36,0,5 41,2,6,,129697,36,0,5 41,2,6,,129725,36,0,5 41,2,6,,129750,36,0,5 41,2,6,,114727,36,0,5 41,2,6,,129707,36,0,5 41,2,6,,129659,36,0,5 41,2,6,,129633,36,0,5 41,2,46,,129734,36,0,5 41,2,6,,129593,36,0,5 41,2,6,,129726,36,0,5 41,2,7,,129678,36,0,5 41,2,8,,129603,36,0,5 41,2,6,,129602,36,0,5 41,2,6,,129583,36,0,5 41,2,6,,129706,36,0,5 41,2,6,,129669,36,0,5 41,2,46,,129609,36,0,5 41,2,6,,129644,36,0,5 41,2,6,,129712,36,0,5 41,2,6,,129614,36,0,5 41,2,6,,129632,36,0,5 41,2,6,,129618,36,0,5 41,2,6,,129720,36,0,5 41,2,6,,129670,36,0,5 41,2,6,,129607,36,0,5 41,2,6,,129621,36,0,5 41,2,46,,129623,36,0,5 41,2,6,,129759,36,0,5 41,2,6,,129736,36,0,5 41,2,6,,129764,36,0,5 41,2,6,,129676,36,0,5 41,2,6,,129671,36,0,5 41,2,6,,129649,36,0,5 41,2,6,,129718,36,0,5 41,2,6,,129613,36,0,5 41,2,6,,129745,36,0,5 41,2,46,,129654,36,0,5 41,2,6,,129643,36,0,5 41,2,6,,129611,36,0,5 41,2,6,,129683,36,0,5 41,2,6,,129666,36,0,5 41,2,6,,129637,36,0,5 41,2,6,,129685,36,0,5 41,2,6,,129761,36,0,5 41,2,6,,129631,36,0,5 41,2,6,,129673,36,0,5 41,2,46,,129615,36,0,5 41,2,6,,129638,36,0,5 41,2,6,,129739,36,0,5 41,2,6,,129605,36,0,5 41,2,6,,129754,36,0,5 41,2,6,,129604,36,0,5 41,2,6,,129658,36,0,5 41,2,6,,129724,36,0,5 41,2,6,,129686,36,0,5 41,2,6,,129755,36,0,5 41,2,46,,129757,36,0,5 41,2,6,,129682,36,0,5 41,2,6,,129608,36,0,5 41,2,6,,129660,36,0,5 41,2,9,,129668,36,0,5 41,2,3,,129617,36,0,5 41,2,6,,129587,36,0,5 41,2,6,,129748,36,0,5 41,2,6,,129588,36,0,5 41,2,6,,129599,36,0,5 41,2,46,,129652,36,0,5 41,2,6,,129616,36,0,5 41,2,6,,129728,36,0,5 41,2,6,,129592,36,0,5 41,2,6,,129651,36,0,5 41,2,6,,129696,36,0,5 41,2,6,,129692,36,0,5 41,2,6,,129702,36,0,5 41,2,6,,129674,36,0,5 41,2,6,,129722,36,0,5 41,2,46,,129715,36,0,5 41,2,6,,129698,36,0,5 41,2,6,,129586,36,0,5 41,2,6,,129612,36,0,5 41,2,6,,129641,36,0,5 41,2,6,,129740,36,0,5 41,2,6,,129597,36,0,5 41,2,6,,129626,36,0,5 41,2,6,,112922,36,0,5 41,2,6,,129738,36,0,5 41,2,46,,129746,36,0,5 41,2,6,,129589,36,0,5 41,2,6,,129657,36,0,5 41,2,6,,129727,36,0,5 41,2,6,,129630,36,0,5 41,2,6,,129585,36,0,5 41,2,6,,129610,36,0,5 41,2,6,,129598,36,0,5 41,2,6,,129653,36,0,5 41,2,6,,129647,36,0,5 41,2,46,,129677,36,0,5 41,2,6,,129689,36,0,5 41,2,6,,129760,36,0,5 41,2,6,,129762,36,0,5 41,2,6,,129765,36,0,5 41,2,6,,129717,36,0,5 41,2,6,,129747,36,0,5 41,2,6,,129710,36,0,5 41,2,6,,129594,36,0,5 41,2,6,,129735,36,0,5 41,2,46,,129733,36,0,5 41,2,10,,129688,36,0,5 41,2,11,,129763,36,0,5 41,2,9,,129695,36,0,5 41,2,10,,129711,36,0,5 41,2,10,,129648,36,0,5 41,2,50,,129684,36,0,5 41,2,10,,129691,36,0,5 41,2,10,,129719,36,0,5 41,2,10,,129690,36,0,5 41,2,10,,129591,36,0,5 41,2,10,,129655,36,0,5 41,2,50,,129650,36,0,5 41,2,10,,129721,36,0,5 41,2,10,,129752,36,0,5 41,2,10,,129634,36,0,5 41,2,10,,129645,36,0,5 41,2,9,,129708,36,0,5 41,2,10,,129731,36,0,5 41,2,50,,129595,36,0,5 41,2,10,,129665,36,0,5 41,2,10,,129628,36,0,5 41,2,10,,129635,36,0,5 41,2,10,,129642,36,0,5 41,2,10,,129729,36,0,5 41,2,50,,129749,36,0,5 41,2,10,,129744,36,0,5 41,2,10,,129703,36,0,5 41,2,10,,129662,36,0,5 41,2,10,,129627,36,0,5 41,2,10,,129753,36,0,5 41,2,50,,129680,36,0,5 41,2,10,,129624,36,0,5 41,2,20,,129625,36,0,5 41,2,66,,129619,36,0,5 41,2,30,,129699,36,0,5 41,2
50502,'2',457,,129872,28,0,5 41,2,66,,129798,28,0,5 41,2,10,,129911,28,0,5 41,2,8,,129931,37,0,5 41,2,6,,129794,37,0,5 41,2,10,,129824,37,0,5 41,2,50,,129893,37,0,5 41,2,10,,129815,37,0,5 41,2,10,,129805,37,0,5 41,2,10,,129785,37,0,5 41,2,10,,129842,36,0,5 41,2,10,,129879,36,0,5 41,2,50,,129817,36,0,5 41,2,10,,129819,36,0,5 41,2,10,,129891,36,0,5 41,2,10,,129777,36,0,5 41,2,10,,114928,36,0,5 41,2,10,,129892,36,0,5 41,2,45,,129768,28,0,5 41,2,5,,129832,36,0,5 41,2,5,,129846,28,0,5 41,2,5,,129796,36,0,5 41,2,5,,129859,28,0,5 41,2,6,,129890,36,0,5 41,2,6,,129888,28,0,5 41,2,6,,117382,36,0,5 41,2,7,,129795,28,0,5 41,2,7,,129933,36,0,5 41,2,46,,129862,36,0,5 41,2,6,,129869,36,0,5 41,2,6,,129774,36,0,5 41,2,6,,129848,36,0,5 41,2,6,,129843,36,0,5 41,2,6,,129845,36,0,5 41,2,6,,129902,36,0,5 41,2,6,,129896,36,0,5 41,2,6,,129781,36,0,5 41,2,6,,129916,36,0,5 41,2,46,,113846,36,0,5 41,2,6,,129823,36,0,5 41,2,6,,129793,36,0,5 41,2,6,,129789,36,0,5 41,2,6,,129907,36,0,5 41,2,6,,129836,36,0,5 41,2,6,,129806,36,0,5 41,2,6,,129857,36,0,5 41,2,6,,129828,36,0,5 41,2,6,,129841,36,0,5 41,2,46,,129871,36,0,5 41,2,6,,129847,36,0,5 41,2,6,,129880,36,0,5 41,2,6,,129766,36,0,5 41,2,6,,129834,36,0,5 41,2,6,,129802,36,0,5 41,2,6,,129856,36,0,5 41,2,6,,129792,36,0,5 41,2,6,,129930,36,0,5 41,2,6,,129870,36,0,5 41,2,46,,129922,36,0,5 41,2,6,,129912,36,0,5 41,2,6,,129787,36,0,5 41,2,8,,129844,36,0,5 41,2,6,,129827,36,0,5 41,2,6,,129905,28,0,5 41,2,3,,129772,36,0,5 41,2,6,,129919,36,0,5 41,2,8,,129800,36,0,5 41,2,6,,129797,36,0,5 41,2,48,,129904,36,0,5 41,2,6,,129932,36,0,5 41,2,6,,129923,36,0,5 41,2,6,,129915,36,0,5 41,2,6,,129786,36,0,5 41,2,6,,109306,36,0,5 41,2,6,,129816,36,0,5 41,2,6,,129918,36,0,5 41,2,6,,129875,36,0,5 41,2,6,,129920,36,0,5 41,2,46,,129900,36,0,5 41,2,6,,129860,36,0,5 41,2,6,,129812,36,0,5 41,2,6,,129790,36,0,5 41,2,6,,129821,36,0,5 41,2,6,,129782,36,0,5 41,2,6,,129850,36,0,5 41,2,6,,129906,36,0,5 41,2,6,,129881,36,0,5 41,2,6,,129886,36,0,5 41,2,46,,129878,36,0,5 41,2,6,,129822,36,0,5 41,2,6,,129898,36,0,5 41,2,6,,129826,36,0,5 41,2,6,,129804,36,0,5 41,2,6,,129901,36,0,5 41,2,6,,129877,36,0,5 41,2,6,,129830,36,0,5 41,2,6,,129783,36,0,5 41,2,6,,129889,36,0,5 41,2,46,,129776,36,0,5 41,2,6,,129775,36,0,5 41,2,6,,129899,36,0,5 41,2,6,,129799,36,0,5 41,2,6,,129773,36,0,5 41,2,6,,129853,36,0,5 41,2,6,,129917,36,0,5 41,2,6,,129771,36,0,5 41,2,6,,129863,36,0,5 41,2,6,,129865,36,0,5 41,2,46,,129855,36,0,5 41,2,6,,129767,36,0,5 41,2,6,,129833,36,0,5 41,2,6,,129835,36,0,5 41,2,6,,129897,36,0,5 41,2,6,,129927,36,0,5 41,2,6,,129838,36,0,5 41,2,6,,129929,36,0,5 41,2,6,,129858,36,0,5 41,2,6,,129820,36,0,5 41,2,46,,129839,36,0,5 41,2,6,,129921,36,0,5 41,2,6,,115037,36,0,5 41,2,6,,121626,36,0,5 41,2,6,,129829,36,0,5 41,2,6,,129925,36,0,5 41,2,12,,129866,36,0,5 41,2,6,,129885,36,0,5 41,2,6,,129867,36,0,5 41,2,52,,129910,36,0,5 41,2,6,,129928,36,0,5 41,2,6,,129778,36,0,5 41,2,6,,129807,36,0,5 41,2,8,,129903,36,0,5 41,2,8,,129811,36,0,5 41,2,9,,129924,36,0,5 41,2,48,,129851,36,0,5 41,2,10,,129784,36,0,5 41,2,10,,129895,36,0,5 41,2,10,,129837,36,0,5 41,2,10,,112421,36,0,5 41,2,10,,129883,36,0,5 41,2,50,,129779,36,0,5 41,2,10,,129770,36,0,5 41,2,10,,129873,36,0,5 41,2,10,,129803,36,0,5 41,2,10,,129876,36,0,5 41,2,10,,129801,36,0,5 41,2,50,,129909,36,0,5 41,2,10,,129868,36,0,5 41,2,10,,129769,36,0,5 41,2,8,,129874,36,0,5 41,2,10,,129864,36,0,5 41,2,8,,129788,36,0,5 41,2,7,,129831,36,0,5 41,2,50,,129884,36,0,5 41,2,10,,129810,36,0,5 41,2,10,,112461,36,0,5 41,2,10,,129791,36,0,5 41,2,10,,129894,36,0,5 41,2,10,,129825,36,0,5 41,2,50,,129818,36,0,5 41,2,10,,129908,36,0,5 41,2,10,,129852,36,0,5 41,2,10,,129808,36,0,5 41,2,10,,129914,36,0,5 41,2,12,,129882,36,0,5 41,2,48,,129809,36,0,5 41,2,10,,129840,36,0,5 41,2,12,,129854,36,0,5 41,2,15,,129887,36,0,5 41,2
50502,'3',834,,130064,36,0,5 41,2,10,,130020,36,0,5 41,2,10,,130032,36,0,5 41,2,5,,129935,28,0,5 41,2,45,,130046,36,0,5 41,2,10,,129941,36,0,5 41,2,10,,129952,36,0,5 41,2,5,,129996,28,0,5 41,2,5,,130006,36,0,5 41,2,7,,130009,28,0,5 41,2,2,,129984,36,0,5 41,2,9,,130065,36,0,5 41,2,6,,130063,36,0,5 41,2,46,,130078,36,0,5 41,2,6,,130025,36,0,5 41,2,6,,129994,36,0,5 41,2,6,,130069,36,0,5 41,2,6,,130054,36,0,5 41,2,6,,114179,36,0,5 41,2,6,,130035,36,0,5 41,2,6,,123008,36,0,5 41,2,6,,129937,36,0,5 41,2,6,,129977,36,0,5 41,2,46,,130024,36,0,5 41,2,6,,129960,36,0,5 41,2,6,,129980,36,0,5 41,2,6,,129988,36,0,5 41,2,6,,129947,36,0,5 41,2,6,,130007,36,0,5 41,2,6,,129971,36,0,5 41,2,6,,130074,36,0,5 41,2,6,,130030,36,0,5 41,2,6,,130072,36,0,5 41,2,46,,130043,36,0,5 41,2,6,,130071,36,0,5 41,2,6,,130039,36,0,5 41,2,6,,130066,36,0,5 41,2,7,,110733,28,0,5 41,2,1,,129963,36,0,5 41,2,6,,130060,36,0,5 41,2,8,,129981,36,0,5 41,2,5,,130056,28,0,5 41,2,3,,130037,36,0,5 41,2,6,,129953,36,0,5 41,2,46,,130000,36,0,5 41,2,6,,130047,36,0,5 41,2,6,,110780,36,0,5 41,2,6,,130008,36,0,5 41,2,6,,109417,36,0,5 41,2,6,,130004,36,0,5 41,2,6,,129961,36,0,5 41,2,6,,130028,36,0,5 41,2,6,,130012,36,0,5 41,2,6,,130052,36,0,5 41,2,46,,130038,36,0,5 41,2,6,,129974,36,0,5 41,2,6,,129989,36,0,5 41,2,6,,130023,36,0,5 41,2,6,,120940,36,0,5 41,2,6,,130068,36,0,5 41,2,6,,129979,36,0,5 41,2,6,,130073,36,0,5 41,2,6,,130036,36,0,5 41,2,6,,130033,36,0,5 41,2,46,,129958,36,0,5 41,2,6,,130044,36,0,5 41,2,6,,129968,36,0,5 41,2,6,,130045,36,0,5 41,2,6,,130010,36,0,5 41,2,6,,130042,36,0,5 41,2,6,,129967,36,0,5 41,2,6,,130058,36,0,5 41,2,6,,129969,36,0,5 41,2,6,,130022,36,0,5 41,2,46,,129940,36,0,5 41,2,6,,129983,36,0,5 41,2,6,,130016,36,0,5 41,2,6,,130067,36,0,5 41,2,6,,130021,36,0,5 41,2,6,,129942,36,0,5 41,2,6,,129985,36,0,5 41,2,6,,130017,36,0,5 41,2,6,,130031,36,0,5 41,2,6,,130005,36,0,5 41,2,46,,129950,36,0,5 41,2,6,,130048,36,0,5 41,2,6,,111768,36,0,5 41,2,6,,129955,36,0,5 41,2,6,,129945,36,0,5 41,2,6,,129946,36,0,5 41,2,6,,129965,36,0,5 41,2,6,,129956,36,0,5 41,2,6,,102243,36,0,5 41,2,6,,130050,36,0,5 41,2,46,,129966,36,0,5 41,2,6,,130040,36,0,5 41,2,6,,129997,36,0,5 41,2,6,,130014,36,0,5 41,2,6,,129962,36,0,5 41,2,6,,129995,36,0,5 41,2,6,,129949,36,0,5 41,2,6,,130059,36,0,5 41,2,6,,129951,36,0,5 41,2,6,,130041,36,0,5 41,2,46,,129998,36,0,5 41,2,6,,129973,36,0,5 41,2,6,,129975,36,0,5 41,2,6,,130051,36,0,5 41,2,6,,130026,36,0,5 41,2,6,,129990,36,0,5 41,2,6,,129964,36,0,5 41,2,6,,129936,36,0,5 41,2,3,,129999,36,0,5 41,2,6,,129948,36,0,5 41,2,49,,130062,36,0,5 41,2,10,,130077,36,0,5 41,2,10,,129957,36,0,5 41,2,10,,129987,36,0,5 41,2,10,,130011,36,0,5 41,2,10,,117958,36,0,5 41,2,50,,130070,36,0,5 41,2,10,,130061,36,0,5 41,2,10,,129959,36,0,5 41,2,10,,130013,36,0,5 41,2,10,,130053,36,0,5 41,2,10,,130034,36,0,5 41,2,50,,130076,36,0,5 41,2,10,,130029,36,0,5 41,2,10,,129934,36,0,5 41,2,10,,130055,36,0,5 41,2,10,,129972,36,0,5 41,2,10,,112604,36,0,5 41,2,50,,129976,36,0,5 41,2,10,,129939,36,0,5 41,2,10,,130019,36,0,5 41,2,10,,130049,36,0,5 41,2,10,,129978,36,0,5 41,2,10,,130018,36,0,5 41,2,50,,130027,36,0,5 41,2,10,,130003,36,0,5 41,2,10,,129992,36,0,5 41,2,10,,130057,36,0,5 41,2,10,,130015,36,0,5 41,2,10,,130002,36,0,5 41,2,50,,130075,36,0,5 41,2,10,,129943,36,0,5 41,2,13,,129970,36,0,5 41,2,12,,129986,36,0,5 41,2
50502,'5',510,,130237,28,0,5 41,2,22,,130212,37,0,5 41,2,14,,130117,28,0,5 41,2,8,,130079,37,0,5 41,2,55,,130132,37,0,5 41,2,15,,130179,37,0,5 41,2,15,,130131,37,0,5 41,2,15,,130200,36,0,5 41,2,50,,130189,36,0,5 41,2,10,,130104,36,0,5 41,2,10,,130238,36,0,5 41,2,10,,130185,36,0,5 41,2,10,,130210,36,0,5 41,2,10,,130160,36,0,5 41,2,50,,130183,36,0,5 41,2,10,,130096,36,0,5 41,2,10,,130190,36,0,5 41,2,10,,130121,36,0,5 41,2,10,,130211,36,0,5 41,2,10,,130128,36,0,5 41,2,5,,130136,28,0,5 41,2,45,,130242,36,0,5 41,2,10,,130243,36,0,5 41,2,10,,130226,36,0,5 41,2,5,,130135,28,0,5 41,2,5,,130102,36,0,5 41,2,7,,130084,28,0,5 41,2,2,,130246,36,0,5 41,2,9,,130161,36,0,5 41,2,6,,130204,36,0,5 41,2,46,,130178,36,0,5 41,2,6,,130145,36,0,5 41,2,6,,130146,36,0,5 41,2,6,,130198,36,0,5 41,2,6,,130172,36,0,5 41,2,6,,130125,36,0,5 41,2,6,,130092,36,0,5 41,2,6,,130195,36,0,5 41,2,6,,130191,36,0,5 41,2,6,,121161,36,0,5 41,2,46,,130126,36,0,5 41,2,6,,130133,36,0,5 41,2,6,,130085,36,0,5 41,2,6,,130141,36,0,5 41,2,6,,130234,36,0,5 41,2,6,,130188,36,0,5 41,2,6,,130101,36,0,5 41,2,6,,130155,36,0,5 41,2,6,,130166,36,0,5 41,2,6,,130086,36,0,5 41,2,46,,130184,36,0,5 41,2,6,,130232,36,0,5 41,2,6,,130093,36,0,5 41,2,6,,130223,36,0,5 41,2,7,,130174,28,0,5 41,2,1,,130127,36,0,5 41,2,6,,130090,36,0,5 41,2,8,,130218,36,0,5 41,2,5,,130171,28,0,5 41,2,3,,130091,36,0,5 41,2,6,,130216,36,0,5 41,2,46,,130148,36,0,5 41,2,6,,130138,36,0,5 41,2,6,,130158,36,0,5 41,2,6,,130192,36,0,5 41,2,6,,130221,36,0,5 41,2,6,,130108,36,0,5 41,2,6,,130224,36,0,5 41,2,6,,130230,36,0,5 41,2,6,,118847,36,0,5 41,2,6,,130154,36,0,5 41,2,46,,130082,36,0,5 41,2,6,,130202,36,0,5 41,2,6,,130167,36,0,5 41,2,6,,130197,36,0,5 41,2,6,,130157,36,0,5 41,2,6,,130231,36,0,5 41,2,6,,130163,36,0,5 41,2,6,,130088,36,0,5 41,2,6,,130186,36,0,5 41,2,6,,130219,36,0,5 41,2,46,,130151,36,0,5 41,2,6,,130193,36,0,5 41,2,6,,130169,36,0,5 41,2,6,,130170,36,0,5 41,2,6,,130194,36,0,5 41,2,6,,130116,36,0,5 41,2,6,,130152,36,0,5 41,2,6,,130156,36,0,5 41,2,6,,130124,36,0,5 41,2,6,,130119,36,0,5 41,2,46,,130105,36,0,5 41,2,6,,130236,36,0,5 41,2,6,,130220,36,0,5 41,2,6,,130207,36,0,5 41,2,6,,130107,36,0,5 41,2,6,,130208,36,0,5 41,2,6,,130087,36,0,5 41,2,6,,130114,36,0,5 41,2,6,,130137,36,0,5 41,2,6,,130239,36,0,5 41,2,46,,130094,36,0,5 41,2,6,,130139,36,0,5 41,2,6,,114326,36,0,5 41,2,6,,130213,36,0,5 41,2,6,,130143,36,0,5 41,2,6,,130222,36,0,5 41,2,6,,130215,36,0,5 41,2,6,,130110,36,0,5 41,2,6,,130153,36,0,5 41,2,6,,130229,36,0,5 41,2,46,,130175,36,0,5 41,2,6,,130233,36,0,5 41,2,6,,130244,36,0,5 41,2,6,,130115,36,0,5 41,2,6,,130097,36,0,5 41,2,6,,130209,36,0,5 41,2,6,,130182,36,0,5 41,2,6,,130111,36,0,5 41,2,6,,130235,36,0,5 41,2,6,,130162,36,0,5 41,2,46,,130083,36,0,5 41,2,6,,130203,36,0,5 41,2,6,,130140,36,0,5 41,2,6,,130149,36,0,5 41,2,6,,130176,36,0,5 41,2,6,,130118,36,0,5 41,2,6,,130196,36,0,5 41,2,6,,130173,36,0,5 41,2,3,,130134,36,0,5 41,2,6,,130159,36,0,5 41,2,49,,130165,36,0,5 41,2,10,,130199,36,0,5 41,2,10,,130164,36,0,5 41,2,10,,130130,36,0,5 41,2,10,,130227,36,0,5 41,2,10,,130206,36,0,5 41,2,50,,130123,36,0,5 41,2,10,,130201,36,0,5 41,2,10,,130100,36,0,5 41,2,10,,130225,36,0,5 41,2,10,,123510,36,0,5 41,2,10,,130240,36,0,5 41,2,50,,130106,36,0,5 41,2,10,,130142,36,0,5 41,2,10,,130081,36,0,5 41,2,10,,130168,36,0,5 41,2,10,,130214,36,0,5 41,2,10,,130099,36,0,5 41,2,50,,130217,36,0,5 41,2,10,,130245,36,0,5 41,2,10,,130103,36,0,5 41,2,10,,130144,36,0,5 41,2,10,,130180,36,0,5 41,2,10,,130109,36,0,5 41,2,50,,130177,36,0,5 41,2,10,,130080,36,0,5 41,2,10,,130112,36,0,5 41,2,10,,130120,36,0,5 41,2,10,,130147,36,0,5 41,2,10,,130113,36,0,5 41,2,50,,130150,36,0,5 41,2,10,,130095,36,0,5 41,2,13,,130129,36,0,5 41,2,12,,130181,36,0,5 41,2
50602,'1',453,,131430,47,0,9 40,2,50,,131424,47,0,9 40,2,10,,131294,47,0,9 40,2,9,,131325,47,0,9 40,2,10,,131273,47,0,9 40,2,7,,131322,58,0,9 40,2,14,,131404,58,0,9 40,2,50,,131383,58,0,9 40,2,10,,131384,58,0,9 40,2,10,,131427,58,0,9 40,2,10,,131385,58,0,9 40,2,10,,131311,58,0,9 40,2,10,,131389,58,0,9 40,2,50,,131481,58,0,9 40,2,10,,131457,58,0,9 40,2,10,,131468,58,0,9 40,2,14,,131261,58,0,9 40,2,7,,112368,47,0,9 40,2,7,,131236,57,0,9 40,2,53,,131296,57,0,9 40,2,10,,112191,57,0,9 40,2,10,,131372,57,0,9 40,2,10,,131399,57,0,9 40,2,10,,131353,57,0,9 40,2,10,,131303,57,0,9 40,2,50,,131448,57,0,9 40,2,10,,131288,57,0,9 40,2,10,,131324,57,0,9 40,2,10,,131331,57,0,9 40,2,10,,131442,57,0,9 40,2,10,,131403,57,0,9 40,2,50,,131410,57,0,9 40,2,10,,131347,57,0,9 40,2,10,,131277,57,0,9 40,2,10,,131378,57,0,9 40,2,10,,131254,57,0,9 40,2,12,,131412,57,0,9 40,2,50,,131479,57,0,9 40,2,10,,131351,57,0,9 40,2,10,,131422,57,0,9 40,2,10,,131478,57,0,9 40,2,10,,131358,57,0,9 40,2,10,,131466,57,0,9 40,2,50,,131370,57,0,9 40,2,10,,131407,57,0,9 40,2,10,,131398,57,0,9 40,2,10,,131470,57,0,9 40,2,10,,131267,57,0,9 40,2,10,,131443,57,0,9 40,2,50,,131452,57,0,9 40,2,10,,131425,57,0,9 40,2,10,,131388,57,0,9 40,2,10,,131417,57,0,9 40,2,10,,131237,57,0,9 40,2,10,,110257,57,0,9 40,2,50,,131371,57,0,9 40,2,10,,131348,57,0,9 40,2,10,,131434,57,0,9 40,2,10,,131413,57,0,9 40,2,10,,131437,57,0,9 40,2,10,,131391,57,0,9 40,2,50,,111243,57,0,9 40,2,10,,131329,57,0,9 40,2,10,,131369,57,0,9 40,2,10,,131337,57,0,9 40,2,13,,131246,57,0,9 40,2,8,,131284,47,0,9 40,2,46,,131420,57,0,9 40,2,14,,131416,57,0,9 40,2,10,,131493,57,0,9 40,2,10,,131245,57,0,9 40,2,10,,131242,57,0,9 40,2,10,,131258,57,0,9 40,2,50,,131334,57,0,9 40,2,10,,131492,57,0,9 40,2,10,,131409,57,0,9 40,2,10,,131488,57,0,9 40,2,10,,131376,57,0,9 40,2,10,,131395,57,0,9 40,2,50,,131238,57,0,9 40,2,10,,131355,57,0,9 40,2,10,,131408,57,0,9 40,2,10,,131309,57,0,9 40,2,10,,131374,57,0,9 40,2,10,,131477,57,0,9 40,2,50,,131361,57,0,9 40,2,10,,131352,57,0,9 40,2,10,,131365,57,0,9 40,2,10,,131323,57,0,9 40,2,10,,131252,57,0,9 40,2,10,,131489,57,0,9 40,2,50,,131249,57,0,9 40,2,10,,131393,57,0,9 40,2,10,,131487,57,0,9 40,2,10,,131396,57,0,9 40,2,6,,131432,57,0,9 40,2,5,,131418,57,0,9 40,2,5,,131289,57,0,9 40,2,48,,131451,57,0,9 40,2,10,,131340,57,0,9 40,2,10,,131269,57,0,9 40,2,10,,131247,57,0,9 40,2,10,,131359,57,0,9 40,2,10,,131438,57,0,9 40,2,50,,131332,57,0,9 40,2,10,,131483,57,0,9 40,2,10,,131490,57,0,9 40,2,10,,131474,57,0,9 40,2,10,,131461,57,0,9 40,2,10,,131279,57,0,9 40,2,50,,131411,57,0,9 40,2,8,,131491,57,0,9 40,2,8,,131476,57,0,9 40,2,8,,131321,57,0,9 40,2,10,,131373,57,0,9 40,2,10,,131342,57,0,9 40,2,10,,131299,57,0,9 40,2,50,,131435,57,0,9 40,2,10,,131392,57,0,9 40,2,10,,131360,57,0,9 40,2,10,,131255,57,0,9 40,2,10,,115641,57,0,9 40,2,10,,131307,57,0,9 40,2,50,,131447,57,0,9 40,2,10,,131350,57,0,9 40,2,10,,131397,57,0,9 40,2,10,,131458,57,0,9 40,2,10,,131274,57,0,9 40,2,10,,131266,57,0,9 40,2,51,,131302,57,0,9 40,2,5,,131390,57,0,9 40,2
50602,'2',544,,131617,47,0,9 40,2,10,,131551,47,0,9 40,2,3,,131517,58,0,9 40,2,50,,131733,58,0,9 40,2,10,,131720,58,0,9 40,2,10,,131716,58,0,9 40,2,10,,131537,58,0,9 40,2,10,,131686,57,0,9 40,2,10,,131613,57,0,9 40,2,50,,131646,57,0,9 40,2,10,,131584,57,0,9 40,2,10,,131618,57,0,9 40,2,10,,131582,57,0,9 40,2,10,,131599,57,0,9 40,2,10,,131694,57,0,9 40,2,50,,131744,57,0,9 40,2,10,,131728,57,0,9 40,2,12,,131602,57,0,9 40,2,13,,131520,47,0,9 40,2,13,,131737,57,0,9 40,2,52,,131589,57,0,9 40,2,14,,131676,57,0,9 40,2,10,,131494,47,0,9 40,2,3,,131675,57,0,9 40,2,10,,131688,57,0,9 40,2,10,,131588,57,0,9 40,2,50,,131639,57,0,9 40,2,10,,131513,57,0,9 40,2,10,,131626,57,0,9 40,2,10,,131523,57,0,9 40,2,10,,131549,57,0,9 40,2,10,,131527,57,0,9 40,2,50,,131583,57,0,9 40,2,10,,131552,57,0,9 40,2,10,,131664,57,0,9 40,2,10,,131555,57,0,9 40,2,10,,131655,57,0,9 40,2,10,,131612,57,0,9 40,2,50,,131670,57,0,9 40,2,13,,131651,57,0,9 40,2,5,,131518,47,0,9 40,2,9,,131647,57,0,9 40,2,13,,131605,57,0,9 40,2,10,,131556,57,0,9 40,2,50,,131603,57,0,9 40,2,10,,131727,57,0,9 40,2,10,,131648,57,0,9 40,2,10,,131554,57,0,9 40,2,10,,131725,57,0,9 40,2,10,,131715,57,0,9 40,2,50,,131505,57,0,9 40,2,10,,131596,57,0,9 40,2,10,,131581,57,0,9 40,2,10,,131498,57,0,9 40,2,10,,131642,57,0,9 40,2,10,,131682,57,0,9 40,2,50,,131534,57,0,9 40,2,10,,131662,57,0,9 40,2,10,,131649,57,0,9 40,2,10,,131585,57,0,9 40,2,10,,131750,57,0,9 40,2,10,,131674,57,0,9 40,2,50,,131601,57,0,9 40,2,10,,131624,57,0,9 40,2,10,,131610,57,0,9 40,2,10,,131654,57,0,9 40,2,10,,131510,57,0,9 40,2,10,,131635,57,0,9 40,2,50,,107214,57,0,9 40,2,10,,131690,57,0,9 40,2,10,,114008,57,0,9 40,2,10,,131711,57,0,9 40,2,10,,131632,57,0,9 40,2,10,,131657,57,0,9 40,2,50,,131689,57,0,9 40,2,10,,131519,57,0,9 40,2,10,,131547,57,0,9 40,2,10,,131698,57,0,9 40,2,10,,131570,57,0,9 40,2,10,,131496,57,0,9 40,2,50,,131501,57,0,9 40,2,10,,131671,57,0,9 40,2,10,,131709,57,0,9 40,2,10,,131673,57,0,9 40,2,10,,131530,57,0,9 40,2,10,,131641,57,0,9 40,2,51,,131544,57,0,9 40,2,8,,131576,57,0,9 40,2,6,,131724,57,0,9 40,2,9,,131672,57,0,9 40,2,10,,131634,57,0,9 40,2,10,,131563,57,0,9 40,2,10,,131718,57,0,9 40,2,50,,131735,57,0,9 40,2,10,,131587,57,0,9 40,2,10,,131700,57,0,9 40,2,10,,131559,57,0,9 40,2,10,,131604,57,0,9 40,2,10,,131667,57,0,9 40,2,50,,131524,57,0,9 40,2,10,,131616,57,0,9 40,2,11,,131597,57,0,9 40,2,8,,131661,57,0,9 40,2,8,,131539,57,0,9 40,2,10,,131640,57,0,9 40,2,50,,131631,57,0,9 40,2,10,,131680,57,0,9 40,2,10,,131565,57,0,9 40,2,10,,131507,57,0,9 40,2,10,,131731,57,0,9 40,2,10,,131660,57,0,9 40,2,50,,131607,57,0,9 40,2,10,,131696,57,0,9 40,2,10,,131712,57,0,9 40,2,10,,131540,57,0,9 40,2,10,,131666,57,0,9 40,2,10,,131620,57,0,9 40,2,50,,131532,57,0,9 40,2,10,,131571,57,0,9 40,2,10,,131645,57,0,9 40,2,10,,131663,57,0,9 40,2,10,,131739,57,0,9 40,2,10,,131590,57,0,9 40,2,52,,131627,57,0,9 40,2,4,,131598,57,0,9 40,2
50602,'3',859,,131810,47,0,9 40,2,46,,131959,57,0,9 40,2,6,,131751,57,0,9 40,2,10,,131893,57,0,9 40,2,10,,131840,57,0,9 40,2,10,,131851,57,0,9 40,2,10,,131804,57,0,9 40,2,50,,131842,57,0,9 40,2,10,,131786,57,0,9 40,2,10,,131865,57,0,9 40,2,10,,131834,57,0,9 40,2,10,,131908,57,0,9 40,2,10,,131892,57,0,9 40,2,50,,131861,57,0,9 40,2,10,,131912,57,0,9 40,2,10,,131802,57,0,9 40,2,10,,131789,57,0,9 40,2,10,,131827,57,0,9 40,2,10,,131952,57,0,9 40,2,50,,131837,57,0,9 40,2,10,,131869,57,0,9 40,2,10,,131771,57,0,9 40,2,10,,131924,57,0,9 40,2,10,,131756,57,0,9 40,2,10,,131764,57,0,9 40,2,53,,131752,57,0,9 40,2,7,,131900,57,0,9 40,2,12,,131769,57,0,9 40,2,10,,131863,57,0,9 40,2,10,,131799,57,0,9 40,2,10,,131868,57,0,9 40,2,50,,131812,57,0,9 40,2,10,,131850,57,0,9 40,2,10,,131860,57,0,9 40,2,10,,131814,57,0,9 40,2,10,,131899,57,0,9 40,2,10,,131765,57,0,9 40,2,50,,131784,57,0,9 40,2,10,,131903,57,0,9 40,2,10,,131829,57,0,9 40,2,10,,131839,57,0,9 40,2,10,,131808,57,0,9 40,2,10,,131901,57,0,9 40,2,50,,131838,57,0,9 40,2,10,,131877,57,0,9 40,2,10,,131845,57,0,9 40,2,10,,131854,57,0,9 40,2,10,,131768,57,0,9 40,2,10,,131801,57,0,9 40,2,50,,131946,57,0,9 40,2,10,,131803,57,0,9 40,2,10,,131874,57,0,9 40,2,10,,131963,57,0,9 40,2,10,,131922,57,0,9 40,2,10,,131817,57,0,9 40,2,50,,131796,57,0,9 40,2,10,,131785,57,0,9 40,2,10,,131951,57,0,9 40,2,10,,131782,57,0,9 40,2,10,,131949,57,0,9 40,2,10,,131759,57,0,9 40,2,50,,131911,57,0,9 40,2,10,,131902,57,0,9 40,2,10,,131941,57,0,9 40,2,10,,131938,57,0,9 40,2,8,,131866,57,0,9 40,2,7,,131930,57,0,9 40,2,10,,131844,57,0,9 40,2,47,,131836,57,0,9 40,2,7,,131919,57,0,9 40,2,10,,131950,57,0,9 40,2,10,,131927,57,0,9 40,2,10,,131957,57,0,9 40,2,10,,131878,57,0,9 40,2,50,,131881,57,0,9 40,2,10,,111902,57,0,9 40,2,10,,131936,57,0,9 40,2,10,,131882,57,0,9 40,2,10,,131800,57,0,9 40,2,8,,131761,57,0,9 40,2,8,,131770,57,0,9 40,2,50,,131891,57,0,9 40,2,7,,131933,57,0,9 40,2,10,,131852,57,0,9 40,2,10,,131879,57,0,9 40,2,10,,131929,57,0,9 40,2,10,,131815,57,0,9 40,2,50,,131754,57,0,9 40,2,10,,131846,57,0,9 40,2,10,,131757,57,0,9 40,2,10,,131954,57,0,9 40,2,10,,131813,57,0,9 40,2,10,,131832,57,0,9 40,2,50,,131931,57,0,9 40,2,10,,131805,57,0,9 40,2,10,,131895,57,0,9 40,2,10,,131758,57,0,9 40,2,10,,131831,57,0,9 40,2,10,,131886,57,0,9 40,2,50,,131885,57,0,9 40,2,10,,131871,57,0,9 40,2,10,,131937,57,0,9 40,2,10,,131925,57,0,9 40,2,10,,131887,57,0,9 40,2,10,,131876,57,0,9 40,2,46,,131897,57,0,9 40,2
50602,'5',519,,131993,47,0,9 40,2,10,,132156,47,0,9 40,2,10,,132130,47,0,9 40,2,10,,132175,47,0,9 40,2,10,,132133,47,0,9 40,2,45,,132038,58,0,9 40,2,10,,132147,58,0,9 40,2,10,,132127,58,0,9 40,2,10,,132153,58,0,9 40,2,10,,132068,58,0,9 40,2,10,,132098,58,0,9 40,2,50,,132144,58,0,9 40,2,10,,132164,58,0,9 40,2,10,,132017,58,0,9 40,2,10,,132178,58,0,9 40,2,10,,131990,58,0,9 40,2,10,,132195,58,0,9 40,2,50,,132135,58,0,9 40,2,10,,132119,58,0,9 40,2,10,,132165,58,0,9 40,2,10,,131966,58,0,9 40,2,10,,132079,58,0,9 40,2,15,,132166,47,0,9 40,2,46,,131965,57,0,9 40,2,6,,132179,57,0,9 40,2,10,,132207,57,0,9 40,2,10,,132157,57,0,9 40,2,10,,132210,57,0,9 40,2,10,,132015,57,0,9 40,2,50,,132096,57,0,9 40,2,10,,132074,57,0,9 40,2,10,,132027,57,0,9 40,2,10,,132073,57,0,9 40,2,10,,132208,57,0,9 40,2,10,,132101,57,0,9 40,2,50,,131995,57,0,9 40,2,10,,132072,57,0,9 40,2,10,,132060,57,0,9 40,2,10,,132124,57,0,9 40,2,10,,132131,57,0,9 40,2,10,,132030,57,0,9 40,2,50,,132031,57,0,9 40,2,10,,131999,57,0,9 40,2,10,,131983,57,0,9 40,2,10,,131979,57,0,9 40,2,10,,132109,57,0,9 40,2,10,,132043,57,0,9 40,2,53,,132158,57,0,9 40,2,7,,132069,57,0,9 40,2,12,,132064,57,0,9 40,2,10,,131982,57,0,9 40,2,10,,132123,57,0,9 40,2,10,,132112,57,0,9 40,2,50,,132032,57,0,9 40,2,10,,132150,57,0,9 40,2,10,,132037,57,0,9 40,2,10,,132088,57,0,9 40,2,10,,132087,57,0,9 40,2,10,,132134,57,0,9 40,2,50,,132173,57,0,9 40,2,10,,132020,57,0,9 40,2,10,,118151,57,0,9 40,2,10,,132161,57,0,9 40,2,10,,132097,57,0,9 40,2,10,,132001,57,0,9 40,2,50,,132192,57,0,9 40,2,10,,132089,57,0,9 40,2,10,,132199,57,0,9 40,2,10,,132036,57,0,9 40,2,10,,132200,57,0,9 40,2,10,,132204,57,0,9 40,2,50,,132171,57,0,9 40,2,10,,132082,57,0,9 40,2,10,,131994,57,0,9 40,2,10,,132126,57,0,9 40,2,10,,132055,57,0,9 40,2,10,,132012,57,0,9 40,2,50,,132115,57,0,9 40,2,10,,132113,57,0,9 40,2,10,,131975,57,0,9 40,2,10,,132062,57,0,9 40,2,10,,132053,57,0,9 40,2,10,,132045,57,0,9 40,2,50,,107041,57,0,9 40,2,10,,132042,57,0,9 40,2,10,,132005,57,0,9 40,2,10,,132167,57,0,9 40,2,8,,132117,57,0,9 40,2,7,,132067,57,0,9 40,2,10,,132048,57,0,9 40,2,47,,132054,57,0,9 40,2,7,,132120,57,0,9 40,2,10,,132177,57,0,9 40,2,10,,132004,57,0,9 40,2,10,,132023,57,0,9 40,2,10,,132159,57,0,9 40,2,50,,132008,57,0,9 40,2,10,,132065,57,0,9 40,2,10,,132105,57,0,9 40,2,10,,119726,57,0,9 40,2,10,,132139,57,0,9 40,2,8,,131970,57,0,9 40,2,8,,132102,57,0,9 40,2,50,,132125,57,0,9 40,2,7,,132061,57,0,9 40,2,10,,132203,57,0,9 40,2,10,,132155,57,0,9 40,2,10,,132110,57,0,9 40,2,10,,132137,57,0,9 40,2,50,,131977,57,0,9 40,2,10,,131981,57,0,9 40,2,10,,131973,57,0,9 40,2,10,,132016,57,0,9 40,2,10,,131968,57,0,9 40,2,10,,132183,57,0,9 40,2,50,,132146,57,0,9 40,2,10,,132180,57,0,9 40,2,10,,131978,57,0,9 40,2,10,,132056,57,0,9 40,2,10,,132080,57,0,9 40,2,10,,132028,57,0,9 40,2,50,,131996,57,0,9 40,2,10,,131985,57,0,9 40,2,10,,132149,57,0,9 40,2,10,,132141,57,0,9 40,2,10,,131976,57,0,9 40,2,10,,131988,57,0,9 40,2,46,,132057,57,0,9 40,2
