30601,'3',630,,91901,63,4,,2,10,,91936,63,4,,2,10,,91903,63,4,,2,50,,91914,63,4,,2,10,,91912,63,4,,2,10,,91907,63,4,,2,10,,91944,63,4,,2,10,,91929,63,4,,2,10,,91899,63,4,,2
30602,'3',505,,92084,1,,,2,10,,92039,1,,,2,10,,91005,1,,,2,10,,92035,1,,,2,10,,92042,1,,,2,10,,92079,1,,,2,50,,92030,1,,,2,10,,92033,1,,,2,10,,92081,1,,,2,10,,92068,1,,,2,10,,92053,1,,,2,10,,92040,1,,,2,50,,92057,1,,,2,10,,92066,1,,,2,10,,92037,1,,,2,10,,92027,1,,,2,10,,92049,1,,,2
50601,'1',432,,98114,12,4,,2,10,,98043,12,4,,2,10,,98074,12,4,,2,50,,98107,12,4,,2,10,,97915,12,4,,2,10,,97976,12,4,,2,10,,97993,12,4,,2,10,,98119,12,4,,2,10,,98092,12,4,,2,50,,98062,12,4,,2,10,,97878,12,4,,2,8,,97889,63,4,,2,12,,97898,63,4,,2,10,,97984,63,4,,2,10,,97880,63,4,,2,50,,98013,63,4,,2,10,,97881,63,4,,2,10,,98001,63,4,,2,10,,98012,63,4,,2,12,,97918,63,4,,2,8,,98118,12,4,,2,5,,78487,63,4,,2,53,,98049,63,4,,2,12,,98003,63,4,,2,10,,97913,63,4,,2,10,,98061,63,4,,2,10,,97929,63,4,,2,50,,97895,63,4,,2,10,,97961,63,4,,2,10,,97931,63,4,,2,10,,98069,63,4,,2,10,,97959,63,4,,2,10,,98032,63,4,,2,50,,98014,63,4,,2,10,,97922,63,4,,2,10,,97996,63,4,,2,10,,77328,63,4,,2,10,,97932,63,4,,2,11,,98093,63,4,,2,49,,98084,12,4,,2,5,,97992,63,4,,2,13,,97999,63,4,,2,12,,97911,63,4,,2,10,,97972,63,4,,2,10,,98028,63,4,,2,50,,97949,63,4,,2,10,,97877,63,4,,2,10,,98033,63,4,,2,10,,98007,63,4,,2,10,,98059,63,4,,2,10,,97989,63,4,,2,50,,97950,63,4,,2,10,,98019,63,4,,2,10,,98024,63,4,,2,10,,78526,63,4,,2,10,,98094,63,4,,2,10,,97939,63,4,,2,50,,97997,63,4,,2,10,,97869,63,4,,2,10,,98072,63,4,,2,10,,97962,63,4,,2,10,,97873,63,4,,2,10,,97921,63,4,,2,50,,89982,63,4,,2,10,,97960,63,4,,2,10,,97955,63,4,,2,10,,97900,63,4,,2,10,,98021,63,4,,2,10,,97968,63,4,,2,53,,97901,63,4,,2,5,,97894,12,4,,2,8,,97991,63,4,,2,12,,98106,63,4,,2,10,,98056,63,4,,2,10,,98090,63,4,,2,50,,97933,63,4,,2,10,,98076,63,4,,2,10,,97910,63,4,,2,10,,97930,63,4,,2,10,,97934,63,4,,2,10,,97882,63,4,,2,50,,98030,63,4,,2,10,,98009,63,4,,2,10,,97948,63,4,,2,10,,98058,63,4,,2,10,,97982,63,4,,2,10,,98102,63,4,,2,50,,97966,63,4,,2,10,,97904,63,4,,2,10,,77435,63,4,,2,10,,98112,63,4,,2,10,,98053,63,4,,2,10,,97945,63,4,,2,50,,98023,63,4,,2,10,,82994,63,4,,2,10,,97887,63,4,,2,10,,97979,63,4,,2,10,,97927,63,4,,2,6,,97944,63,4,,2,5,,97897,63,4,,2,5,,97919,63,4,,2,48,,97903,63,4,,2,10,,98010,63,4,,2,10,,98110,63,4,,2,10,,97941,63,4,,2,10,,98004,63,4,,2,10,,98048,63,4,,2,50,,97953,63,4,,2,10,,98068,63,4,,2,10,,76363,63,4,,2,10,,97923,63,4,,2,10,,97974,63,4,,2,10,,98065,63,4,,2,50,,98095,63,4,,2,6,,98104,63,4,,2,6,,97973,63,4,,2,7,,98026,63,4,,2,10,,97985,63,4,,2,10,,98044,63,4,,2,10,,86634,63,4,,2,50,,98050,63,4,,2,10,,98000,63,4,,2,10,,97971,63,4,,2,10,,97958,63,4,,2,10,,97977,63,4,,2,10,,98005,63,4,,2,50,,97975,63,4,,2,10,,97964,63,4,,2,10,,98086,63,4,,2,10,,98100,63,4,,2,10,,76278,63,4,,2,10,,97988,63,4,,2,50,,97936,63,4,,2,10,,98039,63,4,,2,3,,97981,63,4,,2
50601,'2',500,,98146,12,4,,2,10,,98151,12,4,,2,10,,98245,12,4,,2,10,,98131,12,4,,2,10,,98210,12,4,,2,10,,98253,12,4,,2,50,,98148,12,4,,2,10,,98201,12,4,,2,10,,98127,12,4,,2,10,,98258,12,4,,2,10,,98225,12,4,,2,10,,98240,12,4,,2,6,,98318,63,4,,2,50,,98192,63,4,,2,10,,98334,63,4,,2,10,,98194,63,4,,2,10,,98165,63,4,,2,10,,98354,63,4,,2,10,,98156,63,4,,2,50,,98342,63,4,,2,7,,98309,12,4,,2,6,,98289,63,4,,2,13,,98184,63,4,,2,13,,98315,63,4,,2,7,,98157,12,4,,2,7,,98241,63,4,,2,53,,98211,63,4,,2,10,,98365,63,4,,2,10,,98294,63,4,,2,10,,98243,63,4,,2,10,,98347,63,4,,2,50,,98355,63,4,,2,10,,98260,63,4,,2,10,,98187,63,4,,2,10,,98256,63,4,,2,10,,98231,63,4,,2,10,,98265,63,4,,2,50,,98338,63,4,,2,10,,98183,63,4,,2,10,,98359,63,4,,2,10,,98140,63,4,,2,10,,98160,63,4,,2,10,,98378,63,4,,2,50,,98197,63,4,,2,10,,98250,63,4,,2,10,,98208,63,4,,2,13,,98344,63,4,,2,13,,98133,63,4,,2,7,,98298,12,4,,2,45,,98154,63,4,,2,13,,98308,63,4,,2,10,,98162,63,4,,2,10,,98333,63,4,,2,10,,84825,63,4,,2,10,,98370,63,4,,2,50,,98350,63,4,,2,10,,98373,63,4,,2,10,,98236,63,4,,2,10,,98337,63,4,,2,10,,98200,63,4,,2,10,,98283,63,4,,2,50,,98311,63,4,,2,10,,98358,63,4,,2,10,,98301,63,4,,2,10,,98205,63,4,,2,10,,98328,63,4,,2,10,,98125,63,4,,2,50,,98121,63,4,,2,10,,98267,63,4,,2,10,,98224,63,4,,2,10,,98176,63,4,,2,10,,98270,63,4,,2,10,,98259,63,4,,2,50,,98296,63,4,,2,10,,98360,63,4,,2,10,,98144,63,4,,2,10,,98237,63,4,,2,10,,98317,63,4,,2,10,,98177,63,4,,2,50,,98235,63,4,,2,10,,98376,63,4,,2,10,,98155,63,4,,2,10,,98357,63,4,,2,10,,98167,63,4,,2,10,,98213,63,4,,2,50,,98229,63,4,,2,10,,98280,63,4,,2,10,,98331,63,4,,2,10,,98206,63,4,,2,10,,75886,63,4,,2,10,,98228,63,4,,2,47,,98171,63,4,,2,7,,98371,63,4,,2,10,,98142,63,4,,2,10,,98180,63,4,,2,10,,98297,63,4,,2,10,,98199,63,4,,2,10,,98310,63,4,,2,50,,98264,63,4,,2,10,,98175,63,4,,2,10,,98159,63,4,,2,10,,98379,63,4,,2,10,,98374,63,4,,2,10,,98232,63,4,,2,47,,98277,63,4,,2,7,,98368,63,4,,2,7,,98273,63,4,,2,10,,98295,63,4,,2,10,,98377,63,4,,2,10,,98186,63,4,,2,10,,98223,63,4,,2,50,,98219,63,4,,2,10,,98341,63,4,,2,10,,98178,63,4,,2,10,,98189,63,4,,2,10,,98287,63,4,,2,10,,78768,63,4,,2,50,,98364,63,4,,2,10,,98238,63,4,,2,10,,98369,63,4,,2,10,,98303,63,4,,2,10,,98348,63,4,,2,10,,98145,63,4,,2,50,,76429,63,4,,2,10,,98129,63,4,,2,10,,98215,63,4,,2,10,,98271,63,4,,2,10,,79896,63,4,,2,10,,98284,63,4,,2,51,,98363,63,4,,2,3,,98153,63,4,,2
50601,'3',801,,98514,63,4,,2,10,,98547,63,4,,2,10,,98439,63,4,,2,10,,98417,63,4,,2,14,,98541,63,4,,2,8,,98562,12,4,,2,6,,98382,63,4,,2,53,,98482,63,4,,2,10,,98485,63,4,,2,10,,98448,63,4,,2,10,,98498,63,4,,2,10,,98458,63,4,,2,50,,98478,63,4,,2,10,,98551,63,4,,2,10,,98437,63,4,,2,10,,98454,63,4,,2,10,,98474,63,4,,2,10,,98470,63,4,,2,50,,98389,63,4,,2,10,,98568,63,4,,2,10,,98497,63,4,,2,10,,98430,63,4,,2,10,,98475,63,4,,2,10,,98427,63,4,,2,50,,98491,63,4,,2,10,,98526,63,4,,2,10,,98445,63,4,,2,10,,98516,63,4,,2,10,,98540,63,4,,2,10,,98499,63,4,,2,52,,98476,63,4,,2,7,,98444,12,4,,2,7,,98524,63,4,,2,13,,98402,63,4,,2,10,,98393,63,4,,2,10,,98559,63,4,,2,50,,98456,63,4,,2,10,,98515,63,4,,2,10,,98479,63,4,,2,10,,98452,63,4,,2,10,,98564,63,4,,2,10,,98385,63,4,,2,50,,98455,63,4,,2,10,,98517,63,4,,2,10,,98566,63,4,,2,10,,98467,63,4,,2,10,,98403,63,4,,2,10,,98534,63,4,,2,50,,98520,63,4,,2,10,,98398,63,4,,2,10,,98409,63,4,,2,10,,98472,63,4,,2,10,,98413,63,4,,2,10,,98397,63,4,,2,50,,98553,63,4,,2,10,,98536,63,4,,2,10,,98463,63,4,,2,10,,98386,63,4,,2,10,,98525,63,4,,2,10,,98521,63,4,,2,50,,98421,63,4,,2,10,,98449,63,4,,2,10,,98565,63,4,,2,10,,98464,63,4,,2,10,,98457,63,4,,2,10,,98571,63,4,,2,50,,98537,63,4,,2,10,,98589,63,4,,2,10,,98483,63,4,,2,10,,98542,63,4,,2,10,,98489,63,4,,2,10,,98429,63,4,,2,50,,98574,63,4,,2,7,,98546,63,4,,2,7,,98581,63,4,,2,10,,98550,63,4,,2,10,,98440,63,4,,2,10,,98518,63,4,,2,10,,98527,63,4,,2,50,,98500,63,4,,2,10,,98460,63,4,,2,10,,98508,63,4,,2,10,,98511,63,4,,2,10,,98533,63,4,,2,10,,98576,63,4,,2,47,,98585,63,4,,2,7,,98595,63,4,,2,7,,98422,63,4,,2,10,,98505,63,4,,2,10,,98519,63,4,,2,10,,98426,63,4,,2,10,,98594,63,4,,2,50,,98586,63,4,,2,10,,98408,63,4,,2,10,,98544,63,4,,2,10,,98588,63,4,,2,10,,98567,63,4,,2,10,,98503,63,4,,2,50,,98493,63,4,,2,10,,98530,63,4,,2,10,,98596,63,4,,2,10,,98523,63,4,,2,10,,98570,63,4,,2,10,,98471,63,4,,2,50,,98598,63,4,,2,10,,98591,63,4,,2,10,,98390,63,4,,2,10,,98593,63,4,,2,10,,98522,63,4,,2,10,,98587,63,4,,2,50,,98416,63,4,,2,12,,98599,63,4,,2
50601,'5',505,,98799,12,4,,2,10,,98804,12,4,,2,10,,98675,12,4,,2,10,,98761,12,4,,2,10,,98840,12,4,,2,10,,98726,12,4,,2,50,,98714,12,4,,2,10,,98619,12,4,,2,10,,98666,12,4,,2,130,,98732,12,4,,2,46,,98825,63,4,,2,10,,98612,63,4,,2,10,,83721,63,4,,2,10,,98629,63,4,,2,14,,98707,63,4,,2,8,,98800,12,4,,2,6,,98833,63,4,,2,53,,98703,63,4,,2,10,,98678,63,4,,2,10,,98782,63,4,,2,10,,98819,63,4,,2,10,,98763,63,4,,2,50,,98657,63,4,,2,10,,98635,63,4,,2,10,,98659,63,4,,2,10,,98708,63,4,,2,10,,98671,63,4,,2,10,,98810,63,4,,2,50,,98689,63,4,,2,10,,98602,63,4,,2,10,,98725,63,4,,2,10,,79302,63,4,,2,10,,98775,63,4,,2,10,,98606,63,4,,2,50,,98823,63,4,,2,10,,98838,63,4,,2,10,,98751,63,4,,2,10,,98624,63,4,,2,10,,98783,63,4,,2,10,,98815,63,4,,2,52,,98715,63,4,,2,7,,98808,12,4,,2,7,,98747,63,4,,2,13,,98807,63,4,,2,10,,98719,63,4,,2,10,,98760,63,4,,2,50,,98842,63,4,,2,10,,98809,63,4,,2,10,,98608,63,4,,2,10,,98743,63,4,,2,10,,98632,63,4,,2,10,,98695,63,4,,2,50,,98677,63,4,,2,10,,81199,63,4,,2,10,,98791,63,4,,2,10,,98700,63,4,,2,10,,98755,63,4,,2,10,,98668,63,4,,2,50,,98683,63,4,,2,10,,98757,63,4,,2,10,,98679,63,4,,2,10,,98664,63,4,,2,10,,98661,63,4,,2,10,,98644,63,4,,2,50,,98756,63,4,,2,10,,98844,63,4,,2,10,,98690,63,4,,2,10,,98795,63,4,,2,10,,98623,63,4,,2,10,,98739,63,4,,2,50,,98622,63,4,,2,10,,98662,63,4,,2,10,,98837,63,4,,2,10,,98735,63,4,,2,10,,98772,63,4,,2,10,,98651,63,4,,2,50,,98685,63,4,,2,10,,98749,63,4,,2,10,,98779,63,4,,2,10,,98680,63,4,,2,10,,98663,63,4,,2,10,,98665,63,4,,2,50,,98816,63,4,,2,7,,98701,63,4,,2,7,,98712,63,4,,2,10,,98839,63,4,,2,10,,98686,63,4,,2,10,,98787,63,4,,2,10,,98636,63,4,,2,50,,98698,63,4,,2,10,,98811,63,4,,2,10,,98845,63,4,,2,10,,98601,63,4,,2,10,,98648,63,4,,2,10,,98830,63,4,,2,47,,98832,63,4,,2,7,,98827,63,4,,2,7,,98670,63,4,,2,10,,98762,63,4,,2,10,,98616,63,4,,2,10,,98669,63,4,,2,10,,98654,63,4,,2,50,,98723,63,4,,2,10,,88068,63,4,,2,10,,98803,63,4,,2,10,,98754,63,4,,2,10,,98846,63,4,,2,10,,98742,63,4,,2,50,,98710,63,4,,2,10,,98841,63,4,,2,10,,98768,63,4,,2,10,,98625,63,4,,2,10,,98718,63,4,,2,10,,98702,63,4,,2,50,,98693,63,4,,2,10,,98848,63,4,,2,10,,98740,63,4,,2,10,,98831,63,4,,2,10,,98744,63,4,,2,10,,98611,63,4,,2,50,,98750,63,4,,2,12,,98778,63,4,,2
50602,'1',639,,98982,1,0,9 40,2,10,,99051,1,0,9 40,2,10,,98945,1,0,9 40,2,50,,99015,1,0,9 40,2,10,,98871,1,0,9 40,2,10,,82032,1,0,9 40,2,10,,99079,1,0,9 40,2,10,,99029,1,0,9 40,2,10,,99087,1,0,9 40,2,50,,98930,1,0,9 40,2,10,,98915,1,0,9 40,2,10,,98906,1,0,9 40,2,10,,99099,1,0,9 40,2,10,,98859,1,0,9 40,2,10,,98936,1,0,9 40,2,50,,98935,1,0,9 40,2,10,,98868,1,0,9 40,2,10,,98948,1,0,9 40,2,10,,99050,1,0,9 40,2,10,,98857,1,0,9 40,2,10,,98953,1,0,9 40,2,50,,99021,1,0,9 40,2,10,,99089,1,0,9 40,2,10,,98963,1,0,9 40,2,10,,99018,1,0,9 40,2,10,,99066,1,0,9 40,2,10,,99016,1,0,9 40,2,50,,99085,1,0,9 40,2,10,,98903,1,0,9 40,2,10,,99024,1,0,9 40,2,10,,98895,1,0,9 40,2,10,,98905,1,0,9 40,2,10,,98988,1,0,9 40,2,50,,99022,1,0,9 40,2,10,,98979,1,0,9 40,2,10,,99083,1,0,9 40,2,10,,98964,1,0,9 40,2,10,,98889,1,0,9 40,2,10,,98917,1,0,9 40,2,50,,99000,1,0,9 40,2,10,,99039,1,0,9 40,2,10,,98932,1,0,9 40,2,10,,99057,1,0,9 40,2,10,,98882,1,0,9 40,2,10,,98954,1,0,9 40,2,50,,98981,1,0,9 40,2,10,,98920,1,0,9 40,2,10,,98894,1,0,9 40,2,10,,99042,1,0,9 40,2,10,,98924,1,0,9 40,2,10,,99069,1,0,9 40,2,50,,98914,1,0,9 40,2,10,,99006,1,0,9 40,2,10,,98994,1,0,9 40,2,10,,99017,1,0,9 40,2,10,,99007,1,0,9 40,2,10,,99003,1,0,9 40,2,50,,98916,1,0,9 40,2,10,,99019,1,0,9 40,2,10,,98873,1,0,9 40,2,10,,99011,1,0,9 40,2,10,,99093,1,0,9 40,2,10,,98974,1,0,9 40,2,50,,98940,1,0,9 40,2,10,,99103,1,0,9 40,2,10,,98952,1,0,9 40,2,10,,98911,1,0,9 40,2,10,,99041,1,0,9 40,2,10,,99023,1,0,9 40,2,50,,99013,1,0,9 40,2,10,,98865,1,0,9 40,2,10,,99086,1,0,9 40,2,10,,98966,1,0,9 40,2,10,,98927,1,0,9 40,2,10,,98910,1,0,9 40,2,50,,98886,1,0,9 40,2,10,,99046,1,0,9 40,2,10,,98958,1,0,9 40,2,10,,98861,1,0,9 40,2,10,,99060,1,0,9 40,2,10,,98995,1,0,9 40,2,50,,99088,1,0,9 40,2,10,,99073,1,0,9 40,2,10,,98909,1,0,9 40,2,10,,99074,1,0,9 40,2,10,,98896,1,0,9 40,2,2,,98968,1,0,13 3 14,2,5,,98875,1,0,13 3 14,2,3,,98855,1,0,9 40,2,50,,99068,1,0,9 40,2,10,,99065,1,0,9 40,2,10,,99094,1,0,9 40,2,10,,98934,1,0,9 40,2,10,,98898,1,0,9 40,2,10,,99008,1,0,9 40,2,50,,98852,1,0,9 40,2,10,,98880,1,0,9 40,2,10,,99004,1,0,9 40,2,10,,99063,1,0,9 40,2,10,,98986,1,0,9 40,2,10,,98992,1,0,9 40,2,50,,98962,1,0,9 40,2,10,,89196,1,0,9 40,2,6,,98851,1,0,13 3 14,2,4,,98959,1,0,9 40,2,10,,98961,1,0,9 40,2,10,,99043,1,0,9 40,2,10,,99056,1,0,9 40,2,50,,99026,1,0,9 40,2,10,,99002,1,0,9 40,2,10,,98928,1,0,9 40,2,10,,98957,1,0,9 40,2,10,,98888,1,0,9 40,2,51,,98856,1,0,9 40,2,11,,98879,1,0,9 40,2
50602,'2',550,,80889,1,0,9 40,2,50,,99215,1,0,9 40,2,10,,99312,1,0,9 40,2,10,,99192,1,0,9 40,2,10,,99243,1,0,9 40,2,10,,99245,1,0,9 40,2,10,,99257,1,0,9 40,2,50,,99174,1,0,9 40,2,10,,99277,1,0,9 40,2,10,,99150,1,0,9 40,2,10,,99126,1,0,9 40,2,10,,99290,1,0,9 40,2,10,,99169,1,0,9 40,2,50,,99159,1,0,9 40,2,10,,99281,1,0,9 40,2,10,,99321,1,0,9 40,2,10,,99201,1,0,9 40,2,10,,99244,1,0,9 40,2,10,,99323,1,0,9 40,2,50,,99287,1,0,9 40,2,10,,99207,1,0,9 40,2,10,,99286,1,0,9 40,2,10,,99335,1,0,9 40,2,10,,99316,1,0,9 40,2,10,,99209,1,0,9 40,2,50,,99149,1,0,9 40,2,10,,99164,1,0,9 40,2,10,,99329,1,0,9 40,2,10,,99154,1,0,9 40,2,10,,99300,1,0,9 40,2,10,,99115,1,0,9 40,2,50,,99251,1,0,9 40,2,11,,99111,1,0,9 40,2,10,,86641,1,0,9 40,2,10,,99224,1,0,9 40,2,10,,99352,1,0,9 40,2,10,,99193,1,0,9 40,2,50,,99237,1,0,9 40,2,10,,88474,1,0,9 40,2,10,,99176,1,0,9 40,2,10,,99233,1,0,9 40,2,10,,99173,1,0,9 40,2,10,,99162,1,0,9 40,2,50,,99113,1,0,9 40,2,10,,99180,1,0,9 40,2,10,,80849,1,0,9 40,2,10,,99203,1,0,9 40,2,10,,99255,1,0,9 40,2,10,,99265,1,0,9 40,2,50,,81616,1,0,9 40,2,10,,99236,1,0,9 40,2,10,,99289,1,0,9 40,2,10,,99308,1,0,9 40,2,10,,99309,1,0,9 40,2,10,,99223,1,0,9 40,2,50,,99195,1,0,9 40,2,10,,99276,1,0,9 40,2,10,,99315,1,0,9 40,2,10,,99280,1,0,9 40,2,10,,99179,1,0,9 40,2,10,,99109,1,0,9 40,2,50,,99127,1,0,9 40,2,10,,99278,1,0,9 40,2,10,,99208,1,0,9 40,2,10,,83274,1,0,9 40,2,10,,99202,1,0,9 40,2,10,,99248,1,0,9 40,2,50,,99356,1,0,9 40,2,10,,99220,1,0,9 40,2,10,,99217,1,0,9 40,2,10,,99298,1,0,9 40,2,10,,99254,1,0,9 40,2,10,,99338,1,0,9 40,2,50,,99204,1,0,9 40,2,10,,99328,1,0,9 40,2,10,,99124,1,0,9 40,2,10,,99120,1,0,9 40,2,11,,99139,1,0,9 40,2,11,,99256,1,0,9 40,2,48,,85725,1,0,9 40,2,11,,99266,1,0,9 40,2,10,,99130,1,0,9 40,2,10,,99175,1,0,9 40,2,10,,99205,1,0,9 40,2,10,,99340,1,0,9 40,2,50,,99350,1,0,9 40,2,5,,99325,1,0,13 3 14,2,5,,99218,1,0,9 40,2,10,,99226,1,0,9 40,2,10,,99123,1,0,9 40,2,10,,99274,1,0,9 40,2,10,,99188,1,0,9 40,2,50,,90764,1,0,9 40,2,11,,99262,1,0,9 40,2,11,,99269,1,0,9 40,2,11,,99339,1,0,9 40,2,10,,99291,1,0,9 40,2,10,,99327,1,0,9 40,2,50,,99324,1,0,9 40,2,5,,99240,1,0,13 3 14,2,5,,99313,1,0,9 40,2,10,,99186,1,0,9 40,2,10,,99348,1,0,9 40,2,10,,99199,1,0,9 40,2,10,,99116,1,0,9 40,2,50,,99234,1,0,9 40,2,10,,99311,1,0,9 40,2,10,,99167,1,0,9 40,2,10,,99261,1,0,9 40,2,10,,99211,1,0,9 40,2,10,,99285,1,0,9 40,2,50,,99147,1,0,9 40,2,10,,99158,1,0,9 40,2,10,,99268,1,0,9 40,2,10,,99221,1,0,9 40,2,10,,99105,1,0,9 40,2,12,,99151,1,0,9 40,2,46,,99332,1,0,13 3 14,2,6,,99351,1,0,9 40,2
50602,'3',755,,99464,1,0,9 40,2,46,,99443,1,0,9 40,2,10,,99534,1,0,9 40,2,10,,99520,1,0,9 40,2,10,,99521,1,0,9 40,2,10,,99395,1,0,9 40,2,10,,99548,1,0,9 40,2,50,,99397,1,0,9 40,2,10,,99373,1,0,9 40,2,10,,99381,1,0,9 40,2,10,,99429,1,0,9 40,2,10,,99377,1,0,9 40,2,10,,99479,1,0,9 40,2,50,,99434,1,0,9 40,2,10,,99426,1,0,9 40,2,10,,99468,1,0,9 40,2,10,,99406,1,0,9 40,2,10,,99452,1,0,9 40,2,10,,99466,1,0,9 40,2,50,,99505,1,0,9 40,2,10,,99543,1,0,9 40,2,10,,99390,1,0,9 40,2,10,,99493,1,0,9 40,2,10,,99535,1,0,9 40,2,8,,99364,1,0,9 40,2,7,,99425,1,0,9 40,2,50,,99428,1,0,9 40,2,10,,99378,1,0,9 40,2,10,,99417,1,0,9 40,2,10,,99531,1,0,9 40,2,10,,99430,1,0,9 40,2,10,,99460,1,0,9 40,2,50,,99551,1,0,9 40,2,10,,99414,1,0,9 40,2,10,,99482,1,0,9 40,2,10,,99523,1,0,9 40,2,10,,99542,1,0,9 40,2,10,,99457,1,0,9 40,2,50,,99517,1,0,9 40,2,10,,99401,1,0,9 40,2,10,,99376,1,0,9 40,2,10,,99408,1,0,9 40,2,10,,75470,1,0,9 40,2,10,,99564,1,0,9 40,2,50,,99456,1,0,9 40,2,10,,99367,1,0,9 40,2,10,,99562,1,0,9 40,2,10,,99515,1,0,9 40,2,10,,99527,1,0,9 40,2,10,,75940,1,0,9 40,2,50,,99549,1,0,9 40,2,10,,99559,1,0,9 40,2,10,,99424,1,0,9 40,2,10,,99497,1,0,9 40,2,10,,99488,1,0,9 40,2,10,,99374,1,0,9 40,2,50,,99509,1,0,9 40,2,10,,99436,1,0,9 40,2,10,,99519,1,0,9 40,2,10,,99446,1,0,9 40,2,10,,99416,1,0,9 40,2,10,,99502,1,0,9 40,2,50,,99409,1,0,9 40,2,10,,99412,1,0,9 40,2,8,,99565,1,0,9 40,2,9,,99415,1,0,9 40,2,10,,99487,1,0,9 40,2,10,,99538,1,0,9 40,2,50,,99552,1,0,9 40,2,10,,99361,1,0,9 40,2,10,,99495,1,0,9 40,2,10,,99541,1,0,9 40,2,10,,99420,1,0,9 40,2,10,,99362,1,0,9 40,2,50,,99561,1,0,9 40,2,10,,99450,1,0,9 40,2,10,,99455,1,0,9 40,2,10,,99506,1,0,9 40,2,11,,99366,1,0,9 40,2,10,,99384,1,0,9 40,2,50,,99462,1,0,9 40,2,10,,99360,1,0,9 40,2,10,,99544,1,0,9 40,2,10,,99440,1,0,9 40,2,10,,99481,1,0,9 40,2,10,,99391,1,0,9 40,2,50,,99454,1,0,9 40,2,10,,99518,1,0,9 40,2,5,,99444,1,0,13 3 14,2,5,,99447,1,0,9 40,2,10,,99529,1,0,9 40,2,10,,99474,1,0,9 40,2,10,,99503,1,0,9 40,2,50,,99473,1,0,9 40,2,10,,99526,1,0,9 40,2,10,,99389,1,0,9 40,2,10,,99491,1,0,9 40,2,10,,99386,1,0,9 40,2,10,,99392,1,0,9 40,2,50,,99557,1,0,9 40,2,10,,99439,1,0,9 40,2,10,,99528,1,0,9 40,2,10,,99435,1,0,9 40,2,10,,99567,1,0,9 40,2,10,,99413,1,0,9 40,2,46,,99511,1,0,9 40,2
50602,'5',755,,99779,1,0,9 40,2,46,,83672,1,0,9 40,2,10,,99736,1,0,9 40,2,10,,99677,1,0,9 40,2,10,,99755,1,0,9 40,2,10,,99780,1,0,9 40,2,10,,99678,1,0,9 40,2,50,,99710,1,0,9 40,2,10,,99776,1,0,9 40,2,10,,99625,1,0,9 40,2,10,,99621,1,0,9 40,2,10,,99577,1,0,9 40,2,10,,99639,1,0,9 40,2,50,,99704,1,0,9 40,2,10,,99632,1,0,9 40,2,10,,99708,1,0,9 40,2,10,,99660,1,0,9 40,2,10,,99599,1,0,9 40,2,10,,99762,1,0,9 40,2,50,,99767,1,0,9 40,2,10,,99620,1,0,9 40,2,10,,99581,1,0,9 40,2,10,,99749,1,0,9 40,2,10,,99610,1,0,9 40,2,8,,99663,1,0,9 40,2,7,,99691,1,0,9 40,2,50,,99800,1,0,9 40,2,10,,99647,1,0,9 40,2,10,,99731,1,0,9 40,2,10,,99732,1,0,9 40,2,10,,99764,1,0,9 40,2,10,,83634,1,0,9 40,2,50,,99718,1,0,9 40,2,10,,99645,1,0,9 40,2,10,,99720,1,0,9 40,2,10,,99655,1,0,9 40,2,10,,99665,1,0,9 40,2,10,,99609,1,0,9 40,2,50,,99759,1,0,9 40,2,10,,99629,1,0,9 40,2,10,,99801,1,0,9 40,2,10,,99725,1,0,9 40,2,10,,99769,1,0,9 40,2,10,,99734,1,0,9 40,2,50,,99680,1,0,9 40,2,10,,99590,1,0,9 40,2,10,,99810,1,0,9 40,2,10,,99696,1,0,9 40,2,10,,99630,1,0,9 40,2,10,,99789,1,0,9 40,2,50,,99633,1,0,9 40,2,10,,99719,1,0,9 40,2,10,,99578,1,0,9 40,2,10,,99617,1,0,9 40,2,10,,99757,1,0,9 40,2,10,,99744,1,0,9 40,2,50,,99751,1,0,9 40,2,10,,99604,1,0,9 40,2,10,,99787,1,0,9 40,2,10,,99642,1,0,9 40,2,10,,99591,1,0,9 40,2,10,,99729,1,0,9 40,2,50,,99641,1,0,9 40,2,10,,99600,1,0,9 40,2,8,,99723,1,0,9 40,2,9,,99730,1,0,9 40,2,10,,99703,1,0,9 40,2,10,,99799,1,0,9 40,2,50,,99746,1,0,9 40,2,10,,99576,1,0,9 40,2,10,,85375,1,0,9 40,2,10,,99714,1,0,9 40,2,10,,99612,1,0,9 40,2,10,,99574,1,0,9 40,2,50,,99809,1,0,9 40,2,10,,99618,1,0,9 40,2,10,,99658,1,0,9 40,2,10,,99571,1,0,9 40,2,11,,99676,1,0,9 40,2,10,,76722,1,0,9 40,2,50,,99583,1,0,9 40,2,10,,99656,1,0,9 40,2,10,,99804,1,0,9 40,2,10,,99774,1,0,9 40,2,10,,99673,1,0,9 40,2,10,,99606,1,0,9 40,2,50,,99698,1,0,9 40,2,10,,99712,1,0,9 40,2,5,,99614,1,0,13 3 14,2,5,,99752,1,0,9 40,2,10,,99747,1,0,9 40,2,10,,99772,1,0,9 40,2,10,,99775,1,0,9 40,2,50,,99694,1,0,9 40,2,10,,99682,1,0,9 40,2,10,,99640,1,0,9 40,2,10,,76720,1,0,9 40,2,10,,99648,1,0,9 40,2,10,,99646,1,0,9 40,2,50,,99716,1,0,9 40,2,10,,99715,1,0,9 40,2,10,,99650,1,0,9 40,2,10,,99572,1,0,9 40,2,10,,99777,1,0,9 40,2,10,,99742,1,0,9 40,2,46,,99794,1,0,9 40,2
