30402,'1',2615,,91579,14,0,5 6 7,2,10,,91581,14,0,5 6 7,2,10,,91583,14,0,5 6 7,2,10,,91589,14,0,5 6 7,2,10,,91584,14,0,5 6 7,2,50,,91585,14,0,5 6 7,2,10,,91574,14,0,5 6 7,2,10,,91593,14,0,5 6 7,2,10,,91582,14,0,5 6 7,2,10,,91576,14,0,5 6 7,2,10,,91595,14,0,5 6 7,2,50,,91594,14,0,5 6 7,2,10,,91592,14,0,5 6 7,2,10,,91588,14,0,5 6 7,2,10,,91573,14,0,5 6 7,2,10,,91578,14,0,5 6 7,2,6,,91575,14,0,5 6 7,2
30402,'2',2635,,91606,14,0,5 6 7,2,10,,91610,14,0,5 6 7,2,10,,91604,14,0,5 6 7,2,50,,91608,14,0,5 6 7,2,10,,91601,14,0,5 6 7,2,10,,91597,14,0,5 6 7,2,10,,91600,14,0,5 6 7,2,10,,90101,14,0,5 6 7,2,10,,91602,14,0,5 6 7,2,50,,91617,14,0,5 6 7,2,10,,91596,14,0,5 6 7,2,10,,91615,14,0,5 6 7,2,10,,91616,14,0,5 6 7,2,10,,91607,14,0,5 6 7,2,10,,91609,14,0,5 6 7,2,50,,91611,14,0,5 6 7,2,13,,91614,14,0,5 6 7,2
30402,'3',428,,91665,4,0,5 6 7,2,14,,91625,4,0,5 6 7,2,7,,91654,4,0,21,2,7,,91669,4,0,5 6 7,2,47,,91645,4,0,21,2,5,,91662,4,0,5 6 7,2,6,,91652,14,0,21,2,2,,91646,4,0,31,2,13,,91638,4,0,21,2,6,,91641,14,0,21,2,1,,91667,4,0,31,2,2,,91634,4,0,5 6 7,2,11,,91656,4,0,31,2,2,,91623,14,0,21,2,53,,91670,14,0,21,2,14,,91650,14,0,21,2,14,,91624,14,0,21,2,14,,91647,14,0,21,2,54,,81689,14,0,21,2,14,,91658,14,0,21,2,14,,91622,14,0,21,2,14,,91630,14,0,21,2,14,,91621,14,0,21,2,54,,91633,14,0,21,2,1828,,91657,14,0,5 6 7,2,10,,91659,14,0,5 6 7,2,10,,91628,14,0,5 6 7,2,50,,91663,14,0,5 6 7,2,10,,91666,14,0,5 6 7,2,10,,91648,14,0,5 6 7,2,10,,91643,14,0,5 6 7,2,10,,91636,14,0,5 6 7,2,10,,91632,14,0,5 6 7,2,50,,91664,14,0,5 6 7,2,10,,91635,14,0,5 6 7,2,11,,91627,14,0,5 6 7,2
30402,'5',2638,,91687,14,0,5 6 7,2,10,,91674,14,0,5 6 7,2,10,,91688,14,0,5 6 7,2,50,,91683,14,0,5 6 7,2,10,,91680,14,0,5 6 7,2,10,,91684,14,0,5 6 7,2,10,,91677,14,0,5 6 7,2,10,,91672,14,0,5 6 7,2,10,,91673,14,0,5 6 7,2,50,,91678,14,0,5 6 7,2,10,,91676,14,0,5 6 7,2,11,,91679,14,0,5 6 7,2
50302,'1',526,,94052,29,0,32 8 19,2,12,,93988,29,0,32 8 19,2,10,,94042,29,0,32 8 19,2,10,,94041,29,0,32 8 19,2,50,,94120,29,0,32 8 19,2,13,,94009,29,0,32 8 19,2,14,,94101,29,0,32 8 19,2,6,,94090,29,0,32 8 19,2,7,,86556,29,0,32 8 19,2,10,,79674,29,0,32 8 19,2,50,,94066,29,0,32 8 19,2,5,,94047,29,0,32 8 19,2,7,,93989,29,0,32 8 19,2,10,,94099,29,0,32 8 19,2,10,,94068,29,0,32 8 19,2,6,,93998,29,0,32 8 19,2,6,,94087,29,0,32 8 19,2,6,,94116,29,0,32 8 19,2,46,,94020,29,0,32 8 19,2,6,,94029,29,0,32 8 19,2,6,,94082,29,0,32 8 19,2,6,,94113,29,0,32 8 19,2,6,,94007,29,0,32 8 19,2,6,,94062,29,0,32 8 19,2,6,,94073,29,0,32 8 19,2,6,,94105,29,0,32 8 19,2,6,,94078,29,0,32 8 19,2,6,,94005,29,0,32 8 19,2,46,,94121,29,0,32 8 19,2,6,,94088,29,0,32 8 19,2,6,,94057,29,0,32 8 19,2,6,,94044,29,0,32 8 19,2,6,,94123,29,0,32 8 19,2,6,,94010,29,0,32 8 19,2,6,,94085,29,0,32 8 19,2,6,,94081,29,0,32 8 19,2,6,,94128,29,0,32 8 19,2,6,,94043,29,0,32 8 19,2,46,,93994,29,0,32 8 19,2,7,,94000,29,0,32 8 19,2,10,,94100,29,0,32 8 19,2,10,,94130,29,0,32 8 19,2,10,,94040,29,0,32 8 19,2,10,,94023,29,0,32 8 19,2,50,,94079,29,0,32 8 19,2,10,,94131,29,0,32 8 19,2,10,,94129,29,0,32 8 19,2,10,,94086,29,0,32 8 19,2,10,,94080,29,0,32 8 19,2,10,,94114,29,0,32 8 19,2,50,,94127,29,0,32 8 19,2,10,,94054,29,0,32 8 19,2,10,,94067,29,0,32 8 19,2,10,,94017,29,0,32 8 19,2,10,,94072,29,0,32 8 19,2,10,,94038,29,0,32 8 19,2,50,,94109,29,0,32 8 19,2,10,,94034,29,0,32 8 19,2,10,,94016,29,0,32 8 19,2,10,,94094,29,0,32 8 19,2,10,,94026,29,0,32 8 19,2,10,,93995,29,0,32 8 19,2,50,,94001,29,0,32 8 19,2,10,,94098,29,0,32 8 19,2,10,,94058,29,0,32 8 19,2,10,,94107,29,0,32 8 19,2,10,,94119,29,0,32 8 19,2,10,,94103,29,0,32 8 19,2,51,,94003,29,0,32 8 19,2,13,,94045,29,0,32 8 19,2,9,,94069,29,0,32 8 19,2,6,,94033,29,0,32 8 19,2,6,,94077,29,0,32 8 19,2,6,,94093,29,0,32 8 19,2,6,,94013,29,0,32 8 19,2,8,,94050,29,0,32 8 19,2,48,,94056,29,0,32 8 19,2,8,,94074,29,0,32 8 19,2,6,,89064,29,0,32 8 19,2,6,,94076,29,0,32 8 19,2,6,,93997,29,0,32 8 19,2,6,,94048,29,0,32 8 19,2,6,,94111,29,0,32 8 19,2,6,,94089,29,0,32 8 19,2,6,,79538,29,0,32 8 19,2,46,,94014,29,0,32 8 19,2,6,,94046,29,0,32 8 19,2,6,,94095,29,0,32 8 19,2,6,,94084,29,0,32 8 19,2,6,,94021,29,0,32 8 19,2,6,,94092,29,0,32 8 19,2,6,,94108,29,0,32 8 19,2,6,,93992,29,0,32 8 19,2,6,,94070,29,0,32 8 19,2,6,,94071,29,0,32 8 19,2,46,,94083,29,0,32 8 19,2,6,,94049,29,0,32 8 19,2,6,,94018,29,0,32 8 19,2,18,,94012,29,0,32 8 19,2,6,,94055,29,0,32 8 19,2,6,,94039,29,0,32 8 19,2,6,,94004,29,0,32 8 19,2,6,,94075,29,0,32 8 19,2,4,,94112,29,0,32 8 19,2,44,,94008,29,0,32 8 19,2,7,,94106,29,0,32 8 19,2,7,,94091,29,0,32 8 19,2,7,,94022,29,0,32 8 19,2,5,,94104,29,0,32 8 19,2,7,,94037,29,0,32 8 19,2,6,,94019,29,0,32 8 19,2,7,,93999,29,0,32 8 19,2,8,,94053,29,0,32 8 19,2,48,,94118,29,0,32 8 19,2,8,,93987,29,0,32 8 19,2,8,,94060,29,0,32 8 19,2,8,,94011,29,0,32 8 19,2,8,,93993,29,0,32 8 19,2,8,,94015,29,0,32 8 19,2,8,,94102,29,0,32 8 19,2,48,,94117,29,0,32 8 19,2,8,,94002,29,0,32 8 19,2,8,,94031,29,0,32 8 19,2,8,,93996,29,0,32 8 19,2,8,,94035,29,0,32 8 19,2,8,,94063,29,0,32 8 19,2,8,,94122,29,0,32 8 19,2,8,,94032,29,0,32 8 19,2,48,,93991,29,0,32 8 19,2,9,,94024,29,0,32 8 19,2,9,,94096,29,0,32 8 19,2,7,,94027,29,0,32 8 19,2,8,,94097,29,0,32 8 19,2,9,,94125,29,0,32 8 19,2,10,,94030,29,0,32 8 19,2,50,,93990,29,0,32 8 19,2,10,,94006,29,0,32 8 19,2,10,,94124,29,0,32 8 19,2,10,,94110,29,0,32 8 19,2,10,,94061,29,0,32 8 19,2,10,,94028,29,0,32 8 19,2,50,,94051,29,0,32 8 19,2,10,,94025,29,0,32 8 19,2,10,,94126,29,0,32 8 19,2,10,,94065,29,0,32 8 19,2,10,,93986,29,0,32 8 19,2,10,,94036,29,0,32 8 19,2,50,,94115,29,0,32 8 19,2,11,,94059,29,0,32 8 19,2,18,,94064,29,0,32 8 19,2
50302,'2',450,,94235,29,0,32 8 19,2,65,,94188,29,0,32 8 19,2,17,,94223,29,0,32 8 19,2,13,,94199,29,0,32 8 19,2,55,,94169,29,0,32 8 19,2,15,,94195,29,0,32 8 19,2,10,,94134,29,0,32 8 19,2,10,,94136,29,0,32 8 19,2,10,,94232,29,0,32 8 19,2,10,,94132,29,0,32 8 19,2,50,,94178,29,0,32 8 19,2,10,,94162,29,0,32 8 19,2,10,,94181,29,0,32 8 19,2,10,,94201,29,0,32 8 19,2,10,,94158,29,0,32 8 19,2,10,,94231,29,0,32 8 19,2,50,,94220,29,0,32 8 19,2,10,,94140,29,0,32 8 19,2,12,,94159,29,0,32 8 19,2,14,,94166,29,0,32 8 19,2,11,,94245,29,0,32 8 19,2,49,,94258,29,0,32 8 19,2,9,,77519,29,0,32 8 19,2,9,,94133,29,0,32 8 19,2,10,,94156,29,0,32 8 19,2,10,,94149,29,0,32 8 19,2,10,,94196,29,0,32 8 19,2,10,,94210,29,0,32 8 19,2,50,,94174,29,0,32 8 19,2,10,,94247,29,0,32 8 19,2,10,,94214,29,0,32 8 19,2,10,,94250,29,0,32 8 19,2,10,,94177,29,0,32 8 19,2,10,,94168,29,0,32 8 19,2,50,,94194,29,0,32 8 19,2,10,,94143,29,0,32 8 19,2,10,,94197,29,0,32 8 19,2,10,,94221,29,0,32 8 19,2,11,,94151,29,0,32 8 19,2,50,,94239,29,0,32 8 19,2,10,,94249,29,0,32 8 19,2,10,,94139,29,0,32 8 19,2,5,,94208,29,0,32 8 19,2,7,,94180,29,0,32 8 19,2,10,,94259,29,0,32 8 19,2,10,,94138,29,0,32 8 19,2,48,,94204,29,0,32 8 19,2,8,,94233,29,0,32 8 19,2,16,,94237,29,0,32 8 19,2,8,,94192,29,0,32 8 19,2,8,,76490,29,0,32 8 19,2,8,,94207,29,0,32 8 19,2,8,,94228,29,0,32 8 19,2,48,,94248,29,0,32 8 19,2,8,,94256,29,0,32 8 19,2,8,,94191,29,0,32 8 19,2,8,,94209,29,0,32 8 19,2,8,,94179,29,0,32 8 19,2,8,,94167,29,0,32 8 19,2,8,,94226,29,0,32 8 19,2,48,,94243,29,0,32 8 19,2,8,,94182,29,0,32 8 19,2,8,,94165,29,0,32 8 19,2,8,,94153,29,0,32 8 19,2,8,,94148,29,0,32 8 19,2,8,,94155,29,0,32 8 19,2,8,,94224,29,0,32 8 19,2,8,,94175,29,0,32 8 19,2,48,,94154,29,0,32 8 19,2,8,,94183,29,0,32 8 19,2,8,,94184,29,0,32 8 19,2,8,,94255,29,0,32 8 19,2,8,,94225,29,0,32 8 19,2,8,,94164,29,0,32 8 19,2,8,,94227,29,0,32 8 19,2,48,,94203,29,0,32 8 19,2,8,,94213,29,0,32 8 19,2,8,,94157,29,0,32 8 19,2,8,,94163,29,0,32 8 19,2,8,,94219,29,0,32 8 19,2,8,,94150,29,0,32 8 19,2,8,,94251,29,0,32 8 19,2,8,,94222,29,0,32 8 19,2,48,,94137,29,0,32 8 19,2,8,,94173,29,0,32 8 19,2,8,,94257,29,0,32 8 19,2,16,,94170,29,0,32 8 19,2,8,,94261,29,0,32 8 19,2,8,,94200,29,0,32 8 19,2,48,,94186,29,0,32 8 19,2,9,,94202,29,0,32 8 19,2,9,,94253,29,0,32 8 19,2,9,,94142,29,0,32 8 19,2,10,,94234,29,0,32 8 19,2,9,,94135,29,0,32 8 19,2,9,,94205,29,0,32 8 19,2,50,,94218,29,0,32 8 19,2,10,,94236,29,0,32 8 19,2,10,,94176,29,0,32 8 19,2,10,,94141,29,0,32 8 19,2,10,,79964,29,0,32 8 19,2,10,,94260,29,0,32 8 19,2,50,,94187,29,0,32 8 19,2,10,,94229,29,0,32 8 19,2,10,,94160,29,0,32 8 19,2,10,,94189,29,0,32 8 19,2,10,,94147,29,0,32 8 19,2,10,,94172,29,0,32 8 19,2,50,,94242,29,0,32 8 19,2,10,,94185,29,0,32 8 19,2,11,,94146,29,0,32 8 19,2,9,,94161,29,0,32 8 19,2,9,,94254,29,0,32 8 19,2,10,,94216,29,0,32 8 19,2,50,,94244,29,0,32 8 19,2,10,,94252,29,0,32 8 19,2,10,,94238,29,0,32 8 19,2,10,,94206,29,0,32 8 19,2,10,,94171,29,0,32 8 19,2,10,,94190,29,0,32 8 19,2,50,,94230,29,0,32 8 19,2,10,,94240,29,0,32 8 19,2,10,,94144,29,0,32 8 19,2,10,,94193,29,0,32 8 19,2,10,,94241,29,0,32 8 19,2,10,,94152,29,0,32 8 19,2,50,,94198,29,0,32 8 19,2,10,,94145,29,0,32 8 19,2,10,,94246,29,0,32 8 19,2,10,,94215,29,0,32 8 19,2,10,,94262,29,0,32 8 19,2,10,,94217,29,0,32 8 19,2,48,,94211,29,0,32 8 19,2,8,,94212,29,0,32 8 19,2
50302,'3',518,,94286,29,0,32 8 19,2,21,,94346,29,0,32 8 19,2,20,,94294,29,0,32 8 19,2,60,,94324,29,0,32 8 19,2,20,,80283,29,0,32 8 19,2,10,,94360,29,0,32 8 19,2,10,,94358,29,0,32 8 19,2,50,,94289,29,0,32 8 19,2,10,,94316,29,0,32 8 19,2,10,,94287,29,0,32 8 19,2,10,,94359,29,0,32 8 19,2,10,,94342,29,0,32 8 19,2,10,,94370,29,0,32 8 19,2,52,,94306,29,0,32 8 19,2,13,,94355,29,0,32 8 19,2,13,,94296,29,0,32 8 19,2,11,,94335,29,0,32 8 19,2,9,,94268,29,0,32 8 19,2,48,,94269,29,0,32 8 19,2,8,,94277,29,0,32 8 19,2,10,,94323,29,0,32 8 19,2,10,,94366,29,0,32 8 19,2,10,,94276,29,0,32 8 19,2,10,,75434,29,0,32 8 19,2,50,,94339,29,0,32 8 19,2,10,,94350,29,0,32 8 19,2,10,,94308,29,0,32 8 19,2,10,,94275,29,0,32 8 19,2,10,,94353,29,0,32 8 19,2,10,,94352,29,0,32 8 19,2,50,,94301,29,0,32 8 19,2,10,,94376,29,0,32 8 19,2,10,,94272,29,0,32 8 19,2,10,,94321,29,0,32 8 19,2,10,,94364,29,0,32 8 19,2,10,,94263,29,0,32 8 19,2,50,,94329,29,0,32 8 19,2,10,,94283,29,0,32 8 19,2,9,,94291,29,0,32 8 19,2,9,,94303,29,0,32 8 19,2,12,,94373,29,0,32 8 19,2,9,,94327,29,0,32 8 19,2,49,,80244,29,0,32 8 19,2,10,,94305,29,0,32 8 19,2,10,,94266,29,0,32 8 19,2,10,,94363,29,0,32 8 19,2,10,,94348,29,0,32 8 19,2,10,,94313,29,0,32 8 19,2,50,,94297,29,0,32 8 19,2,10,,94300,29,0,32 8 19,2,10,,94341,29,0,32 8 19,2,10,,94331,29,0,32 8 19,2,10,,94336,29,0,32 8 19,2,10,,94338,29,0,32 8 19,2,50,,94340,29,0,32 8 19,2,10,,94278,29,0,32 8 19,2,10,,94343,29,0,32 8 19,2,10,,94375,29,0,32 8 19,2,10,,94362,29,0,32 8 19,2,10,,94288,29,0,32 8 19,2,50,,94298,29,0,32 8 19,2,10,,94337,29,0,32 8 19,2,10,,94334,29,0,32 8 19,2,10,,94267,29,0,32 8 19,2,10,,94332,29,0,32 8 19,2,10,,94328,29,0,32 8 19,2,50,,94281,29,0,32 8 19,2,10,,94304,29,0,32 8 19,2,10,,94292,29,0,32 8 19,2,10,,94368,29,0,32 8 19,2,10,,94295,29,0,32 8 19,2,10,,85132,29,0,32 8 19,2,50,,94369,29,0,32 8 19,2,10,,94318,29,0,32 8 19,2,10,,94326,29,0,32 8 19,2,10,,94361,29,0,32 8 19,2,10,,94357,29,0,32 8 19,2,60,,94345,29,0,32 8 19,2,10,,94293,29,0,32 8 19,2,10,,94284,29,0,32 8 19,2,10,,94265,29,0,32 8 19,2,10,,94319,29,0,32 8 19,2,12,,94290,29,0,32 8 19,2,50,,94309,29,0,32 8 19,2,10,,94307,29,0,32 8 19,2,10,,94280,29,0,32 8 19,2,10,,94330,29,0,32 8 19,2,10,,94302,29,0,32 8 19,2,10,,94354,29,0,32 8 19,2,50,,67251,29,0,32 8 19,2,10,,94317,29,0,32 8 19,2,10,,94314,29,0,32 8 19,2,10,,82258,29,0,32 8 19,2,10,,94365,29,0,32 8 19,2,10,,94372,29,0,32 8 19,2,50,,94274,29,0,32 8 19,2,10,,94349,29,0,32 8 19,2,10,,94285,29,0,32 8 19,2,11,,94367,29,0,32 8 19,2,9,,94270,29,0,32 8 19,2,6,,94356,29,0,32 8 19,2,10,,94371,29,0,32 8 19,2,50,,94282,29,0,32 8 19,2,10,,94333,29,0,32 8 19,2,10,,94299,29,0,32 8 19,2,10,,94279,29,0,32 8 19,2,10,,94374,29,0,32 8 19,2,10,,94311,29,0,32 8 19,2,50,,94310,29,0,32 8 19,2,10,,94351,29,0,32 8 19,2,10,,94315,29,0,32 8 19,2,10,,87007,29,0,32 8 19,2,10,,94312,29,0,32 8 19,2,10,,94322,29,0,32 8 19,2,50,,94347,29,0,32 8 19,2,12,,94320,29,0,32 8 19,2,8,,94344,29,0,32 8 19,2,10,,94273,29,0,32 8 19,2,10,,94325,29,0,32 8 19,2,53,,94271,29,0,32 8 19,2,14,,94264,29,0,32 8 19,2
50302,'5',518,,94492,29,0,32 8 19,2,21,,94378,29,0,32 8 19,2,20,,94422,29,0,32 8 19,2,60,,94379,29,0,32 8 19,2,20,,94484,29,0,32 8 19,2,10,,94488,29,0,32 8 19,2,10,,94377,29,0,32 8 19,2,50,,94397,29,0,32 8 19,2,10,,94472,29,0,32 8 19,2,10,,94412,29,0,32 8 19,2,10,,94409,29,0,32 8 19,2,10,,94450,29,0,32 8 19,2,10,,94407,29,0,32 8 19,2,52,,94477,29,0,32 8 19,2,13,,94404,29,0,32 8 19,2,13,,94427,29,0,32 8 19,2,11,,94402,29,0,32 8 19,2,9,,94475,29,0,32 8 19,2,48,,94444,29,0,32 8 19,2,8,,94480,29,0,32 8 19,2,10,,94494,29,0,32 8 19,2,10,,94390,29,0,32 8 19,2,10,,94413,29,0,32 8 19,2,10,,94451,29,0,32 8 19,2,50,,94446,29,0,32 8 19,2,10,,94401,29,0,32 8 19,2,10,,94386,29,0,32 8 19,2,10,,87277,29,0,32 8 19,2,10,,94447,29,0,32 8 19,2,10,,94489,29,0,32 8 19,2,50,,94388,29,0,32 8 19,2,10,,94430,29,0,32 8 19,2,10,,94405,29,0,32 8 19,2,10,,94433,29,0,32 8 19,2,10,,94460,29,0,32 8 19,2,10,,94497,29,0,32 8 19,2,50,,94439,29,0,32 8 19,2,10,,94429,29,0,32 8 19,2,9,,94396,29,0,32 8 19,2,9,,94417,29,0,32 8 19,2,12,,94399,29,0,32 8 19,2,9,,94414,29,0,32 8 19,2,49,,94465,29,0,32 8 19,2,10,,94432,29,0,32 8 19,2,10,,94392,29,0,32 8 19,2,10,,94464,29,0,32 8 19,2,10,,94495,29,0,32 8 19,2,10,,94381,29,0,32 8 19,2,50,,94481,29,0,32 8 19,2,10,,94385,29,0,32 8 19,2,10,,94435,29,0,32 8 19,2,10,,94462,29,0,32 8 19,2,10,,94426,29,0,32 8 19,2,10,,94420,29,0,32 8 19,2,50,,94408,29,0,32 8 19,2,10,,94483,29,0,32 8 19,2,10,,94387,29,0,32 8 19,2,10,,94487,29,0,32 8 19,2,10,,94456,29,0,32 8 19,2,10,,94459,29,0,32 8 19,2,50,,94453,29,0,32 8 19,2,10,,94419,29,0,32 8 19,2,10,,94469,29,0,32 8 19,2,10,,94470,29,0,32 8 19,2,10,,94406,29,0,32 8 19,2,10,,94455,29,0,32 8 19,2,50,,94431,29,0,32 8 19,2,10,,94418,29,0,32 8 19,2,10,,94434,29,0,32 8 19,2,10,,94416,29,0,32 8 19,2,10,,94479,29,0,32 8 19,2,10,,94457,29,0,32 8 19,2,50,,94380,29,0,32 8 19,2,10,,94384,29,0,32 8 19,2,10,,94478,29,0,32 8 19,2,10,,94398,29,0,32 8 19,2,10,,94496,29,0,32 8 19,2,10,,94476,29,0,32 8 19,2,50,,94491,29,0,32 8 19,2,10,,94440,29,0,32 8 19,2,10,,94463,29,0,32 8 19,2,10,,94443,29,0,32 8 19,2,10,,94423,29,0,32 8 19,2,12,,94490,29,0,32 8 19,2,50,,94421,29,0,32 8 19,2,10,,94415,29,0,32 8 19,2,10,,94458,29,0,32 8 19,2,10,,94437,29,0,32 8 19,2,10,,94474,29,0,32 8 19,2,10,,94428,29,0,32 8 19,2,50,,94438,29,0,32 8 19,2,10,,94467,29,0,32 8 19,2,10,,94452,29,0,32 8 19,2,10,,94466,29,0,32 8 19,2,10,,94485,29,0,32 8 19,2,10,,94493,29,0,32 8 19,2,50,,94454,29,0,32 8 19,2,10,,94471,29,0,32 8 19,2,10,,94411,29,0,32 8 19,2,11,,94400,29,0,32 8 19,2,9,,94403,29,0,32 8 19,2,6,,94473,29,0,32 8 19,2,10,,94424,29,0,32 8 19,2,50,,94410,29,0,32 8 19,2,10,,94448,29,0,32 8 19,2,10,,94436,29,0,32 8 19,2,10,,94393,29,0,32 8 19,2,10,,94395,29,0,32 8 19,2,10,,94445,29,0,32 8 19,2,50,,94389,29,0,32 8 19,2,10,,94383,29,0,32 8 19,2,10,,94442,29,0,32 8 19,2,10,,94468,29,0,32 8 19,2,10,,94425,29,0,32 8 19,2,10,,94461,29,0,32 8 19,2,50,,94486,29,0,32 8 19,2,12,,94382,29,0,32 8 19,2,8,,94482,29,0,32 8 19,2,10,,94391,29,0,32 8 19,2,10,,94394,29,0,32 8 19,2,53,,94449,29,0,32 8 19,2,14,,94441,29,0,32 8 19,2
50402,'1',404,,95707,4,0,46 5 41,2,15,,95618,4,0,46 5 41,2,15,,95530,4,0,46 5 41,2,1,,95763,4,0,21,2,9,,95690,4,0,46 43 44 3 45,2,0,,95536,4,0,46 5 41,2,5,,95548,4,0,21,2,5,,95697,4,0,46 43 44 3 45,2,49,,95609,14,0,21,2,1,,87362,4,0,46 43 44 3 45,2,9,,95547,14,0,21,2,1,,95761,4,0,46 43 44 3 45,2,9,,95742,14,0,21,2,1,,95626,4,0,46 43 44 3 45,2,9,,95683,14,0,21,2,1,,95526,4,0,46 43 44 3 45,2,9,,95625,14,0,21,2,1,,95632,4,0,46 43 44 3 45,2,9,,95511,14,0,21,2,50,,89912,14,0,21,2,1,,85672,4,0,46 43 44 3 45,2,5,,95657,13,0,21,2,10,,95540,13,0,21,2,10,,95685,13,0,21,2,10,,95741,13,0,21,2,7,,95541,4,0,46 5 41,2,3,,95721,13,0,21,2,10,,95643,13,0,21,2,50,,95566,13,0,21,2,7,,95604,4,0,46 5 41,2,4,,95580,13,0,21,2,10,,95706,13,0,21,2,4,,95779,4,0,21,2,5,,95736,13,0,21,2,6,,95718,13,0,21,2,2,,95571,4,0,46 43 44 3 45,2,4,,95552,13,0,21,2,7,,95777,13,0,21,2,45,,95735,4,0,46 43 44 3 45,2,1,,95679,13,0,21,2,6,,95676,13,0,21,2,13,,95659,13,0,21,2,6,,95638,13,0,21,2,5,,95560,13,0,21,2,12,,95563,13,0,21,2,11,,95754,13,0,21,2,49,,95616,13,0,21,2,8,,95607,13,0,21,2,8,,95693,13,0,21,2,8,,95512,13,0,21,2,8,,95602,13,0,21,2,8,,95720,13,0,21,2,8,,84638,13,0,21,2,48,,95513,13,0,21,2,8,,95651,13,0,21,2,8,,95620,13,0,21,2,8,,95608,13,0,21,2,8,,95684,13,0,21,2,14,,95681,13,0,21,2,9,,95740,13,0,21,2,48,,95630,13,0,21,2,9,,95546,13,0,21,2,10,,95570,13,0,21,2,10,,95568,13,0,21,2,10,,95646,13,0,21,2,10,,95768,13,0,21,2,50,,95597,13,0,21,2,10,,95592,13,0,21,2,10,,95709,13,0,21,2,10,,95519,13,0,21,2,10,,95599,13,0,21,2,10,,95572,13,0,21,2,50,,95654,13,0,21,2,10,,95732,13,0,21,2,10,,95532,13,0,21,2,10,,95680,13,0,21,2,10,,95522,13,0,21,2,10,,95534,13,0,21,2,50,,95555,13,0,21,2,10,,95593,13,0,21,2,11,,95645,13,0,21,2,10,,95518,13,0,21,2,4,,95621,4,0,46 5 41,2,7,,95716,13,0,21,2,4,,95695,4,0,21,2,6,,95686,13,0,21,2,50,,95506,13,0,21,2,10,,95767,13,0,21,2,10,,95725,13,0,21,2,10,,95640,13,0,21,2,11,,95600,13,0,21,2,12,,95728,13,0,21,2,51,,95514,13,0,21,2,10,,95622,13,0,21,2,10,,95746,13,0,21,2,10,,95760,13,0,21,2,10,,95672,13,0,21,2,50,,95629,13,0,21,2,10,,95614,13,0,21,2,10,,95574,13,0,21,2,10,,95658,13,0,21,2,10,,95531,13,0,21,2,10,,95601,13,0,21,2,50,,95617,13,0,21,2,10,,95719,13,0,21,2,10,,95582,13,0,21,2,10,,95650,13,0,21,2,10,,95710,13,0,21,2,10,,95642,13,0,21,2,50,,95594,13,0,21,2,10,,95722,13,0,21,2,9,,95714,13,0,21,2,9,,95739,13,0,21,2,10,,95649,13,0,21,2,9,,95586,13,0,21,2,10,,95762,13,0,21,2,48,,95557,13,0,21,2,8,,95675,13,0,21,2,10,,95655,13,0,21,2,10,,95556,13,0,21,2,9,,95704,13,0,21,2,10,,95653,13,0,21,2,50,,95565,13,0,21,2,10,,95700,13,0,21,2,10,,95699,13,0,21,2,10,,95713,13,0,21,2,10,,95778,13,0,21,2,10,,95770,13,0,21,2,50,,95727,13,0,21,2,10,,95505,13,0,21,2,10,,95578,13,0,21,2,10,,95743,13,0,21,2,10,,95781,13,0,21,2,10,,95605,13,0,21,2,49,,86558,13,0,21,2,10,,95544,13,0,21,2,10,,95689,13,0,21,2,10,,95575,13,0,21,2,10,,95756,13,0,21,2,10,,95588,13,0,21,2,50,,95753,13,0,21,2,10,,95589,13,0,21,2,10,,95584,13,0,21,2,10,,95529,13,0,21,2,10,,95613,13,0,21,2,10,,95691,13,0,21,2,50,,95772,13,0,21,2,10,,95619,13,0,21,2,10,,95668,13,0,21,2,10,,95664,13,0,21,2,10,,95726,13,0,21,2,10,,95648,13,0,21,2,50,,95515,13,0,21,2,10,,95780,13,0,21,2
50402,'2',401,,95945,4,0,46 5 41,2,20,,96030,4,0,46 5 41,2,12,,95856,4,0,46 5 41,2,10,,95917,4,0,21,2,9,,95796,4,0,46 5 41,2,7,,95816,4,0,46 5 41,2,45,,95872,4,0,21,2,5,,95919,4,0,46 5 41,2,5,,96015,14,0,21,2,5,,96039,4,0,46 5 41,2,5,,95978,4,0,46 5 41,2,3,,79821,4,0,46 43 44 3 45,2,2,,95990,14,0,21,2,10,,95961,14,0,21,2,8,,95981,4,0,46 43 44 3 45,2,2,,95851,14,0,21,2,10,,95951,14,0,21,2,48,,95976,4,0,46 43 44 3 45,2,2,,95975,13,0,21,2,10,,95992,13,0,21,2,10,,82134,13,0,21,2,10,,95995,4,0,21,2,5,,95913,13,0,21,2,10,,95949,13,0,21,2,50,,96019,13,0,21,2,10,,95869,13,0,21,2,10,,95987,13,0,21,2,10,,95881,13,0,21,2,10,,95787,13,0,21,2,10,,95923,13,0,21,2,50,,95922,13,0,21,2,10,,95929,13,0,21,2,13,,95841,4,0,46 43 44 3 45,2,0,,95784,13,0,21,2,10,,95822,13,0,21,2,9,,95993,4,0,21,2,3,,96018,13,0,21,2,53,,95988,13,0,21,2,15,,95853,13,0,21,2,9,,95871,4,0,21,2,4,,95887,13,0,21,2,11,,95950,13,0,21,2,10,,95792,13,0,21,2,50,,95935,13,0,21,2,10,,96008,13,0,21,2,10,,96036,13,0,21,2,10,,95839,13,0,21,2,10,,95915,13,0,21,2,10,,95848,13,0,21,2,50,,95905,13,0,21,2,10,,95804,13,0,21,2,10,,96010,13,0,21,2,7,,95879,4,0,46 5 41,2,3,,95831,13,0,21,2,10,,95944,13,0,21,2,10,,96033,13,0,21,2,53,,95909,13,0,21,2,10,,96040,13,0,21,2,10,,95845,13,0,21,2,10,,95934,13,0,21,2,10,,95808,13,0,21,2,10,,95833,13,0,21,2,50,,95924,13,0,21,2,3,,95910,4,0,46 43 44 3 45,2,7,,96000,13,0,21,2,10,,95895,13,0,21,2,7,,95825,13,0,21,2,7,,95850,13,0,21,2,14,,95898,13,0,21,2,1,,95801,4,0,21,2,49,,96009,13,0,21,2,10,,95865,13,0,21,2,10,,95912,13,0,21,2,10,,95918,13,0,21,2,10,,96028,13,0,21,2,10,,95884,13,0,21,2,50,,95786,13,0,21,2,10,,90149,13,0,21,2,10,,96002,13,0,21,2,10,,95977,13,0,21,2,10,,95812,13,0,21,2,10,,95814,13,0,21,2,50,,95960,13,0,21,2,10,,95837,13,0,21,2,10,,95885,13,0,21,2,10,,95876,13,0,21,2,10,,95974,13,0,21,2,10,,96012,13,0,21,2,50,,95793,13,0,21,2,10,,95927,13,0,21,2,10,,95867,13,0,21,2,10,,95886,13,0,21,2,10,,95875,13,0,21,2,10,,95896,13,0,21,2,50,,95798,13,0,21,2,10,,95925,13,0,21,2,10,,95783,13,0,21,2,10,,95819,13,0,21,2,10,,95941,13,0,21,2,7,,95800,13,0,21,2,10,,95902,13,0,21,2,50,,86704,13,0,21,2,10,,95880,13,0,21,2,10,,95959,13,0,21,2,10,,96020,13,0,21,2,8,,95842,13,0,21,2,8,,96003,13,0,21,2,48,,96023,13,0,21,2,10,,95939,13,0,21,2,10,,95874,13,0,21,2,10,,95805,13,0,21,2,10,,95947,13,0,21,2,10,,95882,13,0,21,2,50,,95986,13,0,21,2,10,,96006,13,0,21,2,10,,95921,13,0,21,2,10,,95967,13,0,21,2,10,,95852,13,0,21,2,10,,95790,13,0,21,2,50,,95982,13,0,21,2,10,,95830,13,0,21,2,10,,96013,13,0,21,2,10,,95979,13,0,21,2,10,,95785,13,0,21,2,10,,95846,13,0,21,2,50,,95931,13,0,21,2,9,,95926,13,0,21,2,10,,95815,13,0,21,2,12,,95904,13,0,21,2,10,,95847,13,0,21,2,10,,95788,13,0,21,2,50,,95892,13,0,21,2,10,,95952,13,0,21,2,10,,95933,13,0,21,2,10,,95894,13,0,21,2,10,,95811,13,0,21,2,10,,95835,13,0,21,2,50,,95964,13,0,21,2,10,,96024,13,0,21,2,10,,96034,13,0,21,2,10,,95803,13,0,21,2,10,,95968,13,0,21,2,10,,95937,13,0,21,2,50,,96016,13,0,21,2
50402,'3',824,,96244,13,0,21,2,9,,96221,4,0,21,2,2,,96078,4,0,46 5 41,2,3,,96246,13,0,21,2,9,,96073,13,0,21,2,4,,96088,4,0,46 5 41,2,4,,96259,13,0,21,2,56,,96131,13,0,21,2,0,,96082,4,0,46 43 44 3 45,2,11,,96197,4,0,21,2,3,,96115,13,0,21,2,6,,96076,4,0,46 43 44 3 45,2,2,,96185,13,0,21,2,8,,96074,13,0,21,2,15,,96110,13,0,21,2,48,,96114,13,0,21,2,12,,96094,13,0,21,2,12,,96042,13,0,21,2,10,,96257,13,0,21,2,10,,96062,13,0,21,2,10,,96229,13,0,21,2,50,,96196,13,0,21,2,10,,96099,13,0,21,2,10,,96249,13,0,21,2,10,,96258,13,0,21,2,10,,96231,13,0,21,2,10,,96070,13,0,21,2,50,,96113,13,0,21,2,10,,96130,13,0,21,2,10,,96050,13,0,21,2,3,,96100,4,0,46 43 44 3 45,2,7,,96173,13,0,21,2,10,,96176,13,0,21,2,53,,96091,13,0,21,2,12,,96119,4,0,21,2,2,,96118,13,0,21,2,11,,96245,13,0,21,2,10,,96227,13,0,21,2,10,,96193,13,0,21,2,10,,96126,13,0,21,2,50,,96075,13,0,21,2,10,,96243,13,0,21,2,10,,96160,13,0,21,2,10,,96092,13,0,21,2,10,,96226,13,0,21,2,10,,96104,13,0,21,2,50,,96156,13,0,21,2,10,,96097,13,0,21,2,10,,96143,13,0,21,2,10,,96183,13,0,21,2,10,,96214,13,0,21,2,10,,96072,13,0,21,2,50,,96177,13,0,21,2,10,,96233,13,0,21,2,10,,96085,13,0,21,2,10,,96253,13,0,21,2,10,,96116,13,0,21,2,10,,96164,13,0,21,2,50,,96045,13,0,21,2,10,,96108,13,0,21,2,10,,96127,13,0,21,2,10,,96098,13,0,21,2,10,,96081,13,0,21,2,10,,96225,13,0,21,2,50,,96187,13,0,21,2,10,,96184,13,0,21,2,10,,96061,13,0,21,2,10,,96224,13,0,21,2,10,,96057,13,0,21,2,10,,96146,13,0,21,2,50,,96155,13,0,21,2,9,,96124,13,0,21,2,10,,96137,13,0,21,2,10,,96179,13,0,21,2,10,,96218,13,0,21,2,10,,96241,13,0,21,2,48,,96145,13,0,21,2,9,,96080,13,0,21,2,10,,96168,13,0,21,2,10,,96154,13,0,21,2,10,,96051,13,0,21,2,10,,96054,13,0,21,2,50,,96133,13,0,21,2,10,,96170,13,0,21,2,10,,96058,13,0,21,2,10,,96200,13,0,21,2,10,,96212,13,0,21,2,10,,96048,13,0,21,2,50,,96128,13,0,21,2,10,,96112,13,0,21,2,10,,96150,13,0,21,2,10,,96056,13,0,21,2,10,,96163,13,0,21,2,10,,96186,13,0,21,2,50,,96109,13,0,21,2,9,,96230,13,0,21,2,10,,96066,13,0,21,2,10,,96216,13,0,21,2,10,,96159,13,0,21,2,10,,96132,13,0,21,2,50,,96166,13,0,21,2,10,,96049,13,0,21,2,10,,96205,13,0,21,2,10,,96106,13,0,21,2,10,,96047,13,0,21,2,10,,96093,13,0,21,2,50,,96180,13,0,21,2,10,,96055,13,0,21,2,10,,96208,13,0,21,2,10,,96199,13,0,21,2,10,,96189,13,0,21,2,10,,96149,13,0,21,2,50,,96182,13,0,21,2,10,,96087,13,0,21,2,10,,96234,13,0,21,2
50402,'5',428,,96479,4,0,46 5 41,2,14,,96302,4,0,46 5 41,2,7,,96260,4,0,21,2,7,,96478,4,0,46 5 41,2,47,,96279,4,0,21,2,5,,96488,4,0,46 5 41,2,5,,96444,13,0,21,2,3,,96424,4,0,46 43 44 3 45,2,13,,96364,4,0,21,2,5,,96451,13,0,21,2,2,,96351,4,0,46 43 44 3 45,2,2,,96400,4,0,46 5 41,2,11,,96338,4,0,46 43 44 3 45,2,1,,96319,14,0,21,2,54,,96381,14,0,21,2,14,,96262,13,0,21,2,14,,96382,13,0,21,2,14,,96415,13,0,21,2,54,,96392,13,0,21,2,14,,96395,13,0,21,2,14,,96317,13,0,21,2,14,,96513,13,0,21,2,14,,96324,13,0,21,2,54,,96429,13,0,21,2,14,,96297,13,0,21,2,8,,96268,4,0,21,2,3,,96410,4,0,46 5 41,2,3,,96500,13,0,21,2,9,,96334,13,0,21,2,4,,96483,4,0,46 5 41,2,4,,96454,13,0,21,2,56,,96387,13,0,21,2,0,,96440,4,0,46 43 44 3 45,2,11,,85244,4,0,21,2,3,,96336,13,0,21,2,6,,96408,4,0,46 43 44 3 45,2,2,,96294,13,0,21,2,8,,96486,13,0,21,2,15,,96399,13,0,21,2,48,,96353,13,0,21,2,12,,96506,13,0,21,2,12,,96465,13,0,21,2,10,,96355,13,0,21,2,10,,96512,13,0,21,2,10,,96283,13,0,21,2,50,,96445,13,0,21,2,10,,96467,13,0,21,2,10,,96315,13,0,21,2,10,,96501,13,0,21,2,10,,96397,13,0,21,2,10,,96485,13,0,21,2,50,,96472,13,0,21,2,10,,96325,13,0,21,2,10,,81801,13,0,21,2,3,,96511,4,0,46 43 44 3 45,2,7,,96379,13,0,21,2,10,,96360,13,0,21,2,53,,96487,13,0,21,2,12,,96371,4,0,21,2,2,,96366,13,0,21,2,11,,96439,13,0,21,2,10,,96323,13,0,21,2,10,,96411,13,0,21,2,10,,96401,13,0,21,2,50,,96343,13,0,21,2,10,,96435,13,0,21,2,10,,96420,13,0,21,2,10,,96359,13,0,21,2,10,,96502,13,0,21,2,10,,96367,13,0,21,2,50,,96344,13,0,21,2,10,,96446,13,0,21,2,10,,96414,13,0,21,2,10,,96345,13,0,21,2,10,,96332,13,0,21,2,10,,96327,13,0,21,2,50,,96312,13,0,21,2,10,,96289,13,0,21,2,10,,96311,13,0,21,2,10,,96349,13,0,21,2,10,,96443,13,0,21,2,10,,96337,13,0,21,2,50,,96303,13,0,21,2,10,,96270,13,0,21,2,10,,96266,13,0,21,2,10,,96476,13,0,21,2,10,,96505,13,0,21,2,10,,96459,13,0,21,2,50,,96417,13,0,21,2,10,,96368,13,0,21,2,10,,96453,13,0,21,2,10,,96277,13,0,21,2,10,,96421,13,0,21,2,10,,96348,13,0,21,2,50,,96433,13,0,21,2,9,,96313,13,0,21,2,10,,96457,13,0,21,2,10,,96374,13,0,21,2,10,,96286,13,0,21,2,10,,96276,13,0,21,2,48,,96484,13,0,21,2,9,,96498,13,0,21,2,10,,96350,13,0,21,2,10,,96362,13,0,21,2,10,,96464,13,0,21,2,10,,96475,13,0,21,2,50,,96352,13,0,21,2,10,,96425,13,0,21,2,10,,96394,13,0,21,2,10,,96316,13,0,21,2,10,,96322,13,0,21,2,10,,96460,13,0,21,2,50,,96480,13,0,21,2,10,,96378,13,0,21,2,10,,96385,13,0,21,2,10,,96308,13,0,21,2,10,,96515,13,0,21,2,10,,96341,13,0,21,2,50,,96365,13,0,21,2,9,,96491,13,0,21,2,10,,96300,13,0,21,2,10,,96493,13,0,21,2,10,,96281,13,0,21,2,10,,96434,13,0,21,2,50,,96449,13,0,21,2,10,,96510,13,0,21,2,10,,96391,13,0,21,2,10,,96354,13,0,21,2,10,,96370,13,0,21,2,10,,96499,13,0,21,2,50,,96347,13,0,21,2,10,,96356,13,0,21,2,10,,96405,13,0,21,2,10,,96335,13,0,21,2,10,,96418,13,0,21,2,10,,96358,13,0,21,2,50,,96389,13,0,21,2,10,,96463,13,0,21,2,10,,96514,13,0,21,2
