30102,'1',2625,,123704,38,0,47 22 23,2,30,,123686,38,0,47 22 23,2,70,,123675,38,0,47 22 23,2,30,,123698,38,0,47 22 23,2,70,,123684,38,0,47 22 23,2,30,,123688,38,,,2,70,,123679,38,,,2,30,,123685,38,,,2
30102,'2',2630,,123725,38,0,47 22 23,2,70,,123724,38,0,47 22 23,2,30,,123716,38,0,47 22 23,2,70,,123730,38,0,47 22 23,2,30,,123729,38,0,47 22 23,2,70,,123715,38,,,2,30,,123739,38,,,2,70,,123732,38,,,2
30102,'3',2620,,123756,38,0,47 22 23,2,30,,123760,38,0,47 22 23,2,70,,123744,38,0,47 22 23,2,30,,123764,38,0,47 22 23,2,70,,123753,38,0,47 22 23,2,30,,123758,38,0,47 22 23,2,70,,123742,38,,,2,30,,123765,38,,,2
30102,'5',2620,,123789,38,0,47 22 23,2,30,,115386,38,0,47 22 23,2,70,,123798,38,0,47 22 23,2,30,,123774,38,0,47 22 23,2,70,,123795,38,0,47 22 23,2,30,,123796,38,0,47 22 23,2,70,,123797,38,,,2,30,,123787,38,,,2
50701,'1',930,,132333,23,0,49,2,999,,132300,23,0,49,2,27,,132334,23,0,49,2,298,,132416,23,0,49,2,253,,132419,23,0,49,2,20,,132325,23,0,49,2
50701,'2',1931,,132571,23,0,49,2,586,,132486,23,0,49,2,21,,132433,23,0,49,2
50701,'3',2450,,132672,23,0,49,2
50701,'5',2450,,132871,23,0,49,2
50702,'1',506,,132999,23,0,22 23,2,11,,133180,23,0,22 23,2,10,,133063,23,0,22 23,2,10,,132992,23,0,22 23,2,10,,133159,23,0,22 23,2,10,,133183,23,0,22 23,2,50,,133042,23,0,22 23,2,10,,133190,23,0,22 23,2,10,,133136,23,0,22 23,2,10,,132994,23,0,22 23,2,10,,133137,23,0,22 23,2,10,,133071,23,0,22 23,2,52,,133149,23,0,22 23,2,8,,133036,23,0,22 23,2,6,,133173,23,0,22 23,2,7,,133048,23,0,22 23,2,7,,133169,23,0,22 23,2,7,,133189,23,0,22 23,2,7,,133094,23,0,22 23,2,7,,133037,23,0,22 23,2,47,,133027,23,0,22 23,2,7,,133182,23,0,22 23,2,7,,133114,23,0,22 23,2,7,,133057,23,0,22 23,2,7,,133012,23,0,22 23,2,7,,133080,23,0,22 23,2,7,,133003,23,0,22 23,2,7,,133104,23,0,22 23,2,47,,132990,23,0,22 23,2,7,,133123,23,0,22 23,2,9,,133081,23,0,22 23,2,9,,116344,23,0,22 23,2,8,,133000,23,0,22 23,2,8,,112236,23,0,22 23,2,8,,133034,23,0,22 23,2,8,,133148,23,0,22 23,2,48,,133019,23,0,22 23,2,8,,133151,23,0,22 23,2,8,,133026,23,0,22 23,2,8,,91856,23,0,22 23,2,8,,133177,23,0,22 23,2,8,,133018,23,0,22 23,2,8,,133093,23,0,22 23,2,48,,133150,23,0,22 23,2,8,,133120,23,0,22 23,2,8,,133178,23,0,22 23,2,8,,133011,23,0,22 23,2,8,,133053,23,0,22 23,2,8,,133061,23,0,22 23,2,8,,133089,23,0,22 23,2,8,,133086,23,0,22 23,2,48,,133121,23,0,22 23,2,8,,133168,23,0,22 23,2,8,,133045,23,0,22 23,2,8,,133015,23,0,22 23,2,8,,133113,23,0,22 23,2,8,,133073,23,0,22 23,2,8,,133096,23,0,22 23,2,48,,133059,23,0,22 23,2,8,,133060,23,0,22 23,2,8,,133109,23,0,22 23,2,8,,133171,23,0,22 23,2,8,,133192,23,0,22 23,2,8,,133068,23,0,22 23,2,8,,133072,23,0,22 23,2,8,,133170,23,0,22 23,2,48,,133044,23,0,22 23,2,8,,107193,23,0,22 23,2,8,,133097,23,0,22 23,2,8,,132996,23,0,22 23,2,8,,133056,23,0,22 23,2,8,,133186,23,0,22 23,2,8,,133164,23,0,22 23,2,48,,133014,23,0,22 23,2,8,,133112,23,0,22 23,2,8,,133085,23,0,22 23,2,9,,133122,23,0,22 23,2,4,,133106,23,0,22 23,2,7,,133079,23,0,22 23,2,7,,133145,23,0,22 23,2,7,,133091,23,0,22 23,2,7,,133161,23,0,22 23,2,47,,133020,23,0,22 23,2,7,,133058,23,0,22 23,2,7,,133130,23,0,22 23,2,7,,133087,23,0,22 23,2,7,,133092,23,0,22 23,2,7,,133119,23,0,22 23,2,7,,133185,23,0,22 23,2,7,,133001,23,0,22 23,2,47,,133142,23,0,22 23,2,7,,133115,23,0,22 23,2,7,,133156,23,0,22 23,2,7,,133107,23,0,22 23,2,7,,132998,23,0,22 23,2,7,,133083,23,0,22 23,2,7,,133116,23,0,22 23,2,7,,133069,23,0,22 23,2,7,,133172,23,0,22 23,2,47,,133176,23,0,22 23,2,7,,133049,23,0,22 23,2,7,,133110,23,0,22 23,2,7,,116398,23,0,22 23,2,7,,133191,23,0,22 23,2,7,,133082,23,0,22 23,2,7,,133134,23,0,22 23,2,7,,133165,23,0,22 23,2,47,,133031,23,0,22 23,2,7,,112885,23,0,22 23,2,9,,133032,23,0,22 23,2,7,,133007,23,0,22 23,2,9,,133129,23,0,22 23,2,7,,133187,23,0,22 23,2,9,,133174,23,0,22 23,2,9,,133052,23,0,22 23,2,49,,133154,23,0,22 23,2,9,,133135,23,0,22 23,2,9,,133179,23,0,22 23,2,9,,133041,23,0,22 23,2,9,,133188,23,0,22 23,2,9,,133124,23,0,22 23,2,49,,133166,23,0,22 23,2,9,,133152,23,0,22 23,2,9,,133004,23,0,22 23,2,9,,133066,23,0,22 23,2,9,,133175,23,0,22 23,2,9,,133047,23,0,22 23,2,9,,133013,23,0,22 23,2,49,,133025,23,0,22 23,2,9,,133046,23,0,22 23,2,7,,133138,23,0,22 23,2,12,,133117,23,0,22 23,2,10,,133029,23,0,22 23,2,10,,132991,23,0,22 23,2,50,,133098,23,0,22 23,2,10,,133078,23,0,22 23,2,10,,133140,23,0,22 23,2,10,,133157,23,0,22 23,2,10,,133065,23,0,22 23,2,10,,133143,23,0,22 23,2,50,,133016,23,0,22 23,2,10,,133062,23,0,22 23,2,10,,133084,23,0,22 23,2,10,,133181,23,0,22 23,2,12,,133088,23,0,22 23,2,12,,133147,23,0,22 23,2,55,,133100,23,0,22 23,2,20,,133103,23,0,22 23,2,25,,133010,23,0,22 23,2
50702,'2',453,,133366,23,0,22 23,2,50,,133237,23,0,22 23,2,10,,133211,23,0,22 23,2,10,,133266,23,0,22 23,2,10,,133281,23,0,22 23,2,10,,133213,23,0,22 23,2,10,,133360,23,0,22 23,2,50,,133316,23,0,22 23,2,10,,133249,23,0,22 23,2,10,,133201,23,0,22 23,2,10,,133352,23,0,22 23,2,10,,133270,23,0,22 23,2,10,,133230,23,0,22 23,2,50,,133248,23,0,22 23,2,10,,133349,23,0,22 23,2,10,,133255,23,0,22 23,2,10,,133267,23,0,22 23,2,10,,133216,23,0,22 23,2,10,,133335,23,0,22 23,2,50,,133367,23,0,22 23,2,9,,133310,23,0,22 23,2,12,,133323,23,0,22 23,2,15,,133325,23,0,22 23,2,13,,133344,23,0,22 23,2,49,,133327,23,0,22 23,2,9,,133375,23,0,22 23,2,9,,133246,23,0,22 23,2,9,,133345,23,0,22 23,2,9,,133239,23,0,22 23,2,9,,133355,23,0,22 23,2,9,,133261,23,0,22 23,2,49,,133301,23,0,22 23,2,9,,133312,23,0,22 23,2,9,,133285,23,0,22 23,2,9,,133329,23,0,22 23,2,9,,133214,23,0,22 23,2,9,,133373,23,0,22 23,2,9,,133271,23,0,22 23,2,49,,133364,23,0,22 23,2,9,,133273,23,0,22 23,2,9,,133268,23,0,22 23,2,9,,133206,23,0,22 23,2,9,,133305,23,0,22 23,2,9,,133294,23,0,22 23,2,49,,133346,23,0,22 23,2,9,,133338,23,0,22 23,2,10,,133359,23,0,22 23,2,10,,133361,23,0,22 23,2,8,,133257,23,0,22 23,2,8,,133368,23,0,22 23,2,8,,133200,23,0,22 23,2,48,,133262,23,0,22 23,2,8,,133295,23,0,22 23,2,8,,133245,23,0,22 23,2,8,,133354,23,0,22 23,2,8,,133242,23,0,22 23,2,8,,133317,23,0,22 23,2,8,,119405,23,0,22 23,2,8,,133278,23,0,22 23,2,48,,133322,23,0,22 23,2,8,,133362,23,0,22 23,2,8,,133356,23,0,22 23,2,8,,133290,23,0,22 23,2,8,,133250,23,0,22 23,2,8,,133207,23,0,22 23,2,8,,133330,23,0,22 23,2,48,,133227,23,0,22 23,2,8,,133208,23,0,22 23,2,8,,133280,23,0,22 23,2,8,,133342,23,0,22 23,2,8,,133369,23,0,22 23,2,8,,133371,23,0,22 23,2,8,,133332,23,0,22 23,2,8,,133193,23,0,22 23,2,48,,133228,23,0,22 23,2,8,,133247,23,0,22 23,2,8,,133302,23,0,22 23,2,8,,133225,23,0,22 23,2,8,,133372,23,0,22 23,2,8,,133304,23,0,22 23,2,8,,133229,23,0,22 23,2,48,,133339,23,0,22 23,2,8,,133279,23,0,22 23,2,8,,114889,23,0,22 23,2,8,,133195,23,0,22 23,2,8,,133232,23,0,22 23,2,8,,133222,23,0,22 23,2,8,,133254,23,0,22 23,2,8,,133252,23,0,22 23,2,48,,133199,23,0,22 23,2,8,,133303,23,0,22 23,2,8,,93129,23,0,22 23,2,8,,133224,23,0,22 23,2,8,,133351,23,0,22 23,2,8,,133307,23,0,22 23,2,8,,133234,23,0,22 23,2,48,,133240,23,0,22 23,2,8,,133350,23,0,22 23,2,10,,133308,23,0,22 23,2,8,,133299,23,0,22 23,2,8,,133340,23,0,22 23,2,9,,133274,23,0,22 23,2,9,,133219,23,0,22 23,2,49,,133236,23,0,22 23,2,9,,133218,23,0,22 23,2,9,,133226,23,0,22 23,2,9,,113066,23,0,22 23,2,9,,133217,23,0,22 23,2,9,,133292,23,0,22 23,2,9,,133337,23,0,22 23,2,49,,133341,23,0,22 23,2,9,,133282,23,0,22 23,2,9,,133315,23,0,22 23,2,9,,133328,23,0,22 23,2,9,,133251,23,0,22 23,2,9,,133203,23,0,22 23,2,49,,120141,23,0,22 23,2,9,,133253,23,0,22 23,2,9,,133288,23,0,22 23,2,7,,133221,23,0,22 23,2,10,,133298,23,0,22 23,2,10,,133309,23,0,22 23,2,10,,133277,23,0,22 23,2,50,,133210,23,0,22 23,2,10,,133194,23,0,22 23,2,10,,133243,23,0,22 23,2,10,,133296,23,0,22 23,2,10,,133258,23,0,22 23,2,10,,133244,23,0,22 23,2,50,,133321,23,0,22 23,2,10,,133241,23,0,22 23,2,10,,133231,23,0,22 23,2,10,,133313,23,0,22 23,2,10,,133204,23,0,22 23,2,12,,133220,23,0,22 23,2,55,,133347,23,0,22 23,2,20,,133260,23,0,22 23,2,70,,133196,23,0,22 23,2
50702,'3',449,,133450,23,0,22 23,2,8,,133378,23,0,22 23,2,49,,133382,23,0,22 23,2,10,,133523,23,0,22 23,2,10,,133422,23,0,22 23,2,10,,133475,23,0,22 23,2,10,,133430,23,0,22 23,2,10,,133458,23,0,22 23,2,50,,133399,23,0,22 23,2,10,,133495,23,0,22 23,2,10,,133480,23,0,22 23,2,10,,133438,23,0,22 23,2,10,,133457,23,0,22 23,2,10,,133449,23,0,22 23,2,50,,133389,23,0,22 23,2,10,,133498,23,0,22 23,2,10,,133472,23,0,22 23,2,10,,133454,23,0,22 23,2,10,,133413,23,0,22 23,2,10,,133556,23,0,22 23,2,50,,133534,23,0,22 23,2,13,,133408,23,0,22 23,2,11,,133543,23,0,22 23,2,16,,133486,23,0,22 23,2,10,,133473,23,0,22 23,2,50,,133536,23,0,22 23,2,10,,133477,23,0,22 23,2,10,,133384,23,0,22 23,2,10,,133453,23,0,22 23,2,10,,133527,23,0,22 23,2,10,,115982,23,0,22 23,2,50,,133437,23,0,22 23,2,10,,133377,23,0,22 23,2,10,,133484,23,0,22 23,2,10,,133522,23,0,22 23,2,10,,133494,23,0,22 23,2,10,,133407,23,0,22 23,2,50,,107770,23,0,22 23,2,10,,133432,23,0,22 23,2,10,,133544,23,0,22 23,2,10,,133444,23,0,22 23,2,10,,133506,23,0,22 23,2,10,,133511,23,0,22 23,2,50,,133496,23,0,22 23,2,10,,133379,23,0,22 23,2,9,,133503,23,0,22 23,2,8,,133402,23,0,22 23,2,8,,133441,23,0,22 23,2,8,,133445,23,0,22 23,2,9,,133485,23,0,22 23,2,49,,133554,23,0,22 23,2,9,,133470,23,0,22 23,2,9,,133425,23,0,22 23,2,9,,133385,23,0,22 23,2,9,,133502,23,0,22 23,2,9,,133400,23,0,22 23,2,49,,133423,23,0,22 23,2,9,,133519,23,0,22 23,2,9,,133521,23,0,22 23,2,9,,133557,23,0,22 23,2,9,,133482,23,0,22 23,2,9,,133401,23,0,22 23,2,9,,133507,23,0,22 23,2,49,,133424,23,0,22 23,2,9,,133489,23,0,22 23,2,9,,133545,23,0,22 23,2,9,,133513,23,0,22 23,2,9,,133434,23,0,22 23,2,9,,133412,23,0,22 23,2,9,,133526,23,0,22 23,2,49,,133471,23,0,22 23,2,9,,133555,23,0,22 23,2,9,,133465,23,0,22 23,2,9,,133512,23,0,22 23,2,9,,133542,23,0,22 23,2,9,,133452,23,0,22 23,2,49,,133388,23,0,22 23,2,9,,133392,23,0,22 23,2,9,,133541,23,0,22 23,2,9,,133380,23,0,22 23,2,9,,133440,23,0,22 23,2,9,,133456,23,0,22 23,2,9,,133397,23,0,22 23,2,49,,133518,23,0,22 23,2,9,,133528,23,0,22 23,2,9,,133464,23,0,22 23,2,9,,133558,23,0,22 23,2,9,,133428,23,0,22 23,2,9,,133559,23,0,22 23,2,9,,133520,23,0,22 23,2,49,,133500,23,0,22 23,2,9,,133398,23,0,22 23,2,6,,133403,23,0,22 23,2,9,,133405,23,0,22 23,2,8,,133410,23,0,22 23,2,7,,133504,23,0,22 23,2,9,,133538,23,0,22 23,2,49,,133483,23,0,22 23,2,9,,133532,23,0,22 23,2,9,,133550,23,0,22 23,2,9,,133462,23,0,22 23,2,9,,133505,23,0,22 23,2,9,,133497,23,0,22 23,2,9,,133420,23,0,22 23,2,49,,120914,23,0,22 23,2,9,,133426,23,0,22 23,2,9,,133553,23,0,22 23,2,9,,133404,23,0,22 23,2,9,,133551,23,0,22 23,2,9,,115945,23,0,22 23,2,49,,133387,23,0,22 23,2,9,,133463,23,0,22 23,2,9,,133459,23,0,22 23,2,9,,133439,23,0,22 23,2,9,,133474,23,0,22 23,2,10,,123038,23,0,22 23,2,10,,133524,23,0,22 23,2,50,,133510,23,0,22 23,2,10,,133492,23,0,22 23,2,10,,133469,23,0,22 23,2,10,,133448,23,0,22 23,2,10,,133393,23,0,22 23,2,10,,133548,23,0,22 23,2,50,,133429,23,0,22 23,2,10,,133491,23,0,22 23,2,10,,133383,23,0,22 23,2,10,,133488,23,0,22 23,2,19,,133493,23,0,22 23,2,59,,133535,23,0,22 23,2,15,,133391,23,0,22 23,2,20,,133479,23,0,22 23,2
50702,'5',449,,133661,23,0,22 23,2,8,,133742,23,0,22 23,2,49,,133720,23,0,22 23,2,10,,133707,23,0,22 23,2,10,,133577,23,0,22 23,2,10,,133596,23,0,22 23,2,10,,133645,23,0,22 23,2,10,,133741,23,0,22 23,2,50,,133637,23,0,22 23,2,10,,133610,23,0,22 23,2,10,,133732,23,0,22 23,2,10,,133630,23,0,22 23,2,10,,122220,23,0,22 23,2,10,,133671,23,0,22 23,2,50,,133591,23,0,22 23,2,10,,133632,23,0,22 23,2,10,,133636,23,0,22 23,2,10,,133633,23,0,22 23,2,10,,133672,23,0,22 23,2,10,,133743,23,0,22 23,2,50,,133686,23,0,22 23,2,13,,133717,23,0,22 23,2,11,,133608,23,0,22 23,2,16,,133594,23,0,22 23,2,10,,133670,23,0,22 23,2,50,,133698,23,0,22 23,2,10,,133631,23,0,22 23,2,10,,133643,23,0,22 23,2,10,,133697,23,0,22 23,2,10,,133725,23,0,22 23,2,10,,133624,23,0,22 23,2,50,,133660,23,0,22 23,2,10,,133656,23,0,22 23,2,10,,133570,23,0,22 23,2,10,,133734,23,0,22 23,2,10,,133593,23,0,22 23,2,10,,133680,23,0,22 23,2,50,,133576,23,0,22 23,2,10,,133609,23,0,22 23,2,10,,133563,23,0,22 23,2,10,,133706,23,0,22 23,2,10,,133597,23,0,22 23,2,10,,133617,23,0,22 23,2,50,,133598,23,0,22 23,2,10,,133675,23,0,22 23,2,9,,133646,23,0,22 23,2,8,,133565,23,0,22 23,2,8,,133621,23,0,22 23,2,8,,133560,23,0,22 23,2,9,,133658,23,0,22 23,2,49,,133673,23,0,22 23,2,9,,133601,23,0,22 23,2,9,,133604,23,0,22 23,2,9,,133669,23,0,22 23,2,9,,133607,23,0,22 23,2,9,,133662,23,0,22 23,2,49,,133571,23,0,22 23,2,9,,93411,23,0,22 23,2,9,,133585,23,0,22 23,2,9,,133711,23,0,22 23,2,9,,133650,23,0,22 23,2,9,,133612,23,0,22 23,2,9,,133731,23,0,22 23,2,49,,133703,23,0,22 23,2,9,,133572,23,0,22 23,2,9,,133605,23,0,22 23,2,9,,133620,23,0,22 23,2,9,,133708,23,0,22 23,2,9,,133615,23,0,22 23,2,9,,133702,23,0,22 23,2,49,,133739,23,0,22 23,2,9,,133729,23,0,22 23,2,9,,133710,23,0,22 23,2,9,,133695,23,0,22 23,2,9,,133652,23,0,22 23,2,9,,133724,23,0,22 23,2,49,,133690,23,0,22 23,2,9,,133580,23,0,22 23,2,9,,133589,23,0,22 23,2,9,,133659,23,0,22 23,2,9,,133627,23,0,22 23,2,9,,133628,23,0,22 23,2,9,,133713,23,0,22 23,2,49,,133737,23,0,22 23,2,9,,133740,23,0,22 23,2,9,,133635,23,0,22 23,2,9,,133689,23,0,22 23,2,9,,133719,23,0,22 23,2,9,,133730,23,0,22 23,2,9,,133668,23,0,22 23,2,49,,133564,23,0,22 23,2,9,,133722,23,0,22 23,2,6,,133599,23,0,22 23,2,9,,112850,23,0,22 23,2,8,,133726,23,0,22 23,2,7,,122371,23,0,22 23,2,9,,133723,23,0,22 23,2,49,,133692,23,0,22 23,2,9,,133727,23,0,22 23,2,9,,133738,23,0,22 23,2,9,,133654,23,0,22 23,2,9,,133701,23,0,22 23,2,9,,133678,23,0,22 23,2,9,,133718,23,0,22 23,2,49,,133657,23,0,22 23,2,9,,133735,23,0,22 23,2,9,,133625,23,0,22 23,2,9,,133634,23,0,22 23,2,9,,133682,23,0,22 23,2,9,,133595,23,0,22 23,2,49,,133592,23,0,22 23,2,9,,133583,23,0,22 23,2,9,,133694,23,0,22 23,2,9,,133639,23,0,22 23,2,9,,133684,23,0,22 23,2,10,,133691,23,0,22 23,2,10,,133651,23,0,22 23,2,50,,133587,23,0,22 23,2,10,,133653,23,0,22 23,2,10,,133600,23,0,22 23,2,10,,118153,23,0,22 23,2,10,,133716,23,0,22 23,2,10,,133709,23,0,22 23,2,50,,133728,23,0,22 23,2,10,,133688,23,0,22 23,2,10,,133664,23,0,22 23,2,10,,133619,23,0,22 23,2,19,,133567,23,0,22 23,2,59,,133603,23,0,22 23,2,15,,133647,23,0,22 23,2,20,,133712,23,0,22 23,2
