31004,'1',2544,,92179,13,0,25 7,2,60,,92185,13,0,25 7,2,20,,92178,13,0,25 7,2,20,,92184,13,0,25 7,2,60,,92183,13,0,25 7,2,20,,92181,13,0,25 7,2,20,,92189,13,0,25 7,2,60,,92186,13,0,25 7,2,20,,92191,13,0,25 7,2,20,,89241,13,0,25 7,2,60,,87396,13,0,25 7,2,20,,92182,13,0,25 7,2
31004,'2',2546,,92198,13,0,25 7,2,55,,92208,13,0,25 7,2,20,,92203,13,0,25 7,2,20,,92205,13,0,25 7,2,60,,92207,13,0,25 7,2,20,,92200,13,0,25 7,2,20,,92202,13,0,25 7,2,60,,92199,13,0,25 7,2,20,,92201,13,0,25 7,2,20,,92197,13,0,25 7,2,60,,92195,13,0,25 7,2
31004,'3',516,,92209,13,0,25 7,2,16,,92224,13,0,25 7,2,15,,92214,13,0,25 7,2,55,,92216,13,0,25 7,2,10,,92213,13,0,25 7,2,20,,92211,13,0,25 7,2,15,,92230,13,0,25 7,2,55,,92226,13,0,25 7,2,15,,92210,13,0,25 7,2,15,,92223,13,0,25 7,2,15,,92222,13,0,25 7,2,1794,,92225,13,0,25 7,2,60,,92228,13,0,25 7,2,20,,92234,13,0,25 7,2,20,,92232,13,0,25 7,2,60,,92212,13,0,25 7,2,20,,92227,13,0,25 7,2,20,,92215,13,0,25 7,2,60,,92218,13,0,25 7,2,20,,92233,13,0,25 7,2,20,,92229,13,0,25 7,2,60,,92231,13,0,25 7,2
31004,'5',2541,,92248,13,0,25 7,2,60,,92243,13,0,25 7,2,20,,92247,13,0,25 7,2,20,,92242,13,0,25 7,2,60,,92238,13,0,25 7,2,20,,92241,13,0,25 7,2,20,,92237,13,0,25 7,2,60,,92245,13,0,25 7,2,20,,92249,13,0,25 7,2,20,,92235,13,0,25 7,2,60,,92244,13,0,25 7,2
50901,'1',557,,101447,8,0,25 7,2,50,,101403,8,0,25 7,2,10,,101404,8,0,25 7,2,10,,101363,8,0,25 7,2,10,,84547,8,0,25 7,2,10,,101449,8,0,25 7,2,10,,101428,8,0,25 7,2,50,,101383,8,0,25 7,2,10,,101357,8,0,25 7,2,9,,101446,8,0,25 7,2,9,,101382,8,0,25 7,2,9,,101466,8,0,25 7,2,9,,101384,8,0,25 7,2,49,,101434,8,0,25 7,2,9,,101444,8,0,25 7,2,9,,101458,8,0,25 7,2,9,,101390,8,0,25 7,2,9,,101448,8,0,25 7,2,9,,101469,8,0,25 7,2,9,,101391,8,0,25 7,2,49,,101408,8,0,25 7,2,9,,101468,8,0,25 7,2,9,,101431,8,0,25 7,2,9,,101420,8,0,25 7,2,9,,101465,8,0,25 7,2,9,,101398,8,0,25 7,2,9,,101435,8,0,25 7,2,49,,101400,8,0,25 7,2,9,,101440,8,0,25 7,2,9,,101394,8,0,25 7,2,9,,101414,8,0,25 7,2,9,,101368,8,0,25 7,2,9,,101432,8,0,25 7,2,49,,101418,8,0,25 7,2,9,,101409,8,0,25 7,2,9,,101378,8,0,25 7,2,9,,101471,8,0,25 7,2,9,,101374,8,0,25 7,2,9,,101453,8,0,25 7,2,9,,101392,8,0,25 7,2,49,,101375,8,0,25 7,2,9,,101459,8,0,25 7,2,9,,101407,8,0,25 7,2,9,,101365,8,0,25 7,2,9,,101373,8,0,25 7,2,9,,101454,8,0,25 7,2,9,,101470,8,0,25 7,2,49,,101413,8,0,25 7,2,9,,101478,8,0,25 7,2,9,,101460,8,0,25 7,2,9,,101359,8,0,25 7,2,9,,101426,8,0,25 7,2,9,,101358,8,0,25 7,2,49,,101472,8,0,25 7,2,9,,101386,8,0,25 7,2,9,,101445,8,0,25 7,2,9,,101423,8,0,25 7,2,9,,101406,8,0,25 7,2,9,,101456,8,0,25 7,2,9,,101362,8,0,25 7,2,49,,101422,8,0,25 7,2,9,,101461,8,0,25 7,2,9,,101430,8,0,25 7,2,9,,101421,8,0,25 7,2,9,,101367,8,0,25 7,2,9,,101379,8,0,25 7,2,9,,101442,8,0,25 7,2,49,,101462,8,0,25 7,2,9,,101360,8,0,25 7,2,9,,101364,8,0,25 7,2,9,,101417,8,0,25 7,2,9,,101451,8,0,25 7,2,9,,101425,8,0,25 7,2,49,,101381,8,0,25 7,2,9,,101395,8,0,25 7,2,9,,101389,8,0,25 7,2,9,,101482,8,0,25 7,2,9,,101369,8,0,25 7,2,9,,101361,8,0,25 7,2,9,,101402,8,0,25 7,2,49,,101433,8,0,25 7,2,9,,101476,8,0,25 7,2,9,,101376,8,0,25 7,2,9,,101438,8,0,25 7,2,9,,101377,8,0,25 7,2,9,,101452,8,0,25 7,2,9,,101477,8,0,25 7,2,49,,101416,8,0,25 7,2,10,,101385,8,0,25 7,2,10,,101371,8,0,25 7,2,10,,101424,8,0,25 7,2,10,,101399,8,0,25 7,2,10,,75790,8,0,25 7,2,50,,101388,8,0,25 7,2,10,,101393,8,0,25 7,2,10,,101443,8,0,25 7,2,10,,101397,8,0,25 7,2,10,,101419,8,0,25 7,2,10,,101411,8,0,25 7,2,50,,101405,8,0,25 7,2,10,,101370,8,0,25 7,2,10,,101436,8,0,25 7,2,10,,101429,8,0,25 7,2,10,,101380,8,0,25 7,2,9,,101396,8,0,25 7,2,50,,101387,8,0,25 7,2,10,,101410,8,0,25 7,2,10,,78409,8,0,25 7,2,10,,101481,8,0,25 7,2,10,,101473,8,0,25 7,2,10,,101480,8,0,25 7,2,50,,101455,8,0,25 7,2,10,,101474,8,0,25 7,2,10,,101441,8,0,25 7,2,10,,77879,8,0,25 7,2,10,,101412,8,0,25 7,2,10,,101427,8,0,25 7,2,50,,101437,8,0,25 7,2,10,,101464,8,0,25 7,2,10,,101467,8,0,25 7,2,10,,101450,8,0,25 7,2,10,,101457,8,0,25 7,2,10,,101439,8,0,25 7,2,50,,101366,8,0,25 7,2
50901,'2',555,,101561,8,0,25 7,2,50,,101627,8,0,25 7,2,10,,101613,8,0,25 7,2,10,,81515,8,0,25 7,2,10,,101489,8,0,25 7,2,10,,101537,8,0,25 7,2,10,,101563,8,0,25 7,2,50,,101494,8,0,25 7,2,10,,101577,8,0,25 7,2,10,,101501,8,0,25 7,2,10,,101550,8,0,25 7,2,10,,101508,8,0,25 7,2,10,,101496,8,0,25 7,2,51,,101592,8,0,25 7,2,11,,101645,8,0,25 7,2,10,,101629,8,0,25 7,2,10,,101540,8,0,25 7,2,10,,101654,8,0,25 7,2,10,,101625,8,0,25 7,2,50,,101504,8,0,25 7,2,10,,101582,8,0,25 7,2,10,,101509,8,0,25 7,2,10,,101621,8,0,25 7,2,10,,101626,8,0,25 7,2,10,,101580,8,0,25 7,2,50,,101519,8,0,25 7,2,10,,101566,8,0,25 7,2,10,,101579,8,0,25 7,2,10,,101535,8,0,25 7,2,10,,101548,8,0,25 7,2,10,,101648,8,0,25 7,2,50,,101594,8,0,25 7,2,10,,101534,8,0,25 7,2,10,,101558,8,0,25 7,2,10,,101541,8,0,25 7,2,10,,101651,8,0,25 7,2,10,,101543,8,0,25 7,2,50,,101499,8,0,25 7,2,5,,101618,8,0,25 7,2,5,,101546,8,0,25 7,2,5,,101610,8,0,25 7,2,5,,101528,8,0,25 7,2,5,,101649,8,0,25 7,2,5,,84797,8,0,25 7,2,5,,101588,8,0,25 7,2,5,,101544,8,0,25 7,2,5,,101571,8,0,25 7,2,5,,101549,8,0,25 7,2,45,,101529,8,0,25 7,2,5,,101576,8,0,25 7,2,5,,101488,8,0,25 7,2,5,,101598,8,0,25 7,2,5,,101547,8,0,25 7,2,5,,101518,8,0,25 7,2,5,,101599,8,0,25 7,2,5,,101510,8,0,25 7,2,5,,101497,8,0,25 7,2,5,,101483,8,0,25 7,2,5,,101486,8,0,25 7,2,5,,101562,8,0,25 7,2,45,,101525,8,0,25 7,2,5,,101632,8,0,25 7,2,5,,101575,8,0,25 7,2,5,,101526,8,0,25 7,2,5,,101643,8,0,25 7,2,5,,101633,8,0,25 7,2,5,,101533,8,0,25 7,2,5,,101631,8,0,25 7,2,5,,101612,8,0,25 7,2,5,,101506,8,0,25 7,2,5,,101656,8,0,25 7,2,5,,101635,8,0,25 7,2,45,,101502,8,0,25 7,2,5,,101619,8,0,25 7,2,5,,101512,8,0,25 7,2,5,,101555,8,0,25 7,2,5,,101573,8,0,25 7,2,5,,101536,8,0,25 7,2,5,,101538,8,0,25 7,2,5,,101591,8,0,25 7,2,5,,101617,8,0,25 7,2,5,,101653,8,0,25 7,2,5,,101606,8,0,25 7,2,5,,101623,8,0,25 7,2,45,,76985,8,0,25 7,2,5,,101639,8,0,25 7,2,5,,101539,8,0,25 7,2,5,,101589,8,0,25 7,2,5,,87708,8,0,25 7,2,5,,101503,8,0,25 7,2,5,,101630,8,0,25 7,2,5,,101640,8,0,25 7,2,5,,101616,8,0,25 7,2,5,,101530,8,0,25 7,2,5,,101542,8,0,25 7,2,5,,101498,8,0,25 7,2,45,,101568,8,0,25 7,2,5,,89340,8,0,25 7,2,5,,101583,8,0,25 7,2,5,,101531,8,0,25 7,2,5,,101484,8,0,25 7,2,5,,101553,8,0,25 7,2,5,,101490,8,0,25 7,2,5,,101524,8,0,25 7,2,5,,101636,8,0,25 7,2,5,,101552,8,0,25 7,2,5,,101593,8,0,25 7,2,5,,101585,8,0,25 7,2,45,,101521,8,0,25 7,2,5,,101514,8,0,25 7,2,5,,101614,8,0,25 7,2,5,,101572,8,0,25 7,2,5,,101578,8,0,25 7,2,5,,101554,8,0,25 7,2,5,,101551,8,0,25 7,2,5,,101637,8,0,25 7,2,5,,101516,8,0,25 7,2,5,,101620,8,0,25 7,2,5,,75393,8,0,25 7,2,5,,101641,8,0,25 7,2,45,,101615,8,0,25 7,2,7,,101601,8,0,25 7,2,7,,101570,8,0,25 7,2,7,,101564,8,0,25 7,2,7,,81503,8,0,25 7,2,7,,101581,8,0,25 7,2,7,,101607,8,0,25 7,2,7,,101574,8,0,25 7,2,7,,101569,8,0,25 7,2,47,,101605,8,0,25 7,2,7,,101515,8,0,25 7,2,7,,101609,8,0,25 7,2,7,,101634,8,0,25 7,2,7,,101604,8,0,25 7,2,7,,101565,8,0,25 7,2,7,,101560,8,0,25 7,2,7,,101602,8,0,25 7,2,47,,101628,8,0,25 7,2,7,,101600,8,0,25 7,2,7,,101505,8,0,25 7,2,7,,101595,8,0,25 7,2,7,,101493,8,0,25 7,2,7,,101557,8,0,25 7,2,7,,101523,8,0,25 7,2,7,,101559,8,0,25 7,2,7,,101492,8,0,25 7,2,47,,101491,8,0,25 7,2,7,,101567,8,0,25 7,2,8,,101520,8,0,25 7,2,8,,101507,8,0,25 7,2,8,,101527,8,0,25 7,2,8,,101652,8,0,25 7,2,8,,101522,8,0,25 7,2,8,,101622,8,0,25 7,2,48,,101608,8,0,25 7,2,8,,101624,8,0,25 7,2,8,,101556,8,0,25 7,2,8,,101644,8,0,25 7,2,8,,101586,8,0,25 7,2,8,,101545,8,0,25 7,2,8,,101596,8,0,25 7,2,48,,101655,8,0,25 7,2,8,,101642,8,0,25 7,2,8,,101584,8,0,25 7,2,8,,101487,8,0,25 7,2,8,,101647,8,0,25 7,2,8,,101611,8,0,25 7,2,8,,101513,8,0,25 7,2,50,,101650,8,0,25 7,2,10,,101603,8,0,25 7,2
50901,'3',600,,101686,8,0,25 7,2,15,,101783,8,0,25 7,2,15,,101678,8,0,25 7,2,15,,101720,8,0,25 7,2,55,,101729,8,0,25 7,2,15,,101754,8,0,25 7,2,15,,101731,8,0,25 7,2,15,,101715,8,0,25 7,2,55,,84241,8,0,25 7,2,11,,101683,8,0,25 7,2,10,,101699,8,0,25 7,2,10,,101725,8,0,25 7,2,10,,101750,8,0,25 7,2,10,,101691,8,0,25 7,2,50,,101704,8,0,25 7,2,10,,101659,8,0,25 7,2,10,,101749,8,0,25 7,2,10,,101732,8,0,25 7,2,10,,101672,8,0,25 7,2,10,,101675,8,0,25 7,2,50,,101705,8,0,25 7,2,10,,101774,8,0,25 7,2,10,,101753,8,0,25 7,2,10,,101677,8,0,25 7,2,10,,101687,8,0,25 7,2,10,,101698,8,0,25 7,2,50,,101676,8,0,25 7,2,10,,101664,8,0,25 7,2,10,,101730,8,0,25 7,2,10,,101684,8,0,25 7,2,10,,101727,8,0,25 7,2,10,,101770,8,0,25 7,2,50,,101761,8,0,25 7,2,7,,101752,8,0,25 7,2,8,,101766,8,0,25 7,2,7,,101767,8,0,25 7,2,7,,101758,8,0,25 7,2,7,,101728,8,0,25 7,2,7,,101735,8,0,25 7,2,7,,101714,8,0,25 7,2,7,,101759,8,0,25 7,2,47,,101723,8,0,25 7,2,7,,101755,8,0,25 7,2,7,,101710,8,0,25 7,2,7,,101724,8,0,25 7,2,7,,101673,8,0,25 7,2,7,,101712,8,0,25 7,2,7,,101665,8,0,25 7,2,7,,87859,8,0,25 7,2,47,,101706,8,0,25 7,2,7,,101773,8,0,25 7,2,7,,101667,8,0,25 7,2,7,,101695,8,0,25 7,2,7,,101719,8,0,25 7,2,7,,101787,8,0,25 7,2,7,,101688,8,0,25 7,2,7,,101697,8,0,25 7,2,7,,101744,8,0,25 7,2,47,,101737,8,0,25 7,2,7,,101734,8,0,25 7,2,7,,101700,8,0,25 7,2,7,,101784,8,0,25 7,2,7,,101748,8,0,25 7,2,7,,101680,8,0,25 7,2,7,,101769,8,0,25 7,2,7,,101690,8,0,25 7,2,47,,101703,8,0,25 7,2,7,,101768,8,0,25 7,2,7,,101721,8,0,25 7,2,7,,101771,8,0,25 7,2,7,,101660,8,0,25 7,2,7,,101713,8,0,25 7,2,7,,75846,8,0,25 7,2,7,,101657,8,0,25 7,2,7,,101666,8,0,25 7,2,47,,101662,8,0,25 7,2,7,,101786,8,0,25 7,2,7,,101779,8,0,25 7,2,7,,101681,8,0,25 7,2,7,,101772,8,0,25 7,2,7,,101741,8,0,25 7,2,7,,101661,8,0,25 7,2,7,,101669,8,0,25 7,2,7,,101718,8,0,25 7,2,47,,101764,8,0,25 7,2,7,,101696,8,0,25 7,2,7,,101746,8,0,25 7,2,7,,101751,8,0,25 7,2,7,,101733,8,0,25 7,2,7,,101701,8,0,25 7,2,7,,101685,8,0,25 7,2,7,,101760,8,0,25 7,2,47,,101762,8,0,25 7,2,10,,101693,8,0,25 7,2,10,,101763,8,0,25 7,2,10,,101781,8,0,25 7,2,10,,101671,8,0,25 7,2,10,,101707,8,0,25 7,2,50,,101742,8,0,25 7,2,10,,101682,8,0,25 7,2,10,,101711,8,0,25 7,2,10,,101726,8,0,25 7,2,10,,101694,8,0,25 7,2,10,,101782,8,0,25 7,2,50,,101692,8,0,25 7,2,10,,101716,8,0,25 7,2,10,,101679,8,0,25 7,2,10,,101780,8,0,25 7,2,10,,82763,8,0,25 7,2,10,,101674,8,0,25 7,2,50,,101743,8,0,25 7,2,8,,88791,8,0,25 7,2,10,,101738,8,0,25 7,2,10,,101756,8,0,25 7,2,10,,101775,8,0,25 7,2,10,,101708,8,0,25 7,2,50,,101740,8,0,25 7,2,10,,101736,8,0,25 7,2,10,,101658,8,0,25 7,2,10,,101776,8,0,25 7,2,10,,101702,8,0,25 7,2,10,,101788,8,0,25 7,2,50,,82308,8,0,25 7,2,10,,101668,8,0,25 7,2,10,,101765,8,0,25 7,2,10,,101722,8,0,25 7,2,10,,101778,8,0,25 7,2,10,,101785,8,0,25 7,2,50,,101747,8,0,25 7,2,12,,101670,8,0,25 7,2
50901,'5',600,,101812,8,0,25 7,2,15,,101811,8,0,25 7,2,15,,101855,8,0,25 7,2,15,,101892,8,0,25 7,2,55,,101838,8,0,25 7,2,15,,101840,8,0,25 7,2,15,,101873,8,0,25 7,2,15,,101802,8,0,25 7,2,55,,101880,8,0,25 7,2,11,,101849,8,0,25 7,2,10,,101830,8,0,25 7,2,10,,101860,8,0,25 7,2,10,,101858,8,0,25 7,2,10,,101921,8,0,25 7,2,50,,101805,8,0,25 7,2,10,,101837,8,0,25 7,2,10,,101814,8,0,25 7,2,10,,101861,8,0,25 7,2,10,,101911,8,0,25 7,2,10,,101903,8,0,25 7,2,50,,101868,8,0,25 7,2,10,,101914,8,0,25 7,2,10,,101854,8,0,25 7,2,10,,101834,8,0,25 7,2,10,,101905,8,0,25 7,2,10,,101809,8,0,25 7,2,50,,101901,8,0,25 7,2,10,,101898,8,0,25 7,2,10,,101801,8,0,25 7,2,10,,101906,8,0,25 7,2,10,,101800,8,0,25 7,2,10,,101791,8,0,25 7,2,50,,101789,8,0,25 7,2,7,,101882,8,0,25 7,2,8,,101912,8,0,25 7,2,7,,101806,8,0,25 7,2,7,,101825,8,0,25 7,2,7,,101815,8,0,25 7,2,7,,101817,8,0,25 7,2,7,,101820,8,0,25 7,2,7,,101835,8,0,25 7,2,47,,101853,8,0,25 7,2,7,,101859,8,0,25 7,2,7,,101843,8,0,25 7,2,7,,101848,8,0,25 7,2,7,,101865,8,0,25 7,2,7,,101793,8,0,25 7,2,7,,101922,8,0,25 7,2,7,,101842,8,0,25 7,2,47,,101902,8,0,25 7,2,7,,101847,8,0,25 7,2,7,,101919,8,0,25 7,2,7,,101879,8,0,25 7,2,7,,101895,8,0,25 7,2,7,,101856,8,0,25 7,2,7,,101792,8,0,25 7,2,7,,101798,8,0,25 7,2,7,,101790,8,0,25 7,2,47,,101881,8,0,25 7,2,7,,101900,8,0,25 7,2,7,,101872,8,0,25 7,2,7,,101829,8,0,25 7,2,7,,77216,8,0,25 7,2,7,,101836,8,0,25 7,2,7,,101827,8,0,25 7,2,7,,101804,8,0,25 7,2,47,,101875,8,0,25 7,2,7,,101797,8,0,25 7,2,7,,101869,8,0,25 7,2,7,,101918,8,0,25 7,2,7,,101851,8,0,25 7,2,7,,101888,8,0,25 7,2,7,,101907,8,0,25 7,2,7,,101893,8,0,25 7,2,7,,101799,8,0,25 7,2,47,,101832,8,0,25 7,2,7,,101844,8,0,25 7,2,7,,101920,8,0,25 7,2,7,,101891,8,0,25 7,2,7,,101886,8,0,25 7,2,7,,101828,8,0,25 7,2,7,,101819,8,0,25 7,2,7,,101826,8,0,25 7,2,7,,101916,8,0,25 7,2,47,,101864,8,0,25 7,2,7,,101833,8,0,25 7,2,7,,101878,8,0,25 7,2,7,,101810,8,0,25 7,2,7,,101846,8,0,25 7,2,7,,101841,8,0,25 7,2,7,,101794,8,0,25 7,2,7,,101816,8,0,25 7,2,47,,101876,8,0,25 7,2,10,,101874,8,0,25 7,2,10,,101887,8,0,25 7,2,10,,101818,8,0,25 7,2,10,,101909,8,0,25 7,2,10,,101831,8,0,25 7,2,50,,101807,8,0,25 7,2,10,,101884,8,0,25 7,2,10,,101885,8,0,25 7,2,10,,101908,8,0,25 7,2,10,,101822,8,0,25 7,2,10,,101915,8,0,25 7,2,50,,101913,8,0,25 7,2,10,,101897,8,0,25 7,2,10,,101852,8,0,25 7,2,10,,101883,8,0,25 7,2,10,,101839,8,0,25 7,2,10,,101896,8,0,25 7,2,50,,101899,8,0,25 7,2,8,,101845,8,0,25 7,2,10,,78360,8,0,25 7,2,10,,101823,8,0,25 7,2,10,,101910,8,0,25 7,2,10,,101870,8,0,25 7,2,50,,101894,8,0,25 7,2,10,,101821,8,0,25 7,2,10,,101796,8,0,25 7,2,10,,101803,8,0,25 7,2,10,,101871,8,0,25 7,2,10,,101889,8,0,25 7,2,50,,101862,8,0,25 7,2,10,,101850,8,0,25 7,2,10,,101813,8,0,25 7,2,10,,101824,8,0,25 7,2,10,,101795,8,0,25 7,2,10,,101904,8,0,25 7,2,50,,101917,8,0,25 7,2,12,,101867,8,0,25 7,2
51004,'1',514,,87508,4,0,26 25 7,2,11,,103442,4,0,26 25 7,2,5,,103466,4,0,26 25 7,2,9,,103465,4,0,26 25 7,2,9,,103518,13,0,26 25 7,2,9,,103386,13,0,26 25 7,2,49,,103538,13,0,26 25 7,2,9,,103481,13,0,26 25 7,2,9,,103475,13,0,26 25 7,2,9,,103493,13,0,26 25 7,2,9,,103369,13,0,26 25 7,2,9,,103384,13,0,26 25 7,2,49,,103531,13,0,26 25 7,2,9,,84745,13,0,26 25 7,2,9,,103529,13,0,26 25 7,2,9,,103436,13,0,26 25 7,2,8,,103443,13,0,26 25 7,2,9,,103390,13,0,26 25 7,2,5,,103539,13,0,27 28 29,2,5,,103462,13,0,26 25 7,2,5,,103431,13,0,27 28 29,2,45,,103485,13,0,26 25 7,2,5,,103520,13,0,27 28 29,2,5,,103441,13,0,26 25 7,2,5,,103489,13,0,27 28 29,2,5,,103401,13,0,26 25 7,2,4,,103473,13,0,27 28 29,2,4,,103455,13,0,26 25 7,2,5,,103393,13,0,27 28 29,2,5,,103542,13,0,26 25 7,2,5,,103432,13,0,27 28 29,2,5,,103479,13,0,26 25 7,2,5,,103476,13,0,27 28 29,2,45,,103429,13,0,26 25 7,2,5,,103355,13,0,27 28 29,2,5,,103457,13,0,26 25 7,2,5,,103507,13,0,27 28 29,2,5,,103545,13,0,26 25 7,2,5,,103452,13,0,27 28 29,2,5,,103519,13,0,26 25 7,2,5,,90647,13,0,27 28 29,2,5,,103491,13,0,26 25 7,2,5,,103421,13,0,27 28 29,2,5,,103459,13,0,26 25 7,2,5,,103502,13,0,27 28 29,2,45,,103461,13,0,26 25 7,2,5,,103378,13,0,27 28 29,2,5,,103407,13,0,26 25 7,2,5,,103405,13,0,27 28 29,2,5,,103514,13,0,26 25 7,2,5,,103426,13,0,27 28 29,2,5,,103351,13,0,26 25 7,2,5,,103430,13,0,27 28 29,2,5,,103415,13,0,26 25 7,2,5,,103482,13,0,27 28 29,2,5,,103458,13,0,26 25 7,2,5,,103511,13,0,27 28 29,2,45,,103445,13,0,26 25 7,2,5,,103447,13,0,27 28 29,2,5,,103496,13,0,26 25 7,2,5,,90702,13,0,27 28 29,2,5,,103425,13,0,26 25 7,2,5,,103365,13,0,27 28 29,2,5,,103370,13,0,26 25 7,2,5,,103480,13,0,27 28 29,2,5,,103396,13,0,26 25 7,2,5,,103544,13,0,27 28 29,2,5,,103354,13,0,26 25 7,2,5,,103364,13,0,27 28 29,2,45,,103495,13,0,26 25 7,2,5,,103499,13,0,27 28 29,2,5,,103352,13,0,26 25 7,2,5,,103361,13,0,27 28 29,2,5,,103467,13,0,26 25 7,2,5,,103503,13,0,27 28 29,2,5,,103463,13,0,26 25 7,2,5,,103416,13,0,27 28 29,2,5,,103450,13,0,26 25 7,2,5,,103543,13,0,27 28 29,2,5,,103397,13,0,26 25 7,2,5,,103367,13,0,27 28 29,2,45,,103497,13,0,26 25 7,2,5,,103414,13,0,27 28 29,2,5,,103528,13,0,26 25 7,2,5,,78475,13,0,27 28 29,2,5,,103453,13,0,26 25 7,2,5,,83143,13,0,27 28 29,2,5,,103477,13,0,26 25 7,2,5,,103424,13,0,27 28 29,2,5,,103469,13,0,26 25 7,2,5,,103422,13,0,27 28 29,2,5,,103376,13,0,26 25 7,2,5,,103427,13,0,27 28 29,2,45,,103516,13,0,26 25 7,2,5,,103346,13,0,27 28 29,2,5,,103547,13,0,26 25 7,2,5,,103406,13,0,27 28 29,2,5,,103419,13,0,26 25 7,2,5,,103379,13,0,27 28 29,2,5,,103451,13,0,26 25 7,2,5,,103546,13,0,27 28 29,2,5,,103438,13,0,26 25 7,2,5,,103483,13,0,27 28 29,2,5,,103362,13,0,26 25 7,2,5,,79488,13,0,27 28 29,2,45,,103363,13,0,26 25 7,2,5,,103510,13,0,27 28 29,2,6,,103385,13,0,26 25 7,2,5,,103515,13,0,27 28 29,2,5,,83890,13,0,26 25 7,2,5,,103428,13,0,27 28 29,2,5,,103524,13,0,26 25 7,2,5,,103382,13,0,27 28 29,2,5,,103420,13,0,26 25 7,2,5,,103375,13,0,27 28 29,2,5,,103446,13,0,26 25 7,2,5,,103389,13,0,27 28 29,2,45,,103478,13,0,26 25 7,2,5,,103501,13,0,27 28 29,2,5,,103377,13,0,26 25 7,2,5,,103456,13,0,27 28 29,2,5,,103504,13,0,26 25 7,2,5,,103494,13,0,27 28 29,2,5,,103366,13,0,26 25 7,2,5,,103449,13,0,27 28 29,2,5,,103398,13,0,26 25 7,2,5,,103540,13,0,27 28 29,2,5,,103408,13,0,26 25 7,2,5,,103368,13,0,27 28 29,2,45,,103464,13,0,26 25 7,2,5,,103345,13,0,27 28 29,2,5,,103523,13,0,26 25 7,2,5,,103380,13,0,27 28 29,2,5,,103500,13,0,26 25 7,2,5,,103527,13,0,27 28 29,2,5,,103349,13,0,26 25 7,2,5,,103533,13,0,27 28 29,2,5,,103521,13,0,26 25 7,2,5,,103525,13,0,27 28 29,2,5,,103360,13,0,26 25 7,2,5,,103439,13,0,27 28 29,2,45,,103437,13,0,26 25 7,2,5,,103381,13,0,27 28 29,2,5,,103402,13,0,26 25 7,2,5,,87320,13,0,27 28 29,2,5,,103536,13,0,26 25 7,2,5,,82975,13,0,27 28 29,2,5,,103448,13,0,26 25 7,2,5,,103492,13,0,27 28 29,2,5,,103509,13,0,26 25 7,2,6,,103403,13,0,27 28 29,2,5,,103486,13,0,26 25 7,2,5,,103347,13,0,27 28 29,2,46,,103395,13,0,26 25 7,2,5,,103348,13,0,27 28 29,2,5,,103470,13,0,26 25 7,2,5,,103472,13,0,27 28 29,2,5,,103400,13,0,26 25 7,2,8,,103359,13,0,27 28 29,2,3,,103353,13,0,26 25 7,2,6,,103399,13,0,27 28 29,2,3,,103388,13,0,26 25 7,2,6,,103440,13,0,27 28 29,2,4,,103506,13,0,26 25 7,2,45,,103471,13,0,27 28 29,2,6,,103391,13,0,26 25 7,2,5,,103532,13,0,27 28 29,2,5,,103444,13,0,26 25 7,2,5,,103526,13,0,27 28 29,2,5,,103433,13,0,26 25 7,2,5,,103549,13,0,27 28 29,2,5,,103508,13,0,26 25 7,2,5,,103460,13,0,27 28 29,2,5,,103434,13,0,26 25 7,2,5,,103541,13,0,27 28 29,2,5,,103412,13,0,26 25 7,2,45,,103550,13,0,27 28 29,2,5,,103505,13,0,26 25 7,2,5,,103371,13,0,27 28 29,2,5,,103468,13,0,26 25 7,2,5,,103409,13,0,27 28 29,2,5,,103357,13,0,26 25 7,2,5,,103487,13,0,27 28 29,2,5,,103484,13,0,26 25 7,2,5,,103350,13,0,27 28 29,2,5,,103374,13,0,26 25 7,2,5,,103423,13,0,27 28 29,2,5,,103358,13,0,26 25 7,2,44,,103344,13,0,27 28 29,2,10,,103413,13,0,26 25 7,2,10,,103356,13,0,26 25 7,2,10,,103498,13,0,26 25 7,2,10,,103490,13,0,26 25 7,2,10,,103394,13,0,26 25 7,2,6,,103383,13,0,26 25 7,2,50,,103454,13,0,26 25 7,2,9,,103373,13,0,26 25 7,2,10,,103537,13,0,26 25 7,2,9,,103435,13,0,26 25 7,2,10,,103535,13,0,26 25 7,2,9,,103411,13,0,26 25 7,2,50,,85683,13,0,26 25 7,2,9,,103488,13,0,26 25 7,2,10,,103418,13,0,26 25 7,2,9,,103410,13,0,26 25 7,2,10,,103522,13,0,26 25 7,2,9,,103404,13,0,26 25 7,2,50,,103517,13,0,26 25 7,2,9,,89940,13,0,26 25 7,2,11,,103392,13,0,26 25 7,2,10,,103387,13,0,26 25 7,2,9,,103372,13,0,26 25 7,2
51004,'2',519,,103626,4,0,26 25 7,2,10,,103734,4,0,26 25 7,2,9,,103648,4,0,26 25 7,2,10,,103784,13,0,26 25 7,2,9,,103571,13,0,26 25 7,2,50,,103562,13,0,26 25 7,2,9,,103706,13,0,26 25 7,2,10,,103603,13,0,26 25 7,2,9,,103712,13,0,26 25 7,2,10,,103724,13,0,26 25 7,2,9,,103683,13,0,26 25 7,2,50,,103583,13,0,26 25 7,2,9,,103717,13,0,26 25 7,2,10,,103764,13,0,26 25 7,2,9,,103620,13,0,26 25 7,2,10,,103634,13,0,26 25 7,2,9,,103773,13,0,26 25 7,2,50,,103777,13,0,26 25 7,2,9,,103751,13,0,26 25 7,2,10,,103718,13,0,26 25 7,2,9,,103695,13,0,26 25 7,2,10,,77052,13,0,26 25 7,2,9,,103770,13,0,26 25 7,2,10,,103672,13,0,26 25 7,2,46,,103564,13,0,27 28 29,2,5,,103669,13,0,26 25 7,2,4,,103752,13,0,27 28 29,2,4,,103722,13,0,26 25 7,2,4,,103725,13,0,27 28 29,2,5,,103675,13,0,26 25 7,2,4,,103598,13,0,27 28 29,2,4,,103613,13,0,26 25 7,2,4,,103596,13,0,27 28 29,2,5,,103557,13,0,26 25 7,2,4,,103642,13,0,27 28 29,2,4,,103654,13,0,26 25 7,2,4,,103667,13,0,27 28 29,2,45,,103742,13,0,26 25 7,2,4,,103617,13,0,27 28 29,2,4,,103666,13,0,26 25 7,2,4,,103684,13,0,27 28 29,2,5,,103743,13,0,26 25 7,2,4,,103680,13,0,27 28 29,2,4,,103769,13,0,26 25 7,2,4,,103618,13,0,27 28 29,2,5,,103581,13,0,26 25 7,2,4,,103601,13,0,27 28 29,2,4,,103757,13,0,26 25 7,2,4,,103748,13,0,27 28 29,2,5,,103786,13,0,26 25 7,2,4,,103689,13,0,27 28 29,2,4,,103641,13,0,26 25 7,2,44,,103592,13,0,27 28 29,2,5,,103779,13,0,26 25 7,2,4,,103612,13,0,27 28 29,2,4,,103697,13,0,26 25 7,2,4,,103566,13,0,27 28 29,2,5,,103646,13,0,26 25 7,2,4,,103772,13,0,27 28 29,2,5,,103578,13,0,26 25 7,2,4,,103787,13,0,27 28 29,2,4,,103738,13,0,26 25 7,2,4,,103584,13,0,27 28 29,2,4,,103647,13,0,26 25 7,2,4,,103575,13,0,27 28 29,2,4,,103586,13,0,26 25 7,2,43,,103721,13,0,27 28 29,2,4,,103558,13,0,26 25 7,2,4,,103590,13,0,27 28 29,2,4,,103630,13,0,26 25 7,2,4,,103600,13,0,27 28 29,2,4,,103714,13,0,26 25 7,2,4,,103685,13,0,27 28 29,2,4,,103732,13,0,26 25 7,2,3,,103711,13,0,27 28 29,2,4,,103652,13,0,26 25 7,2,4,,103747,13,0,27 28 29,2,4,,103673,13,0,26 25 7,2,4,,103678,13,0,27 28 29,2,4,,103771,13,0,26 25 7,2,4,,103783,13,0,27 28 29,2,44,,103729,13,0,26 25 7,2,3,,103656,13,0,27 28 29,2,4,,103671,13,0,26 25 7,2,4,,79863,13,0,27 28 29,2,4,,103753,13,0,26 25 7,2,4,,103621,13,0,27 28 29,2,4,,103778,13,0,26 25 7,2,4,,103655,13,0,27 28 29,2,4,,103633,13,0,26 25 7,2,3,,103636,13,0,27 28 29,2,4,,103635,13,0,26 25 7,2,4,,103643,13,0,27 28 29,2,4,,103686,13,0,26 25 7,2,4,,103710,13,0,27 28 29,2,4,,103715,13,0,26 25 7,2,4,,103599,13,0,27 28 29,2,44,,103570,13,0,26 25 7,2,3,,103607,13,0,27 28 29,2,4,,103587,13,0,26 25 7,2,4,,103741,13,0,27 28 29,2,4,,103687,13,0,26 25 7,2,4,,103637,13,0,27 28 29,2,4,,103606,13,0,26 25 7,2,4,,103688,13,0,27 28 29,2,4,,103730,13,0,26 25 7,2,3,,103660,13,0,27 28 29,2,4,,103577,13,0,26 25 7,2,4,,103704,13,0,27 28 29,2,4,,103616,13,0,26 25 7,2,4,,103716,13,0,27 28 29,2,4,,103665,13,0,26 25 7,2,44,,103746,13,0,27 28 29,2,4,,83277,13,0,26 25 7,2,3,,103693,13,0,27 28 29,2,4,,103623,13,0,26 25 7,2,4,,103676,13,0,27 28 29,2,4,,103574,13,0,26 25 7,2,4,,103759,13,0,27 28 29,2,4,,103719,13,0,26 25 7,2,4,,103694,13,0,27 28 29,2,4,,103728,13,0,26 25 7,2,3,,103740,13,0,27 28 29,2,4,,103731,13,0,26 25 7,2,4,,103559,13,0,27 28 29,2,4,,103760,13,0,26 25 7,2,4,,103664,13,0,27 28 29,2,4,,103696,13,0,26 25 7,2,44,,103702,13,0,27 28 29,2,4,,103651,13,0,26 25 7,2,3,,103622,13,0,27 28 29,2,4,,103594,13,0,26 25 7,2,4,,103737,13,0,27 28 29,2,4,,103749,13,0,26 25 7,2,4,,103597,13,0,27 28 29,2,4,,103775,13,0,26 25 7,2,4,,103576,13,0,27 28 29,2,4,,103560,13,0,26 25 7,2,3,,103662,13,0,27 28 29,2,4,,103595,13,0,26 25 7,2,4,,103745,13,0,27 28 29,2,4,,83261,13,0,26 25 7,2,4,,103661,13,0,27 28 29,2,44,,103649,13,0,26 25 7,2,4,,103555,13,0,27 28 29,2,4,,103705,13,0,26 25 7,2,3,,103733,13,0,27 28 29,2,4,,103579,13,0,26 25 7,2,4,,103631,13,0,27 28 29,2,4,,103552,13,0,26 25 7,2,4,,103588,13,0,27 28 29,2,4,,103723,13,0,26 25 7,2,4,,103565,13,0,27 28 29,2,4,,103756,13,0,26 25 7,2,3,,103758,13,0,27 28 29,2,4,,103619,13,0,26 25 7,2,4,,103650,13,0,27 28 29,2,4,,103788,13,0,26 25 7,2,4,,103658,13,0,27 28 29,2,44,,103632,13,0,26 25 7,2,4,,103700,13,0,27 28 29,2,4,,103677,13,0,26 25 7,2,3,,103774,13,0,27 28 29,2,4,,103762,13,0,26 25 7,2,4,,103609,13,0,27 28 29,2,4,,103604,13,0,26 25 7,2,4,,103610,13,0,27 28 29,2,4,,103750,13,0,26 25 7,2,4,,103692,13,0,27 28 29,2,3,,103708,13,0,26 25 7,2,3,,103690,13,0,27 28 29,2,3,,103639,13,0,26 25 7,2,2,,103556,13,0,26 25 7,2,7,,103720,13,0,26 25 7,2,46,,103625,13,0,26 25 7,2,5,,103682,13,0,26 25 7,2,5,,103755,13,0,26 25 7,2,5,,103554,13,0,26 25 7,2,6,,103563,13,0,26 25 7,2,5,,103761,13,0,26 25 7,2,5,,103580,13,0,26 25 7,2,5,,103573,13,0,26 25 7,2,6,,103653,13,0,26 25 7,2,5,,103765,13,0,26 25 7,2,5,,103681,13,0,26 25 7,2,5,,103663,13,0,26 25 7,2,46,,103602,13,0,26 25 7,2,5,,103568,13,0,26 25 7,2,5,,103739,13,0,26 25 7,2,5,,103644,13,0,26 25 7,2,6,,103585,13,0,26 25 7,2,5,,103727,13,0,26 25 7,2,5,,103591,13,0,26 25 7,2,5,,103582,13,0,26 25 7,2,6,,103593,13,0,26 25 7,2,5,,103638,13,0,26 25 7,2,5,,103589,13,0,26 25 7,2,45,,103736,13,0,26 25 7,2,6,,103567,13,0,26 25 7,2,5,,103679,13,0,26 25 7,2,5,,103713,13,0,26 25 7,2,5,,103785,13,0,26 25 7,2,6,,103698,13,0,26 25 7,2,5,,103763,13,0,26 25 7,2,5,,103776,13,0,26 25 7,2,5,,103767,13,0,26 25 7,2,6,,81497,13,0,26 25 7,2,5,,103754,13,0,26 25 7,2,5,,103572,13,0,26 25 7,2,44,,103551,13,0,26 25 7,2,11,,103608,13,0,26 25 7,2,9,,103614,13,0,26 25 7,2,9,,103611,13,0,26 25 7,2,10,,103726,13,0,26 25 7,2,9,,103553,13,0,26 25 7,2,50,,103627,13,0,26 25 7,2,9,,103699,13,0,26 25 7,2,10,,103640,13,0,26 25 7,2,9,,103768,13,0,26 25 7,2,10,,103628,13,0,26 25 7,2,9,,103670,13,0,26 25 7,2,10,,103709,13,0,26 25 7,2,49,,103624,13,0,26 25 7,2,10,,103781,13,0,26 25 7,2,9,,103780,13,0,26 25 7,2,10,,103645,13,0,26 25 7,2,9,,103782,13,0,26 25 7,2,10,,103561,13,0,26 25 7,2,49,,103701,13,0,26 25 7,2,12,,103659,13,0,26 25 7,2,10,,103615,13,0,26 25 7,2,10,,103703,13,0,26 25 7,2
51004,'3',802,,103931,13,0,26 25 7,2,15,,103796,13,0,26 25 7,2,15,,103952,13,0,26 25 7,2,14,,103928,13,0,26 25 7,2,13,,103935,13,0,26 25 7,2,52,,103864,13,0,26 25 7,2,8,,103890,13,0,26 25 7,2,11,,103836,13,0,26 25 7,2,5,,103861,13,0,27 28 29,2,4,,103855,13,0,26 25 7,2,5,,103970,13,0,27 28 29,2,5,,103927,13,0,26 25 7,2,5,,103884,13,0,27 28 29,2,5,,103921,13,0,26 25 7,2,45,,103823,13,0,27 28 29,2,5,,103885,13,0,26 25 7,2,5,,103815,13,0,27 28 29,2,4,,103859,13,0,26 25 7,2,5,,103858,13,0,27 28 29,2,5,,103956,13,0,26 25 7,2,5,,103844,13,0,27 28 29,2,5,,103957,13,0,26 25 7,2,5,,103805,13,0,27 28 29,2,5,,103891,13,0,26 25 7,2,5,,103897,13,0,27 28 29,2,4,,103961,13,0,26 25 7,2,45,,103948,13,0,27 28 29,2,5,,103926,13,0,26 25 7,2,5,,103954,13,0,27 28 29,2,5,,103793,13,0,26 25 7,2,5,,103962,13,0,27 28 29,2,5,,103973,13,0,26 25 7,2,4,,103839,13,0,27 28 29,2,5,,103889,13,0,26 25 7,2,5,,103913,13,0,27 28 29,2,4,,103917,13,0,26 25 7,2,5,,103877,13,0,27 28 29,2,4,,103873,13,0,26 25 7,2,5,,103813,13,0,27 28 29,2,44,,103965,13,0,26 25 7,2,5,,103976,13,0,27 28 29,2,4,,103833,13,0,26 25 7,2,5,,103895,13,0,27 28 29,2,4,,103909,13,0,26 25 7,2,5,,103955,13,0,27 28 29,2,4,,103914,13,0,26 25 7,2,5,,103941,13,0,27 28 29,2,4,,103945,13,0,26 25 7,2,5,,103905,13,0,27 28 29,2,4,,103792,13,0,26 25 7,2,5,,103932,13,0,27 28 29,2,4,,103888,13,0,26 25 7,2,45,,103946,13,0,27 28 29,2,4,,103797,13,0,26 25 7,2,5,,103824,13,0,27 28 29,2,4,,103960,13,0,26 25 7,2,5,,103871,13,0,27 28 29,2,4,,103826,13,0,26 25 7,2,5,,103887,13,0,27 28 29,2,4,,103922,13,0,26 25 7,2,5,,103911,13,0,27 28 29,2,4,,103893,13,0,26 25 7,2,5,,103915,13,0,27 28 29,2,4,,103870,13,0,26 25 7,2,5,,103803,13,0,27 28 29,2,44,,103933,13,0,26 25 7,2,5,,103791,13,0,27 28 29,2,4,,103862,13,0,26 25 7,2,5,,103942,13,0,27 28 29,2,4,,103849,13,0,26 25 7,2,5,,103963,13,0,27 28 29,2,4,,103819,13,0,26 25 7,2,5,,103934,13,0,27 28 29,2,4,,103841,13,0,26 25 7,2,5,,103939,13,0,27 28 29,2,4,,103894,13,0,26 25 7,2,5,,86902,13,0,27 28 29,2,4,,103968,13,0,26 25 7,2,5,,103881,13,0,27 28 29,2,44,,103798,13,0,26 25 7,2,5,,103794,13,0,27 28 29,2,4,,103920,13,0,26 25 7,2,5,,103795,13,0,27 28 29,2,4,,103916,13,0,26 25 7,2,5,,103974,13,0,27 28 29,2,4,,103896,13,0,26 25 7,2,5,,103966,13,0,27 28 29,2,4,,103842,13,0,26 25 7,2,5,,103857,13,0,27 28 29,2,4,,103863,13,0,26 25 7,2,5,,103908,13,0,27 28 29,2,4,,103806,13,0,26 25 7,2,45,,103950,13,0,27 28 29,2,4,,103846,13,0,26 25 7,2,5,,103866,13,0,27 28 29,2,4,,103838,13,0,26 25 7,2,5,,103898,13,0,27 28 29,2,4,,103860,13,0,26 25 7,2,5,,103959,13,0,27 28 29,2,4,,103789,13,0,26 25 7,2,5,,103869,13,0,27 28 29,2,4,,103832,13,0,26 25 7,2,5,,103790,13,0,27 28 29,2,4,,103971,13,0,26 25 7,2,5,,103912,13,0,27 28 29,2,44,,103856,13,0,26 25 7,2,5,,103804,13,0,27 28 29,2,4,,103929,13,0,26 25 7,2,5,,103875,13,0,27 28 29,2,4,,103847,13,0,26 25 7,2,5,,103918,13,0,27 28 29,2,4,,103868,13,0,26 25 7,2,5,,103938,13,0,27 28 29,2,4,,103843,13,0,26 25 7,2,5,,103820,13,0,27 28 29,2,4,,83490,13,0,26 25 7,2,5,,103883,13,0,27 28 29,2,4,,103880,13,0,26 25 7,2,5,,103872,13,0,27 28 29,2,44,,103947,13,0,26 25 7,2,5,,103886,13,0,27 28 29,2,4,,103882,13,0,26 25 7,2,5,,103878,13,0,27 28 29,2,4,,103830,13,0,26 25 7,2,5,,103834,13,0,27 28 29,2,4,,103807,13,0,26 25 7,2,5,,103943,13,0,27 28 29,2,4,,103840,13,0,26 25 7,2,5,,103930,13,0,27 28 29,2,4,,103874,13,0,26 25 7,2,5,,103802,13,0,27 28 29,2,4,,103949,13,0,26 25 7,2,45,,103821,13,0,27 28 29,2,4,,103900,13,0,26 25 7,2,5,,103818,13,0,26 25 7,2,6,,103964,13,0,26 25 7,2,6,,103937,13,0,26 25 7,2,6,,103816,13,0,26 25 7,2,7,,103822,13,0,26 25 7,2,6,,103851,13,0,26 25 7,2,6,,79158,13,0,26 25 7,2,6,,103801,13,0,26 25 7,2,47,,103835,13,0,26 25 7,2,6,,103924,13,0,26 25 7,2,6,,103899,13,0,26 25 7,2,6,,88618,13,0,26 25 7,2,7,,103940,13,0,26 25 7,2,6,,103837,13,0,26 25 7,2,6,,103944,13,0,26 25 7,2,6,,103901,13,0,26 25 7,2,7,,103919,13,0,26 25 7,2,6,,103812,13,0,26 25 7,2,46,,103972,13,0,26 25 7,2,6,,103811,13,0,26 25 7,2,7,,103879,13,0,26 25 7,2,6,,103867,13,0,26 25 7,2,6,,103903,13,0,26 25 7,2,6,,103852,13,0,26 25 7,2,7,,103825,13,0,26 25 7,2,6,,103977,13,0,26 25 7,2,6,,103865,13,0,26 25 7,2,6,,103809,13,0,26 25 7,2,47,,103808,13,0,26 25 7,2,6,,103831,13,0,26 25 7,2,6,,103814,13,0,26 25 7,2,6,,103827,13,0,26 25 7,2,6,,103953,13,0,26 25 7,2,9,,103925,13,0,26 25 7,2,9,,103969,13,0,26 25 7,2,10,,103904,13,0,26 25 7,2,49,,103810,13,0,26 25 7,2,10,,103799,13,0,26 25 7,2,9,,103853,13,0,26 25 7,2,10,,103845,13,0,26 25 7,2,9,,103958,13,0,26 25 7,2,10,,103892,13,0,26 25 7,2,49,,103923,13,0,26 25 7,2,10,,103800,13,0,26 25 7,2,9,,103975,13,0,26 25 7,2,10,,103817,13,0,26 25 7,2,10,,88774,13,0,26 25 7,2,10,,103902,13,0,26 25 7,2,51,,103907,13,0,26 25 7,2,10,,103850,13,0,26 25 7,2,10,,103876,13,0,26 25 7,2,10,,103978,13,0,26 25 7,2
51004,'5',516,,104048,13,0,26 25 7,2,16,,104159,13,0,26 25 7,2,15,,104126,13,0,26 25 7,2,55,,104152,13,0,26 25 7,2,15,,104040,13,0,26 25 7,2,15,,104115,13,0,26 25 7,2,15,,104003,13,0,26 25 7,2,55,,104096,13,0,26 25 7,2,15,,104135,13,0,26 25 7,2,15,,104050,13,0,26 25 7,2,15,,104011,13,0,26 25 7,2,55,,104093,13,0,26 25 7,2,15,,104090,13,0,26 25 7,2,15,,103997,13,0,26 25 7,2,14,,104030,13,0,26 25 7,2,13,,104111,13,0,26 25 7,2,52,,104140,13,0,26 25 7,2,8,,104124,13,0,26 25 7,2,11,,104008,13,0,26 25 7,2,5,,104063,13,0,27 28 29,2,4,,104143,13,0,26 25 7,2,5,,104038,13,0,27 28 29,2,5,,104119,13,0,26 25 7,2,5,,104087,13,0,27 28 29,2,5,,104142,13,0,26 25 7,2,45,,104079,13,0,27 28 29,2,5,,104029,13,0,26 25 7,2,5,,104018,13,0,27 28 29,2,4,,104006,13,0,26 25 7,2,5,,104042,13,0,27 28 29,2,5,,104141,13,0,26 25 7,2,5,,104089,13,0,27 28 29,2,5,,104133,13,0,26 25 7,2,5,,104071,13,0,27 28 29,2,5,,104122,13,0,26 25 7,2,5,,104138,13,0,27 28 29,2,4,,104059,13,0,26 25 7,2,45,,104164,13,0,27 28 29,2,5,,104012,13,0,26 25 7,2,5,,104031,13,0,27 28 29,2,5,,104130,13,0,26 25 7,2,5,,103984,13,0,27 28 29,2,5,,104091,13,0,26 25 7,2,4,,104019,13,0,27 28 29,2,5,,104165,13,0,26 25 7,2,5,,103986,13,0,27 28 29,2,4,,103988,13,0,26 25 7,2,5,,104147,13,0,27 28 29,2,4,,104148,13,0,26 25 7,2,5,,103992,13,0,27 28 29,2,44,,104025,13,0,26 25 7,2,5,,80605,13,0,27 28 29,2,4,,104037,13,0,26 25 7,2,5,,104170,13,0,27 28 29,2,4,,104033,13,0,26 25 7,2,5,,104127,13,0,27 28 29,2,4,,81261,13,0,26 25 7,2,5,,104174,13,0,27 28 29,2,4,,104097,13,0,26 25 7,2,5,,104103,13,0,27 28 29,2,4,,104150,13,0,26 25 7,2,5,,104179,13,0,27 28 29,2,4,,104064,13,0,26 25 7,2,45,,104123,13,0,27 28 29,2,4,,104161,13,0,26 25 7,2,5,,104075,13,0,27 28 29,2,4,,103990,13,0,26 25 7,2,5,,104154,13,0,27 28 29,2,4,,104046,13,0,26 25 7,2,5,,104120,13,0,27 28 29,2,4,,104132,13,0,26 25 7,2,5,,104086,13,0,27 28 29,2,4,,104061,13,0,26 25 7,2,5,,104028,13,0,27 28 29,2,4,,104098,13,0,26 25 7,2,5,,104021,13,0,27 28 29,2,44,,104002,13,0,26 25 7,2,5,,104121,13,0,27 28 29,2,4,,104105,13,0,26 25 7,2,5,,103993,13,0,27 28 29,2,4,,104014,13,0,26 25 7,2,5,,104156,13,0,27 28 29,2,4,,104085,13,0,26 25 7,2,5,,104001,13,0,27 28 29,2,4,,104053,13,0,26 25 7,2,5,,104058,13,0,27 28 29,2,4,,104056,13,0,26 25 7,2,5,,85475,13,0,27 28 29,2,4,,103985,13,0,26 25 7,2,5,,104032,13,0,27 28 29,2,44,,103981,13,0,26 25 7,2,5,,104060,13,0,27 28 29,2,4,,104163,13,0,26 25 7,2,5,,104073,13,0,27 28 29,2,4,,104041,13,0,26 25 7,2,5,,104065,13,0,27 28 29,2,4,,104136,13,0,26 25 7,2,5,,104068,13,0,27 28 29,2,4,,104131,13,0,26 25 7,2,5,,104077,13,0,27 28 29,2,4,,104026,13,0,26 25 7,2,5,,104175,13,0,27 28 29,2,4,,104144,13,0,26 25 7,2,45,,104160,13,0,27 28 29,2,4,,103979,13,0,26 25 7,2,5,,104118,13,0,27 28 29,2,4,,104004,13,0,26 25 7,2,5,,103996,13,0,27 28 29,2,4,,104072,13,0,26 25 7,2,5,,104043,13,0,27 28 29,2,4,,104013,13,0,26 25 7,2,5,,103999,13,0,27 28 29,2,4,,103998,13,0,26 25 7,2,5,,104022,13,0,27 28 29,2,4,,104146,13,0,26 25 7,2,5,,104051,13,0,27 28 29,2,44,,104128,13,0,26 25 7,2,5,,104067,13,0,27 28 29,2,4,,104070,13,0,26 25 7,2,5,,104039,13,0,27 28 29,2,4,,104173,13,0,26 25 7,2,5,,104178,13,0,27 28 29,2,4,,104166,13,0,26 25 7,2,5,,104149,13,0,27 28 29,2,4,,104104,13,0,26 25 7,2,5,,104107,13,0,27 28 29,2,4,,104095,13,0,26 25 7,2,5,,104082,13,0,27 28 29,2,4,,104110,13,0,26 25 7,2,5,,103983,13,0,27 28 29,2,44,,104015,13,0,26 25 7,2,5,,104155,13,0,27 28 29,2,4,,104045,13,0,26 25 7,2,5,,104112,13,0,27 28 29,2,4,,81856,13,0,26 25 7,2,5,,104049,13,0,27 28 29,2,4,,104116,13,0,26 25 7,2,5,,104172,13,0,27 28 29,2,4,,104007,13,0,26 25 7,2,5,,104117,13,0,27 28 29,2,4,,104169,13,0,26 25 7,2,5,,104094,13,0,27 28 29,2,4,,104078,13,0,26 25 7,2,45,,104139,13,0,27 28 29,2,4,,104066,13,0,26 25 7,2,5,,104081,13,0,26 25 7,2,6,,104109,13,0,26 25 7,2,6,,80413,13,0,26 25 7,2,6,,104044,13,0,26 25 7,2,7,,104017,13,0,26 25 7,2,6,,104168,13,0,26 25 7,2,6,,104069,13,0,26 25 7,2,6,,104101,13,0,26 25 7,2,47,,104099,13,0,26 25 7,2,6,,104083,13,0,26 25 7,2,6,,104057,13,0,26 25 7,2,6,,104167,13,0,26 25 7,2,7,,104102,13,0,26 25 7,2,6,,104092,13,0,26 25 7,2,6,,104080,13,0,26 25 7,2,6,,104052,13,0,26 25 7,2,7,,104114,13,0,26 25 7,2,6,,104076,13,0,26 25 7,2,46,,104145,13,0,26 25 7,2,6,,104153,13,0,26 25 7,2,7,,104074,13,0,26 25 7,2,6,,104047,13,0,26 25 7,2,6,,104088,13,0,26 25 7,2,6,,103987,13,0,26 25 7,2,7,,104062,13,0,26 25 7,2,6,,104005,13,0,26 25 7,2,6,,104000,13,0,26 25 7,2,6,,104129,13,0,26 25 7,2,47,,104084,13,0,26 25 7,2,6,,104035,13,0,26 25 7,2,6,,104036,13,0,26 25 7,2,6,,103994,13,0,26 25 7,2,6,,104106,13,0,26 25 7,2,9,,104009,13,0,26 25 7,2,9,,104176,13,0,26 25 7,2,10,,104171,13,0,26 25 7,2,49,,103989,13,0,26 25 7,2,10,,104108,13,0,26 25 7,2,9,,104100,13,0,26 25 7,2,10,,104020,13,0,26 25 7,2,9,,103982,13,0,26 25 7,2,10,,103991,13,0,26 25 7,2,49,,104027,13,0,26 25 7,2,10,,104137,13,0,26 25 7,2,9,,103995,13,0,26 25 7,2,10,,104151,13,0,26 25 7,2,10,,104010,13,0,26 25 7,2,10,,104158,13,0,26 25 7,2,51,,104016,13,0,26 25 7,2,10,,104054,13,0,26 25 7,2,10,,104113,13,0,26 25 7,2,10,,104023,13,0,26 25 7,2
