30102,'1',2612,,91350,20,0,47 22 23,2,30,,91376,20,0,47 22 23,2,70,,91366,20,0,47 22 23,2,30,,91378,20,0,47 22 23,2,70,,91356,20,0,47 22 23,2,30,,91374,20,,,2,70,,91363,20,,,2,30,,91361,20,,,2
30102,'2',2617,,91396,20,0,47 22 23,2,30,,91382,20,0,47 22 23,2,70,,91389,20,0,47 22 23,2,30,,91398,20,0,47 22 23,2,70,,91380,20,0,47 22 23,2,30,,91392,20,,,2,70,,91379,20,,,2,30,,91393,20,,,2
30102,'3',2607,,91413,20,0,47 22 23,2,30,,91428,20,0,47 22 23,2,70,,91430,20,0,47 22 23,2,30,,91427,20,0,47 22 23,2,70,,91425,20,0,47 22 23,2,30,,91416,20,0,47 22 23,2,70,,91414,20,,,2,30,,91421,20,,,2
30102,'5',2607,,91445,20,0,47 22 23,2,30,,91446,20,0,47 22 23,2,70,,91437,20,0,47 22 23,2,30,,91461,20,0,47 22 23,2,70,,91454,20,0,47 22 23,2,30,,91450,20,0,47 22 23,2,70,,91447,20,,,2,30,,91436,20,,,2
50701,'1',909,,99957,5,0,49,2,999,,99923,5,0,49,2,27,,99866,5,0,49,2,298,,99892,5,0,49,2,213,,99948,5,0,49,2,60,,99864,5,0,49,2
50701,'2',1916,,100102,5,0,49,2,586,,100108,5,0,49,2,21,,100113,5,0,49,2
50701,'3',2435,,100360,5,0,49,2
50701,'5',2435,,100445,5,0,49,2
50702,'1',445,,100616,5,0,22 23,2,11,,100701,5,0,22 23,2,50,,100696,5,0,22 23,2,4,,100785,4,0,50 51 52,2,6,,100768,5,0,22 23,2,10,,100631,5,0,22 23,2,9,,100719,4,0,50 51 52,2,1,,100623,5,0,22 23,2,10,,100604,5,0,22 23,2,10,,100662,5,0,22 23,2,44,,100611,4,0,50 51 52,2,6,,100619,5,0,22 23,2,10,,100664,5,0,22 23,2,9,,100630,4,0,50 51 52,2,1,,88188,5,0,22 23,2,10,,100601,5,0,22 23,2,12,,100734,5,0,22 23,2,2,,100675,4,0,50 51 52,2,6,,100752,5,0,22 23,2,46,,100594,5,0,22 23,2,7,,100632,5,0,22 23,2,7,,100614,5,0,22 23,2,3,,100798,4,0,50 51 52,2,4,,100715,5,0,22 23,2,7,,100640,5,0,22 23,2,4,,100776,4,0,50 51 52,2,3,,100610,5,0,22 23,2,7,,100724,5,0,22 23,2,5,,100772,4,0,50 51 52,2,2,,100687,5,0,22 23,2,7,,100721,5,0,22 23,2,46,,100607,4,0,50 51 52,2,1,,100774,5,0,22 23,2,7,,100758,5,0,22 23,2,7,,100723,5,0,22 23,2,0,,100674,4,0,50 51 52,2,7,,100769,5,0,22 23,2,7,,100666,5,0,22 23,2,1,,100689,4,0,50 51 52,2,6,,100669,5,0,22 23,2,7,,100655,5,0,22 23,2,2,,100649,4,0,50 51 52,2,7,,100645,5,0,22 23,2,45,,100625,4,0,50 51 52,2,4,,100644,5,0,22 23,2,8,,100761,5,0,22 23,2,1,,100707,4,0,50 51 52,2,7,,100763,5,0,22 23,2,8,,100796,5,0,22 23,2,8,,100766,5,0,22 23,2,2,,100676,4,0,50 51 52,2,6,,100612,5,0,22 23,2,8,,100620,5,0,22 23,2,48,,100600,5,0,22 23,2,3,,100634,4,0,50 51 52,2,5,,100760,5,0,22 23,2,8,,100755,5,0,22 23,2,8,,100765,5,0,22 23,2,4,,100756,4,0,50 51 52,2,4,,100658,5,0,22 23,2,8,,100698,5,0,22 23,2,8,,100660,5,0,22 23,2,5,,100797,4,0,50 51 52,2,3,,100667,5,0,22 23,2,48,,100747,5,0,22 23,2,8,,100685,5,0,22 23,2,6,,100775,4,0,50 51 52,2,2,,100744,5,0,22 23,2,8,,100671,5,0,22 23,2,8,,100708,5,0,22 23,2,7,,100621,4,0,50 51 52,2,1,,100683,5,0,22 23,2,8,,100647,5,0,22 23,2,48,,100718,5,0,22 23,2,8,,100626,5,0,22 23,2,0,,100771,4,0,50 51 52,2,8,,100733,5,0,22 23,2,8,,100762,5,0,22 23,2,8,,100673,5,0,22 23,2,1,,100793,4,0,50 51 52,2,7,,100633,5,0,22 23,2,8,,100679,5,0,22 23,2,8,,100751,5,0,22 23,2,2,,100598,4,0,50 51 52,2,46,,100745,5,0,22 23,2,8,,100725,5,0,22 23,2,8,,89087,5,0,22 23,2,3,,100786,4,0,50 51 52,2,5,,100787,5,0,22 23,2,8,,100781,5,0,22 23,2,8,,100599,5,0,22 23,2,4,,100661,4,0,50 51 52,2,4,,100605,5,0,22 23,2,48,,100783,5,0,22 23,2,8,,81440,5,0,22 23,2,5,,100712,4,0,50 51 52,2,3,,100759,5,0,22 23,2,8,,79766,5,0,22 23,2,8,,100684,5,0,22 23,2,6,,100731,4,0,50 51 52,2,2,,100743,5,0,22 23,2,8,,100711,5,0,22 23,2,8,,100700,5,0,22 23,2,48,,100764,4,0,50 51 52,2,1,,100773,5,0,22 23,2,4,,100741,5,0,22 23,2,7,,100794,5,0,22 23,2,7,,100672,5,0,22 23,2,0,,100717,4,0,50 51 52,2,7,,100648,5,0,22 23,2,7,,100720,5,0,22 23,2,1,,100739,4,0,50 51 52,2,6,,100606,5,0,22 23,2,7,,100703,5,0,22 23,2,2,,100659,4,0,50 51 52,2,5,,100639,5,0,22 23,2,47,,100653,5,0,22 23,2,3,,100602,4,0,50 51 52,2,4,,100704,5,0,22 23,2,7,,100691,5,0,22 23,2,4,,100627,4,0,50 51 52,2,3,,100757,5,0,22 23,2,7,,100705,5,0,22 23,2,5,,100663,4,0,50 51 52,2,2,,100638,5,0,22 23,2,7,,100686,5,0,22 23,2,6,,82020,4,0,50 51 52,2,1,,100722,5,0,22 23,2,47,,100788,5,0,22 23,2,7,,100791,5,0,22 23,2,0,,100608,4,0,50 51 52,2,7,,100697,5,0,22 23,2,7,,100727,5,0,22 23,2,1,,100706,4,0,50 51 52,2,6,,100657,5,0,22 23,2,7,,100710,5,0,22 23,2,2,,100629,4,0,50 51 52,2,5,,100652,5,0,22 23,2,7,,100767,5,0,22 23,2,3,,100736,4,0,50 51 52,2,4,,100690,5,0,22 23,2,47,,100670,5,0,22 23,2,4,,100682,4,0,50 51 52,2,3,,89208,5,0,22 23,2,7,,100595,5,0,22 23,2,5,,100795,4,0,50 51 52,2,2,,100748,5,0,22 23,2,7,,100681,5,0,22 23,2,6,,100770,4,0,50 51 52,2,1,,100694,5,0,22 23,2,7,,100668,5,0,22 23,2,9,,100692,5,0,22 23,2,48,,100656,4,0,50 51 52,2,1,,100617,5,0,22 23,2,9,,100792,5,0,22 23,2,8,,100714,5,0,22 23,2,7,,100782,4,0,50 51 52,2,2,,100728,5,0,22 23,2,9,,100680,5,0,22 23,2,9,,100790,5,0,22 23,2,5,,100641,4,0,50 51 52,2,4,,100800,5,0,22 23,2,49,,100646,5,0,22 23,2,9,,100597,5,0,22 23,2,3,,100726,4,0,50 51 52,2,6,,100678,5,0,22 23,2,9,,100613,5,0,22 23,2,9,,100642,5,0,22 23,2,1,,100737,4,0,50 51 52,2,8,,100622,5,0,22 23,2,49,,100636,5,0,22 23,2,8,,100618,4,0,50 51 52,2,1,,100637,5,0,22 23,2,9,,100749,5,0,22 23,2,9,,100753,5,0,22 23,2,6,,100784,4,0,50 51 52,2,3,,100750,5,0,22 23,2,9,,100695,5,0,22 23,2,9,,100754,5,0,22 23,2,1,,100732,4,0,50 51 52,2,48,,100628,5,0,22 23,2,14,,100603,5,0,22 23,2,0,,100780,4,0,50 51 52,2,10,,100635,5,0,22 23,2,10,,100609,5,0,22 23,2,2,,100693,4,0,50 51 52,2,8,,100654,5,0,22 23,2,10,,100746,5,0,22 23,2,44,,100624,4,0,50 51 52,2,6,,100789,5,0,22 23,2,10,,100742,5,0,22 23,2,6,,100777,4,0,50 51 52,2,4,,100709,5,0,22 23,2,10,,100779,5,0,22 23,2,8,,100643,4,0,50 51 52,2,2,,100596,5,0,22 23,2,10,,100740,5,0,22 23,2,50,,100713,5,0,22 23,2,0,,81359,4,0,50 51 52,2,10,,100730,5,0,22 23,2,12,,100735,5,0,22 23,2,1,,100688,4,0,50 51 52,2,11,,100729,5,0,22 23,2,15,,100677,5,0,22 23,2,60,,100699,5,0,22 23,2,25,,100651,5,0,22 23,2
50702,'2',440,,100870,5,0,22 23,2,10,,100923,5,0,22 23,2,7,,100877,4,0,50 51 52,2,43,,100977,5,0,22 23,2,10,,100804,5,0,22 23,2,10,,100919,5,0,22 23,2,2,,100815,4,0,50 51 52,2,8,,100872,5,0,22 23,2,10,,100893,5,0,22 23,2,7,,100820,4,0,50 51 52,2,3,,100924,5,0,22 23,2,50,,100873,5,0,22 23,2,10,,100827,5,0,22 23,2,2,,100942,4,0,50 51 52,2,8,,100948,5,0,22 23,2,10,,86668,5,0,22 23,2,7,,100912,4,0,50 51 52,2,3,,100812,5,0,22 23,2,10,,100869,5,0,22 23,2,50,,100915,5,0,22 23,2,2,,100895,4,0,50 51 52,2,8,,100910,5,0,22 23,2,10,,100982,5,0,22 23,2,7,,100805,4,0,50 51 52,2,3,,100868,5,0,22 23,2,10,,100854,5,0,22 23,2,10,,100908,5,0,22 23,2,2,,100916,4,0,50 51 52,2,7,,100958,5,0,22 23,2,51,,100892,5,0,22 23,2,5,,77474,4,0,50 51 52,2,7,,100933,5,0,22 23,2,11,,100902,5,0,22 23,2,7,,100944,4,0,50 51 52,2,2,,100851,5,0,22 23,2,9,,100951,5,0,22 23,2,49,,79897,5,0,22 23,2,5,,100969,4,0,50 51 52,2,4,,100955,5,0,22 23,2,9,,100874,5,0,22 23,2,9,,100917,5,0,22 23,2,3,,100920,4,0,50 51 52,2,6,,100904,5,0,22 23,2,9,,100952,5,0,22 23,2,9,,100833,5,0,22 23,2,1,,100926,4,0,50 51 52,2,48,,100891,5,0,22 23,2,9,,100866,5,0,22 23,2,8,,100921,4,0,50 51 52,2,1,,100929,5,0,22 23,2,9,,100828,5,0,22 23,2,9,,100836,5,0,22 23,2,6,,100983,4,0,50 51 52,2,3,,100970,5,0,22 23,2,9,,100871,5,0,22 23,2,49,,100964,5,0,22 23,2,4,,100979,4,0,50 51 52,2,5,,100974,5,0,22 23,2,9,,100809,5,0,22 23,2,9,,100972,5,0,22 23,2,2,,100956,4,0,50 51 52,2,7,,100818,5,0,22 23,2,9,,100807,5,0,22 23,2,49,,100823,4,0,50 51 52,2,1,,100939,5,0,22 23,2,10,,100971,5,0,22 23,2,8,,100918,5,0,22 23,2,6,,100896,4,0,50 51 52,2,2,,100882,5,0,22 23,2,8,,100879,5,0,22 23,2,8,,100962,5,0,22 23,2,7,,100824,4,0,50 51 52,2,1,,100887,5,0,22 23,2,8,,100813,5,0,22 23,2,48,,100928,5,0,22 23,2,8,,100937,5,0,22 23,2,0,,100875,4,0,50 51 52,2,8,,100806,5,0,22 23,2,8,,100843,5,0,22 23,2,8,,100927,5,0,22 23,2,1,,100834,4,0,50 51 52,2,7,,100938,5,0,22 23,2,8,,100907,5,0,22 23,2,48,,100976,5,0,22 23,2,2,,100903,4,0,50 51 52,2,6,,100862,5,0,22 23,2,8,,100808,5,0,22 23,2,8,,100980,5,0,22 23,2,3,,100850,4,0,50 51 52,2,5,,100814,5,0,22 23,2,8,,100965,5,0,22 23,2,8,,100905,5,0,22 23,2,4,,100943,4,0,50 51 52,2,4,,78028,5,0,22 23,2,48,,100829,5,0,22 23,2,8,,100898,5,0,22 23,2,5,,69963,4,0,50 51 52,2,3,,100863,5,0,22 23,2,8,,100841,5,0,22 23,2,8,,100865,5,0,22 23,2,6,,100825,4,0,50 51 52,2,2,,100936,5,0,22 23,2,8,,100925,5,0,22 23,2,48,,100860,5,0,22 23,2,7,,100849,4,0,50 51 52,2,1,,100832,5,0,22 23,2,8,,100835,5,0,22 23,2,8,,100831,5,0,22 23,2,8,,100950,5,0,22 23,2,0,,100837,4,0,50 51 52,2,8,,100931,5,0,22 23,2,8,,100822,5,0,22 23,2,8,,100844,5,0,22 23,2,41,,100803,4,0,50 51 52,2,7,,100857,5,0,22 23,2,8,,100897,5,0,22 23,2,8,,100953,5,0,22 23,2,2,,100966,4,0,50 51 52,2,6,,100861,5,0,22 23,2,8,,100884,5,0,22 23,2,8,,100864,5,0,22 23,2,3,,100801,4,0,50 51 52,2,5,,100946,5,0,22 23,2,48,,100848,5,0,22 23,2,8,,100945,5,0,22 23,2,4,,100934,4,0,50 51 52,2,4,,100959,5,0,22 23,2,8,,100816,5,0,22 23,2,8,,100957,5,0,22 23,2,5,,100941,4,0,50 51 52,2,3,,100880,5,0,22 23,2,8,,100949,5,0,22 23,2,50,,100922,5,0,22 23,2,5,,100906,4,0,50 51 52,2,5,,100961,5,0,22 23,2,10,,100967,5,0,22 23,2,9,,100838,5,0,22 23,2,1,,100960,4,0,50 51 52,2,8,,100930,5,0,22 23,2,9,,100973,5,0,22 23,2,8,,100978,4,0,50 51 52,2,1,,100911,5,0,22 23,2,49,,100984,5,0,22 23,2,9,,100876,5,0,22 23,2,6,,100940,4,0,50 51 52,2,3,,100894,5,0,22 23,2,9,,100968,5,0,22 23,2,9,,100914,5,0,22 23,2,4,,100889,4,0,50 51 52,2,5,,100986,5,0,22 23,2,49,,100826,5,0,22 23,2,9,,100830,5,0,22 23,2,2,,100802,4,0,50 51 52,2,7,,100985,5,0,22 23,2,9,,100890,5,0,22 23,2,9,,100847,5,0,22 23,2,0,,100901,4,0,50 51 52,2,9,,100867,5,0,22 23,2,9,,100846,5,0,22 23,2,47,,100981,4,0,50 51 52,2,2,,100853,5,0,22 23,2,7,,100954,5,0,22 23,2,10,,100817,5,0,22 23,2,6,,100932,4,0,50 51 52,2,4,,100821,5,0,22 23,2,10,,100881,5,0,22 23,2,10,,100858,5,0,22 23,2,1,,100900,4,0,50 51 52,2,49,,100885,5,0,22 23,2,10,,100947,5,0,22 23,2,6,,100819,4,0,50 51 52,2,4,,100859,5,0,22 23,2,10,,100856,5,0,22 23,2,10,,100909,5,0,22 23,2,1,,100975,4,0,50 51 52,2,9,,100963,5,0,22 23,2,50,,100855,5,0,22 23,2,6,,100839,4,0,50 51 52,2,4,,100810,5,0,22 23,2,10,,100840,5,0,22 23,2,10,,100852,5,0,22 23,2,1,,100811,4,0,50 51 52,2,11,,100886,5,0,22 23,2,14,,100987,4,0,50 51 52,2,1,,100883,5,0,22 23,2,60,,100878,5,0,22 23,2,30,,100899,5,0,22 23,2
50702,'3',436,,101007,5,0,22 23,2,8,,101050,5,0,22 23,2,3,,101110,4,0,50 51 52,2,6,,101137,5,0,22 23,2,50,,101154,5,0,22 23,2,4,,101141,4,0,50 51 52,2,6,,101059,5,0,22 23,2,10,,101068,5,0,22 23,2,4,,101151,4,0,50 51 52,2,6,,101100,5,0,22 23,2,10,,101160,5,0,22 23,2,4,,101094,4,0,50 51 52,2,6,,100999,5,0,22 23,2,50,,101070,5,0,22 23,2,4,,101035,4,0,50 51 52,2,6,,101127,5,0,22 23,2,10,,101026,5,0,22 23,2,4,,101006,4,0,50 51 52,2,6,,101046,5,0,22 23,2,10,,101014,5,0,22 23,2,4,,101083,4,0,50 51 52,2,6,,101107,5,0,22 23,2,50,,101092,5,0,22 23,2,4,,101087,4,0,50 51 52,2,6,,100995,5,0,22 23,2,10,,101081,5,0,22 23,2,4,,101145,4,0,50 51 52,2,6,,77636,5,0,22 23,2,10,,101016,5,0,22 23,2,4,,101037,4,0,50 51 52,2,6,,101053,5,0,22 23,2,51,,101165,5,0,22 23,2,3,,101131,4,0,50 51 52,2,7,,101121,5,0,22 23,2,13,,101045,4,0,50 51 52,2,2,,101112,5,0,22 23,2,10,,101031,5,0,22 23,2,8,,101125,4,0,50 51 52,2,2,,101111,5,0,22 23,2,10,,101004,5,0,22 23,2,49,,101170,4,0,50 51 52,2,1,,101148,5,0,22 23,2,10,,101136,5,0,22 23,2,10,,101132,5,0,22 23,2,1,,101030,4,0,50 51 52,2,9,,101064,5,0,22 23,2,10,,101008,5,0,22 23,2,3,,101164,4,0,50 51 52,2,7,,101085,5,0,22 23,2,50,,101062,5,0,22 23,2,5,,101012,4,0,50 51 52,2,5,,101042,5,0,22 23,2,10,,101128,5,0,22 23,2,7,,76139,4,0,50 51 52,2,3,,100992,5,0,22 23,2,10,,101020,5,0,22 23,2,9,,101129,4,0,50 51 52,2,1,,101156,5,0,22 23,2,50,,101065,5,0,22 23,2,10,,101166,5,0,22 23,2,1,,101015,4,0,50 51 52,2,9,,101009,5,0,22 23,2,10,,101017,5,0,22 23,2,3,,101109,4,0,50 51 52,2,7,,101074,5,0,22 23,2,10,,101044,5,0,22 23,2,48,,100996,4,0,50 51 52,2,1,,101155,5,0,22 23,2,8,,100991,5,0,22 23,2,8,,101133,5,0,22 23,2,8,,101157,5,0,22 23,2,0,,101072,4,0,50 51 52,2,9,,101149,5,0,22 23,2,9,,101105,5,0,22 23,2,7,,101090,4,0,50 51 52,2,2,,101124,5,0,22 23,2,49,,101144,5,0,22 23,2,9,,101159,5,0,22 23,2,5,,101073,4,0,50 51 52,2,4,,100993,5,0,22 23,2,9,,101102,5,0,22 23,2,9,,101118,5,0,22 23,2,3,,100994,4,0,50 51 52,2,6,,101029,5,0,22 23,2,49,,89586,5,0,22 23,2,9,,101114,5,0,22 23,2,1,,101140,4,0,50 51 52,2,8,,101142,5,0,22 23,2,9,,80189,5,0,22 23,2,8,,101158,4,0,50 51 52,2,1,,101139,5,0,22 23,2,9,,101028,5,0,22 23,2,9,,101130,5,0,22 23,2,46,,101019,4,0,50 51 52,2,3,,101000,5,0,22 23,2,9,,101096,5,0,22 23,2,9,,101056,5,0,22 23,2,4,,101061,4,0,50 51 52,2,5,,101021,5,0,22 23,2,9,,101027,5,0,22 23,2,9,,101071,5,0,22 23,2,2,,101117,4,0,50 51 52,2,7,,101025,5,0,22 23,2,49,,101098,5,0,22 23,2,9,,101066,5,0,22 23,2,0,,101032,4,0,50 51 52,2,9,,101038,5,0,22 23,2,9,,101010,5,0,22 23,2,7,,101011,4,0,50 51 52,2,2,,101039,5,0,22 23,2,9,,101138,5,0,22 23,2,49,,101023,5,0,22 23,2,5,,100989,4,0,50 51 52,2,4,,101169,5,0,22 23,2,9,,101095,5,0,22 23,2,9,,101041,5,0,22 23,2,3,,101082,4,0,50 51 52,2,6,,101022,5,0,22 23,2,9,,101168,5,0,22 23,2,9,,101093,5,0,22 23,2,1,,101002,4,0,50 51 52,2,48,,101063,5,0,22 23,2,9,,101001,5,0,22 23,2,8,,101043,4,0,50 51 52,2,1,,101024,5,0,22 23,2,9,,101108,5,0,22 23,2,9,,101153,5,0,22 23,2,6,,101088,4,0,50 51 52,2,3,,101147,5,0,22 23,2,9,,101116,5,0,22 23,2,48,,101150,5,0,22 23,2,1,,101146,4,0,50 51 52,2,8,,101122,5,0,22 23,2,8,,101106,5,0,22 23,2,4,,100988,4,0,50 51 52,2,3,,100990,5,0,22 23,2,9,,101167,5,0,22 23,2,8,,101048,4,0,50 51 52,2,1,,101078,5,0,22 23,2,9,,101091,5,0,22 23,2,49,,101058,5,0,22 23,2,1,,101047,4,0,50 51 52,2,8,,101143,5,0,22 23,2,9,,101018,5,0,22 23,2,3,,101060,4,0,50 51 52,2,6,,101077,5,0,22 23,2,9,,70115,5,0,22 23,2,5,,101120,4,0,50 51 52,2,4,,101119,5,0,22 23,2,49,,101054,5,0,22 23,2,7,,101084,4,0,50 51 52,2,2,,101076,5,0,22 23,2,9,,101103,5,0,22 23,2,9,,101036,4,0,50 51 52,2,9,,100997,5,0,22 23,2,9,,101113,5,0,22 23,2,2,,101163,4,0,50 51 52,2,7,,100998,5,0,22 23,2,49,,86891,5,0,22 23,2,5,,101089,4,0,50 51 52,2,4,,101034,5,0,22 23,2,9,,101057,5,0,22 23,2,7,,101003,4,0,50 51 52,2,3,,101040,5,0,22 23,2,10,,101115,5,0,22 23,2,7,,101080,4,0,50 51 52,2,3,,101101,5,0,22 23,2,50,,101067,5,0,22 23,2,7,,101126,4,0,50 51 52,2,3,,101123,5,0,22 23,2,10,,101052,5,0,22 23,2,7,,101033,4,0,50 51 52,2,3,,101097,5,0,22 23,2,10,,101013,5,0,22 23,2,7,,101086,4,0,50 51 52,2,3,,101134,5,0,22 23,2,50,,101135,5,0,22 23,2,7,,101161,4,0,50 51 52,2,3,,101075,5,0,22 23,2,10,,80267,5,0,22 23,2,7,,101051,4,0,50 51 52,2,12,,101079,5,0,22 23,2,4,,101055,4,0,50 51 52,2,55,,101104,5,0,22 23,2,15,,101099,5,0,22 23,2,20,,101162,5,0,22 23,2
50702,'5',436,,101347,5,0,22 23,2,8,,101218,5,0,22 23,2,3,,101264,4,0,50 51 52,2,6,,101338,5,0,22 23,2,50,,101241,5,0,22 23,2,4,,101270,4,0,50 51 52,2,6,,101261,5,0,22 23,2,10,,101260,5,0,22 23,2,4,,101276,4,0,50 51 52,2,6,,101331,5,0,22 23,2,10,,101259,5,0,22 23,2,4,,101245,4,0,50 51 52,2,6,,101332,5,0,22 23,2,50,,101330,5,0,22 23,2,4,,101307,4,0,50 51 52,2,6,,101340,5,0,22 23,2,10,,101334,5,0,22 23,2,4,,101209,4,0,50 51 52,2,6,,101299,5,0,22 23,2,10,,101321,5,0,22 23,2,4,,101212,4,0,50 51 52,2,6,,101199,5,0,22 23,2,50,,101186,5,0,22 23,2,4,,101291,4,0,50 51 52,2,6,,101228,5,0,22 23,2,10,,101342,5,0,22 23,2,4,,101343,4,0,50 51 52,2,6,,101234,5,0,22 23,2,10,,101219,5,0,22 23,2,4,,101179,4,0,50 51 52,2,6,,101254,5,0,22 23,2,51,,101220,5,0,22 23,2,3,,101235,4,0,50 51 52,2,7,,101285,5,0,22 23,2,13,,101249,4,0,50 51 52,2,2,,101300,5,0,22 23,2,10,,101216,5,0,22 23,2,8,,85441,4,0,50 51 52,2,2,,101292,5,0,22 23,2,10,,101287,5,0,22 23,2,49,,101239,4,0,50 51 52,2,1,,101238,5,0,22 23,2,10,,101350,5,0,22 23,2,10,,101244,5,0,22 23,2,1,,101246,4,0,50 51 52,2,9,,101352,5,0,22 23,2,10,,101301,5,0,22 23,2,3,,101319,4,0,50 51 52,2,7,,101175,5,0,22 23,2,50,,101176,5,0,22 23,2,5,,101240,4,0,50 51 52,2,5,,101255,5,0,22 23,2,10,,101232,5,0,22 23,2,7,,101248,4,0,50 51 52,2,3,,101263,5,0,22 23,2,10,,101265,5,0,22 23,2,9,,101201,4,0,50 51 52,2,1,,80344,5,0,22 23,2,50,,101215,5,0,22 23,2,10,,101256,5,0,22 23,2,1,,101295,4,0,50 51 52,2,9,,101355,5,0,22 23,2,10,,101294,5,0,22 23,2,3,,101354,4,0,50 51 52,2,7,,101337,5,0,22 23,2,10,,101314,5,0,22 23,2,48,,101236,4,0,50 51 52,2,1,,101257,5,0,22 23,2,8,,101344,5,0,22 23,2,8,,101303,5,0,22 23,2,8,,101268,5,0,22 23,2,0,,101233,4,0,50 51 52,2,9,,101283,5,0,22 23,2,9,,101217,5,0,22 23,2,7,,101293,4,0,50 51 52,2,2,,101177,5,0,22 23,2,49,,101346,5,0,22 23,2,9,,101258,5,0,22 23,2,5,,101213,4,0,50 51 52,2,4,,101195,5,0,22 23,2,9,,101272,5,0,22 23,2,9,,101226,5,0,22 23,2,3,,101206,4,0,50 51 52,2,6,,79310,5,0,22 23,2,49,,101341,5,0,22 23,2,9,,101229,5,0,22 23,2,1,,101202,4,0,50 51 52,2,8,,101305,5,0,22 23,2,9,,101349,5,0,22 23,2,8,,101267,4,0,50 51 52,2,1,,101297,5,0,22 23,2,9,,101322,5,0,22 23,2,9,,101237,5,0,22 23,2,46,,101308,4,0,50 51 52,2,3,,101208,5,0,22 23,2,9,,101200,5,0,22 23,2,9,,101316,5,0,22 23,2,4,,101194,4,0,50 51 52,2,5,,101348,5,0,22 23,2,9,,101290,5,0,22 23,2,9,,101197,5,0,22 23,2,2,,101335,4,0,50 51 52,2,7,,101313,5,0,22 23,2,49,,101192,5,0,22 23,2,9,,101304,5,0,22 23,2,0,,101312,4,0,50 51 52,2,9,,101274,5,0,22 23,2,9,,101247,5,0,22 23,2,7,,101198,4,0,50 51 52,2,2,,101269,5,0,22 23,2,9,,101185,5,0,22 23,2,49,,101205,5,0,22 23,2,5,,101311,4,0,50 51 52,2,4,,101306,5,0,22 23,2,9,,101183,5,0,22 23,2,9,,101182,5,0,22 23,2,3,,101231,4,0,50 51 52,2,6,,101230,5,0,22 23,2,9,,101171,5,0,22 23,2,9,,101353,5,0,22 23,2,1,,101351,4,0,50 51 52,2,48,,101288,5,0,22 23,2,9,,101190,5,0,22 23,2,8,,101191,4,0,50 51 52,2,1,,101339,5,0,22 23,2,9,,101280,5,0,22 23,2,9,,101333,5,0,22 23,2,6,,101243,4,0,50 51 52,2,3,,101315,5,0,22 23,2,9,,101298,5,0,22 23,2,48,,101282,5,0,22 23,2,1,,101196,4,0,50 51 52,2,8,,101326,5,0,22 23,2,8,,101262,5,0,22 23,2,4,,101210,4,0,50 51 52,2,3,,101318,5,0,22 23,2,9,,101178,5,0,22 23,2,8,,101214,4,0,50 51 52,2,1,,101225,5,0,22 23,2,9,,101189,5,0,22 23,2,49,,101266,5,0,22 23,2,1,,101273,4,0,50 51 52,2,8,,101302,5,0,22 23,2,9,,101207,5,0,22 23,2,3,,101275,4,0,50 51 52,2,6,,101204,5,0,22 23,2,9,,101223,5,0,22 23,2,5,,101278,4,0,50 51 52,2,4,,101279,5,0,22 23,2,49,,77308,5,0,22 23,2,7,,101188,4,0,50 51 52,2,2,,101193,5,0,22 23,2,9,,101172,5,0,22 23,2,9,,101251,4,0,50 51 52,2,9,,101253,5,0,22 23,2,9,,101203,5,0,22 23,2,2,,101252,4,0,50 51 52,2,7,,101327,5,0,22 23,2,49,,101345,5,0,22 23,2,5,,101284,4,0,50 51 52,2,4,,101310,5,0,22 23,2,9,,101328,5,0,22 23,2,7,,101222,4,0,50 51 52,2,3,,101320,5,0,22 23,2,10,,101329,5,0,22 23,2,7,,101187,4,0,50 51 52,2,3,,101325,5,0,22 23,2,50,,101211,5,0,22 23,2,7,,101296,4,0,50 51 52,2,3,,101242,5,0,22 23,2,10,,101227,5,0,22 23,2,7,,101336,4,0,50 51 52,2,3,,101277,5,0,22 23,2,10,,101317,5,0,22 23,2,7,,101250,4,0,50 51 52,2,3,,101184,5,0,22 23,2,50,,101224,5,0,22 23,2,7,,101174,4,0,50 51 52,2,3,,101289,5,0,22 23,2,10,,101323,5,0,22 23,2,7,,101324,4,0,50 51 52,2,12,,101173,5,0,22 23,2,4,,101271,4,0,50 51 52,2,55,,83640,5,0,22 23,2,15,,101281,5,0,22 23,2,20,,101356,5,0,22 23,2
