30102,'1',2509,,91377,24,,,2,7,,91373,24,0,17,2,13,,91368,24,,,2,7,,89112,24,0,17,2,13,,91355,24,,,2,7,,91357,24,0,17,2,51,,91364,24,,,2,10,,91353,24,0,17,2,10,,91354,24,,,2,10,,80677,24,0,17,2,10,,91362,24,,,2,5,,91371,24,0,17,2,6,,91372,24,0,17,2,49,,91352,24,,,2,20,,91369,24,,,2,20,,91358,24,,,2,60,,91359,24,,,2,20,,91375,24,,,2,20,,91365,24,,,2,60,,91351,24,,,2,20,,91367,24,0,17,2,20,,91360,24,0,17,2,60,,91370,24,0,17,2
30102,'2',2516,,91397,24,,,2,11,,91388,24,0,17,2,8,,91394,24,,,2,14,,91390,24,0,17,2,8,,91386,24,,,2,50,,91399,24,0,17,2,10,,91408,24,,,2,10,,91404,24,0,17,2,10,,91391,24,,,2,10,,91381,24,0,17,2,10,,91402,24,,,2,50,,91395,24,0,17,2,10,,91401,24,,,2,20,,91407,24,,,2,20,,91387,24,,,2,60,,91384,24,,,2,20,,91400,24,,,2,20,,91403,24,,,2,60,,91383,24,0,17,2,20,,91406,24,0,17,2,20,,91385,24,0,17,2,60,,91405,24,0,17,2
30102,'3',2508,,91431,24,,,2,22,,91415,24,,,2,10,,91417,24,0,17,2,12,,91424,24,,,2,50,,91419,24,0,17,2,10,,91432,24,,,2,10,,91412,24,0,17,2,10,,91420,24,,,2,10,,91418,24,0,17,2,10,,91422,24,,,2,60,,91409,24,,,2,20,,91411,24,,,2,20,,91410,24,,,2,60,,82311,24,,,2,20,,91423,24,,,2,20,,91429,24,,,2,60,,91433,24,0,17,2,20,,91426,24,0,17,2,20,,91435,24,0,17,2,60,,91434,24,0,17,2
30102,'5',2508,,91451,24,,,2,22,,91442,24,,,2,10,,91443,24,0,17,2,12,,91462,24,,,2,50,,91459,24,0,17,2,10,,91460,24,,,2,10,,91439,24,0,17,2,10,,91457,24,,,2,10,,91444,24,0,17,2,10,,91455,24,,,2,60,,91438,24,,,2,20,,91440,24,,,2,20,,87157,24,,,2,60,,91449,24,,,2,20,,91452,24,,,2,20,,91453,24,,,2,60,,91456,24,0,17,2,20,,91458,24,0,17,2,20,,91441,24,0,17,2,60,,91448,24,0,17,2
50102,'1',527,,93075,24,0,30,2,10,,92970,24,0,30,2,10,,92983,24,0,30,2,10,,92965,24,0,30,2,50,,93053,24,0,30,2,10,,92996,24,0,30,2,10,,93025,24,0,30,2,10,,93011,24,0,30,2,10,,93034,24,0,30,2,10,,92953,24,0,30,2,50,,92976,24,0,30,2,10,,93070,24,0,30,2,10,,92971,24,0,30,2,10,,92995,24,0,30,2,10,,92959,24,0,30,2,11,,92989,24,0,30,2,51,,93042,24,0,30,2,11,,92993,24,0,30,2,11,,92988,24,0,30,2,10,,78637,24,0,30,2,10,,92985,24,0,30,2,50,,93072,24,0,30,2,10,,92973,24,0,30,2,10,,93047,24,0,30,2,10,,93031,24,0,30,2,10,,92975,24,0,30,2,10,,93008,24,0,30,2,50,,92963,24,0,30,2,10,,92978,24,0,30,2,10,,92984,24,0,30,2,10,,93028,24,0,30,2,10,,93063,24,0,30,2,10,,92986,24,0,30,2,50,,92994,24,0,30,2,10,,92961,24,0,30,2,10,,93010,24,0,30,2,10,,92954,24,0,30,2,10,,93069,24,0,30,2,10,,93049,24,0,30,2,50,,93062,24,0,30,2,10,,93030,24,0,30,2,10,,92982,24,0,30,2,10,,93035,24,0,30,2,10,,93009,24,0,30,2,10,,92956,24,0,30,2,50,,92992,24,0,30,2,10,,93029,24,0,30,2,10,,93021,24,0,30,2,10,,92998,24,0,30,2,10,,93019,24,0,30,2,10,,92999,24,0,30,2,50,,93060,24,0,30,2,10,,92981,24,0,30,2,10,,93058,24,0,30,2,10,,92977,24,0,30,2,10,,93013,24,0,30,2,10,,93050,24,0,30,2,50,,93066,24,0,30,2,10,,93038,24,0,30,2,10,,92974,24,0,30,2,10,,93074,24,0,30,2,10,,92968,24,0,30,2,10,,93045,24,0,30,2,50,,93044,24,0,30,2,10,,92990,24,0,30,2,10,,92950,24,0,30,2,10,,93005,24,0,30,2,10,,93000,24,0,30,2,10,,93051,24,0,30,2,50,,93007,24,0,30,2,10,,93001,24,0,30,2,10,,92967,24,0,30,2,10,,93057,24,0,17,2,10,,92969,24,0,30,2,10,,93039,24,0,30,2,50,,93014,24,0,30,2,10,,93036,24,0,30,2,10,,92979,24,0,30,2,10,,93073,24,0,30,2,10,,93023,24,0,30,2,10,,93012,24,0,30,2,50,,93048,24,0,30,2,10,,93017,24,0,30,2,10,,93040,24,0,30,2,10,,88247,24,0,30,2,8,,93006,24,0,30,2,10,,93046,24,0,30,2,10,,92966,24,0,30,2,50,,93033,24,0,30,2,10,,93002,24,0,30,2,10,,93068,24,0,30,2,10,,93016,24,0,30,2,10,,93064,24,0,30,2,10,,92951,24,0,30,2,50,,92957,24,0,30,2,10,,93037,24,0,30,2,5,,93052,24,0,17,2,5,,93043,24,0,30,2,10,,93071,24,0,30,2,10,,93054,24,0,30,2,10,,92949,24,0,30,2,50,,92948,24,0,30,2,6,,93067,24,0,30,2,6,,93004,24,0,17,2,9,,87466,24,0,30,2,8,,92987,24,0,30,2,10,,93024,24,0,30,2,10,,93065,24,0,30,2,50,,93041,24,0,30,2,10,,93022,24,0,30,2,10,,93056,24,0,30,2,10,,92955,24,0,30,2,5,,92960,24,0,17,2,5,,93059,24,0,30,2,10,,93015,24,0,30,2,50,,92980,24,0,30,2,10,,93003,24,0,30,2,10,,92997,24,0,30,2,10,,92958,24,0,30,2,10,,93027,24,0,30,2,10,,93020,24,0,30,2
50102,'2',527,,93079,24,0,30,2,9,,93194,24,0,30,2,9,,93082,24,0,30,2,10,,93088,24,0,30,2,50,,93180,24,0,30,2,10,,93111,24,0,30,2,10,,93155,24,0,30,2,10,,93176,24,0,30,2,10,,93161,24,0,30,2,10,,93141,24,0,30,2,50,,93195,24,0,30,2,10,,93139,24,0,30,2,10,,93158,24,0,30,2,10,,93174,24,0,30,2,10,,93199,24,0,30,2,10,,93126,24,0,30,2,51,,93197,24,0,30,2,13,,93136,24,0,30,2,12,,93131,24,0,30,2,12,,93164,24,0,30,2,11,,93149,24,0,30,2,50,,93096,24,0,30,2,10,,93113,24,0,30,2,10,,93102,24,0,30,2,10,,93115,24,0,30,2,10,,93191,24,0,30,2,10,,93146,24,0,30,2,50,,93087,24,0,30,2,10,,93150,24,0,30,2,10,,93184,24,0,30,2,10,,84134,24,0,30,2,10,,93116,24,0,30,2,10,,93123,24,0,30,2,52,,93154,24,0,30,2,10,,93208,24,0,30,2,11,,93167,24,0,30,2,11,,93100,24,0,30,2,9,,93162,24,0,30,2,9,,93076,24,0,30,2,49,,93207,24,0,30,2,9,,93187,24,0,30,2,9,,93186,24,0,30,2,9,,93118,24,0,30,2,9,,93169,24,0,30,2,9,,93094,24,0,30,2,9,,93135,24,0,30,2,49,,93097,24,0,30,2,9,,93098,24,0,30,2,9,,93153,24,0,30,2,9,,93211,24,0,30,2,9,,93099,24,0,30,2,9,,93114,24,0,30,2,49,,93152,24,0,30,2,9,,93165,24,0,30,2,9,,93089,24,0,30,2,9,,93215,24,0,30,2,9,,93202,24,0,30,2,9,,93148,24,0,30,2,9,,93108,24,0,30,2,49,,93179,24,0,30,2,9,,93107,24,0,30,2,9,,93128,24,0,30,2,9,,93125,24,0,30,2,9,,93190,24,0,30,2,9,,93178,24,0,30,2,9,,93206,24,0,30,2,49,,93119,24,0,30,2,9,,93173,24,0,30,2,9,,93080,24,0,30,2,9,,93203,24,0,30,2,9,,93182,24,0,30,2,9,,93142,24,0,30,2,49,,93163,24,0,30,2,9,,93210,24,0,30,2,9,,93117,24,0,30,2,9,,93156,24,0,30,2,9,,93078,24,0,30,2,9,,93151,24,0,30,2,9,,93103,24,0,30,2,49,,93193,24,0,30,2,9,,93181,24,0,30,2,9,,93166,24,0,30,2,9,,93145,24,0,30,2,9,,93212,24,0,30,2,9,,93091,24,0,30,2,9,,93105,24,0,30,2,49,,93090,24,0,30,2,7,,93106,24,0,30,2,9,,93204,24,0,30,2,9,,93214,24,0,30,2,9,,93121,24,0,30,2,10,,93196,24,0,30,2,50,,93185,24,0,30,2,10,,93168,24,0,30,2,5,,93138,24,0,17,2,5,,93132,24,0,30,2,10,,93140,24,0,30,2,10,,93127,24,0,30,2,10,,93083,24,0,30,2,50,,93189,24,0,30,2,10,,93130,24,0,30,2,10,,93143,24,0,30,2,10,,93192,24,0,30,2,10,,93170,24,0,30,2,10,,93093,24,0,30,2,50,,93081,24,0,30,2,10,,93124,24,0,30,2,8,,93077,24,0,30,2,6,,93213,24,0,17,2,8,,93147,24,0,30,2,10,,93160,24,0,30,2,10,,93175,24,0,30,2,50,,93171,24,0,30,2,10,,93200,24,0,30,2,10,,93095,24,0,30,2,10,,93188,24,0,30,2,10,,93086,24,0,30,2,5,,93109,24,0,17,2,5,,93177,24,0,30,2,5,,93159,24,0,17,2,45,,93198,24,0,30,2,10,,93129,24,0,30,2,10,,93092,24,0,30,2,10,,93101,24,0,30,2,12,,93209,24,0,30,2,13,,93110,24,0,30,2,50,,93201,24,0,17,2,3,,82652,24,0,17,2
50102,'3',528,,93230,24,0,30,2,10,,93236,24,0,30,2,10,,93241,24,0,30,2,10,,85143,24,0,30,2,50,,93245,24,0,30,2,10,,93263,24,0,30,2,10,,93271,24,0,30,2,10,,93289,24,0,30,2,10,,93250,24,0,30,2,10,,93240,24,0,30,2,50,,93238,24,0,30,2,10,,93303,24,0,30,2,10,,93329,24,0,30,2,10,,93286,24,0,30,2,10,,93293,24,0,30,2,10,,80294,24,0,30,2,52,,93229,24,0,30,2,11,,93307,24,0,30,2,11,,93256,24,0,30,2,10,,93253,24,0,30,2,10,,93298,24,0,30,2,48,,93220,24,0,30,2,10,,93288,24,0,30,2,10,,93332,24,0,30,2,10,,93269,24,0,30,2,10,,93287,24,0,30,2,10,,93337,24,0,30,2,50,,93314,24,0,30,2,10,,93218,24,0,30,2,10,,93246,24,0,30,2,10,,93216,24,0,30,2,10,,79000,24,0,30,2,10,,93283,24,0,30,2,51,,93290,24,0,30,2,10,,93282,24,0,30,2,11,,93335,24,0,30,2,12,,93233,24,0,30,2,10,,93219,24,0,30,2,10,,93302,24,0,30,2,50,,93313,24,0,30,2,10,,93331,24,0,30,2,10,,93315,24,0,30,2,10,,93223,24,0,30,2,10,,93277,24,0,30,2,10,,93261,24,0,30,2,50,,93226,24,0,30,2,10,,76208,24,0,30,2,10,,93281,24,0,30,2,10,,85003,24,0,30,2,10,,93319,24,0,30,2,10,,93306,24,0,30,2,50,,93292,24,0,30,2,10,,93222,24,0,30,2,10,,84202,24,0,30,2,10,,93328,24,0,30,2,10,,87834,24,0,30,2,10,,93325,24,0,30,2,50,,93234,24,0,30,2,10,,93231,24,0,30,2,10,,93296,24,0,30,2,10,,93242,24,0,30,2,10,,93278,24,0,30,2,10,,93322,24,0,30,2,50,,93221,24,0,30,2,10,,93272,24,0,30,2,10,,93316,24,0,30,2,10,,93235,24,0,30,2,10,,93262,24,0,30,2,10,,93334,24,0,30,2,50,,93299,24,0,30,2,10,,93248,24,0,30,2,10,,93232,24,0,30,2,10,,93285,24,0,30,2,10,,93255,24,0,30,2,10,,93326,24,0,30,2,50,,93340,24,0,30,2,10,,93339,24,0,30,2,10,,93305,24,0,30,2,10,,93318,24,0,30,2,10,,82321,24,0,30,2,10,,93317,24,0,30,2,49,,93304,24,0,30,2,8,,93243,24,0,30,2,8,,93301,24,0,30,2,9,,93258,24,0,30,2,10,,93276,24,0,30,2,10,,93273,24,0,30,2,10,,93260,24,0,30,2,50,,93227,24,0,30,2,10,,93295,24,0,30,2,10,,93237,24,0,30,2,10,,93321,24,0,30,2,6,,93330,24,0,17,2,4,,93249,24,0,30,2,10,,93312,24,0,30,2,50,,93323,24,0,30,2,10,,80255,24,0,30,2,10,,93279,24,0,30,2,10,,93257,24,0,30,2,10,,93265,24,0,30,2,10,,93297,24,0,30,2,50,,93309,24,0,30,2,10,,93267,24,0,30,2,6,,93252,24,0,30,2,10,,93274,24,0,30,2,10,,93225,24,0,30,2,10,,93275,24,0,30,2,50,,93244,24,0,30,2,10,,93217,24,0,30,2,10,,93239,24,0,30,2,10,,93324,24,0,30,2,5,,93294,24,0,17,2,5,,93280,24,0,30,2,10,,93327,24,0,30,2,50,,93336,24,0,30,2,10,,93251,24,0,30,2,10,,93254,24,0,30,2,10,,93300,24,0,30,2,11,,93247,24,0,30,2,12,,93228,24,0,30,2,50,,93268,24,0,17,2,10,,93224,24,0,17,2
50102,'5',528,,93456,24,0,30,2,10,,93349,24,0,30,2,10,,93441,24,0,30,2,10,,93355,24,0,30,2,50,,93362,24,0,30,2,10,,93423,24,0,30,2,10,,93433,24,0,30,2,10,,93412,24,0,30,2,10,,93445,24,0,30,2,10,,93408,24,0,30,2,50,,93378,24,0,30,2,10,,93468,24,0,30,2,10,,93347,24,0,30,2,10,,93466,24,0,30,2,10,,93424,24,0,30,2,10,,93376,24,0,30,2,52,,93414,24,0,30,2,11,,93390,24,0,30,2,11,,93442,24,0,30,2,10,,75492,24,0,30,2,10,,93401,24,0,30,2,48,,93419,24,0,30,2,10,,93461,24,0,30,2,10,,93447,24,0,30,2,10,,93426,24,0,30,2,10,,93377,24,0,30,2,10,,93388,24,0,30,2,50,,93450,24,0,30,2,10,,93346,24,0,30,2,10,,93350,24,0,30,2,10,,93380,24,0,30,2,10,,93363,24,0,30,2,10,,93459,24,0,30,2,51,,93430,24,0,30,2,10,,93439,24,0,30,2,11,,93418,24,0,30,2,12,,93383,24,0,30,2,10,,93431,24,0,30,2,10,,93446,24,0,30,2,50,,93351,24,0,30,2,10,,93404,24,0,30,2,10,,93344,24,0,30,2,10,,93395,24,0,30,2,10,,93449,24,0,30,2,10,,93368,24,0,30,2,50,,93428,24,0,30,2,10,,93405,24,0,30,2,10,,93440,24,0,30,2,10,,93429,24,0,30,2,10,,93397,24,0,30,2,10,,81937,24,0,30,2,50,,93371,24,0,30,2,10,,93400,24,0,30,2,10,,93413,24,0,30,2,10,,93436,24,0,30,2,10,,93415,24,0,30,2,10,,93417,24,0,30,2,50,,93391,24,0,30,2,10,,93372,24,0,30,2,10,,93359,24,0,30,2,10,,93421,24,0,30,2,10,,93354,24,0,30,2,10,,93451,24,0,30,2,50,,93342,24,0,30,2,10,,93345,24,0,30,2,10,,93407,24,0,30,2,10,,93353,24,0,30,2,10,,93385,24,0,30,2,10,,93465,24,0,30,2,50,,93403,24,0,30,2,10,,93370,24,0,30,2,10,,93392,24,0,30,2,10,,93448,24,0,30,2,10,,93406,24,0,30,2,10,,93375,24,0,30,2,50,,93374,24,0,30,2,10,,93464,24,0,30,2,10,,93409,24,0,30,2,10,,93434,24,0,30,2,10,,93394,24,0,30,2,10,,93460,24,0,30,2,49,,93458,24,0,30,2,8,,93437,24,0,30,2,8,,93443,24,0,30,2,9,,93364,24,0,30,2,10,,93396,24,0,30,2,10,,93386,24,0,30,2,10,,93457,24,0,30,2,50,,93422,24,0,30,2,10,,93453,24,0,30,2,10,,93369,24,0,30,2,10,,93343,24,0,30,2,6,,93341,24,0,17,2,4,,93360,24,0,30,2,10,,93452,24,0,30,2,50,,93361,24,0,30,2,10,,93357,24,0,30,2,10,,93382,24,0,30,2,10,,93410,24,0,30,2,10,,93455,24,0,30,2,10,,87990,24,0,30,2,50,,93365,24,0,30,2,10,,93393,24,0,30,2,6,,93398,24,0,30,2,10,,93411,24,0,30,2,10,,93389,24,0,30,2,10,,93463,24,0,30,2,50,,93402,24,0,30,2,10,,93399,24,0,30,2,10,,93427,24,0,30,2,10,,93416,24,0,30,2,5,,93420,24,0,17,2,5,,93462,24,0,30,2,10,,93387,24,0,30,2,50,,93425,24,0,30,2,10,,93373,24,0,30,2,10,,82351,24,0,30,2,10,,93352,24,0,30,2,11,,93444,24,0,30,2,12,,93432,24,0,30,2,50,,93379,24,0,17,2,10,,93435,24,0,17,2
50302,'1',521,,94052,26,0,32 8 19,2,12,,93988,26,0,32 8 19,2,10,,94042,26,0,32 8 19,2,10,,94041,26,0,32 8 19,2,50,,94120,26,0,32 8 19,2,13,,94009,26,0,32 8 19,2,14,,94101,26,0,32 8 19,2,6,,94090,26,0,32 8 19,2,7,,86556,26,0,32 8 19,2,10,,79674,26,0,32 8 19,2,50,,94066,26,0,32 8 19,2,5,,94047,26,0,32 8 19,2,7,,93989,26,0,32 8 19,2,10,,94099,26,0,32 8 19,2,10,,94068,26,0,32 8 19,2,6,,93998,26,0,32 8 19,2,6,,94087,26,0,32 8 19,2,6,,94116,26,0,32 8 19,2,6,,94020,26,0,32 8 19,2,46,,94029,26,0,32 8 19,2,6,,94082,26,0,32 8 19,2,6,,94113,26,0,32 8 19,2,6,,94007,26,0,32 8 19,2,6,,94062,26,0,32 8 19,2,6,,94073,26,0,32 8 19,2,6,,94105,26,0,32 8 19,2,6,,94078,26,0,32 8 19,2,6,,94005,26,0,32 8 19,2,6,,94121,26,0,32 8 19,2,46,,94088,26,0,32 8 19,2,6,,94057,26,0,32 8 19,2,6,,94044,26,0,32 8 19,2,6,,94123,26,0,32 8 19,2,6,,94010,26,0,32 8 19,2,6,,94085,26,0,32 8 19,2,6,,94081,26,0,32 8 19,2,6,,94128,26,0,32 8 19,2,6,,94043,26,0,32 8 19,2,6,,93994,26,0,32 8 19,2,47,,94000,26,0,32 8 19,2,10,,94100,26,0,32 8 19,2,10,,94130,26,0,32 8 19,2,10,,94040,26,0,32 8 19,2,10,,94023,26,0,32 8 19,2,10,,94079,26,0,32 8 19,2,50,,94131,26,0,32 8 19,2,10,,94129,26,0,32 8 19,2,10,,94086,26,0,32 8 19,2,10,,94080,26,0,32 8 19,2,10,,94114,26,0,32 8 19,2,10,,94127,26,0,32 8 19,2,50,,94054,26,0,32 8 19,2,10,,94067,26,0,32 8 19,2,10,,94017,26,0,32 8 19,2,10,,94072,26,0,32 8 19,2,10,,94038,26,0,32 8 19,2,10,,94109,26,0,32 8 19,2,50,,94034,26,0,32 8 19,2,10,,94016,26,0,32 8 19,2,10,,94094,26,0,32 8 19,2,10,,94026,26,0,32 8 19,2,10,,93995,26,0,32 8 19,2,10,,94001,26,0,32 8 19,2,50,,94098,26,0,32 8 19,2,10,,94058,26,0,32 8 19,2,10,,94107,26,0,32 8 19,2,10,,94119,26,0,32 8 19,2,10,,94103,26,0,32 8 19,2,11,,94003,26,0,32 8 19,2,53,,94045,26,0,32 8 19,2,9,,94069,26,0,32 8 19,2,6,,94033,26,0,32 8 19,2,6,,94077,26,0,32 8 19,2,6,,94093,26,0,32 8 19,2,6,,94013,26,0,32 8 19,2,8,,94050,26,0,32 8 19,2,8,,94056,26,0,32 8 19,2,48,,94074,26,0,32 8 19,2,6,,89064,26,0,32 8 19,2,6,,94076,26,0,32 8 19,2,6,,93997,26,0,32 8 19,2,6,,94048,26,0,32 8 19,2,6,,94111,26,0,32 8 19,2,6,,94089,26,0,32 8 19,2,6,,79538,26,0,32 8 19,2,6,,94014,26,0,32 8 19,2,46,,94046,26,0,32 8 19,2,6,,94095,26,0,32 8 19,2,6,,94084,26,0,32 8 19,2,6,,94021,26,0,32 8 19,2,6,,94092,26,0,32 8 19,2,6,,94108,26,0,32 8 19,2,6,,93992,26,0,32 8 19,2,6,,94070,26,0,32 8 19,2,6,,94071,26,0,32 8 19,2,6,,94083,26,0,32 8 19,2,46,,94049,26,0,32 8 19,2,6,,94018,26,0,32 8 19,2,18,,94012,26,0,32 8 19,2,6,,94055,26,0,32 8 19,2,6,,94039,26,0,32 8 19,2,6,,94004,26,0,32 8 19,2,6,,94075,26,0,32 8 19,2,4,,94112,26,0,32 8 19,2,4,,94008,26,0,32 8 19,2,47,,94106,26,0,32 8 19,2,7,,94091,26,0,32 8 19,2,7,,94022,26,0,32 8 19,2,5,,94104,26,0,32 8 19,2,7,,94037,26,0,32 8 19,2,5,,94019,26,0,32 8 19,2,7,,93999,26,0,32 8 19,2,8,,94053,26,0,32 8 19,2,8,,94118,26,0,32 8 19,2,48,,93987,26,0,32 8 19,2,8,,94060,26,0,32 8 19,2,8,,94011,26,0,32 8 19,2,8,,93993,26,0,32 8 19,2,8,,94015,26,0,32 8 19,2,8,,94102,26,0,32 8 19,2,8,,94117,26,0,32 8 19,2,48,,94002,26,0,32 8 19,2,8,,94031,26,0,32 8 19,2,8,,93996,26,0,32 8 19,2,8,,94035,26,0,32 8 19,2,8,,94063,26,0,32 8 19,2,8,,94122,26,0,32 8 19,2,8,,94032,26,0,32 8 19,2,8,,93991,26,0,32 8 19,2,49,,94024,26,0,32 8 19,2,9,,94096,26,0,32 8 19,2,8,,94027,26,0,32 8 19,2,8,,94097,26,0,32 8 19,2,9,,94125,26,0,32 8 19,2,10,,94030,26,0,32 8 19,2,50,,93990,26,0,32 8 19,2,10,,94006,26,0,32 8 19,2,10,,94124,26,0,32 8 19,2,10,,94110,26,0,32 8 19,2,10,,94061,26,0,32 8 19,2,10,,94028,26,0,32 8 19,2,50,,94051,26,0,32 8 19,2,10,,94025,26,0,32 8 19,2,10,,94126,26,0,32 8 19,2,10,,94065,26,0,32 8 19,2,10,,93986,26,0,32 8 19,2,10,,94036,26,0,32 8 19,2,50,,94115,26,0,32 8 19,2,11,,94059,26,0,32 8 19,2,18,,94064,26,0,32 8 19,2
50302,'2',446,,94235,26,0,32 8 19,2,65,,94188,26,0,32 8 19,2,17,,94223,26,0,32 8 19,2,13,,94199,26,0,32 8 19,2,15,,94169,26,0,32 8 19,2,55,,94195,26,0,32 8 19,2,10,,94134,26,0,32 8 19,2,10,,94136,26,0,32 8 19,2,10,,94232,26,0,32 8 19,2,10,,94132,26,0,32 8 19,2,50,,94178,26,0,32 8 19,2,10,,94162,26,0,32 8 19,2,10,,94181,26,0,32 8 19,2,10,,94201,26,0,32 8 19,2,10,,94158,26,0,32 8 19,2,10,,94231,26,0,32 8 19,2,50,,94220,26,0,32 8 19,2,10,,94140,26,0,32 8 19,2,12,,94159,26,0,32 8 19,2,13,,94166,26,0,32 8 19,2,11,,94245,26,0,32 8 19,2,9,,94258,26,0,32 8 19,2,49,,77519,26,0,32 8 19,2,9,,94133,26,0,32 8 19,2,10,,94156,26,0,32 8 19,2,10,,94149,26,0,32 8 19,2,10,,94196,26,0,32 8 19,2,10,,94210,26,0,32 8 19,2,50,,94174,26,0,32 8 19,2,10,,94247,26,0,32 8 19,2,10,,94214,26,0,32 8 19,2,10,,94250,26,0,32 8 19,2,10,,94177,26,0,32 8 19,2,10,,94168,26,0,32 8 19,2,50,,94194,26,0,32 8 19,2,10,,94143,26,0,32 8 19,2,10,,94197,26,0,32 8 19,2,10,,94221,26,0,32 8 19,2,11,,94151,26,0,32 8 19,2,10,,94239,26,0,32 8 19,2,50,,94249,26,0,32 8 19,2,10,,94139,26,0,32 8 19,2,5,,94208,26,0,32 8 19,2,7,,94180,26,0,32 8 19,2,10,,94259,26,0,32 8 19,2,10,,94138,26,0,32 8 19,2,8,,94204,26,0,32 8 19,2,48,,94233,26,0,32 8 19,2,16,,94237,26,0,32 8 19,2,8,,94192,26,0,32 8 19,2,8,,76490,26,0,32 8 19,2,8,,94207,26,0,32 8 19,2,8,,94228,26,0,32 8 19,2,8,,94248,26,0,32 8 19,2,48,,94256,26,0,32 8 19,2,8,,94191,26,0,32 8 19,2,8,,94209,26,0,32 8 19,2,8,,94179,26,0,32 8 19,2,8,,94167,26,0,32 8 19,2,8,,94226,26,0,32 8 19,2,8,,94243,26,0,32 8 19,2,48,,94182,26,0,32 8 19,2,8,,94165,26,0,32 8 19,2,8,,94153,26,0,32 8 19,2,8,,94148,26,0,32 8 19,2,8,,94155,26,0,32 8 19,2,8,,94224,26,0,32 8 19,2,8,,94175,26,0,32 8 19,2,8,,94154,26,0,32 8 19,2,48,,94183,26,0,32 8 19,2,8,,94184,26,0,32 8 19,2,8,,94255,26,0,32 8 19,2,8,,94225,26,0,32 8 19,2,8,,94164,26,0,32 8 19,2,8,,94227,26,0,32 8 19,2,8,,94203,26,0,32 8 19,2,48,,94213,26,0,32 8 19,2,8,,94157,26,0,32 8 19,2,8,,94163,26,0,32 8 19,2,8,,94219,26,0,32 8 19,2,8,,94150,26,0,32 8 19,2,8,,94251,26,0,32 8 19,2,8,,94222,26,0,32 8 19,2,8,,94137,26,0,32 8 19,2,48,,94173,26,0,32 8 19,2,8,,94257,26,0,32 8 19,2,16,,94170,26,0,32 8 19,2,8,,94261,26,0,32 8 19,2,8,,94200,26,0,32 8 19,2,8,,94186,26,0,32 8 19,2,49,,94202,26,0,32 8 19,2,9,,94253,26,0,32 8 19,2,9,,94142,26,0,32 8 19,2,9,,94234,26,0,32 8 19,2,9,,94135,26,0,32 8 19,2,9,,94205,26,0,32 8 19,2,10,,94218,26,0,32 8 19,2,50,,94236,26,0,32 8 19,2,10,,94176,26,0,32 8 19,2,10,,94141,26,0,32 8 19,2,10,,79964,26,0,32 8 19,2,10,,94260,26,0,32 8 19,2,10,,94187,26,0,32 8 19,2,50,,94229,26,0,32 8 19,2,10,,94160,26,0,32 8 19,2,10,,94189,26,0,32 8 19,2,10,,94147,26,0,32 8 19,2,10,,94172,26,0,32 8 19,2,10,,94242,26,0,32 8 19,2,50,,94185,26,0,32 8 19,2,11,,94146,26,0,32 8 19,2,10,,94161,26,0,32 8 19,2,9,,94254,26,0,32 8 19,2,10,,94216,26,0,32 8 19,2,10,,94244,26,0,32 8 19,2,50,,94252,26,0,32 8 19,2,10,,94238,26,0,32 8 19,2,10,,94206,26,0,32 8 19,2,10,,94171,26,0,32 8 19,2,10,,94190,26,0,32 8 19,2,10,,94230,26,0,32 8 19,2,50,,94240,26,0,32 8 19,2,10,,94144,26,0,32 8 19,2,10,,94193,26,0,32 8 19,2,10,,94241,26,0,32 8 19,2,10,,94152,26,0,32 8 19,2,10,,94198,26,0,32 8 19,2,50,,94145,26,0,32 8 19,2,10,,94246,26,0,32 8 19,2,10,,94215,26,0,32 8 19,2,10,,94262,26,0,32 8 19,2,10,,94217,26,0,32 8 19,2,8,,94211,26,0,32 8 19,2,48,,94212,26,0,32 8 19,2
50302,'3',514,,94286,26,0,32 8 19,2,21,,94346,26,0,32 8 19,2,20,,94294,26,0,32 8 19,2,60,,94324,26,0,32 8 19,2,20,,80283,26,0,32 8 19,2,10,,94360,26,0,32 8 19,2,10,,94358,26,0,32 8 19,2,50,,94289,26,0,32 8 19,2,10,,94316,26,0,32 8 19,2,10,,94287,26,0,32 8 19,2,10,,94359,26,0,32 8 19,2,10,,94342,26,0,32 8 19,2,10,,94370,26,0,32 8 19,2,52,,94306,26,0,32 8 19,2,13,,94355,26,0,32 8 19,2,12,,94296,26,0,32 8 19,2,11,,94335,26,0,32 8 19,2,9,,94268,26,0,32 8 19,2,48,,94269,26,0,32 8 19,2,8,,94277,26,0,32 8 19,2,10,,94323,26,0,32 8 19,2,10,,94366,26,0,32 8 19,2,10,,94276,26,0,32 8 19,2,10,,75434,26,0,32 8 19,2,10,,94339,26,0,32 8 19,2,50,,94350,26,0,32 8 19,2,10,,94308,26,0,32 8 19,2,10,,94275,26,0,32 8 19,2,10,,94353,26,0,32 8 19,2,10,,94352,26,0,32 8 19,2,10,,94301,26,0,32 8 19,2,50,,94376,26,0,32 8 19,2,10,,94272,26,0,32 8 19,2,10,,94321,26,0,32 8 19,2,10,,94364,26,0,32 8 19,2,10,,94263,26,0,32 8 19,2,10,,94329,26,0,32 8 19,2,50,,94283,26,0,32 8 19,2,9,,94291,26,0,32 8 19,2,9,,94303,26,0,32 8 19,2,11,,94373,26,0,32 8 19,2,9,,94327,26,0,32 8 19,2,9,,80244,26,0,32 8 19,2,50,,94305,26,0,32 8 19,2,10,,94266,26,0,32 8 19,2,10,,94363,26,0,32 8 19,2,10,,94348,26,0,32 8 19,2,10,,94313,26,0,32 8 19,2,10,,94297,26,0,32 8 19,2,50,,94300,26,0,32 8 19,2,10,,94341,26,0,32 8 19,2,10,,94331,26,0,32 8 19,2,10,,94336,26,0,32 8 19,2,10,,94338,26,0,32 8 19,2,10,,94340,26,0,32 8 19,2,50,,94278,26,0,32 8 19,2,10,,94343,26,0,32 8 19,2,10,,94375,26,0,32 8 19,2,10,,94362,26,0,32 8 19,2,10,,94288,26,0,32 8 19,2,10,,94298,26,0,32 8 19,2,50,,94337,26,0,32 8 19,2,10,,94334,26,0,32 8 19,2,10,,94267,26,0,32 8 19,2,10,,94332,26,0,32 8 19,2,10,,94328,26,0,32 8 19,2,10,,94281,26,0,32 8 19,2,50,,94304,26,0,32 8 19,2,10,,94292,26,0,32 8 19,2,10,,94368,26,0,32 8 19,2,10,,94295,26,0,32 8 19,2,10,,85132,26,0,32 8 19,2,10,,94369,26,0,32 8 19,2,50,,94318,26,0,32 8 19,2,10,,94326,26,0,32 8 19,2,10,,94361,26,0,32 8 19,2,10,,94357,26,0,32 8 19,2,20,,94345,26,0,32 8 19,2,50,,94293,26,0,32 8 19,2,10,,94284,26,0,32 8 19,2,11,,94265,26,0,32 8 19,2,10,,94319,26,0,32 8 19,2,12,,94290,26,0,32 8 19,2,10,,94309,26,0,32 8 19,2,50,,94307,26,0,32 8 19,2,10,,94280,26,0,32 8 19,2,10,,94330,26,0,32 8 19,2,10,,94302,26,0,32 8 19,2,10,,94354,26,0,32 8 19,2,10,,67251,26,0,32 8 19,2,50,,94317,26,0,32 8 19,2,10,,94314,26,0,32 8 19,2,10,,82258,26,0,32 8 19,2,10,,94365,26,0,32 8 19,2,10,,94372,26,0,32 8 19,2,10,,94274,26,0,32 8 19,2,50,,94349,26,0,32 8 19,2,10,,94285,26,0,32 8 19,2,11,,94367,26,0,32 8 19,2,10,,94270,26,0,32 8 19,2,6,,94356,26,0,32 8 19,2,10,,94371,26,0,32 8 19,2,50,,94282,26,0,32 8 19,2,10,,94333,26,0,32 8 19,2,10,,94299,26,0,32 8 19,2,10,,94279,26,0,32 8 19,2,10,,94374,26,0,32 8 19,2,10,,94311,26,0,32 8 19,2,50,,94310,26,0,32 8 19,2,10,,94351,26,0,32 8 19,2,10,,94315,26,0,32 8 19,2,10,,87007,26,0,32 8 19,2,10,,94312,26,0,32 8 19,2,10,,94322,26,0,32 8 19,2,50,,94347,26,0,32 8 19,2,12,,94320,26,0,32 8 19,2,8,,94344,26,0,32 8 19,2,10,,94273,26,0,32 8 19,2,10,,94325,26,0,32 8 19,2,13,,94271,26,0,32 8 19,2,54,,94264,26,0,32 8 19,2
50302,'5',514,,94492,26,0,32 8 19,2,21,,94378,26,0,32 8 19,2,20,,94422,26,0,32 8 19,2,60,,94379,26,0,32 8 19,2,20,,94484,26,0,32 8 19,2,10,,94488,26,0,32 8 19,2,10,,94377,26,0,32 8 19,2,50,,94397,26,0,32 8 19,2,10,,94472,26,0,32 8 19,2,10,,94412,26,0,32 8 19,2,10,,94409,26,0,32 8 19,2,10,,94450,26,0,32 8 19,2,10,,94407,26,0,32 8 19,2,52,,94477,26,0,32 8 19,2,13,,94404,26,0,32 8 19,2,12,,94427,26,0,32 8 19,2,11,,94402,26,0,32 8 19,2,9,,94475,26,0,32 8 19,2,48,,94444,26,0,32 8 19,2,8,,94480,26,0,32 8 19,2,10,,94494,26,0,32 8 19,2,10,,94390,26,0,32 8 19,2,10,,94413,26,0,32 8 19,2,10,,94451,26,0,32 8 19,2,10,,94446,26,0,32 8 19,2,50,,94401,26,0,32 8 19,2,10,,94386,26,0,32 8 19,2,10,,87277,26,0,32 8 19,2,10,,94447,26,0,32 8 19,2,10,,94489,26,0,32 8 19,2,10,,94388,26,0,32 8 19,2,50,,94430,26,0,32 8 19,2,10,,94405,26,0,32 8 19,2,10,,94433,26,0,32 8 19,2,10,,94460,26,0,32 8 19,2,10,,94497,26,0,32 8 19,2,10,,94439,26,0,32 8 19,2,50,,94429,26,0,32 8 19,2,9,,94396,26,0,32 8 19,2,9,,94417,26,0,32 8 19,2,11,,94399,26,0,32 8 19,2,9,,94414,26,0,32 8 19,2,9,,94465,26,0,32 8 19,2,50,,94432,26,0,32 8 19,2,10,,94392,26,0,32 8 19,2,10,,94464,26,0,32 8 19,2,10,,94495,26,0,32 8 19,2,10,,94381,26,0,32 8 19,2,10,,94481,26,0,32 8 19,2,50,,94385,26,0,32 8 19,2,10,,94435,26,0,32 8 19,2,10,,94462,26,0,32 8 19,2,10,,94426,26,0,32 8 19,2,10,,94420,26,0,32 8 19,2,10,,94408,26,0,32 8 19,2,50,,94483,26,0,32 8 19,2,10,,94387,26,0,32 8 19,2,10,,94487,26,0,32 8 19,2,10,,94456,26,0,32 8 19,2,10,,94459,26,0,32 8 19,2,10,,94453,26,0,32 8 19,2,50,,94419,26,0,32 8 19,2,10,,94469,26,0,32 8 19,2,10,,94470,26,0,32 8 19,2,10,,94406,26,0,32 8 19,2,10,,94455,26,0,32 8 19,2,10,,94431,26,0,32 8 19,2,50,,94418,26,0,32 8 19,2,10,,94434,26,0,32 8 19,2,10,,94416,26,0,32 8 19,2,10,,94479,26,0,32 8 19,2,10,,94457,26,0,32 8 19,2,10,,94380,26,0,32 8 19,2,50,,94384,26,0,32 8 19,2,10,,94478,26,0,32 8 19,2,10,,94398,26,0,32 8 19,2,10,,94496,26,0,32 8 19,2,10,,94476,26,0,32 8 19,2,10,,94491,26,0,32 8 19,2,50,,94440,26,0,32 8 19,2,10,,94463,26,0,32 8 19,2,11,,94443,26,0,32 8 19,2,10,,94423,26,0,32 8 19,2,12,,94490,26,0,32 8 19,2,10,,94421,26,0,32 8 19,2,50,,94415,26,0,32 8 19,2,10,,94458,26,0,32 8 19,2,10,,94437,26,0,32 8 19,2,10,,94474,26,0,32 8 19,2,10,,94428,26,0,32 8 19,2,10,,94438,26,0,32 8 19,2,50,,94467,26,0,32 8 19,2,10,,94452,26,0,32 8 19,2,10,,94466,26,0,32 8 19,2,10,,94485,26,0,32 8 19,2,10,,94493,26,0,32 8 19,2,10,,94454,26,0,32 8 19,2,50,,94471,26,0,32 8 19,2,10,,94411,26,0,32 8 19,2,11,,94400,26,0,32 8 19,2,10,,94403,26,0,32 8 19,2,6,,94473,26,0,32 8 19,2,10,,94424,26,0,32 8 19,2,50,,94410,26,0,32 8 19,2,10,,94448,26,0,32 8 19,2,10,,94436,26,0,32 8 19,2,10,,94393,26,0,32 8 19,2,10,,94395,26,0,32 8 19,2,10,,94445,26,0,32 8 19,2,50,,94389,26,0,32 8 19,2,10,,94383,26,0,32 8 19,2,10,,94442,26,0,32 8 19,2,10,,94468,26,0,32 8 19,2,10,,94425,26,0,32 8 19,2,10,,94461,26,0,32 8 19,2,50,,94486,26,0,32 8 19,2,12,,94382,26,0,32 8 19,2,8,,94482,26,0,32 8 19,2,10,,94391,26,0,32 8 19,2,10,,94394,26,0,32 8 19,2,13,,94449,26,0,32 8 19,2,54,,94441,26,0,32 8 19,2
