30102,'1',2610,,91350,19,0,47 22 23,2,30,,91376,19,0,47 22 23,2,70,,91366,19,0,47 22 23,2,30,,91378,19,0,47 22 23,2,70,,91356,19,0,47 22 23,2,31,,91374,19,,,2,70,,91363,19,,,2,30,,91361,19,,,2
30102,'2',2615,,91396,19,0,47 22 23,2,30,,91382,19,0,47 22 23,2,70,,91389,19,0,47 22 23,2,30,,91398,19,0,47 22 23,2,70,,91380,19,0,47 22 23,2,31,,91392,19,,,2,70,,91379,19,,,2,30,,91393,19,,,2
30102,'3',2605,,91413,19,0,47 22 23,2,30,,91428,19,0,47 22 23,2,70,,91430,19,0,47 22 23,2,30,,91427,19,0,47 22 23,2,70,,91425,19,0,47 22 23,2,30,,91416,19,0,47 22 23,2,71,,91414,19,,,2,30,,91421,19,,,2
30102,'5',2605,,91445,19,0,47 22 23,2,30,,91446,19,0,47 22 23,2,70,,91437,19,0,47 22 23,2,30,,91461,19,0,47 22 23,2,70,,91454,19,0,47 22 23,2,30,,91450,19,0,47 22 23,2,71,,91447,19,,,2,30,,91436,19,,,2
50701,'1',907,,99957,4,0,49,2,999,,99923,4,0,49,2,27,,99866,4,0,49,2,298,,99892,4,0,49,2,213,,99948,4,0,49,2,60,,99864,4,0,49,2
50701,'2',1914,,100102,4,0,49,2,586,,100108,4,0,49,2,21,,100113,4,0,49,2
50701,'3',2433,,100360,4,0,49,2
50701,'5',2433,,100445,4,0,49,2
50702,'1',443,,100616,4,0,22 23,2,11,,100701,4,0,22 23,2,50,,100696,4,0,22 23,2,4,,100785,3,0,50 51 52,2,6,,100768,4,0,22 23,2,10,,100631,4,0,22 23,2,9,,100719,3,0,50 51 52,2,1,,100623,4,0,22 23,2,10,,100604,4,0,22 23,2,10,,100662,4,0,22 23,2,4,,100611,3,0,50 51 52,2,46,,100619,4,0,22 23,2,10,,100664,4,0,22 23,2,9,,100630,3,0,50 51 52,2,1,,88188,4,0,22 23,2,10,,100601,4,0,22 23,2,12,,100734,4,0,22 23,2,2,,100675,3,0,50 51 52,2,6,,100752,4,0,22 23,2,46,,100594,4,0,22 23,2,7,,100632,4,0,22 23,2,7,,100614,4,0,22 23,2,3,,100798,3,0,50 51 52,2,4,,100715,4,0,22 23,2,7,,100640,4,0,22 23,2,4,,100776,3,0,50 51 52,2,3,,100610,4,0,22 23,2,7,,100724,4,0,22 23,2,5,,100772,3,0,50 51 52,2,2,,100687,4,0,22 23,2,7,,100721,4,0,22 23,2,46,,100607,3,0,50 51 52,2,1,,100774,4,0,22 23,2,7,,100758,4,0,22 23,2,7,,100674,3,0,50 51 52,2,0,,100723,4,0,22 23,2,7,,100769,4,0,22 23,2,7,,100666,4,0,22 23,2,1,,100689,3,0,50 51 52,2,6,,100669,4,0,22 23,2,7,,100655,4,0,22 23,2,2,,100649,3,0,50 51 52,2,7,,100645,4,0,22 23,2,5,,100625,3,0,50 51 52,2,44,,100644,4,0,22 23,2,8,,100761,4,0,22 23,2,1,,100707,3,0,50 51 52,2,7,,100763,4,0,22 23,2,8,,100796,4,0,22 23,2,8,,100766,4,0,22 23,2,2,,100676,3,0,50 51 52,2,6,,100612,4,0,22 23,2,8,,100620,4,0,22 23,2,8,,100600,4,0,22 23,2,43,,100634,3,0,50 51 52,2,5,,100760,4,0,22 23,2,8,,100755,4,0,22 23,2,8,,100765,4,0,22 23,2,4,,100756,3,0,50 51 52,2,4,,100658,4,0,22 23,2,8,,100698,4,0,22 23,2,8,,100660,4,0,22 23,2,5,,100797,3,0,50 51 52,2,3,,100667,4,0,22 23,2,48,,100747,4,0,22 23,2,8,,100685,4,0,22 23,2,6,,100775,3,0,50 51 52,2,2,,100744,4,0,22 23,2,8,,100671,4,0,22 23,2,8,,100708,4,0,22 23,2,7,,100621,3,0,50 51 52,2,1,,100683,4,0,22 23,2,8,,100647,4,0,22 23,2,8,,100718,4,0,22 23,2,48,,100771,3,0,50 51 52,2,0,,100626,4,0,22 23,2,8,,100733,4,0,22 23,2,8,,100762,4,0,22 23,2,8,,100673,4,0,22 23,2,1,,100793,3,0,50 51 52,2,7,,100633,4,0,22 23,2,8,,100679,4,0,22 23,2,8,,100751,4,0,22 23,2,2,,100598,3,0,50 51 52,2,46,,100745,4,0,22 23,2,8,,100725,4,0,22 23,2,8,,89087,4,0,22 23,2,3,,100786,3,0,50 51 52,2,5,,100787,4,0,22 23,2,8,,100781,4,0,22 23,2,8,,100599,4,0,22 23,2,4,,100661,3,0,50 51 52,2,4,,100605,4,0,22 23,2,8,,100783,4,0,22 23,2,48,,81440,4,0,22 23,2,5,,100712,3,0,50 51 52,2,3,,100759,4,0,22 23,2,8,,79766,4,0,22 23,2,8,,100684,4,0,22 23,2,6,,100731,3,0,50 51 52,2,2,,100743,4,0,22 23,2,8,,100711,4,0,22 23,2,8,,100700,4,0,22 23,2,47,,100764,3,0,50 51 52,2,1,,100773,4,0,22 23,2,4,,100741,4,0,22 23,2,7,,100794,4,0,22 23,2,7,,100717,3,0,50 51 52,2,0,,100672,4,0,22 23,2,7,,100648,4,0,22 23,2,7,,100720,4,0,22 23,2,1,,100739,3,0,50 51 52,2,6,,100606,4,0,22 23,2,7,,100703,4,0,22 23,2,2,,100659,3,0,50 51 52,2,5,,100639,4,0,22 23,2,47,,100653,4,0,22 23,2,3,,100602,3,0,50 51 52,2,4,,100704,4,0,22 23,2,7,,100691,4,0,22 23,2,4,,100627,3,0,50 51 52,2,3,,100757,4,0,22 23,2,7,,100705,4,0,22 23,2,5,,100663,3,0,50 51 52,2,2,,100638,4,0,22 23,2,7,,100686,4,0,22 23,2,6,,82020,3,0,50 51 52,2,1,,100722,4,0,22 23,2,7,,100788,4,0,22 23,2,47,,100608,3,0,50 51 52,2,0,,100791,4,0,22 23,2,7,,100697,4,0,22 23,2,7,,100727,4,0,22 23,2,1,,100706,3,0,50 51 52,2,6,,100657,4,0,22 23,2,7,,100710,4,0,22 23,2,2,,100629,3,0,50 51 52,2,5,,100652,4,0,22 23,2,7,,100767,4,0,22 23,2,3,,100736,3,0,50 51 52,2,4,,100690,4,0,22 23,2,47,,100670,4,0,22 23,2,4,,100682,3,0,50 51 52,2,3,,89208,4,0,22 23,2,7,,100595,4,0,22 23,2,5,,100795,3,0,50 51 52,2,2,,100748,4,0,22 23,2,7,,100681,4,0,22 23,2,6,,100770,3,0,50 51 52,2,1,,100694,4,0,22 23,2,7,,100668,4,0,22 23,2,9,,100692,4,0,22 23,2,48,,100656,3,0,50 51 52,2,1,,100617,4,0,22 23,2,9,,100792,4,0,22 23,2,9,,100714,4,0,22 23,2,7,,100782,3,0,50 51 52,2,2,,100728,4,0,22 23,2,9,,100680,4,0,22 23,2,9,,100790,4,0,22 23,2,5,,100641,3,0,50 51 52,2,4,,100800,4,0,22 23,2,49,,100646,4,0,22 23,2,9,,100597,4,0,22 23,2,3,,100726,3,0,50 51 52,2,6,,100678,4,0,22 23,2,9,,100613,4,0,22 23,2,9,,100642,4,0,22 23,2,1,,100737,3,0,50 51 52,2,8,,100622,4,0,22 23,2,9,,100636,4,0,22 23,2,48,,100618,3,0,50 51 52,2,1,,100637,4,0,22 23,2,9,,100749,4,0,22 23,2,9,,100753,4,0,22 23,2,6,,100784,3,0,50 51 52,2,3,,100750,4,0,22 23,2,9,,100695,4,0,22 23,2,9,,100754,4,0,22 23,2,1,,100732,3,0,50 51 52,2,48,,100628,4,0,22 23,2,14,,100780,3,0,50 51 52,2,0,,100603,4,0,22 23,2,10,,100635,4,0,22 23,2,10,,100609,4,0,22 23,2,2,,100693,3,0,50 51 52,2,8,,100654,4,0,22 23,2,10,,100746,4,0,22 23,2,44,,100624,3,0,50 51 52,2,6,,100789,4,0,22 23,2,10,,100742,4,0,22 23,2,6,,100777,3,0,50 51 52,2,4,,100709,4,0,22 23,2,10,,100779,4,0,22 23,2,8,,100643,3,0,50 51 52,2,2,,100596,4,0,22 23,2,10,,100740,4,0,22 23,2,50,,81359,3,0,50 51 52,2,0,,100713,4,0,22 23,2,10,,100730,4,0,22 23,2,12,,100735,4,0,22 23,2,1,,100688,3,0,50 51 52,2,11,,100729,4,0,22 23,2,15,,100677,4,0,22 23,2,60,,100699,4,0,22 23,2,25,,100651,4,0,22 23,2
50702,'2',439,,100870,4,0,22 23,2,10,,100923,4,0,22 23,2,7,,100877,3,0,50 51 52,2,3,,100977,4,0,22 23,2,50,,100804,4,0,22 23,2,10,,100919,4,0,22 23,2,2,,100815,3,0,50 51 52,2,8,,100872,4,0,22 23,2,10,,100893,4,0,22 23,2,7,,100820,3,0,50 51 52,2,3,,100924,4,0,22 23,2,10,,100873,4,0,22 23,2,50,,100827,4,0,22 23,2,2,,100942,3,0,50 51 52,2,8,,100948,4,0,22 23,2,10,,86668,4,0,22 23,2,7,,100912,3,0,50 51 52,2,3,,100812,4,0,22 23,2,10,,100869,4,0,22 23,2,10,,100915,4,0,22 23,2,42,,100895,3,0,50 51 52,2,8,,100910,4,0,22 23,2,10,,100982,4,0,22 23,2,7,,100805,3,0,50 51 52,2,3,,100868,4,0,22 23,2,10,,100854,4,0,22 23,2,10,,100908,4,0,22 23,2,2,,100916,3,0,50 51 52,2,7,,100958,4,0,22 23,2,50,,100892,4,0,22 23,2,5,,77474,3,0,50 51 52,2,7,,100933,4,0,22 23,2,11,,100902,4,0,22 23,2,7,,100944,3,0,50 51 52,2,2,,100851,4,0,22 23,2,9,,100951,4,0,22 23,2,9,,79897,4,0,22 23,2,45,,100969,3,0,50 51 52,2,4,,100955,4,0,22 23,2,9,,100874,4,0,22 23,2,9,,100917,4,0,22 23,2,3,,100920,3,0,50 51 52,2,6,,100904,4,0,22 23,2,9,,100952,4,0,22 23,2,9,,100833,4,0,22 23,2,1,,100926,3,0,50 51 52,2,48,,100891,4,0,22 23,2,9,,100866,4,0,22 23,2,8,,100921,3,0,50 51 52,2,1,,100929,4,0,22 23,2,9,,100828,4,0,22 23,2,9,,100836,4,0,22 23,2,6,,100983,3,0,50 51 52,2,3,,100970,4,0,22 23,2,9,,100871,4,0,22 23,2,49,,100964,4,0,22 23,2,4,,100979,3,0,50 51 52,2,5,,100974,4,0,22 23,2,9,,100809,4,0,22 23,2,9,,100972,4,0,22 23,2,2,,100956,3,0,50 51 52,2,7,,100818,4,0,22 23,2,9,,100807,4,0,22 23,2,9,,100823,3,0,50 51 52,2,1,,100939,4,0,22 23,2,50,,100971,4,0,22 23,2,8,,100918,4,0,22 23,2,6,,100896,3,0,50 51 52,2,2,,100882,4,0,22 23,2,8,,100879,4,0,22 23,2,8,,100962,4,0,22 23,2,7,,100824,3,0,50 51 52,2,1,,100887,4,0,22 23,2,8,,100813,4,0,22 23,2,48,,100928,4,0,22 23,2,8,,100875,3,0,50 51 52,2,0,,100937,4,0,22 23,2,8,,100806,4,0,22 23,2,8,,100843,4,0,22 23,2,8,,100927,4,0,22 23,2,1,,100834,3,0,50 51 52,2,7,,100938,4,0,22 23,2,8,,100907,4,0,22 23,2,48,,100976,4,0,22 23,2,2,,100903,3,0,50 51 52,2,6,,100862,4,0,22 23,2,8,,100808,4,0,22 23,2,8,,100980,4,0,22 23,2,3,,100850,3,0,50 51 52,2,5,,100814,4,0,22 23,2,8,,100965,4,0,22 23,2,8,,100905,4,0,22 23,2,4,,100943,3,0,50 51 52,2,4,,78028,4,0,22 23,2,48,,100829,4,0,22 23,2,8,,100898,4,0,22 23,2,5,,69963,3,0,50 51 52,2,3,,100863,4,0,22 23,2,8,,100841,4,0,22 23,2,8,,100865,4,0,22 23,2,6,,100825,3,0,50 51 52,2,2,,100936,4,0,22 23,2,8,,100925,4,0,22 23,2,48,,100860,4,0,22 23,2,7,,100849,3,0,50 51 52,2,1,,100832,4,0,22 23,2,8,,100835,4,0,22 23,2,8,,100831,4,0,22 23,2,8,,100837,3,0,50 51 52,2,0,,100950,4,0,22 23,2,8,,100931,4,0,22 23,2,8,,100822,4,0,22 23,2,8,,100844,4,0,22 23,2,1,,100803,3,0,50 51 52,2,47,,100857,4,0,22 23,2,8,,100897,4,0,22 23,2,8,,100953,4,0,22 23,2,2,,100966,3,0,50 51 52,2,6,,100861,4,0,22 23,2,8,,100884,4,0,22 23,2,8,,100864,4,0,22 23,2,3,,100801,3,0,50 51 52,2,5,,100946,4,0,22 23,2,48,,100848,4,0,22 23,2,8,,100945,4,0,22 23,2,4,,100934,3,0,50 51 52,2,4,,100959,4,0,22 23,2,8,,100816,4,0,22 23,2,8,,100957,4,0,22 23,2,5,,100941,3,0,50 51 52,2,3,,100880,4,0,22 23,2,8,,100949,4,0,22 23,2,10,,100922,4,0,22 23,2,45,,100906,3,0,50 51 52,2,5,,100961,4,0,22 23,2,10,,100967,4,0,22 23,2,9,,100838,4,0,22 23,2,1,,100960,3,0,50 51 52,2,8,,100930,4,0,22 23,2,9,,100973,4,0,22 23,2,8,,100978,3,0,50 51 52,2,1,,100911,4,0,22 23,2,49,,100984,4,0,22 23,2,9,,100876,4,0,22 23,2,6,,100940,3,0,50 51 52,2,3,,100894,4,0,22 23,2,9,,100968,4,0,22 23,2,9,,100914,4,0,22 23,2,4,,100889,3,0,50 51 52,2,5,,100986,4,0,22 23,2,9,,100826,4,0,22 23,2,49,,100830,4,0,22 23,2,2,,100802,3,0,50 51 52,2,7,,100985,4,0,22 23,2,9,,100890,4,0,22 23,2,9,,100901,3,0,50 51 52,2,0,,100847,4,0,22 23,2,9,,100867,4,0,22 23,2,9,,100846,4,0,22 23,2,7,,100981,3,0,50 51 52,2,42,,100853,4,0,22 23,2,7,,100954,4,0,22 23,2,10,,100817,4,0,22 23,2,6,,100932,3,0,50 51 52,2,4,,100821,4,0,22 23,2,10,,100881,4,0,22 23,2,10,,100858,4,0,22 23,2,1,,100900,3,0,50 51 52,2,9,,100885,4,0,22 23,2,50,,100947,4,0,22 23,2,6,,100819,3,0,50 51 52,2,4,,100859,4,0,22 23,2,10,,100856,4,0,22 23,2,10,,100909,4,0,22 23,2,1,,100975,3,0,50 51 52,2,9,,100963,4,0,22 23,2,10,,100855,4,0,22 23,2,46,,100839,3,0,50 51 52,2,4,,100810,4,0,22 23,2,10,,100840,4,0,22 23,2,10,,100852,4,0,22 23,2,1,,100811,3,0,50 51 52,2,11,,100886,4,0,22 23,2,14,,100987,3,0,50 51 52,2,1,,100883,4,0,22 23,2,60,,100878,4,0,22 23,2,30,,100899,4,0,22 23,2
50702,'3',435,,101007,4,0,22 23,2,8,,101050,4,0,22 23,2,3,,101110,3,0,50 51 52,2,6,,101137,4,0,22 23,2,50,,101154,4,0,22 23,2,4,,101141,3,0,50 51 52,2,6,,101059,4,0,22 23,2,10,,101068,4,0,22 23,2,4,,101151,3,0,50 51 52,2,6,,101100,4,0,22 23,2,10,,101160,4,0,22 23,2,4,,101094,3,0,50 51 52,2,6,,100999,4,0,22 23,2,50,,101070,4,0,22 23,2,4,,101035,3,0,50 51 52,2,6,,101127,4,0,22 23,2,10,,101026,4,0,22 23,2,4,,101006,3,0,50 51 52,2,6,,101046,4,0,22 23,2,10,,101014,4,0,22 23,2,4,,101083,3,0,50 51 52,2,6,,101107,4,0,22 23,2,50,,101092,4,0,22 23,2,4,,101087,3,0,50 51 52,2,6,,100995,4,0,22 23,2,10,,101081,4,0,22 23,2,4,,101145,3,0,50 51 52,2,6,,77636,4,0,22 23,2,10,,101016,4,0,22 23,2,4,,101037,3,0,50 51 52,2,6,,101053,4,0,22 23,2,50,,101165,4,0,22 23,2,4,,101131,3,0,50 51 52,2,6,,101121,4,0,22 23,2,14,,101045,3,0,50 51 52,2,1,,101112,4,0,22 23,2,10,,101031,4,0,22 23,2,9,,101125,3,0,50 51 52,2,1,,101111,4,0,22 23,2,10,,101004,4,0,22 23,2,49,,101170,3,0,50 51 52,2,1,,101148,4,0,22 23,2,10,,101136,4,0,22 23,2,10,,101132,4,0,22 23,2,1,,101030,3,0,50 51 52,2,9,,101064,4,0,22 23,2,10,,101008,4,0,22 23,2,3,,101164,3,0,50 51 52,2,7,,101085,4,0,22 23,2,50,,101062,4,0,22 23,2,5,,101012,3,0,50 51 52,2,5,,101042,4,0,22 23,2,10,,101128,4,0,22 23,2,7,,76139,3,0,50 51 52,2,3,,100992,4,0,22 23,2,10,,101020,4,0,22 23,2,9,,101129,3,0,50 51 52,2,1,,101156,4,0,22 23,2,50,,101065,4,0,22 23,2,10,,101166,4,0,22 23,2,1,,101015,3,0,50 51 52,2,9,,101009,4,0,22 23,2,10,,101017,4,0,22 23,2,3,,101109,3,0,50 51 52,2,7,,101074,4,0,22 23,2,10,,101044,4,0,22 23,2,48,,100996,3,0,50 51 52,2,1,,101155,4,0,22 23,2,8,,100991,4,0,22 23,2,8,,101133,4,0,22 23,2,8,,101072,3,0,50 51 52,2,0,,101157,4,0,22 23,2,9,,101149,4,0,22 23,2,9,,101105,4,0,22 23,2,7,,101090,3,0,50 51 52,2,2,,101124,4,0,22 23,2,49,,101144,4,0,22 23,2,9,,101159,4,0,22 23,2,5,,101073,3,0,50 51 52,2,4,,100993,4,0,22 23,2,9,,101102,4,0,22 23,2,9,,101118,4,0,22 23,2,3,,100994,3,0,50 51 52,2,6,,101029,4,0,22 23,2,49,,89586,4,0,22 23,2,9,,101114,4,0,22 23,2,1,,101140,3,0,50 51 52,2,8,,101142,4,0,22 23,2,9,,80189,4,0,22 23,2,8,,101158,3,0,50 51 52,2,1,,101139,4,0,22 23,2,9,,101028,4,0,22 23,2,9,,101130,4,0,22 23,2,46,,101019,3,0,50 51 52,2,3,,101000,4,0,22 23,2,9,,101096,4,0,22 23,2,9,,101056,4,0,22 23,2,4,,101061,3,0,50 51 52,2,5,,101021,4,0,22 23,2,9,,101027,4,0,22 23,2,9,,101071,4,0,22 23,2,2,,101117,3,0,50 51 52,2,7,,101025,4,0,22 23,2,49,,101098,4,0,22 23,2,9,,101032,3,0,50 51 52,2,0,,101066,4,0,22 23,2,9,,101038,4,0,22 23,2,9,,101010,4,0,22 23,2,7,,101011,3,0,50 51 52,2,2,,101039,4,0,22 23,2,9,,101138,4,0,22 23,2,49,,101023,4,0,22 23,2,5,,100989,3,0,50 51 52,2,4,,101169,4,0,22 23,2,9,,101095,4,0,22 23,2,9,,101041,4,0,22 23,2,3,,101082,3,0,50 51 52,2,6,,101022,4,0,22 23,2,9,,101168,4,0,22 23,2,9,,101093,4,0,22 23,2,1,,101002,3,0,50 51 52,2,48,,101063,4,0,22 23,2,9,,101001,4,0,22 23,2,8,,101043,3,0,50 51 52,2,1,,101024,4,0,22 23,2,9,,101108,4,0,22 23,2,9,,101153,4,0,22 23,2,6,,101088,3,0,50 51 52,2,3,,101147,4,0,22 23,2,9,,101116,4,0,22 23,2,48,,101150,4,0,22 23,2,1,,101146,3,0,50 51 52,2,8,,101122,4,0,22 23,2,8,,101106,4,0,22 23,2,4,,100988,3,0,50 51 52,2,3,,100990,4,0,22 23,2,9,,101167,4,0,22 23,2,8,,101048,3,0,50 51 52,2,1,,101078,4,0,22 23,2,9,,101091,4,0,22 23,2,49,,101058,4,0,22 23,2,1,,101047,3,0,50 51 52,2,8,,101143,4,0,22 23,2,9,,101018,4,0,22 23,2,3,,101060,3,0,50 51 52,2,6,,101077,4,0,22 23,2,9,,70115,4,0,22 23,2,5,,101120,3,0,50 51 52,2,4,,101119,4,0,22 23,2,9,,101054,4,0,22 23,2,47,,101084,3,0,50 51 52,2,2,,101076,4,0,22 23,2,9,,101103,4,0,22 23,2,9,,101036,3,0,50 51 52,2,0,,101069,4,0,22 23,2,9,,100997,4,0,22 23,2,9,,101113,4,0,22 23,2,2,,101163,3,0,50 51 52,2,7,,100998,4,0,22 23,2,49,,86891,4,0,22 23,2,5,,101089,3,0,50 51 52,2,4,,101034,4,0,22 23,2,9,,101057,4,0,22 23,2,7,,101003,3,0,50 51 52,2,3,,101040,4,0,22 23,2,10,,101115,4,0,22 23,2,7,,101080,3,0,50 51 52,2,3,,101101,4,0,22 23,2,50,,101067,4,0,22 23,2,7,,101126,3,0,50 51 52,2,3,,101123,4,0,22 23,2,10,,101052,4,0,22 23,2,7,,101033,3,0,50 51 52,2,3,,101097,4,0,22 23,2,10,,101013,4,0,22 23,2,7,,101086,3,0,50 51 52,2,3,,101134,4,0,22 23,2,50,,101135,4,0,22 23,2,7,,101161,3,0,50 51 52,2,3,,101075,4,0,22 23,2,10,,80267,4,0,22 23,2,7,,101051,3,0,50 51 52,2,12,,101079,4,0,22 23,2,4,,101055,3,0,50 51 52,2,15,,101104,4,0,22 23,2,55,,101099,4,0,22 23,2,20,,101162,4,0,22 23,2
50702,'5',435,,101347,4,0,22 23,2,8,,101218,4,0,22 23,2,3,,101264,3,0,50 51 52,2,6,,101338,4,0,22 23,2,50,,101241,4,0,22 23,2,4,,101270,3,0,50 51 52,2,6,,101261,4,0,22 23,2,10,,101260,4,0,22 23,2,4,,101276,3,0,50 51 52,2,6,,101331,4,0,22 23,2,10,,101259,4,0,22 23,2,4,,101245,3,0,50 51 52,2,6,,101332,4,0,22 23,2,50,,101330,4,0,22 23,2,4,,101307,3,0,50 51 52,2,6,,101340,4,0,22 23,2,10,,101334,4,0,22 23,2,4,,101209,3,0,50 51 52,2,6,,101299,4,0,22 23,2,10,,101321,4,0,22 23,2,4,,101212,3,0,50 51 52,2,6,,101199,4,0,22 23,2,50,,101186,4,0,22 23,2,4,,101291,3,0,50 51 52,2,6,,101228,4,0,22 23,2,10,,101342,4,0,22 23,2,4,,101343,3,0,50 51 52,2,6,,101234,4,0,22 23,2,10,,101219,4,0,22 23,2,4,,101179,3,0,50 51 52,2,6,,101254,4,0,22 23,2,50,,101220,4,0,22 23,2,4,,101235,3,0,50 51 52,2,6,,101285,4,0,22 23,2,14,,101249,3,0,50 51 52,2,1,,101300,4,0,22 23,2,10,,101216,4,0,22 23,2,9,,85441,3,0,50 51 52,2,1,,101292,4,0,22 23,2,10,,101287,4,0,22 23,2,49,,101239,3,0,50 51 52,2,1,,101238,4,0,22 23,2,10,,101350,4,0,22 23,2,10,,101244,4,0,22 23,2,1,,101246,3,0,50 51 52,2,9,,101352,4,0,22 23,2,10,,101301,4,0,22 23,2,3,,101319,3,0,50 51 52,2,7,,101175,4,0,22 23,2,50,,101176,4,0,22 23,2,5,,101240,3,0,50 51 52,2,5,,101255,4,0,22 23,2,10,,101232,4,0,22 23,2,7,,101248,3,0,50 51 52,2,3,,101263,4,0,22 23,2,10,,101265,4,0,22 23,2,9,,101201,3,0,50 51 52,2,1,,80344,4,0,22 23,2,50,,101215,4,0,22 23,2,10,,101256,4,0,22 23,2,1,,101295,3,0,50 51 52,2,9,,101355,4,0,22 23,2,10,,101294,4,0,22 23,2,3,,101354,3,0,50 51 52,2,7,,101337,4,0,22 23,2,10,,101314,4,0,22 23,2,48,,101236,3,0,50 51 52,2,1,,101257,4,0,22 23,2,8,,101344,4,0,22 23,2,8,,101303,4,0,22 23,2,8,,101233,3,0,50 51 52,2,0,,101268,4,0,22 23,2,9,,101283,4,0,22 23,2,9,,101217,4,0,22 23,2,7,,101293,3,0,50 51 52,2,2,,101177,4,0,22 23,2,49,,101346,4,0,22 23,2,9,,101258,4,0,22 23,2,5,,101213,3,0,50 51 52,2,4,,101195,4,0,22 23,2,9,,101272,4,0,22 23,2,9,,101226,4,0,22 23,2,3,,101206,3,0,50 51 52,2,6,,79310,4,0,22 23,2,49,,101341,4,0,22 23,2,9,,101229,4,0,22 23,2,1,,101202,3,0,50 51 52,2,8,,101305,4,0,22 23,2,9,,101349,4,0,22 23,2,8,,101267,3,0,50 51 52,2,1,,101297,4,0,22 23,2,9,,101322,4,0,22 23,2,9,,101237,4,0,22 23,2,46,,101308,3,0,50 51 52,2,3,,101208,4,0,22 23,2,9,,101200,4,0,22 23,2,9,,101316,4,0,22 23,2,4,,101194,3,0,50 51 52,2,5,,101348,4,0,22 23,2,9,,101290,4,0,22 23,2,9,,101197,4,0,22 23,2,2,,101335,3,0,50 51 52,2,7,,101313,4,0,22 23,2,49,,101192,4,0,22 23,2,9,,101312,3,0,50 51 52,2,0,,101304,4,0,22 23,2,9,,101274,4,0,22 23,2,9,,101247,4,0,22 23,2,7,,101198,3,0,50 51 52,2,2,,101269,4,0,22 23,2,9,,101185,4,0,22 23,2,49,,101205,4,0,22 23,2,5,,101311,3,0,50 51 52,2,4,,101306,4,0,22 23,2,9,,101183,4,0,22 23,2,9,,101182,4,0,22 23,2,3,,101231,3,0,50 51 52,2,6,,101230,4,0,22 23,2,9,,101171,4,0,22 23,2,9,,101353,4,0,22 23,2,1,,101351,3,0,50 51 52,2,48,,101288,4,0,22 23,2,9,,101190,4,0,22 23,2,8,,101191,3,0,50 51 52,2,1,,101339,4,0,22 23,2,9,,101280,4,0,22 23,2,9,,101333,4,0,22 23,2,6,,101243,3,0,50 51 52,2,3,,101315,4,0,22 23,2,9,,101298,4,0,22 23,2,48,,101282,4,0,22 23,2,1,,101196,3,0,50 51 52,2,8,,101326,4,0,22 23,2,8,,101262,4,0,22 23,2,4,,101210,3,0,50 51 52,2,3,,101318,4,0,22 23,2,9,,101178,4,0,22 23,2,8,,101214,3,0,50 51 52,2,1,,101225,4,0,22 23,2,9,,101189,4,0,22 23,2,49,,101266,4,0,22 23,2,1,,101273,3,0,50 51 52,2,8,,101302,4,0,22 23,2,9,,101207,4,0,22 23,2,3,,101275,3,0,50 51 52,2,6,,101204,4,0,22 23,2,9,,101223,4,0,22 23,2,5,,101278,3,0,50 51 52,2,4,,101279,4,0,22 23,2,9,,77308,4,0,22 23,2,47,,101188,3,0,50 51 52,2,2,,101193,4,0,22 23,2,9,,101172,4,0,22 23,2,9,,101251,3,0,50 51 52,2,0,,101309,4,0,22 23,2,9,,101253,4,0,22 23,2,9,,101203,4,0,22 23,2,2,,101252,3,0,50 51 52,2,7,,101327,4,0,22 23,2,49,,101345,4,0,22 23,2,5,,101284,3,0,50 51 52,2,4,,101310,4,0,22 23,2,9,,101328,4,0,22 23,2,7,,101222,3,0,50 51 52,2,3,,101320,4,0,22 23,2,10,,101329,4,0,22 23,2,7,,101187,3,0,50 51 52,2,3,,101325,4,0,22 23,2,50,,101211,4,0,22 23,2,7,,101296,3,0,50 51 52,2,3,,101242,4,0,22 23,2,10,,101227,4,0,22 23,2,7,,101336,3,0,50 51 52,2,3,,101277,4,0,22 23,2,10,,101317,4,0,22 23,2,7,,101250,3,0,50 51 52,2,3,,101184,4,0,22 23,2,50,,101224,4,0,22 23,2,7,,101174,3,0,50 51 52,2,3,,101289,4,0,22 23,2,10,,101323,4,0,22 23,2,7,,101324,3,0,50 51 52,2,12,,101173,4,0,22 23,2,4,,101271,3,0,50 51 52,2,15,,83640,4,0,22 23,2,55,,101281,4,0,22 23,2,20,,101356,4,0,22 23,2
