30401,'1',2708,,123818,48,0,34,2,10,,111237,48,0,34,2,10,,123804,48,0,34,2,10,,123825,48,0,34,2,10,,123819,48,0,34,2,10,,123811,48,0,34,2,50,,108615,48,0,34,2,10,,123820,48,0,34,2,10,,123808,48,0,34,2,10,,123815,48,0,34,2,10,,123814,48,0,34,2,10,,123823,48,0,34,2,50,,123821,48,0,34,2,10,,123806,48,0,34,2,10,,123807,48,0,34,2,15,,123824,48,0,34,2
30401,'2',2715,,123841,48,0,34,2,10,,120167,48,0,34,2,10,,123832,48,0,34,2,10,,123845,48,0,34,2,10,,123837,48,0,34,2,50,,123827,48,0,34,2,10,,123834,48,0,34,2,10,,123848,48,0,34,2,10,,123826,48,0,34,2,10,,123829,48,0,34,2,10,,123833,48,0,34,2,50,,123840,48,0,34,2,10,,123842,48,0,34,2,10,,123835,48,0,34,2,10,,123830,48,0,34,2,12,,123847,48,0,34,2
30401,'3',458,,123852,8,0,34,2,61,,123879,8,0,34,2,16,,123884,8,0,34,2,14,,123853,8,0,34,2,54,,123883,35,0,34,2,14,,123869,35,0,34,2,14,,123872,35,0,34,2,14,,123889,35,0,34,2,14,,123856,35,0,34,2,54,,123890,35,0,34,2,14,,123858,35,0,34,2,14,,123857,35,0,34,2,14,,123878,35,0,34,2,1962,,109438,48,0,34,2,10,,123882,48,0,34,2,10,,123875,48,0,34,2,10,,123849,48,0,34,2,10,,123893,48,0,34,2,50,,123873,48,0,34,2,10,,123892,48,0,34,2,10,,123850,48,0,34,2,10,,123877,48,0,34,2,10,,123881,48,0,34,2,10,,123865,48,0,34,2,50,,123864,48,0,34,2,10,,123859,48,0,34,2,10,,123868,48,0,34,2,10,,123867,48,0,34,2
30401,'5',2717,,123913,48,0,34,2,10,,123895,48,0,34,2,10,,123898,48,0,34,2,10,,123914,48,0,34,2,10,,123903,48,0,34,2,50,,123908,48,0,34,2,10,,123911,48,0,34,2,10,,123901,48,0,34,2,10,,123897,48,0,34,2,10,,123904,48,0,34,2,10,,123899,48,0,34,2,50,,123896,48,0,34,2,10,,123912,48,0,34,2,10,,123909,48,0,34,2,10,,123907,48,0,34,2
30501,'1',2544,,124045,40,0,34,2,60,,124039,40,0,34,2,15,,113773,40,0,34,2,15,,124047,40,0,34,2,15,,124041,40,0,34,2,60,,124038,40,0,34,2,20,,124037,40,0,34,2,20,,124044,40,0,34,2,60,,124036,40,0,34,2,20,,124046,40,0,34,2
30501,'2',2556,,124056,40,0,34,2,48,,124061,40,0,34,2,15,,121590,40,0,34,2,20,,124052,40,0,34,2,20,,118465,40,0,34,2,60,,124053,40,0,34,2,20,,124051,40,0,34,2,20,,124059,40,0,34,2,60,,124058,40,0,34,2,20,,124049,40,0,34,2,70,,124057,40,0,34,2,30,,124048,40,0,34,2
30501,'3',447,,124074,7,0,34,2,57,,124098,7,0,34,2,17,,124076,7,0,34,2,15,,124084,7,0,34,2,15,,124067,7,0,34,2,51,,124066,40,0,34,2,12,,124081,7,0,34,2,3,,124070,40,0,34,2,15,,124082,40,0,34,2,14,,124072,40,0,34,2,6,,124089,7,0,34,2,50,,124090,40,0,34,2,10,,124063,7,0,34,2,5,,124093,40,0,34,2,15,,124068,40,0,34,2,10,,124075,7,0,34,2,5,,124083,40,0,34,2,55,,124071,40,0,34,2,10,,124097,40,0,34,2,10,,124069,40,0,34,2,10,,124087,40,0,34,2,10,,124078,40,0,34,2,1709,,124096,40,0,34,2,50,,124073,40,0,34,2,10,,124091,40,0,34,2,10,,124086,40,0,34,2,12,,124095,40,0,34,2,20,,124094,40,0,34,2,60,,124085,40,0,34,2,20,,124079,40,0,34,2,10,,124092,40,0,34,2,70,,124077,40,0,34,2,30,,124065,40,0,34,2,70,,124062,40,0,34,2,20,,124088,40,0,34,2
30501,'5',2551,,124099,40,0,34,2,51,,92398,40,0,34,2,9,,124100,40,0,34,2,10,,124108,40,0,34,2,12,,124109,40,0,34,2,17,,118841,40,0,34,2,63,,124110,40,0,34,2,20,,124106,40,0,34,2,20,,124105,40,0,34,2,60,,124111,40,0,34,2,27,,124102,40,0,34,2,73,,124107,40,0,34,2,30,,124101,40,0,34,2
50401,'1',446,,127149,8,0,34,2,10,,127093,8,0,34,2,50,,127102,8,0,34,2,10,,127053,8,0,34,2,10,,126927,8,0,34,2,10,,106255,8,0,34,2,10,,127016,8,0,34,2,7,,127031,35,0,34,2,50,,127085,8,0,34,2,10,,127103,35,0,34,2,10,,127013,35,0,34,2,10,,127049,35,0,34,2,10,,110226,35,0,34,2,10,,126967,35,0,34,2,50,,127152,35,0,34,2,8,,126917,35,0,34,2,6,,109702,8,0,34,2,8,,127129,35,0,34,2,4,,127135,8,0,34,2,8,,126902,35,0,34,2,4,,127073,8,0,34,2,8,,120643,35,0,34,2,53,,126957,35,0,34,2,4,,127100,8,0,34,2,7,,126944,35,0,34,2,12,,127029,35,0,34,2,10,,126947,35,0,34,2,10,,127162,35,0,34,2,8,,126983,35,0,34,2,48,,127143,35,0,34,2,8,,127074,35,0,34,2,8,,126919,35,0,34,2,8,,127095,35,0,34,2,8,,126952,35,0,34,2,8,,127124,35,0,34,2,8,,126966,35,0,34,2,8,,127062,35,0,34,2,48,,127083,35,0,34,2,8,,127126,35,0,34,2,8,,126938,35,0,34,2,6,,127107,35,0,34,2,9,,127027,35,0,34,2,8,,126901,35,0,34,2,9,,127131,35,0,34,2,50,,126926,35,0,34,2,10,,127069,35,0,34,2,10,,127025,35,0,34,2,10,,127158,35,0,34,2,10,,127098,35,0,34,2,10,,127051,35,0,34,2,50,,126911,35,0,34,2,10,,127015,35,0,34,2,10,,127036,35,0,34,2,10,,126924,35,0,34,2,10,,127111,35,0,34,2,10,,126974,35,0,34,2,50,,126941,35,0,34,2,10,,127101,35,0,34,2,10,,126940,35,0,34,2,10,,127148,35,0,34,2,10,,127139,35,0,34,2,10,,126934,35,0,34,2,50,,127087,35,0,34,2,10,,126990,35,0,34,2,10,,127121,35,0,34,2,10,,126903,35,0,34,2,10,,127026,35,0,34,2,10,,127045,35,0,34,2,50,,126948,35,0,34,2,10,,127075,35,0,34,2,11,,127113,35,0,34,2,12,,126909,35,0,34,2,11,,127072,35,0,34,2,10,,126914,35,0,34,2,50,,126956,35,0,34,2,10,,126996,35,0,34,2,10,,126999,35,0,34,2,10,,127070,35,0,34,2,10,,126922,35,0,34,2,10,,126961,35,0,34,2,50,,126997,35,0,34,2,10,,126980,35,0,34,2,10,,127106,35,0,34,2,10,,127117,35,0,34,2,10,,127145,35,0,34,2,10,,126942,35,0,34,2,50,,126988,35,0,34,2,10,,127039,35,0,34,2,10,,127110,35,0,34,2,10,,127034,35,0,34,2,10,,126985,35,0,34,2,10,,126915,35,0,34,2,50,,127065,35,0,34,2,10,,126982,35,0,34,2,10,,127005,35,0,34,2,10,,127089,35,0,34,2,8,,126936,35,0,34,2,8,,127137,35,0,34,2,50,,127008,35,0,34,2,10,,127090,35,0,34,2,9,,126904,35,0,34,2,10,,126898,35,0,34,2,10,,127160,35,0,34,2,10,,127000,35,0,34,2,50,,126984,35,0,34,2,10,,127173,35,0,34,2,10,,126964,35,0,34,2,10,,127112,35,0,34,2,10,,127159,35,0,34,2,10,,127054,35,0,34,2,50,,126939,35,0,34,2,10,,127064,35,0,34,2,10,,126977,35,0,34,2,10,,126918,35,0,34,2,9,,127134,35,0,34,2,10,,126899,35,0,34,2,50,,127078,35,0,34,2,10,,122509,35,0,34,2,10,,104255,35,0,34,2,10,,127169,35,0,34,2,10,,127094,35,0,34,2,10,,127020,35,0,34,2,50,,126921,35,0,34,2,10,,127007,35,0,34,2,10,,127044,35,0,34,2,10,,127092,35,0,34,2,10,,127040,35,0,34,2,10,,127174,35,0,34,2,50,,127133,35,0,34,2,10,,126912,35,0,34,2,10,,127033,35,0,34,2,10,,127086,35,0,34,2,10,,127028,35,0,34,2,10,,127058,35,0,34,2,50,,127038,35,0,34,2,10,,127140,35,0,34,2,10,,127046,35,0,34,2,10,,126973,35,0,34,2,10,,127130,35,0,34,2,10,,127043,35,0,34,2,50,,127138,35,0,34,2
50401,'2',459,,127359,8,0,34,2,55,,127268,8,0,34,2,10,,127256,8,0,34,2,10,,127330,8,0,34,2,10,,127437,8,0,34,2,10,,127264,35,0,34,2,50,,127374,8,0,34,2,10,,127193,35,0,34,2,15,,127382,35,0,34,2,10,,127223,35,0,34,2,10,,127322,35,0,34,2,10,,127428,35,0,34,2,50,,127217,35,0,34,2,10,,127400,35,0,34,2,10,,127323,35,0,34,2,10,,127302,35,0,34,2,10,,127212,35,0,34,2,10,,127317,35,0,34,2,50,,127199,35,0,34,2,10,,127286,35,0,34,2,11,,127283,35,0,34,2,13,,127316,35,0,34,2,15,,127350,35,0,34,2,53,,111668,35,0,34,2,11,,127385,35,0,34,2,10,,127364,35,0,34,2,10,,127433,35,0,34,2,10,,127347,35,0,34,2,50,,127180,35,0,34,2,10,,127354,35,0,34,2,10,,127261,35,0,34,2,10,,127435,35,0,34,2,10,,127242,35,0,34,2,10,,127208,35,0,34,2,50,,127304,35,0,34,2,10,,127367,35,0,34,2,10,,127371,35,0,34,2,10,,127276,35,0,34,2,10,,127394,35,0,34,2,10,,127213,35,0,34,2,50,,127308,35,0,34,2,10,,127340,35,0,34,2,10,,127412,35,0,34,2,10,,127252,35,0,34,2,10,,127245,35,0,34,2,10,,120741,35,0,34,2,50,,127281,35,0,34,2,3,,127194,8,0,34,2,10,,127247,35,0,34,2,14,,127425,35,0,34,2,10,,127366,35,0,34,2,10,,127397,35,0,34,2,10,,127210,35,0,34,2,50,,127368,35,0,34,2,10,,127342,35,0,34,2,10,,127361,35,0,34,2,10,,127333,35,0,34,2,10,,127267,35,0,34,2,10,,127222,35,0,34,2,50,,127215,35,0,34,2,10,,127224,35,0,34,2,10,,127305,35,0,34,2,10,,127396,35,0,34,2,10,,127241,35,0,34,2,10,,127289,35,0,34,2,50,,127265,35,0,34,2,10,,127312,35,0,34,2,10,,127287,35,0,34,2,10,,127329,35,0,34,2,10,,127294,35,0,34,2,10,,127427,35,0,34,2,50,,127306,35,0,34,2,10,,127176,35,0,34,2,10,,127402,35,0,34,2,10,,127410,35,0,34,2,10,,127338,35,0,34,2,10,,127392,35,0,34,2,50,,127375,35,0,34,2,10,,127234,35,0,34,2,10,,127348,35,0,34,2,10,,127248,35,0,34,2,10,,127290,35,0,34,2,10,,127231,35,0,34,2,50,,127373,35,0,34,2,10,,127434,35,0,34,2,8,,127353,35,0,34,2,8,,127192,35,0,34,2,9,,127383,35,0,34,2,10,,127436,35,0,34,2,50,,127343,35,0,34,2,10,,127206,35,0,34,2,10,,127369,35,0,34,2,10,,127250,35,0,34,2,10,,127244,35,0,34,2,10,,127336,35,0,34,2,50,,127310,35,0,34,2,10,,127314,35,0,34,2,10,,127246,35,0,34,2,10,,127249,35,0,34,2,10,,101599,35,0,34,2,10,,127218,35,0,34,2,50,,127177,35,0,34,2,10,,118447,35,0,34,2,10,,127346,35,0,34,2,10,,127240,35,0,34,2,10,,127429,35,0,34,2,9,,127236,35,0,34,2,50,,127352,35,0,34,2,12,,127398,35,0,34,2,10,,127251,35,0,34,2,10,,108839,35,0,34,2,10,,127405,35,0,34,2,10,,127203,35,0,34,2,50,,127328,35,0,34,2,10,,127363,35,0,34,2,10,,127239,35,0,34,2,10,,127293,35,0,34,2,10,,117854,35,0,34,2,10,,127214,35,0,34,2,50,,127301,35,0,34,2,10,,127432,35,0,34,2,10,,127225,35,0,34,2,10,,127423,35,0,34,2,10,,127399,35,0,34,2,10,,127411,35,0,34,2,50,,127254,35,0,34,2,10,,127307,35,0,34,2,10,,127362,35,0,34,2,10,,127226,35,0,34,2,10,,127195,35,0,34,2,10,,127277,35,0,34,2,47,,127186,35,0,34,2
50401,'3',809,,127477,35,0,34,2,14,,127531,35,0,34,2,6,,127515,8,0,34,2,8,,127545,35,0,34,2,14,,127551,35,0,34,2,54,,127459,35,0,34,2,6,,127523,8,0,34,2,10,,127615,35,0,34,2,15,,121857,35,0,34,2,5,,127500,35,0,34,2,15,,127462,35,0,34,2,52,,127627,35,0,34,2,10,,127652,35,0,34,2,10,,127557,35,0,34,2,10,,127455,35,0,34,2,10,,127440,35,0,34,2,10,,127585,35,0,34,2,50,,127522,35,0,34,2,10,,127439,35,0,34,2,10,,127502,35,0,34,2,10,,127580,35,0,34,2,10,,127610,35,0,34,2,10,,127570,35,0,34,2,50,,127467,35,0,34,2,10,,127514,35,0,34,2,10,,127595,35,0,34,2,12,,127511,35,0,34,2,14,,127593,35,0,34,2,51,,127620,35,0,34,2,10,,127463,35,0,34,2,10,,127448,35,0,34,2,10,,127519,35,0,34,2,10,,116766,35,0,34,2,10,,127648,35,0,34,2,50,,127442,35,0,34,2,10,,127547,35,0,34,2,10,,127569,35,0,34,2,10,,127495,35,0,34,2,10,,127493,35,0,34,2,10,,127596,35,0,34,2,50,,127458,35,0,34,2,10,,127520,35,0,34,2,10,,127606,35,0,34,2,10,,127600,35,0,34,2,10,,127612,35,0,34,2,10,,127604,35,0,34,2,50,,127512,35,0,34,2,10,,127656,35,0,34,2,10,,127530,35,0,34,2,10,,127525,35,0,34,2,10,,127630,35,0,34,2,10,,127576,35,0,34,2,50,,127581,35,0,34,2,10,,127575,35,0,34,2,10,,127579,35,0,34,2,10,,127466,35,0,34,2,10,,127546,35,0,34,2,10,,127526,35,0,34,2,50,,127594,35,0,34,2,10,,127588,35,0,34,2,10,,127516,35,0,34,2,10,,127641,35,0,34,2,10,,127605,35,0,34,2,10,,127566,35,0,34,2,50,,127646,35,0,34,2,10,,127543,35,0,34,2,10,,127536,35,0,34,2,10,,127454,35,0,34,2,9,,127527,35,0,34,2,9,,127601,35,0,34,2,50,,127629,35,0,34,2,10,,127485,35,0,34,2,10,,127608,35,0,34,2,10,,127654,35,0,34,2,10,,127587,35,0,34,2,10,,127563,35,0,34,2,50,,127574,35,0,34,2,10,,127603,35,0,34,2,10,,127438,35,0,34,2,10,,127572,35,0,34,2,10,,127453,35,0,34,2,10,,127489,35,0,34,2,50,,127534,35,0,34,2,10,,127622,35,0,34,2,10,,127645,35,0,34,2,10,,127617,35,0,34,2,10,,127561,35,0,34,2,9,,127507,35,0,34,2,50,,127653,35,0,34,2,10,,127487,35,0,34,2,10,,127573,35,0,34,2,10,,127635,35,0,34,2,10,,127451,35,0,34,2,10,,127488,35,0,34,2,50,,127457,35,0,34,2,10,,127597,35,0,34,2,10,,127535,35,0,34,2,10,,127475,35,0,34,2,10,,127524,35,0,34,2,10,,127599,35,0,34,2,50,,127602,35,0,34,2,10,,127497,35,0,34,2,10,,127470,35,0,34,2,10,,127609,35,0,34,2,10,,127452,35,0,34,2,10,,127441,35,0,34,2,50,,127552,35,0,34,2,10,,127586,35,0,34,2,10,,127480,35,0,34,2,10,,127461,35,0,34,2,10,,127473,35,0,34,2,10,,127554,35,0,34,2,50,,127548,35,0,34,2
50401,'5',458,,127729,8,0,34,2,61,,127666,8,0,34,2,16,,127871,8,0,34,2,14,,119776,8,0,34,2,54,,127664,35,0,34,2,14,,127753,35,0,34,2,14,,127801,35,0,34,2,14,,127884,35,0,34,2,14,,127707,35,0,34,2,54,,127766,35,0,34,2,14,,127874,35,0,34,2,14,,127706,35,0,34,2,14,,127858,35,0,34,2,54,,127843,35,0,34,2,14,,127732,35,0,34,2,6,,127880,8,0,34,2,8,,127717,35,0,34,2,14,,127763,35,0,34,2,54,,127731,35,0,34,2,6,,127779,8,0,34,2,10,,127730,35,0,34,2,15,,127854,35,0,34,2,5,,127786,35,0,34,2,15,,127803,35,0,34,2,52,,127866,35,0,34,2,10,,127881,35,0,34,2,10,,127834,35,0,34,2,10,,127899,35,0,34,2,10,,127875,35,0,34,2,10,,127726,35,0,34,2,50,,127849,35,0,34,2,10,,127719,35,0,34,2,10,,127754,35,0,34,2,10,,127715,35,0,34,2,10,,127809,35,0,34,2,10,,127694,35,0,34,2,50,,127780,35,0,34,2,10,,127859,35,0,34,2,10,,127839,35,0,34,2,12,,127708,35,0,34,2,14,,127765,35,0,34,2,51,,127788,35,0,34,2,10,,127741,35,0,34,2,10,,127773,35,0,34,2,10,,127896,35,0,34,2,10,,127693,35,0,34,2,10,,127900,35,0,34,2,50,,127841,35,0,34,2,10,,127799,35,0,34,2,10,,127688,35,0,34,2,10,,127895,35,0,34,2,10,,127889,35,0,34,2,10,,127756,35,0,34,2,50,,127857,35,0,34,2,10,,127861,35,0,34,2,10,,127831,35,0,34,2,10,,127811,35,0,34,2,10,,127814,35,0,34,2,10,,127676,35,0,34,2,50,,127745,35,0,34,2,10,,127860,35,0,34,2,10,,127804,35,0,34,2,10,,127758,35,0,34,2,10,,127672,35,0,34,2,10,,127768,35,0,34,2,50,,127856,35,0,34,2,10,,127702,35,0,34,2,10,,127677,35,0,34,2,10,,127711,35,0,34,2,10,,127877,35,0,34,2,10,,127810,35,0,34,2,50,,127892,35,0,34,2,10,,127695,35,0,34,2,10,,127837,35,0,34,2,10,,127785,35,0,34,2,10,,127808,35,0,34,2,10,,127724,35,0,34,2,50,,127744,35,0,34,2,10,,127891,35,0,34,2,10,,127820,35,0,34,2,10,,127847,35,0,34,2,9,,127705,35,0,34,2,9,,127793,35,0,34,2,50,,127828,35,0,34,2,10,,127723,35,0,34,2,10,,127710,35,0,34,2,10,,127727,35,0,34,2,10,,127842,35,0,34,2,10,,127798,35,0,34,2,50,,127683,35,0,34,2,10,,127663,35,0,34,2,10,,112125,35,0,34,2,10,,127749,35,0,34,2,10,,127679,35,0,34,2,10,,127821,35,0,34,2,50,,111968,35,0,34,2,10,,127757,35,0,34,2,10,,127716,35,0,34,2,10,,127751,35,0,34,2,10,,127720,35,0,34,2,9,,127783,35,0,34,2,50,,127742,35,0,34,2,10,,127878,35,0,34,2,10,,127665,35,0,34,2,10,,127669,35,0,34,2,10,,127886,35,0,34,2,10,,127791,35,0,34,2,50,,127662,35,0,34,2,10,,127699,35,0,34,2,10,,127689,35,0,34,2,10,,127774,35,0,34,2,10,,127674,35,0,34,2,10,,127789,35,0,34,2,50,,127846,35,0,34,2,10,,127781,35,0,34,2,10,,127771,35,0,34,2,10,,127824,35,0,34,2,10,,127696,35,0,34,2,10,,127680,35,0,34,2,50,,127787,35,0,34,2,10,,127687,35,0,34,2,10,,127737,35,0,34,2,10,,127867,35,0,34,2,10,,127865,35,0,34,2,10,,127890,35,0,34,2,50,,127796,35,0,34,2
50501,'1',417,,128967,7,0,34,2,11,,128920,7,0,34,2,5,,128996,7,0,34,2,5,,129077,7,0,34,2,10,,129097,7,0,34,2,10,,129099,7,0,34,2,50,,129093,7,0,34,2,10,,128995,7,0,34,2,11,,129040,7,0,34,2,11,,129084,7,0,34,2,12,,128919,7,0,34,2,7,,129032,7,0,34,2,49,,128952,39,0,34,2,12,,129060,39,0,34,2,10,,128980,39,0,34,2,10,,129001,38,0,34,2,10,,129025,38,0,34,2,50,,129049,38,0,34,2,6,,129051,7,0,34,2,4,,129046,38,0,34,2,10,,128988,38,0,34,2,10,,128955,38,0,34,2,10,,129067,38,0,34,2,3,,129006,7,0,34,2,7,,128981,38,0,34,2,3,,128942,7,0,34,2,47,,129092,38,0,34,2,10,,128931,38,0,34,2,8,,129070,7,0,34,2,5,,128937,38,0,34,2,5,,129017,7,0,34,2,4,,128968,38,0,34,2,6,,128918,38,0,34,2,6,,129042,38,0,34,2,6,,129022,38,0,34,2,6,,129101,38,0,34,2,46,,128960,38,0,34,2,6,,128983,38,0,34,2,6,,129044,38,0,34,2,6,,129018,38,0,34,2,6,,129014,38,0,34,2,6,,129003,38,0,34,2,6,,129000,38,0,34,2,6,,129013,38,0,34,2,6,,129036,38,0,34,2,6,,128986,38,0,34,2,46,,128985,38,0,34,2,6,,129037,38,0,34,2,6,,128975,38,0,34,2,6,,129002,38,0,34,2,6,,129016,38,0,34,2,4,,128958,7,0,34,2,5,,129034,38,0,34,2,6,,129053,38,0,34,2,6,,129019,38,0,34,2,6,,129058,38,0,34,2,6,,129007,38,0,34,2,46,,129038,38,0,34,2,6,,129026,38,0,34,2,6,,128928,38,0,34,2,6,,129009,38,0,34,2,6,,129082,38,0,34,2,6,,129069,38,0,34,2,6,,128965,38,0,34,2,6,,128950,38,0,34,2,6,,129074,38,0,34,2,6,,119891,38,0,34,2,46,,129090,38,0,34,2,6,,129088,38,0,34,2,6,,112361,38,0,34,2,6,,129073,38,0,34,2,6,,129047,38,0,34,2,6,,128991,38,0,34,2,6,,128923,38,0,34,2,6,,129078,38,0,34,2,6,,129030,38,0,34,2,6,,129045,38,0,34,2,46,,129062,38,0,34,2,6,,129095,38,0,34,2,6,,128961,38,0,34,2,6,,128939,38,0,34,2,6,,129008,38,0,34,2,6,,129094,38,0,34,2,6,,129080,38,0,34,2,6,,128979,38,0,34,2,6,,128951,38,0,34,2,6,,129029,38,0,34,2,46,,128974,38,0,34,2,6,,128997,38,0,34,2,6,,128944,38,0,34,2,6,,128982,38,0,34,2,1,,129065,7,0,34,2,5,,129050,38,0,34,2,6,,128933,38,0,34,2,6,,128930,38,0,34,2,6,,128978,38,0,34,2,6,,128970,38,0,34,2,6,,111265,38,0,34,2,46,,128956,38,0,34,2,8,,128927,38,0,34,2,9,,128946,38,0,34,2,6,,128932,38,0,34,2,5,,129027,7,0,34,2,4,,129041,38,0,34,2,6,,128943,38,0,34,2,6,,129043,38,0,34,2,6,,128993,38,0,34,2,46,,128957,38,0,34,2,6,,128990,38,0,34,2,6,,128925,38,0,34,2,6,,128935,38,0,34,2,6,,129096,38,0,34,2,6,,128962,38,0,34,2,6,,128938,38,0,34,2,6,,128948,38,0,34,2,6,,128971,38,0,34,2,6,,129089,38,0,34,2,46,,129015,38,0,34,2,6,,128984,38,0,34,2,6,,129087,38,0,34,2,6,,129063,38,0,34,2,6,,128949,38,0,34,2,6,,129033,38,0,34,2,6,,128936,38,0,34,2,6,,129068,38,0,34,2,6,,129064,38,0,34,2,6,,129021,38,0,34,2,46,,129056,38,0,34,2,6,,129079,38,0,34,2,6,,128999,38,0,34,2,6,,128994,38,0,34,2,6,,128969,38,0,34,2,6,,128924,38,0,34,2,6,,129057,38,0,34,2,6,,129012,38,0,34,2,6,,128941,38,0,34,2,6,,128992,38,0,34,2,46,,129039,38,0,34,2,6,,118389,38,0,34,2,6,,128926,38,0,34,2,6,,129100,38,0,34,2,6,,129023,38,0,34,2,6,,129071,38,0,34,2,6,,129098,38,0,34,2,6,,129085,38,0,34,2,6,,129010,38,0,34,2,6,,128921,38,0,34,2,46,,128947,38,0,34,2,6,,129054,38,0,34,2,8,,128963,38,0,34,2,7,,129086,38,0,34,2,7,,129059,38,0,34,2,10,,128964,38,0,34,2,10,,128972,38,0,34,2,10,,129031,38,0,34,2,50,,129028,38,0,34,2,10,,129091,38,0,34,2,10,,129076,38,0,34,2,10,,128934,38,0,34,2,10,,128945,38,0,34,2,10,,129011,38,0,34,2,50,,129075,38,0,34,2,10,,129020,38,0,34,2,12,,119905,38,0,34,2,11,,128953,38,0,34,2,10,,129072,38,0,34,2,50,,129083,38,0,34,2,10,,128929,38,0,34,2,10,,129048,38,0,34,2,10,,128977,38,0,34,2,10,,128973,38,0,34,2,10,,129061,38,0,34,2,50,,129066,38,0,34,2,10,,129004,38,0,34,2,10,,128959,38,0,34,2,10,,129052,38,0,34,2,10,,128998,38,0,34,2,10,,129024,38,0,34,2,50,,129055,38,0,34,2,10,,110189,38,0,34,2,10,,128922,38,0,34,2,10,,129035,38,0,34,2,10,,129005,38,0,34,2
50501,'2',453,,129158,7,0,34,2,6,,129181,7,0,34,2,50,,129151,7,0,34,2,10,,129249,7,0,34,2,10,,129152,7,0,34,2,10,,129168,7,0,34,2,10,,129266,7,0,34,2,9,,129258,7,0,34,2,42,,129223,39,0,34,2,15,,129233,39,0,34,2,10,,129132,39,0,34,2,10,,129221,39,0,34,2,10,,129250,38,0,34,2,10,,129196,38,0,34,2,50,,129256,38,0,34,2,10,,129270,38,0,34,2,10,,129247,38,0,34,2,10,,129212,38,0,34,2,10,,129135,38,0,34,2,10,,129267,38,0,34,2,47,,94230,7,0,34,2,6,,129264,38,0,34,2,10,,129106,7,0,34,2,3,,129183,38,0,34,2,8,,129197,7,0,34,2,2,,129124,38,0,34,2,11,,129144,7,0,34,2,2,,129178,38,0,34,2,7,,129116,7,0,34,2,5,,129198,38,0,34,2,48,,129133,38,0,34,2,6,,129136,38,0,34,2,6,,129193,38,0,34,2,6,,129253,38,0,34,2,6,,129237,38,0,34,2,6,,129146,38,0,34,2,6,,129137,38,0,34,2,6,,129201,38,0,34,2,6,,129243,38,0,34,2,6,,129123,38,0,34,2,46,,129204,38,0,34,2,6,,129259,38,0,34,2,6,,129140,38,0,34,2,6,,129180,38,0,34,2,6,,129110,38,0,34,2,6,,108184,38,0,34,2,6,,129228,38,0,34,2,6,,129227,38,0,34,2,6,,129235,38,0,34,2,6,,129143,38,0,34,2,46,,129167,38,0,34,2,6,,129159,38,0,34,2,6,,129177,38,0,34,2,6,,129251,38,0,34,2,6,,120168,38,0,34,2,6,,129171,38,0,34,2,6,,129254,38,0,34,2,6,,114916,38,0,34,2,6,,129224,38,0,34,2,6,,129113,38,0,34,2,46,,129262,38,0,34,2,6,,129156,38,0,34,2,6,,108835,38,0,34,2,6,,129118,38,0,34,2,6,,129127,38,0,34,2,6,,129242,38,0,34,2,8,,129239,38,0,34,2,6,,129138,7,0,34,2,4,,129165,38,0,34,2,6,,129104,38,0,34,2,45,,129184,38,0,34,2,6,,129232,38,0,34,2,6,,129172,38,0,34,2,6,,129169,38,0,34,2,6,,129214,38,0,34,2,6,,114047,38,0,34,2,6,,129222,38,0,34,2,6,,129203,38,0,34,2,6,,129122,38,0,34,2,6,,129107,38,0,34,2,46,,129188,38,0,34,2,6,,129162,38,0,34,2,6,,129170,38,0,34,2,6,,129210,38,0,34,2,6,,129111,38,0,34,2,6,,129268,38,0,34,2,6,,129238,38,0,34,2,6,,129240,38,0,34,2,6,,129205,38,0,34,2,6,,129109,38,0,34,2,46,,129213,38,0,34,2,6,,129192,38,0,34,2,6,,129187,38,0,34,2,6,,129265,38,0,34,2,6,,129202,38,0,34,2,6,,129215,38,0,34,2,6,,129164,38,0,34,2,6,,129141,38,0,34,2,6,,129185,38,0,34,2,6,,129244,38,0,34,2,46,,114970,38,0,34,2,6,,129160,38,0,34,2,6,,117354,38,0,34,2,6,,129269,38,0,34,2,6,,129174,38,0,34,2,6,,129257,38,0,34,2,6,,129176,38,0,34,2,6,,129175,38,0,34,2,6,,129149,38,0,34,2,6,,129260,38,0,34,2,46,,129246,38,0,34,2,6,,129219,38,0,34,2,6,,129252,38,0,34,2,6,,129150,38,0,34,2,6,,129145,38,0,34,2,6,,129218,38,0,34,2,6,,129163,38,0,34,2,6,,129226,38,0,34,2,6,,129103,38,0,34,2,6,,129245,38,0,34,2,46,,129225,38,0,34,2,6,,129108,38,0,34,2,6,,129166,38,0,34,2,6,,129190,38,0,34,2,6,,129216,38,0,34,2,6,,129157,38,0,34,2,6,,129120,38,0,34,2,6,,129248,38,0,34,2,6,,129255,38,0,34,2,6,,129236,38,0,34,2,46,,129217,38,0,34,2,6,,129207,38,0,34,2,6,,129209,38,0,34,2,6,,129154,38,0,34,2,6,,129102,38,0,34,2,6,,129195,38,0,34,2,8,,129263,38,0,34,2,9,,129220,38,0,34,2,9,,129142,38,0,34,2,48,,129191,38,0,34,2,10,,129194,38,0,34,2,10,,129121,38,0,34,2,10,,129161,38,0,34,2,10,,129231,38,0,34,2,10,,129134,38,0,34,2,50,,129189,38,0,34,2,10,,129229,38,0,34,2,10,,129125,38,0,34,2,10,,129115,38,0,34,2,10,,129182,38,0,34,2,10,,129206,38,0,34,2,50,,129131,38,0,34,2,10,,129179,38,0,34,2,10,,129129,38,0,34,2,7,,129199,38,0,34,2,7,,129112,38,0,34,2,9,,129126,38,0,34,2,52,,129211,38,0,34,2,10,,129147,38,0,34,2,10,,129130,38,0,34,2,10,,129153,38,0,34,2,10,,129148,38,0,34,2,10,,129261,38,0,34,2,50,,129105,38,0,34,2,10,,129186,38,0,34,2,10,,129114,38,0,34,2,10,,129200,38,0,34,2,10,,129234,38,0,34,2,10,,129230,38,0,34,2,50,,129173,38,0,34,2,10,,129119,38,0,34,2,9,,129128,38,0,34,2,14,,110619,38,0,34,2,13,,129139,38,0,34,2
50501,'3',852,,129289,38,0,34,2,4,,129409,7,0,34,2,46,,129341,38,0,34,2,7,,129380,7,0,34,2,3,,129306,38,0,34,2,10,,114126,38,0,34,2,6,,129302,7,0,34,2,6,,129400,7,0,34,2,1,,129398,38,0,34,2,6,,129309,7,0,34,2,7,,129314,38,0,34,2,10,,129285,7,0,34,2,42,,129276,38,0,34,2,6,,129284,38,0,34,2,6,,129288,38,0,34,2,6,,129406,38,0,34,2,6,,129275,38,0,34,2,6,,129295,38,0,34,2,6,,129371,38,0,34,2,6,,129383,38,0,34,2,6,,129300,38,0,34,2,6,,129282,38,0,34,2,46,,129361,38,0,34,2,6,,120973,38,0,34,2,6,,129287,38,0,34,2,6,,129402,38,0,34,2,6,,123125,38,0,34,2,6,,117516,38,0,34,2,6,,129286,38,0,34,2,6,,129293,38,0,34,2,6,,129375,38,0,34,2,6,,129297,38,0,34,2,46,,129310,38,0,34,2,6,,129397,38,0,34,2,6,,129273,38,0,34,2,6,,129351,38,0,34,2,8,,129365,38,0,34,2,6,,129388,38,0,34,2,7,,129278,7,0,34,2,1,,129340,38,0,34,2,6,,129339,38,0,34,2,8,,129345,38,0,34,2,46,,129360,38,0,34,2,6,,129396,38,0,34,2,6,,129290,38,0,34,2,6,,129317,38,0,34,2,6,,129389,38,0,34,2,6,,129296,38,0,34,2,6,,129358,38,0,34,2,6,,129324,38,0,34,2,6,,129329,38,0,34,2,6,,129363,38,0,34,2,46,,129405,38,0,34,2,6,,129281,38,0,34,2,6,,129373,38,0,34,2,6,,129391,38,0,34,2,6,,129321,38,0,34,2,6,,129349,38,0,34,2,6,,129379,38,0,34,2,6,,129395,38,0,34,2,6,,129356,38,0,34,2,6,,116727,38,0,34,2,46,,129362,38,0,34,2,6,,129331,38,0,34,2,6,,129343,38,0,34,2,6,,129378,38,0,34,2,6,,117956,38,0,34,2,6,,129392,38,0,34,2,6,,129410,38,0,34,2,6,,129299,38,0,34,2,6,,129308,38,0,34,2,6,,129320,38,0,34,2,46,,129407,38,0,34,2,6,,129277,38,0,34,2,6,,129376,38,0,34,2,6,,129336,38,0,34,2,6,,129347,38,0,34,2,6,,129386,38,0,34,2,6,,129382,38,0,34,2,6,,129412,38,0,34,2,6,,129279,38,0,34,2,6,,129305,38,0,34,2,46,,129301,38,0,34,2,6,,129377,38,0,34,2,6,,129384,38,0,34,2,6,,129325,38,0,34,2,6,,129348,38,0,34,2,6,,129323,38,0,34,2,6,,129374,38,0,34,2,6,,129338,38,0,34,2,6,,129387,38,0,34,2,6,,129414,38,0,34,2,46,,129272,38,0,34,2,6,,129364,38,0,34,2,6,,129372,38,0,34,2,6,,129319,38,0,34,2,6,,129353,38,0,34,2,6,,129367,38,0,34,2,6,,129327,38,0,34,2,6,,129354,38,0,34,2,6,,129291,38,0,34,2,6,,129335,38,0,34,2,46,,129274,38,0,34,2,6,,129385,38,0,34,2,6,,129399,38,0,34,2,6,,129333,38,0,34,2,6,,129334,38,0,34,2,6,,129357,38,0,34,2,6,,129394,38,0,34,2,6,,129366,38,0,34,2,6,,129344,38,0,34,2,6,,129294,38,0,34,2,46,,129298,38,0,34,2,8,,129280,38,0,34,2,8,,129304,38,0,34,2,10,,129332,38,0,34,2,10,,129311,38,0,34,2,10,,129330,38,0,34,2,10,,129352,38,0,34,2,50,,129393,38,0,34,2,10,,129355,38,0,34,2,10,,129318,38,0,34,2,10,,129322,38,0,34,2,10,,111805,38,0,34,2,10,,129315,38,0,34,2,50,,129403,38,0,34,2,10,,129283,38,0,34,2,10,,129350,38,0,34,2,7,,129271,38,0,34,2,7,,129326,38,0,34,2,8,,129337,38,0,34,2,8,,129369,38,0,34,2,50,,129413,38,0,34,2,10,,129359,38,0,34,2,10,,129368,38,0,34,2,10,,129411,38,0,34,2,10,,116858,38,0,34,2,10,,110727,38,0,34,2,50,,129408,38,0,34,2,10,,129313,38,0,34,2,10,,129390,38,0,34,2,10,,129404,38,0,34,2,10,,129303,38,0,34,2,10,,129307,38,0,34,2,50,,129316,38,0,34,2,10,,129292,38,0,34,2,10,,123160,38,0,34,2,20,,129401,38,0,34,2
50501,'5',442,,129538,7,0,34,2,62,,129573,7,0,34,2,15,,129526,7,0,34,2,15,,129432,7,0,34,2,15,,129571,7,0,34,2,53,,129504,39,0,34,2,12,,109553,7,0,34,2,9,,129426,39,0,34,2,11,,129475,7,0,34,2,4,,129486,39,0,34,2,15,,129581,38,0,34,2,53,,129510,7,0,34,2,2,,129423,38,0,34,2,15,,129430,38,0,34,2,11,,129419,7,0,34,2,4,,129543,38,0,34,2,14,,129519,38,0,34,2,50,,129442,38,0,34,2,10,,129459,38,0,34,2,10,,129559,38,0,34,2,10,,129415,38,0,34,2,10,,129576,38,0,34,2,10,,129567,38,0,34,2,4,,129465,7,0,34,2,46,,129531,38,0,34,2,7,,129484,7,0,34,2,3,,129539,38,0,34,2,10,,129456,38,0,34,2,6,,129444,7,0,34,2,6,,129492,7,0,34,2,1,,129491,38,0,34,2,6,,129509,7,0,34,2,7,,129479,38,0,34,2,10,,129561,7,0,34,2,42,,129450,38,0,34,2,6,,129481,38,0,34,2,6,,129435,38,0,34,2,6,,129422,38,0,34,2,6,,129555,38,0,34,2,6,,114431,38,0,34,2,6,,129472,38,0,34,2,6,,129474,38,0,34,2,6,,129477,38,0,34,2,6,,129483,38,0,34,2,46,,129577,38,0,34,2,6,,129498,38,0,34,2,6,,129570,38,0,34,2,6,,129439,38,0,34,2,6,,129542,38,0,34,2,6,,129537,38,0,34,2,6,,129508,38,0,34,2,6,,129499,38,0,34,2,6,,129518,38,0,34,2,6,,129473,38,0,34,2,46,,110997,38,0,34,2,6,,129541,38,0,34,2,6,,129503,38,0,34,2,6,,129569,38,0,34,2,8,,129515,38,0,34,2,6,,129478,38,0,34,2,7,,129521,7,0,34,2,1,,129533,38,0,34,2,6,,129429,38,0,34,2,8,,129580,38,0,34,2,46,,129421,38,0,34,2,6,,129448,38,0,34,2,6,,129560,38,0,34,2,6,,129522,38,0,34,2,6,,129446,38,0,34,2,6,,129470,38,0,34,2,6,,129556,38,0,34,2,6,,129436,38,0,34,2,6,,129495,38,0,34,2,6,,129502,38,0,34,2,46,,129497,38,0,34,2,6,,129488,38,0,34,2,6,,129487,38,0,34,2,6,,129468,38,0,34,2,6,,129428,38,0,34,2,6,,129505,38,0,34,2,6,,129566,38,0,34,2,6,,111131,38,0,34,2,6,,129420,38,0,34,2,6,,129501,38,0,34,2,46,,129463,38,0,34,2,6,,129554,38,0,34,2,6,,129557,38,0,34,2,6,,129523,38,0,34,2,6,,129460,38,0,34,2,6,,129513,38,0,34,2,6,,129416,38,0,34,2,6,,129449,38,0,34,2,6,,129568,38,0,34,2,6,,108462,38,0,34,2,46,,129453,38,0,34,2,6,,129582,38,0,34,2,6,,129418,38,0,34,2,6,,129471,38,0,34,2,6,,129536,38,0,34,2,6,,129548,38,0,34,2,6,,129564,38,0,34,2,6,,129558,38,0,34,2,6,,129525,38,0,34,2,6,,129445,38,0,34,2,46,,129532,38,0,34,2,6,,120395,38,0,34,2,6,,129550,38,0,34,2,6,,129514,38,0,34,2,6,,129562,38,0,34,2,6,,129511,38,0,34,2,6,,129551,38,0,34,2,6,,129466,38,0,34,2,6,,129517,38,0,34,2,6,,129565,38,0,34,2,46,,114460,38,0,34,2,6,,129544,38,0,34,2,6,,129454,38,0,34,2,6,,129458,38,0,34,2,6,,129545,38,0,34,2,6,,129424,38,0,34,2,6,,129464,38,0,34,2,6,,129433,38,0,34,2,6,,129494,38,0,34,2,6,,129476,38,0,34,2,46,,129425,38,0,34,2,6,,129507,38,0,34,2,6,,129500,38,0,34,2,6,,129493,38,0,34,2,6,,129524,38,0,34,2,6,,129455,38,0,34,2,6,,129553,38,0,34,2,6,,129443,38,0,34,2,6,,129547,38,0,34,2,6,,129563,38,0,34,2,46,,129520,38,0,34,2,8,,129506,38,0,34,2,8,,129490,38,0,34,2,10,,129540,38,0,34,2,10,,129572,38,0,34,2,10,,129512,38,0,34,2,10,,129516,38,0,34,2,50,,129451,38,0,34,2,10,,129530,38,0,34,2,10,,129482,38,0,34,2,10,,129485,38,0,34,2,10,,129452,38,0,34,2,10,,129438,38,0,34,2,50,,129440,38,0,34,2,10,,122226,38,0,34,2,10,,129434,38,0,34,2,7,,129441,38,0,34,2,7,,129437,38,0,34,2,8,,129546,38,0,34,2,8,,129480,38,0,34,2,50,,129461,38,0,34,2,10,,129578,38,0,34,2,10,,129467,38,0,34,2,10,,129417,38,0,34,2,10,,129574,38,0,34,2,10,,129534,38,0,34,2,50,,129549,38,0,34,2,10,,129529,38,0,34,2,10,,129489,38,0,34,2,10,,129552,38,0,34,2,10,,129575,38,0,34,2,10,,129579,38,0,34,2,49,,129528,38,0,34,2,11,,129535,38,0,34,2,10,,129527,38,0,34,2
