30102,'1',2616,,91350,27,0,47 22 23,2,30,,91376,27,0,47 22 23,2,70,,91366,27,0,47 22 23,2,30,,91378,27,0,47 22 23,2,70,,91356,27,0,47 22 23,2,31,,91374,27,,,2,70,,91363,27,,,2,30,,91361,27,,,2
30102,'2',2621,,91396,27,0,47 22 23,2,30,,91382,27,0,47 22 23,2,70,,91389,27,0,47 22 23,2,30,,91398,27,0,47 22 23,2,70,,91380,27,0,47 22 23,2,31,,91392,27,,,2,70,,91379,27,,,2,30,,91393,27,,,2
30102,'3',2611,,91413,27,0,47 22 23,2,30,,91428,27,0,47 22 23,2,70,,91430,27,0,47 22 23,2,30,,91427,27,0,47 22 23,2,70,,91425,27,0,47 22 23,2,30,,91416,27,0,47 22 23,2,71,,91414,27,,,2,30,,91421,27,,,2
30102,'5',2611,,91445,27,0,47 22 23,2,30,,91446,27,0,47 22 23,2,70,,91437,27,0,47 22 23,2,30,,91461,27,0,47 22 23,2,70,,91454,27,0,47 22 23,2,30,,91450,27,0,47 22 23,2,71,,91447,27,,,2,30,,91436,27,,,2
50701,'1',918,,99957,12,0,49,2,999,,99923,12,0,49,2,27,,99866,12,0,49,2,298,,99892,12,0,49,2,213,,99948,12,0,49,2,60,,99864,12,0,49,2
50701,'2',1923,,100102,12,0,49,2,586,,100108,12,0,49,2,21,,100113,12,0,49,2
50701,'3',2441,,100360,12,0,49,2
50701,'5',2441,,100445,12,0,49,2
50702,'1',454,,100616,12,0,22 23,2,51,,100701,12,0,22 23,2,10,,100696,12,0,22 23,2,10,,100768,12,0,22 23,2,10,,100631,12,0,22 23,2,10,,100623,12,0,22 23,2,10,,100604,12,0,22 23,2,50,,100662,12,0,22 23,2,10,,100619,12,0,22 23,2,10,,100664,12,0,22 23,2,10,,88188,12,0,22 23,2,10,,100601,12,0,22 23,2,12,,100734,12,0,22 23,2,48,,100752,12,0,22 23,2,6,,100594,12,0,22 23,2,7,,100632,12,0,22 23,2,7,,100614,12,0,22 23,2,7,,100715,12,0,22 23,2,7,,100640,12,0,22 23,2,7,,100610,12,0,22 23,2,7,,100724,12,0,22 23,2,47,,100687,12,0,22 23,2,7,,100721,12,0,22 23,2,7,,100774,12,0,22 23,2,7,,100758,12,0,22 23,2,7,,100723,12,0,22 23,2,7,,100769,12,0,22 23,2,7,,100666,12,0,22 23,2,7,,100669,12,0,22 23,2,7,,100655,12,0,22 23,2,49,,100645,12,0,22 23,2,9,,100644,12,0,22 23,2,8,,100761,12,0,22 23,2,8,,100763,12,0,22 23,2,8,,100796,12,0,22 23,2,8,,100766,12,0,22 23,2,8,,100612,12,0,22 23,2,48,,100620,12,0,22 23,2,8,,100600,12,0,22 23,2,8,,100760,12,0,22 23,2,8,,100755,12,0,22 23,2,8,,100765,12,0,22 23,2,8,,100658,12,0,22 23,2,8,,100698,12,0,22 23,2,8,,100660,12,0,22 23,2,48,,100667,12,0,22 23,2,8,,100747,12,0,22 23,2,8,,100685,12,0,22 23,2,8,,100744,12,0,22 23,2,8,,100671,12,0,22 23,2,8,,100708,12,0,22 23,2,8,,100683,12,0,22 23,2,48,,100647,12,0,22 23,2,8,,100718,12,0,22 23,2,8,,100626,12,0,22 23,2,8,,100733,12,0,22 23,2,8,,100762,12,0,22 23,2,8,,100673,12,0,22 23,2,8,,100633,12,0,22 23,2,8,,100679,12,0,22 23,2,48,,100751,12,0,22 23,2,8,,100745,12,0,22 23,2,8,,100725,12,0,22 23,2,8,,89087,12,0,22 23,2,8,,100787,12,0,22 23,2,8,,100781,12,0,22 23,2,8,,100599,12,0,22 23,2,48,,100605,12,0,22 23,2,8,,100783,12,0,22 23,2,8,,81440,12,0,22 23,2,8,,100759,12,0,22 23,2,8,,79766,12,0,22 23,2,8,,100684,12,0,22 23,2,8,,100743,12,0,22 23,2,8,,100711,12,0,22 23,2,48,,100700,12,0,22 23,2,9,,100773,12,0,22 23,2,4,,100741,12,0,22 23,2,7,,100794,12,0,22 23,2,7,,100672,12,0,22 23,2,7,,100648,12,0,22 23,2,7,,100720,12,0,22 23,2,7,,100606,12,0,22 23,2,47,,100703,12,0,22 23,2,7,,100639,12,0,22 23,2,7,,100653,12,0,22 23,2,7,,100704,12,0,22 23,2,7,,100691,12,0,22 23,2,7,,100757,12,0,22 23,2,7,,100705,12,0,22 23,2,7,,100638,12,0,22 23,2,7,,100686,12,0,22 23,2,47,,100722,12,0,22 23,2,7,,100788,12,0,22 23,2,7,,100791,12,0,22 23,2,7,,100697,12,0,22 23,2,7,,100727,12,0,22 23,2,7,,100657,12,0,22 23,2,7,,100710,12,0,22 23,2,7,,100652,12,0,22 23,2,47,,100767,12,0,22 23,2,7,,100690,12,0,22 23,2,7,,100670,12,0,22 23,2,7,,89208,12,0,22 23,2,7,,100595,12,0,22 23,2,7,,100748,12,0,22 23,2,7,,100681,12,0,22 23,2,7,,100694,12,0,22 23,2,7,,100668,12,0,22 23,2,49,,100692,12,0,22 23,2,8,,100617,12,0,22 23,2,9,,100792,12,0,22 23,2,8,,100714,12,0,22 23,2,9,,100728,12,0,22 23,2,9,,100680,12,0,22 23,2,9,,100790,12,0,22 23,2,49,,100800,12,0,22 23,2,9,,100646,12,0,22 23,2,9,,100597,12,0,22 23,2,9,,100678,12,0,22 23,2,9,,100613,12,0,22 23,2,9,,100642,12,0,22 23,2,49,,100622,12,0,22 23,2,9,,100636,12,0,22 23,2,9,,100637,12,0,22 23,2,9,,100749,12,0,22 23,2,9,,100753,12,0,22 23,2,9,,100750,12,0,22 23,2,9,,100695,12,0,22 23,2,49,,100754,12,0,22 23,2,9,,100628,12,0,22 23,2,12,,100603,12,0,22 23,2,10,,100635,12,0,22 23,2,10,,100609,12,0,22 23,2,10,,100654,12,0,22 23,2,50,,100746,12,0,22 23,2,10,,100789,12,0,22 23,2,10,,100742,12,0,22 23,2,10,,100709,12,0,22 23,2,10,,100779,12,0,22 23,2,10,,100596,12,0,22 23,2,50,,100740,12,0,22 23,2,10,,100713,12,0,22 23,2,10,,100730,12,0,22 23,2,12,,100735,12,0,22 23,2,12,,100729,12,0,22 23,2,55,,100677,12,0,22 23,2,20,,100699,12,0,22 23,2,25,,100651,12,0,22 23,2
50702,'2',445,,100870,12,0,22 23,2,10,,100923,12,0,22 23,2,50,,100977,12,0,22 23,2,10,,100804,12,0,22 23,2,10,,100919,12,0,22 23,2,10,,100872,12,0,22 23,2,10,,100893,12,0,22 23,2,10,,100924,12,0,22 23,2,50,,100873,12,0,22 23,2,10,,100827,12,0,22 23,2,10,,100948,12,0,22 23,2,10,,86668,12,0,22 23,2,10,,100812,12,0,22 23,2,10,,100869,12,0,22 23,2,50,,100915,12,0,22 23,2,10,,100910,12,0,22 23,2,10,,100982,12,0,22 23,2,10,,100868,12,0,22 23,2,10,,100854,12,0,22 23,2,10,,100908,12,0,22 23,2,49,,100958,12,0,22 23,2,12,,100892,12,0,22 23,2,14,,100933,12,0,22 23,2,11,,100902,12,0,22 23,2,9,,100851,12,0,22 23,2,9,,100951,12,0,22 23,2,49,,79897,12,0,22 23,2,9,,100955,12,0,22 23,2,9,,100874,12,0,22 23,2,9,,100917,12,0,22 23,2,9,,100904,12,0,22 23,2,9,,100952,12,0,22 23,2,49,,100833,12,0,22 23,2,9,,100891,12,0,22 23,2,9,,100866,12,0,22 23,2,9,,100929,12,0,22 23,2,9,,100828,12,0,22 23,2,9,,100836,12,0,22 23,2,9,,100970,12,0,22 23,2,49,,100871,12,0,22 23,2,9,,100964,12,0,22 23,2,9,,100974,12,0,22 23,2,9,,100809,12,0,22 23,2,9,,100972,12,0,22 23,2,9,,100818,12,0,22 23,2,9,,100807,12,0,22 23,2,50,,100939,12,0,22 23,2,10,,100971,12,0,22 23,2,8,,100918,12,0,22 23,2,8,,100882,12,0,22 23,2,8,,100879,12,0,22 23,2,8,,100962,12,0,22 23,2,8,,100887,12,0,22 23,2,48,,100813,12,0,22 23,2,8,,100928,12,0,22 23,2,8,,100937,12,0,22 23,2,8,,100806,12,0,22 23,2,8,,100843,12,0,22 23,2,8,,100927,12,0,22 23,2,8,,100938,12,0,22 23,2,48,,100907,12,0,22 23,2,8,,100976,12,0,22 23,2,8,,100862,12,0,22 23,2,8,,100808,12,0,22 23,2,8,,100980,12,0,22 23,2,8,,100814,12,0,22 23,2,8,,100965,12,0,22 23,2,8,,100905,12,0,22 23,2,48,,78028,12,0,22 23,2,8,,100829,12,0,22 23,2,8,,100898,12,0,22 23,2,8,,100863,12,0,22 23,2,8,,100841,12,0,22 23,2,8,,100865,12,0,22 23,2,8,,100936,12,0,22 23,2,48,,100925,12,0,22 23,2,8,,100860,12,0,22 23,2,8,,100832,12,0,22 23,2,8,,100835,12,0,22 23,2,8,,100831,12,0,22 23,2,8,,100950,12,0,22 23,2,8,,100931,12,0,22 23,2,8,,100822,12,0,22 23,2,48,,100844,12,0,22 23,2,8,,100857,12,0,22 23,2,8,,100897,12,0,22 23,2,8,,100953,12,0,22 23,2,8,,100861,12,0,22 23,2,8,,100884,12,0,22 23,2,8,,100864,12,0,22 23,2,48,,100946,12,0,22 23,2,8,,100848,12,0,22 23,2,8,,100945,12,0,22 23,2,8,,100959,12,0,22 23,2,8,,100816,12,0,22 23,2,8,,100957,12,0,22 23,2,8,,100880,12,0,22 23,2,8,,100949,12,0,22 23,2,50,,100922,12,0,22 23,2,9,,100961,12,0,22 23,2,10,,100967,12,0,22 23,2,9,,100838,12,0,22 23,2,9,,100930,12,0,22 23,2,9,,100973,12,0,22 23,2,49,,100911,12,0,22 23,2,9,,100984,12,0,22 23,2,9,,100876,12,0,22 23,2,9,,100894,12,0,22 23,2,9,,100968,12,0,22 23,2,9,,100914,12,0,22 23,2,9,,100986,12,0,22 23,2,49,,100826,12,0,22 23,2,9,,100830,12,0,22 23,2,9,,100985,12,0,22 23,2,9,,100890,12,0,22 23,2,9,,100847,12,0,22 23,2,9,,100867,12,0,22 23,2,49,,100846,12,0,22 23,2,9,,100853,12,0,22 23,2,7,,100954,12,0,22 23,2,10,,100817,12,0,22 23,2,10,,100821,12,0,22 23,2,10,,100881,12,0,22 23,2,10,,100858,12,0,22 23,2,50,,100885,12,0,22 23,2,10,,100947,12,0,22 23,2,10,,100859,12,0,22 23,2,10,,100856,12,0,22 23,2,10,,100909,12,0,22 23,2,10,,100963,12,0,22 23,2,50,,100855,12,0,22 23,2,10,,100810,12,0,22 23,2,10,,100840,12,0,22 23,2,10,,100852,12,0,22 23,2,12,,100886,12,0,22 23,2,55,,100883,12,0,22 23,2,20,,100878,12,0,22 23,2,30,,100899,12,0,22 23,2
50702,'3',441,,101007,12,0,22 23,2,8,,101050,12,0,22 23,2,9,,101137,12,0,22 23,2,50,,101154,12,0,22 23,2,10,,101059,12,0,22 23,2,10,,101068,12,0,22 23,2,10,,101100,12,0,22 23,2,10,,101160,12,0,22 23,2,10,,100999,12,0,22 23,2,50,,101070,12,0,22 23,2,10,,101127,12,0,22 23,2,10,,101026,12,0,22 23,2,10,,101046,12,0,22 23,2,10,,101014,12,0,22 23,2,10,,101107,12,0,22 23,2,50,,101092,12,0,22 23,2,10,,100995,12,0,22 23,2,10,,101081,12,0,22 23,2,10,,77636,12,0,22 23,2,10,,101016,12,0,22 23,2,10,,101053,12,0,22 23,2,52,,101165,12,0,22 23,2,11,,101121,12,0,22 23,2,15,,101112,12,0,22 23,2,10,,101031,12,0,22 23,2,10,,101111,12,0,22 23,2,50,,101004,12,0,22 23,2,10,,101148,12,0,22 23,2,10,,101136,12,0,22 23,2,10,,101132,12,0,22 23,2,10,,101064,12,0,22 23,2,10,,101008,12,0,22 23,2,50,,101085,12,0,22 23,2,10,,101062,12,0,22 23,2,10,,101042,12,0,22 23,2,10,,101128,12,0,22 23,2,10,,100992,12,0,22 23,2,10,,101020,12,0,22 23,2,50,,101156,12,0,22 23,2,10,,101065,12,0,22 23,2,10,,101166,12,0,22 23,2,10,,101009,12,0,22 23,2,10,,101017,12,0,22 23,2,10,,101074,12,0,22 23,2,50,,101044,12,0,22 23,2,9,,101155,12,0,22 23,2,8,,100991,12,0,22 23,2,8,,101133,12,0,22 23,2,8,,101157,12,0,22 23,2,9,,101149,12,0,22 23,2,9,,101105,12,0,22 23,2,49,,101124,12,0,22 23,2,9,,101144,12,0,22 23,2,9,,101159,12,0,22 23,2,9,,100993,12,0,22 23,2,9,,101102,12,0,22 23,2,9,,101118,12,0,22 23,2,49,,101029,12,0,22 23,2,9,,89586,12,0,22 23,2,9,,101114,12,0,22 23,2,9,,101142,12,0,22 23,2,9,,80189,12,0,22 23,2,9,,101139,12,0,22 23,2,9,,101028,12,0,22 23,2,49,,101130,12,0,22 23,2,9,,101000,12,0,22 23,2,9,,101096,12,0,22 23,2,9,,101056,12,0,22 23,2,9,,101021,12,0,22 23,2,9,,101027,12,0,22 23,2,9,,101071,12,0,22 23,2,49,,101025,12,0,22 23,2,9,,101098,12,0,22 23,2,9,,101066,12,0,22 23,2,9,,101038,12,0,22 23,2,9,,101010,12,0,22 23,2,9,,101039,12,0,22 23,2,49,,101138,12,0,22 23,2,9,,101023,12,0,22 23,2,9,,101169,12,0,22 23,2,9,,101095,12,0,22 23,2,9,,101041,12,0,22 23,2,9,,101022,12,0,22 23,2,9,,101168,12,0,22 23,2,49,,101093,12,0,22 23,2,9,,101063,12,0,22 23,2,9,,101001,12,0,22 23,2,9,,101024,12,0,22 23,2,9,,101108,12,0,22 23,2,9,,101153,12,0,22 23,2,9,,101147,12,0,22 23,2,49,,101116,12,0,22 23,2,7,,101150,12,0,22 23,2,9,,101122,12,0,22 23,2,8,,101106,12,0,22 23,2,7,,100990,12,0,22 23,2,9,,101167,12,0,22 23,2,9,,101078,12,0,22 23,2,49,,101091,12,0,22 23,2,9,,101058,12,0,22 23,2,9,,101143,12,0,22 23,2,9,,101018,12,0,22 23,2,9,,101077,12,0,22 23,2,9,,70115,12,0,22 23,2,9,,101119,12,0,22 23,2,49,,101054,12,0,22 23,2,9,,101076,12,0,22 23,2,9,,101103,12,0,22 23,2,9,,101069,12,0,22 23,2,9,,100997,12,0,22 23,2,9,,101113,12,0,22 23,2,49,,100998,12,0,22 23,2,9,,86891,12,0,22 23,2,9,,101034,12,0,22 23,2,9,,101057,12,0,22 23,2,10,,101040,12,0,22 23,2,10,,101115,12,0,22 23,2,10,,101101,12,0,22 23,2,50,,101067,12,0,22 23,2,10,,101123,12,0,22 23,2,10,,101052,12,0,22 23,2,10,,101097,12,0,22 23,2,10,,101013,12,0,22 23,2,10,,101134,12,0,22 23,2,50,,101135,12,0,22 23,2,10,,101075,12,0,22 23,2,10,,80267,12,0,22 23,2,19,,101079,12,0,22 23,2,59,,101104,12,0,22 23,2,15,,101099,12,0,22 23,2,20,,101162,12,0,22 23,2
50702,'5',441,,101347,12,0,22 23,2,8,,101218,12,0,22 23,2,9,,101338,12,0,22 23,2,50,,101241,12,0,22 23,2,10,,101261,12,0,22 23,2,10,,101260,12,0,22 23,2,10,,101331,12,0,22 23,2,10,,101259,12,0,22 23,2,10,,101332,12,0,22 23,2,50,,101330,12,0,22 23,2,10,,101340,12,0,22 23,2,10,,101334,12,0,22 23,2,10,,101299,12,0,22 23,2,10,,101321,12,0,22 23,2,10,,101199,12,0,22 23,2,50,,101186,12,0,22 23,2,10,,101228,12,0,22 23,2,10,,101342,12,0,22 23,2,10,,101234,12,0,22 23,2,10,,101219,12,0,22 23,2,10,,101254,12,0,22 23,2,52,,101220,12,0,22 23,2,11,,101285,12,0,22 23,2,15,,101300,12,0,22 23,2,10,,101216,12,0,22 23,2,10,,101292,12,0,22 23,2,50,,101287,12,0,22 23,2,10,,101238,12,0,22 23,2,10,,101350,12,0,22 23,2,10,,101244,12,0,22 23,2,10,,101352,12,0,22 23,2,10,,101301,12,0,22 23,2,50,,101175,12,0,22 23,2,10,,101176,12,0,22 23,2,10,,101255,12,0,22 23,2,10,,101232,12,0,22 23,2,10,,101263,12,0,22 23,2,10,,101265,12,0,22 23,2,50,,80344,12,0,22 23,2,10,,101215,12,0,22 23,2,10,,101256,12,0,22 23,2,10,,101355,12,0,22 23,2,10,,101294,12,0,22 23,2,10,,101337,12,0,22 23,2,50,,101314,12,0,22 23,2,9,,101257,12,0,22 23,2,8,,101344,12,0,22 23,2,8,,101303,12,0,22 23,2,8,,101268,12,0,22 23,2,9,,101283,12,0,22 23,2,9,,101217,12,0,22 23,2,49,,101177,12,0,22 23,2,9,,101346,12,0,22 23,2,9,,101258,12,0,22 23,2,9,,101195,12,0,22 23,2,9,,101272,12,0,22 23,2,9,,101226,12,0,22 23,2,49,,79310,12,0,22 23,2,9,,101341,12,0,22 23,2,9,,101229,12,0,22 23,2,9,,101305,12,0,22 23,2,9,,101349,12,0,22 23,2,9,,101297,12,0,22 23,2,9,,101322,12,0,22 23,2,49,,101237,12,0,22 23,2,9,,101208,12,0,22 23,2,9,,101200,12,0,22 23,2,9,,101316,12,0,22 23,2,9,,101348,12,0,22 23,2,9,,101290,12,0,22 23,2,9,,101197,12,0,22 23,2,49,,101313,12,0,22 23,2,9,,101192,12,0,22 23,2,9,,101304,12,0,22 23,2,9,,101274,12,0,22 23,2,9,,101247,12,0,22 23,2,9,,101269,12,0,22 23,2,49,,101185,12,0,22 23,2,9,,101205,12,0,22 23,2,9,,101306,12,0,22 23,2,9,,101183,12,0,22 23,2,9,,101182,12,0,22 23,2,9,,101230,12,0,22 23,2,9,,101171,12,0,22 23,2,49,,101353,12,0,22 23,2,9,,101288,12,0,22 23,2,9,,101190,12,0,22 23,2,9,,101339,12,0,22 23,2,9,,101280,12,0,22 23,2,9,,101333,12,0,22 23,2,9,,101315,12,0,22 23,2,49,,101298,12,0,22 23,2,7,,101282,12,0,22 23,2,9,,101326,12,0,22 23,2,8,,101262,12,0,22 23,2,7,,101318,12,0,22 23,2,9,,101178,12,0,22 23,2,9,,101225,12,0,22 23,2,49,,101189,12,0,22 23,2,9,,101266,12,0,22 23,2,9,,101302,12,0,22 23,2,9,,101207,12,0,22 23,2,9,,101204,12,0,22 23,2,9,,101223,12,0,22 23,2,9,,101279,12,0,22 23,2,49,,77308,12,0,22 23,2,9,,101193,12,0,22 23,2,9,,101172,12,0,22 23,2,9,,101309,12,0,22 23,2,9,,101253,12,0,22 23,2,9,,101203,12,0,22 23,2,49,,101327,12,0,22 23,2,9,,101345,12,0,22 23,2,9,,101310,12,0,22 23,2,9,,101328,12,0,22 23,2,10,,101320,12,0,22 23,2,10,,101329,12,0,22 23,2,10,,101325,12,0,22 23,2,50,,101211,12,0,22 23,2,10,,101242,12,0,22 23,2,10,,101227,12,0,22 23,2,10,,101277,12,0,22 23,2,10,,101317,12,0,22 23,2,10,,101184,12,0,22 23,2,50,,101224,12,0,22 23,2,10,,101289,12,0,22 23,2,10,,101323,12,0,22 23,2,19,,101173,12,0,22 23,2,59,,83640,12,0,22 23,2,15,,101281,12,0,22 23,2,20,,101356,12,0,22 23,2
