30102,'1',2624,,123704,37,0,47 22 23,2,30,,123686,37,0,47 22 23,2,70,,123675,37,0,47 22 23,2,30,,123698,37,0,47 22 23,2,70,,123684,37,0,47 22 23,2,30,,123688,37,,,2,70,,123679,37,,,2,30,,123685,37,,,2
30102,'2',2629,,123725,37,0,47 22 23,2,30,,123724,37,0,47 22 23,2,70,,123716,37,0,47 22 23,2,30,,123730,37,0,47 22 23,2,70,,123729,37,0,47 22 23,2,30,,123715,37,,,2,70,,123739,37,,,2,30,,123732,37,,,2
30102,'3',2619,,123756,37,0,47 22 23,2,30,,123760,37,0,47 22 23,2,70,,123744,37,0,47 22 23,2,30,,123764,37,0,47 22 23,2,70,,123753,37,0,47 22 23,2,30,,123758,37,0,47 22 23,2,70,,123742,37,,,2,30,,123765,37,,,2
30102,'5',2619,,123789,37,0,47 22 23,2,30,,115386,37,0,47 22 23,2,70,,123798,37,0,47 22 23,2,30,,123774,37,0,47 22 23,2,70,,123795,37,0,47 22 23,2,30,,123796,37,0,47 22 23,2,70,,123797,37,,,2,30,,123787,37,,,2
50701,'1',929,,132333,22,0,49,2,999,,132300,22,0,49,2,27,,132334,22,0,49,2,298,,132416,22,0,49,2,253,,132419,22,0,49,2,20,,132325,22,0,49,2
50701,'2',1930,,132571,22,0,49,2,586,,132486,22,0,49,2,21,,132433,22,0,49,2
50701,'3',2450,,132672,22,0,49,2
50701,'5',2450,,132871,22,0,49,2
50702,'1',505,,132999,22,0,22 23,2,11,,133180,22,0,22 23,2,10,,133063,22,0,22 23,2,10,,132992,22,0,22 23,2,10,,133159,22,0,22 23,2,10,,133183,22,0,22 23,2,50,,133042,22,0,22 23,2,10,,133190,22,0,22 23,2,10,,133136,22,0,22 23,2,10,,132994,22,0,22 23,2,10,,133137,22,0,22 23,2,10,,133071,22,0,22 23,2,52,,133149,22,0,22 23,2,8,,133036,22,0,22 23,2,6,,133173,22,0,22 23,2,7,,133048,22,0,22 23,2,7,,133169,22,0,22 23,2,7,,133189,22,0,22 23,2,7,,133094,22,0,22 23,2,7,,133037,22,0,22 23,2,47,,133027,22,0,22 23,2,7,,133182,22,0,22 23,2,7,,133114,22,0,22 23,2,7,,133057,22,0,22 23,2,7,,133012,22,0,22 23,2,7,,133080,22,0,22 23,2,7,,133003,22,0,22 23,2,7,,133104,22,0,22 23,2,47,,132990,22,0,22 23,2,7,,133123,22,0,22 23,2,9,,133081,22,0,22 23,2,9,,116344,22,0,22 23,2,8,,133000,22,0,22 23,2,8,,112236,22,0,22 23,2,8,,133034,22,0,22 23,2,8,,133148,22,0,22 23,2,48,,133019,22,0,22 23,2,8,,133151,22,0,22 23,2,8,,133026,22,0,22 23,2,8,,91856,22,0,22 23,2,8,,133177,22,0,22 23,2,8,,133018,22,0,22 23,2,8,,133093,22,0,22 23,2,48,,133150,22,0,22 23,2,8,,133120,22,0,22 23,2,8,,133178,22,0,22 23,2,8,,133011,22,0,22 23,2,8,,133053,22,0,22 23,2,8,,133061,22,0,22 23,2,8,,133089,22,0,22 23,2,8,,133086,22,0,22 23,2,48,,133121,22,0,22 23,2,8,,133168,22,0,22 23,2,8,,133045,22,0,22 23,2,8,,133015,22,0,22 23,2,8,,133113,22,0,22 23,2,8,,133073,22,0,22 23,2,8,,133096,22,0,22 23,2,48,,133059,22,0,22 23,2,8,,133060,22,0,22 23,2,8,,133109,22,0,22 23,2,8,,133171,22,0,22 23,2,8,,133192,22,0,22 23,2,8,,133068,22,0,22 23,2,8,,133072,22,0,22 23,2,8,,133170,22,0,22 23,2,48,,133044,22,0,22 23,2,8,,107193,22,0,22 23,2,8,,133097,22,0,22 23,2,8,,132996,22,0,22 23,2,8,,133056,22,0,22 23,2,8,,133186,22,0,22 23,2,8,,133164,22,0,22 23,2,48,,133014,22,0,22 23,2,8,,133112,22,0,22 23,2,8,,133085,22,0,22 23,2,9,,133122,22,0,22 23,2,4,,133106,22,0,22 23,2,7,,133079,22,0,22 23,2,7,,133145,22,0,22 23,2,7,,133091,22,0,22 23,2,7,,133161,22,0,22 23,2,47,,133020,22,0,22 23,2,7,,133058,22,0,22 23,2,7,,133130,22,0,22 23,2,7,,133087,22,0,22 23,2,7,,133092,22,0,22 23,2,7,,133119,22,0,22 23,2,7,,133185,22,0,22 23,2,7,,133001,22,0,22 23,2,47,,133142,22,0,22 23,2,7,,133115,22,0,22 23,2,7,,133156,22,0,22 23,2,7,,133107,22,0,22 23,2,7,,132998,22,0,22 23,2,7,,133083,22,0,22 23,2,7,,133116,22,0,22 23,2,7,,133069,22,0,22 23,2,7,,133172,22,0,22 23,2,47,,133176,22,0,22 23,2,7,,133049,22,0,22 23,2,7,,133110,22,0,22 23,2,7,,116398,22,0,22 23,2,7,,133191,22,0,22 23,2,7,,133082,22,0,22 23,2,7,,133134,22,0,22 23,2,7,,133165,22,0,22 23,2,47,,133031,22,0,22 23,2,7,,112885,22,0,22 23,2,9,,133032,22,0,22 23,2,8,,133007,22,0,22 23,2,9,,133129,22,0,22 23,2,6,,133187,22,0,22 23,2,9,,133174,22,0,22 23,2,9,,133052,22,0,22 23,2,49,,133154,22,0,22 23,2,9,,133135,22,0,22 23,2,9,,133179,22,0,22 23,2,9,,133041,22,0,22 23,2,9,,133188,22,0,22 23,2,9,,133124,22,0,22 23,2,49,,133166,22,0,22 23,2,9,,133152,22,0,22 23,2,9,,133004,22,0,22 23,2,9,,133066,22,0,22 23,2,9,,133175,22,0,22 23,2,9,,133047,22,0,22 23,2,9,,133013,22,0,22 23,2,49,,133025,22,0,22 23,2,9,,133046,22,0,22 23,2,7,,133138,22,0,22 23,2,12,,133117,22,0,22 23,2,10,,133029,22,0,22 23,2,10,,132991,22,0,22 23,2,50,,133098,22,0,22 23,2,10,,133078,22,0,22 23,2,10,,133140,22,0,22 23,2,10,,133157,22,0,22 23,2,10,,133065,22,0,22 23,2,10,,133143,22,0,22 23,2,50,,133016,22,0,22 23,2,10,,133062,22,0,22 23,2,10,,133084,22,0,22 23,2,10,,133181,22,0,22 23,2,12,,133088,22,0,22 23,2,12,,133147,22,0,22 23,2,55,,133100,22,0,22 23,2,20,,133103,22,0,22 23,2,25,,133010,22,0,22 23,2
50702,'2',452,,133366,22,0,22 23,2,50,,133237,22,0,22 23,2,10,,133211,22,0,22 23,2,10,,133266,22,0,22 23,2,10,,133281,22,0,22 23,2,10,,133213,22,0,22 23,2,10,,133360,22,0,22 23,2,50,,133316,22,0,22 23,2,10,,133249,22,0,22 23,2,10,,133201,22,0,22 23,2,10,,133352,22,0,22 23,2,10,,133270,22,0,22 23,2,10,,133230,22,0,22 23,2,50,,133248,22,0,22 23,2,10,,133349,22,0,22 23,2,10,,133255,22,0,22 23,2,10,,133267,22,0,22 23,2,10,,133216,22,0,22 23,2,10,,133335,22,0,22 23,2,50,,133367,22,0,22 23,2,9,,133310,22,0,22 23,2,12,,133323,22,0,22 23,2,15,,133325,22,0,22 23,2,13,,133344,22,0,22 23,2,49,,133327,22,0,22 23,2,9,,133375,22,0,22 23,2,9,,133246,22,0,22 23,2,9,,133345,22,0,22 23,2,9,,133239,22,0,22 23,2,9,,133355,22,0,22 23,2,9,,133261,22,0,22 23,2,49,,133301,22,0,22 23,2,9,,133312,22,0,22 23,2,9,,133285,22,0,22 23,2,9,,133329,22,0,22 23,2,9,,133214,22,0,22 23,2,9,,133373,22,0,22 23,2,9,,133271,22,0,22 23,2,49,,133364,22,0,22 23,2,9,,133273,22,0,22 23,2,9,,133268,22,0,22 23,2,9,,133206,22,0,22 23,2,9,,133305,22,0,22 23,2,9,,133294,22,0,22 23,2,49,,133346,22,0,22 23,2,9,,133338,22,0,22 23,2,10,,133359,22,0,22 23,2,10,,133361,22,0,22 23,2,8,,133257,22,0,22 23,2,8,,133368,22,0,22 23,2,8,,133200,22,0,22 23,2,48,,133262,22,0,22 23,2,8,,133295,22,0,22 23,2,8,,133245,22,0,22 23,2,8,,133354,22,0,22 23,2,8,,133242,22,0,22 23,2,8,,133317,22,0,22 23,2,8,,119405,22,0,22 23,2,8,,133278,22,0,22 23,2,48,,133322,22,0,22 23,2,8,,133362,22,0,22 23,2,8,,133356,22,0,22 23,2,8,,133290,22,0,22 23,2,8,,133250,22,0,22 23,2,8,,133207,22,0,22 23,2,8,,133330,22,0,22 23,2,48,,133227,22,0,22 23,2,8,,133208,22,0,22 23,2,8,,133280,22,0,22 23,2,8,,133342,22,0,22 23,2,8,,133369,22,0,22 23,2,8,,133371,22,0,22 23,2,8,,133332,22,0,22 23,2,8,,133193,22,0,22 23,2,48,,133228,22,0,22 23,2,8,,133247,22,0,22 23,2,8,,133302,22,0,22 23,2,8,,133225,22,0,22 23,2,8,,133372,22,0,22 23,2,8,,133304,22,0,22 23,2,8,,133229,22,0,22 23,2,48,,133339,22,0,22 23,2,8,,133279,22,0,22 23,2,8,,114889,22,0,22 23,2,8,,133195,22,0,22 23,2,8,,133232,22,0,22 23,2,8,,133222,22,0,22 23,2,8,,133254,22,0,22 23,2,8,,133252,22,0,22 23,2,48,,133199,22,0,22 23,2,8,,133303,22,0,22 23,2,8,,93129,22,0,22 23,2,8,,133224,22,0,22 23,2,8,,133351,22,0,22 23,2,8,,133307,22,0,22 23,2,8,,133234,22,0,22 23,2,48,,133240,22,0,22 23,2,8,,133350,22,0,22 23,2,10,,133308,22,0,22 23,2,8,,133299,22,0,22 23,2,8,,133340,22,0,22 23,2,9,,133274,22,0,22 23,2,9,,133219,22,0,22 23,2,49,,133236,22,0,22 23,2,9,,133218,22,0,22 23,2,9,,133226,22,0,22 23,2,9,,113066,22,0,22 23,2,9,,133217,22,0,22 23,2,9,,133292,22,0,22 23,2,9,,133337,22,0,22 23,2,49,,133341,22,0,22 23,2,9,,133282,22,0,22 23,2,9,,133315,22,0,22 23,2,9,,133328,22,0,22 23,2,9,,133251,22,0,22 23,2,9,,133203,22,0,22 23,2,9,,120141,22,0,22 23,2,49,,133253,22,0,22 23,2,9,,133288,22,0,22 23,2,7,,133221,22,0,22 23,2,10,,133298,22,0,22 23,2,10,,133309,22,0,22 23,2,10,,133277,22,0,22 23,2,50,,133210,22,0,22 23,2,10,,133194,22,0,22 23,2,10,,133243,22,0,22 23,2,10,,133296,22,0,22 23,2,10,,133258,22,0,22 23,2,10,,133244,22,0,22 23,2,50,,133321,22,0,22 23,2,10,,133241,22,0,22 23,2,10,,133231,22,0,22 23,2,10,,133313,22,0,22 23,2,10,,133204,22,0,22 23,2,12,,133220,22,0,22 23,2,55,,133347,22,0,22 23,2,20,,133260,22,0,22 23,2,70,,133196,22,0,22 23,2
50702,'3',448,,133450,22,0,22 23,2,8,,133378,22,0,22 23,2,49,,133382,22,0,22 23,2,10,,133523,22,0,22 23,2,10,,133422,22,0,22 23,2,10,,133475,22,0,22 23,2,10,,133430,22,0,22 23,2,10,,133458,22,0,22 23,2,50,,133399,22,0,22 23,2,10,,133495,22,0,22 23,2,10,,133480,22,0,22 23,2,10,,133438,22,0,22 23,2,10,,133457,22,0,22 23,2,10,,133449,22,0,22 23,2,50,,133389,22,0,22 23,2,10,,133498,22,0,22 23,2,10,,133472,22,0,22 23,2,10,,133454,22,0,22 23,2,10,,133413,22,0,22 23,2,10,,133556,22,0,22 23,2,50,,133534,22,0,22 23,2,13,,133408,22,0,22 23,2,12,,133543,22,0,22 23,2,16,,133486,22,0,22 23,2,10,,133473,22,0,22 23,2,50,,133536,22,0,22 23,2,10,,133477,22,0,22 23,2,10,,133384,22,0,22 23,2,10,,133453,22,0,22 23,2,10,,133527,22,0,22 23,2,10,,115982,22,0,22 23,2,50,,133437,22,0,22 23,2,10,,133377,22,0,22 23,2,10,,133484,22,0,22 23,2,10,,133522,22,0,22 23,2,10,,133494,22,0,22 23,2,10,,133407,22,0,22 23,2,50,,107770,22,0,22 23,2,10,,133432,22,0,22 23,2,10,,133544,22,0,22 23,2,10,,133444,22,0,22 23,2,10,,133506,22,0,22 23,2,10,,133511,22,0,22 23,2,50,,133496,22,0,22 23,2,10,,133379,22,0,22 23,2,9,,133503,22,0,22 23,2,8,,133402,22,0,22 23,2,8,,133441,22,0,22 23,2,8,,133445,22,0,22 23,2,9,,133485,22,0,22 23,2,49,,133554,22,0,22 23,2,9,,133470,22,0,22 23,2,9,,133425,22,0,22 23,2,9,,133385,22,0,22 23,2,9,,133502,22,0,22 23,2,9,,133400,22,0,22 23,2,49,,133423,22,0,22 23,2,9,,133519,22,0,22 23,2,9,,133521,22,0,22 23,2,9,,133557,22,0,22 23,2,9,,133482,22,0,22 23,2,9,,133401,22,0,22 23,2,9,,133507,22,0,22 23,2,49,,133424,22,0,22 23,2,9,,133489,22,0,22 23,2,9,,133545,22,0,22 23,2,9,,133513,22,0,22 23,2,9,,133434,22,0,22 23,2,9,,133412,22,0,22 23,2,9,,133526,22,0,22 23,2,49,,133471,22,0,22 23,2,9,,133555,22,0,22 23,2,9,,133465,22,0,22 23,2,9,,133512,22,0,22 23,2,9,,133542,22,0,22 23,2,9,,133452,22,0,22 23,2,49,,133388,22,0,22 23,2,9,,133392,22,0,22 23,2,9,,133541,22,0,22 23,2,9,,133380,22,0,22 23,2,9,,133440,22,0,22 23,2,9,,133456,22,0,22 23,2,9,,133397,22,0,22 23,2,49,,133518,22,0,22 23,2,9,,133528,22,0,22 23,2,9,,133464,22,0,22 23,2,9,,133558,22,0,22 23,2,9,,133428,22,0,22 23,2,9,,133559,22,0,22 23,2,9,,133520,22,0,22 23,2,49,,133500,22,0,22 23,2,9,,133398,22,0,22 23,2,6,,133403,22,0,22 23,2,9,,133405,22,0,22 23,2,8,,133410,22,0,22 23,2,7,,133504,22,0,22 23,2,9,,133538,22,0,22 23,2,49,,133483,22,0,22 23,2,9,,133532,22,0,22 23,2,9,,133550,22,0,22 23,2,9,,133462,22,0,22 23,2,9,,133505,22,0,22 23,2,9,,133497,22,0,22 23,2,9,,133420,22,0,22 23,2,49,,120914,22,0,22 23,2,9,,133426,22,0,22 23,2,9,,133553,22,0,22 23,2,9,,133404,22,0,22 23,2,9,,133551,22,0,22 23,2,9,,115945,22,0,22 23,2,49,,133387,22,0,22 23,2,9,,133463,22,0,22 23,2,9,,133459,22,0,22 23,2,9,,133439,22,0,22 23,2,9,,133474,22,0,22 23,2,10,,123038,22,0,22 23,2,10,,133524,22,0,22 23,2,50,,133510,22,0,22 23,2,10,,133492,22,0,22 23,2,10,,133469,22,0,22 23,2,10,,133448,22,0,22 23,2,10,,133393,22,0,22 23,2,10,,133548,22,0,22 23,2,50,,133429,22,0,22 23,2,10,,133491,22,0,22 23,2,10,,133383,22,0,22 23,2,10,,133488,22,0,22 23,2,19,,133493,22,0,22 23,2,59,,133535,22,0,22 23,2,15,,133391,22,0,22 23,2,20,,133479,22,0,22 23,2
50702,'5',448,,133661,22,0,22 23,2,8,,133742,22,0,22 23,2,49,,133720,22,0,22 23,2,10,,133707,22,0,22 23,2,10,,133577,22,0,22 23,2,10,,133596,22,0,22 23,2,10,,133645,22,0,22 23,2,10,,133741,22,0,22 23,2,50,,133637,22,0,22 23,2,10,,133610,22,0,22 23,2,10,,133732,22,0,22 23,2,10,,133630,22,0,22 23,2,10,,122220,22,0,22 23,2,10,,133671,22,0,22 23,2,50,,133591,22,0,22 23,2,10,,133632,22,0,22 23,2,10,,133636,22,0,22 23,2,10,,133633,22,0,22 23,2,10,,133672,22,0,22 23,2,10,,133743,22,0,22 23,2,50,,133686,22,0,22 23,2,13,,133717,22,0,22 23,2,12,,133608,22,0,22 23,2,16,,133594,22,0,22 23,2,10,,133670,22,0,22 23,2,50,,133698,22,0,22 23,2,10,,133631,22,0,22 23,2,10,,133643,22,0,22 23,2,10,,133697,22,0,22 23,2,10,,133725,22,0,22 23,2,10,,133624,22,0,22 23,2,50,,133660,22,0,22 23,2,10,,133656,22,0,22 23,2,10,,133570,22,0,22 23,2,10,,133734,22,0,22 23,2,10,,133593,22,0,22 23,2,10,,133680,22,0,22 23,2,50,,133576,22,0,22 23,2,10,,133609,22,0,22 23,2,10,,133563,22,0,22 23,2,10,,133706,22,0,22 23,2,10,,133597,22,0,22 23,2,10,,133617,22,0,22 23,2,50,,133598,22,0,22 23,2,10,,133675,22,0,22 23,2,9,,133646,22,0,22 23,2,8,,133565,22,0,22 23,2,8,,133621,22,0,22 23,2,8,,133560,22,0,22 23,2,9,,133658,22,0,22 23,2,49,,133673,22,0,22 23,2,9,,133601,22,0,22 23,2,9,,133604,22,0,22 23,2,9,,133669,22,0,22 23,2,9,,133607,22,0,22 23,2,9,,133662,22,0,22 23,2,49,,133571,22,0,22 23,2,9,,93411,22,0,22 23,2,9,,133585,22,0,22 23,2,9,,133711,22,0,22 23,2,9,,133650,22,0,22 23,2,9,,133612,22,0,22 23,2,9,,133731,22,0,22 23,2,49,,133703,22,0,22 23,2,9,,133572,22,0,22 23,2,9,,133605,22,0,22 23,2,9,,133620,22,0,22 23,2,9,,133708,22,0,22 23,2,9,,133615,22,0,22 23,2,9,,133702,22,0,22 23,2,49,,133739,22,0,22 23,2,9,,133729,22,0,22 23,2,9,,133710,22,0,22 23,2,9,,133695,22,0,22 23,2,9,,133652,22,0,22 23,2,9,,133724,22,0,22 23,2,49,,133690,22,0,22 23,2,9,,133580,22,0,22 23,2,9,,133589,22,0,22 23,2,9,,133659,22,0,22 23,2,9,,133627,22,0,22 23,2,9,,133628,22,0,22 23,2,9,,133713,22,0,22 23,2,49,,133737,22,0,22 23,2,9,,133740,22,0,22 23,2,9,,133635,22,0,22 23,2,9,,133689,22,0,22 23,2,9,,133719,22,0,22 23,2,9,,133730,22,0,22 23,2,9,,133668,22,0,22 23,2,49,,133564,22,0,22 23,2,9,,133722,22,0,22 23,2,6,,133599,22,0,22 23,2,9,,112850,22,0,22 23,2,8,,133726,22,0,22 23,2,7,,122371,22,0,22 23,2,9,,133723,22,0,22 23,2,49,,133692,22,0,22 23,2,9,,133727,22,0,22 23,2,9,,133738,22,0,22 23,2,9,,133654,22,0,22 23,2,9,,133701,22,0,22 23,2,9,,133678,22,0,22 23,2,9,,133718,22,0,22 23,2,49,,133657,22,0,22 23,2,9,,133735,22,0,22 23,2,9,,133625,22,0,22 23,2,9,,133634,22,0,22 23,2,9,,133682,22,0,22 23,2,9,,133595,22,0,22 23,2,49,,133592,22,0,22 23,2,9,,133583,22,0,22 23,2,9,,133694,22,0,22 23,2,9,,133639,22,0,22 23,2,9,,133684,22,0,22 23,2,10,,133691,22,0,22 23,2,10,,133651,22,0,22 23,2,50,,133587,22,0,22 23,2,10,,133653,22,0,22 23,2,10,,133600,22,0,22 23,2,10,,118153,22,0,22 23,2,10,,133716,22,0,22 23,2,10,,133709,22,0,22 23,2,50,,133728,22,0,22 23,2,10,,133688,22,0,22 23,2,10,,133664,22,0,22 23,2,10,,133619,22,0,22 23,2,19,,133567,22,0,22 23,2,59,,133603,22,0,22 23,2,15,,133647,22,0,22 23,2,20,,133712,22,0,22 23,2
