30102,'1',2626,,123704,39,0,47 22 23,2,30,,123686,39,0,47 22 23,2,70,,123675,39,0,47 22 23,2,30,,123698,39,0,47 22 23,2,70,,123684,39,0,47 22 23,2,30,,123688,39,4,,2,70,,123679,39,4,,2,30,,123685,39,4,,2
30102,'2',2631,,123725,39,0,47 22 23,2,70,,123724,39,0,47 22 23,2,30,,123716,39,0,47 22 23,2,70,,123730,39,0,47 22 23,2,30,,123729,39,0,47 22 23,2,70,,123715,39,4,,2,30,,123739,39,4,,2,70,,123732,39,4,,2
30102,'3',2621,,123756,39,0,47 22 23,2,30,,123760,39,0,47 22 23,2,70,,123744,39,0,47 22 23,2,30,,123764,39,0,47 22 23,2,70,,123753,39,0,47 22 23,2,30,,123758,39,0,47 22 23,2,70,,123742,39,4,,2,30,,123765,39,4,,2
30102,'5',2621,,123789,39,0,47 22 23,2,30,,115386,39,0,47 22 23,2,70,,123798,39,0,47 22 23,2,30,,123774,39,0,47 22 23,2,70,,123795,39,0,47 22 23,2,30,,123796,39,0,47 22 23,2,70,,123797,39,4,,2,30,,123787,39,4,,2
50701,'1',931,,132333,24,4,,2,999,,132300,24,4,,2,27,,132334,24,4,,2,298,,132416,24,4,,2,253,,132419,24,4,,2,20,,132325,24,4,,2
50701,'2',1931,,132571,24,4,,2,586,,132486,24,4,,2,21,,132433,24,4,,2
50701,'3',2451,,132672,24,4,,2
50701,'5',2451,,132871,24,4,,2
50702,'1',507,,132999,24,0,22 23,2,11,,133180,24,0,22 23,2,10,,133063,24,0,22 23,2,10,,132992,24,0,22 23,2,10,,133159,24,0,22 23,2,10,,133183,24,0,22 23,2,50,,133042,24,0,22 23,2,10,,133190,24,0,22 23,2,10,,133136,24,0,22 23,2,10,,132994,24,0,22 23,2,10,,133137,24,0,22 23,2,10,,133071,24,0,22 23,2,52,,133149,24,0,22 23,2,8,,133036,24,0,22 23,2,6,,133173,24,0,22 23,2,7,,133048,24,0,22 23,2,7,,133169,24,0,22 23,2,7,,133189,24,0,22 23,2,7,,133094,24,0,22 23,2,7,,133037,24,0,22 23,2,47,,133027,24,0,22 23,2,7,,133182,24,0,22 23,2,7,,133114,24,0,22 23,2,7,,133057,24,0,22 23,2,7,,133012,24,0,22 23,2,7,,133080,24,0,22 23,2,7,,133003,24,0,22 23,2,7,,133104,24,0,22 23,2,47,,132990,24,0,22 23,2,7,,133123,24,0,22 23,2,9,,133081,24,0,22 23,2,9,,116344,24,0,22 23,2,8,,133000,24,0,22 23,2,8,,112236,24,0,22 23,2,8,,133034,24,0,22 23,2,8,,133148,24,0,22 23,2,48,,133019,24,0,22 23,2,8,,133151,24,0,22 23,2,8,,133026,24,0,22 23,2,8,,91856,24,0,22 23,2,8,,133177,24,0,22 23,2,8,,133018,24,0,22 23,2,8,,133093,24,0,22 23,2,48,,133150,24,0,22 23,2,8,,133120,24,0,22 23,2,8,,133178,24,0,22 23,2,8,,133011,24,0,22 23,2,8,,133053,24,0,22 23,2,8,,133061,24,0,22 23,2,8,,133089,24,0,22 23,2,8,,133086,24,0,22 23,2,48,,133121,24,0,22 23,2,8,,133168,24,0,22 23,2,8,,133045,24,0,22 23,2,8,,133015,24,0,22 23,2,8,,133113,24,0,22 23,2,8,,133073,24,0,22 23,2,8,,133096,24,0,22 23,2,48,,133059,24,0,22 23,2,8,,133060,24,0,22 23,2,8,,133109,24,0,22 23,2,8,,133171,24,0,22 23,2,8,,133192,24,0,22 23,2,8,,133068,24,0,22 23,2,8,,133072,24,0,22 23,2,8,,133170,24,0,22 23,2,48,,133044,24,0,22 23,2,8,,107193,24,0,22 23,2,8,,133097,24,0,22 23,2,8,,132996,24,0,22 23,2,8,,133056,24,0,22 23,2,8,,133186,24,0,22 23,2,8,,133164,24,0,22 23,2,48,,133014,24,0,22 23,2,8,,133112,24,0,22 23,2,8,,133085,24,0,22 23,2,9,,133122,24,0,22 23,2,4,,133106,24,0,22 23,2,7,,133079,24,0,22 23,2,7,,133145,24,0,22 23,2,7,,133091,24,0,22 23,2,47,,133161,24,0,22 23,2,7,,133020,24,0,22 23,2,7,,133058,24,0,22 23,2,7,,133130,24,0,22 23,2,7,,133087,24,0,22 23,2,7,,133092,24,0,22 23,2,7,,133119,24,0,22 23,2,7,,133185,24,0,22 23,2,7,,133001,24,0,22 23,2,47,,133142,24,0,22 23,2,7,,133115,24,0,22 23,2,7,,133156,24,0,22 23,2,7,,133107,24,0,22 23,2,7,,132998,24,0,22 23,2,7,,133083,24,0,22 23,2,7,,133116,24,0,22 23,2,7,,133069,24,0,22 23,2,7,,133172,24,0,22 23,2,47,,133176,24,0,22 23,2,7,,133049,24,0,22 23,2,7,,133110,24,0,22 23,2,7,,116398,24,0,22 23,2,7,,133191,24,0,22 23,2,7,,133082,24,0,22 23,2,7,,133134,24,0,22 23,2,7,,133165,24,0,22 23,2,47,,133031,24,0,22 23,2,7,,112885,24,0,22 23,2,9,,133032,24,0,22 23,2,7,,133007,24,0,22 23,2,9,,133129,24,0,22 23,2,6,,133187,24,0,22 23,2,9,,133174,24,0,22 23,2,9,,133052,24,0,22 23,2,49,,133154,24,0,22 23,2,9,,133135,24,0,22 23,2,9,,133179,24,0,22 23,2,9,,133041,24,0,22 23,2,9,,133188,24,0,22 23,2,9,,133124,24,0,22 23,2,49,,133166,24,0,22 23,2,9,,133152,24,0,22 23,2,9,,133004,24,0,22 23,2,9,,133066,24,0,22 23,2,9,,133175,24,0,22 23,2,9,,133047,24,0,22 23,2,9,,133013,24,0,22 23,2,49,,133025,24,0,22 23,2,9,,133046,24,0,22 23,2,7,,133138,24,0,22 23,2,12,,133117,24,0,22 23,2,10,,133029,24,0,22 23,2,10,,132991,24,0,22 23,2,50,,133098,24,0,22 23,2,10,,133078,24,0,22 23,2,10,,133140,24,0,22 23,2,10,,133157,24,0,22 23,2,10,,133065,24,0,22 23,2,10,,133143,24,0,22 23,2,50,,133016,24,0,22 23,2,10,,133062,24,0,22 23,2,10,,133084,24,0,22 23,2,10,,133181,24,0,22 23,2,12,,133088,24,0,22 23,2,12,,133147,24,0,22 23,2,55,,133100,24,0,22 23,2,20,,133103,24,0,22 23,2,25,,133010,24,0,22 23,2
50702,'2',453,,133366,24,0,22 23,2,50,,133237,24,0,22 23,2,10,,133211,24,0,22 23,2,10,,133266,24,0,22 23,2,10,,133281,24,0,22 23,2,10,,133213,24,0,22 23,2,10,,133360,24,0,22 23,2,50,,133316,24,0,22 23,2,10,,133249,24,0,22 23,2,10,,133201,24,0,22 23,2,10,,133352,24,0,22 23,2,10,,133270,24,0,22 23,2,10,,133230,24,0,22 23,2,50,,133248,24,0,22 23,2,10,,133349,24,0,22 23,2,10,,133255,24,0,22 23,2,10,,133267,24,0,22 23,2,10,,133216,24,0,22 23,2,10,,133335,24,0,22 23,2,50,,133367,24,0,22 23,2,9,,133310,24,0,22 23,2,12,,133323,24,0,22 23,2,15,,133325,24,0,22 23,2,13,,133344,24,0,22 23,2,49,,133327,24,0,22 23,2,9,,133375,24,0,22 23,2,9,,133246,24,0,22 23,2,9,,133345,24,0,22 23,2,9,,133239,24,0,22 23,2,9,,133355,24,0,22 23,2,9,,133261,24,0,22 23,2,49,,133301,24,0,22 23,2,9,,133312,24,0,22 23,2,9,,133285,24,0,22 23,2,9,,133329,24,0,22 23,2,9,,133214,24,0,22 23,2,9,,133373,24,0,22 23,2,9,,133271,24,0,22 23,2,49,,133364,24,0,22 23,2,9,,133273,24,0,22 23,2,9,,133268,24,0,22 23,2,9,,133206,24,0,22 23,2,9,,133305,24,0,22 23,2,9,,133294,24,0,22 23,2,49,,133346,24,0,22 23,2,9,,133338,24,0,22 23,2,10,,133359,24,0,22 23,2,10,,133361,24,0,22 23,2,8,,133257,24,0,22 23,2,8,,133368,24,0,22 23,2,8,,133200,24,0,22 23,2,48,,133262,24,0,22 23,2,8,,133295,24,0,22 23,2,8,,133245,24,0,22 23,2,8,,133354,24,0,22 23,2,8,,133242,24,0,22 23,2,8,,133317,24,0,22 23,2,8,,119405,24,0,22 23,2,8,,133278,24,0,22 23,2,48,,133322,24,0,22 23,2,8,,133362,24,0,22 23,2,8,,133356,24,0,22 23,2,8,,133290,24,0,22 23,2,8,,133250,24,0,22 23,2,8,,133207,24,0,22 23,2,8,,133330,24,0,22 23,2,48,,133227,24,0,22 23,2,8,,133208,24,0,22 23,2,8,,133280,24,0,22 23,2,8,,133342,24,0,22 23,2,8,,133369,24,0,22 23,2,8,,133371,24,0,22 23,2,8,,133332,24,0,22 23,2,8,,133193,24,0,22 23,2,48,,133228,24,0,22 23,2,8,,133247,24,0,22 23,2,8,,133302,24,0,22 23,2,8,,133225,24,0,22 23,2,8,,133372,24,0,22 23,2,8,,133304,24,0,22 23,2,8,,133229,24,0,22 23,2,48,,133339,24,0,22 23,2,8,,133279,24,0,22 23,2,8,,114889,24,0,22 23,2,8,,133195,24,0,22 23,2,8,,133232,24,0,22 23,2,8,,133222,24,0,22 23,2,8,,133254,24,0,22 23,2,8,,133252,24,0,22 23,2,48,,133199,24,0,22 23,2,8,,133303,24,0,22 23,2,8,,93129,24,0,22 23,2,8,,133224,24,0,22 23,2,8,,133351,24,0,22 23,2,8,,133307,24,0,22 23,2,8,,133234,24,0,22 23,2,48,,133240,24,0,22 23,2,8,,133350,24,0,22 23,2,10,,133308,24,0,22 23,2,8,,133299,24,0,22 23,2,8,,133340,24,0,22 23,2,9,,133274,24,0,22 23,2,9,,133219,24,0,22 23,2,49,,133236,24,0,22 23,2,9,,133218,24,0,22 23,2,9,,133226,24,0,22 23,2,9,,113066,24,0,22 23,2,9,,133217,24,0,22 23,2,9,,133292,24,0,22 23,2,9,,133337,24,0,22 23,2,49,,133341,24,0,22 23,2,9,,133282,24,0,22 23,2,9,,133315,24,0,22 23,2,9,,133328,24,0,22 23,2,9,,133251,24,0,22 23,2,9,,133203,24,0,22 23,2,49,,120141,24,0,22 23,2,9,,133253,24,0,22 23,2,9,,133288,24,0,22 23,2,7,,133221,24,0,22 23,2,10,,133298,24,0,22 23,2,10,,133309,24,0,22 23,2,10,,133277,24,0,22 23,2,50,,133210,24,0,22 23,2,10,,133194,24,0,22 23,2,10,,133243,24,0,22 23,2,10,,133296,24,0,22 23,2,10,,133258,24,0,22 23,2,10,,133244,24,0,22 23,2,50,,133321,24,0,22 23,2,10,,133241,24,0,22 23,2,10,,133231,24,0,22 23,2,10,,133313,24,0,22 23,2,10,,133204,24,0,22 23,2,12,,133220,24,0,22 23,2,55,,133347,24,0,22 23,2,20,,133260,24,0,22 23,2,70,,133196,24,0,22 23,2
50702,'3',449,,133450,24,0,22 23,2,8,,133378,24,0,22 23,2,49,,133382,24,0,22 23,2,10,,133523,24,0,22 23,2,10,,133422,24,0,22 23,2,10,,133475,24,0,22 23,2,10,,133430,24,0,22 23,2,10,,133458,24,0,22 23,2,50,,133399,24,0,22 23,2,10,,133495,24,0,22 23,2,10,,133480,24,0,22 23,2,10,,133438,24,0,22 23,2,10,,133457,24,0,22 23,2,10,,133449,24,0,22 23,2,50,,133389,24,0,22 23,2,10,,133498,24,0,22 23,2,10,,133472,24,0,22 23,2,10,,133454,24,0,22 23,2,10,,133413,24,0,22 23,2,10,,133556,24,0,22 23,2,50,,133534,24,0,22 23,2,13,,133408,24,0,22 23,2,12,,133543,24,0,22 23,2,16,,133486,24,0,22 23,2,10,,133473,24,0,22 23,2,50,,133536,24,0,22 23,2,10,,133477,24,0,22 23,2,10,,133384,24,0,22 23,2,10,,133453,24,0,22 23,2,10,,133527,24,0,22 23,2,10,,115982,24,0,22 23,2,50,,133437,24,0,22 23,2,10,,133377,24,0,22 23,2,10,,133484,24,0,22 23,2,10,,133522,24,0,22 23,2,10,,133494,24,0,22 23,2,10,,133407,24,0,22 23,2,50,,107770,24,0,22 23,2,10,,133432,24,0,22 23,2,10,,133544,24,0,22 23,2,10,,133444,24,0,22 23,2,10,,133506,24,0,22 23,2,10,,133511,24,0,22 23,2,50,,133496,24,0,22 23,2,10,,133379,24,0,22 23,2,9,,133503,24,0,22 23,2,8,,133402,24,0,22 23,2,8,,133441,24,0,22 23,2,8,,133445,24,0,22 23,2,9,,133485,24,0,22 23,2,49,,133554,24,0,22 23,2,9,,133470,24,0,22 23,2,9,,133425,24,0,22 23,2,9,,133385,24,0,22 23,2,9,,133502,24,0,22 23,2,9,,133400,24,0,22 23,2,49,,133423,24,0,22 23,2,9,,133519,24,0,22 23,2,9,,133521,24,0,22 23,2,9,,133557,24,0,22 23,2,9,,133482,24,0,22 23,2,9,,133401,24,0,22 23,2,9,,133507,24,0,22 23,2,49,,133424,24,0,22 23,2,9,,133489,24,0,22 23,2,9,,133545,24,0,22 23,2,9,,133513,24,0,22 23,2,9,,133434,24,0,22 23,2,9,,133412,24,0,22 23,2,9,,133526,24,0,22 23,2,49,,133471,24,0,22 23,2,9,,133555,24,0,22 23,2,9,,133465,24,0,22 23,2,9,,133512,24,0,22 23,2,9,,133542,24,0,22 23,2,9,,133452,24,0,22 23,2,49,,133388,24,0,22 23,2,9,,133392,24,0,22 23,2,9,,133541,24,0,22 23,2,9,,133380,24,0,22 23,2,9,,133440,24,0,22 23,2,9,,133456,24,0,22 23,2,9,,133397,24,0,22 23,2,49,,133518,24,0,22 23,2,9,,133528,24,0,22 23,2,9,,133464,24,0,22 23,2,9,,133558,24,0,22 23,2,9,,133428,24,0,22 23,2,9,,133559,24,0,22 23,2,9,,133520,24,0,22 23,2,49,,133500,24,0,22 23,2,9,,133398,24,0,22 23,2,6,,133403,24,0,22 23,2,9,,133405,24,0,22 23,2,8,,133410,24,0,22 23,2,7,,133504,24,0,22 23,2,9,,133538,24,0,22 23,2,49,,133483,24,0,22 23,2,9,,133532,24,0,22 23,2,9,,133550,24,0,22 23,2,9,,133462,24,0,22 23,2,9,,133505,24,0,22 23,2,9,,133497,24,0,22 23,2,9,,133420,24,0,22 23,2,49,,120914,24,0,22 23,2,9,,133426,24,0,22 23,2,9,,133553,24,0,22 23,2,9,,133404,24,0,22 23,2,9,,133551,24,0,22 23,2,9,,115945,24,0,22 23,2,49,,133387,24,0,22 23,2,9,,133463,24,0,22 23,2,9,,133459,24,0,22 23,2,9,,133439,24,0,22 23,2,9,,133474,24,0,22 23,2,10,,123038,24,0,22 23,2,10,,133524,24,0,22 23,2,50,,133510,24,0,22 23,2,10,,133492,24,0,22 23,2,10,,133469,24,0,22 23,2,10,,133448,24,0,22 23,2,10,,133393,24,0,22 23,2,10,,133548,24,0,22 23,2,50,,133429,24,0,22 23,2,10,,133491,24,0,22 23,2,10,,133383,24,0,22 23,2,10,,133488,24,0,22 23,2,19,,133493,24,0,22 23,2,59,,133535,24,0,22 23,2,15,,133391,24,0,22 23,2,20,,133479,24,0,22 23,2
50702,'5',449,,133661,24,0,22 23,2,8,,133742,24,0,22 23,2,49,,133720,24,0,22 23,2,10,,133707,24,0,22 23,2,10,,133577,24,0,22 23,2,10,,133596,24,0,22 23,2,10,,133645,24,0,22 23,2,10,,133741,24,0,22 23,2,50,,133637,24,0,22 23,2,10,,133610,24,0,22 23,2,10,,133732,24,0,22 23,2,10,,133630,24,0,22 23,2,10,,122220,24,0,22 23,2,10,,133671,24,0,22 23,2,50,,133591,24,0,22 23,2,10,,133632,24,0,22 23,2,10,,133636,24,0,22 23,2,10,,133633,24,0,22 23,2,10,,133672,24,0,22 23,2,10,,133743,24,0,22 23,2,50,,133686,24,0,22 23,2,13,,133717,24,0,22 23,2,12,,133608,24,0,22 23,2,16,,133594,24,0,22 23,2,10,,133670,24,0,22 23,2,50,,133698,24,0,22 23,2,10,,133631,24,0,22 23,2,10,,133643,24,0,22 23,2,10,,133697,24,0,22 23,2,10,,133725,24,0,22 23,2,10,,133624,24,0,22 23,2,50,,133660,24,0,22 23,2,10,,133656,24,0,22 23,2,10,,133570,24,0,22 23,2,10,,133734,24,0,22 23,2,10,,133593,24,0,22 23,2,10,,133680,24,0,22 23,2,50,,133576,24,0,22 23,2,10,,133609,24,0,22 23,2,10,,133563,24,0,22 23,2,10,,133706,24,0,22 23,2,10,,133597,24,0,22 23,2,10,,133617,24,0,22 23,2,50,,133598,24,0,22 23,2,10,,133675,24,0,22 23,2,9,,133646,24,0,22 23,2,8,,133565,24,0,22 23,2,8,,133621,24,0,22 23,2,8,,133560,24,0,22 23,2,9,,133658,24,0,22 23,2,49,,133673,24,0,22 23,2,9,,133601,24,0,22 23,2,9,,133604,24,0,22 23,2,9,,133669,24,0,22 23,2,9,,133607,24,0,22 23,2,9,,133662,24,0,22 23,2,49,,133571,24,0,22 23,2,9,,93411,24,0,22 23,2,9,,133585,24,0,22 23,2,9,,133711,24,0,22 23,2,9,,133650,24,0,22 23,2,9,,133612,24,0,22 23,2,9,,133731,24,0,22 23,2,49,,133703,24,0,22 23,2,9,,133572,24,0,22 23,2,9,,133605,24,0,22 23,2,9,,133620,24,0,22 23,2,9,,133708,24,0,22 23,2,9,,133615,24,0,22 23,2,9,,133702,24,0,22 23,2,49,,133739,24,0,22 23,2,9,,133729,24,0,22 23,2,9,,133710,24,0,22 23,2,9,,133695,24,0,22 23,2,9,,133652,24,0,22 23,2,9,,133724,24,0,22 23,2,49,,133690,24,0,22 23,2,9,,133580,24,0,22 23,2,9,,133589,24,0,22 23,2,9,,133659,24,0,22 23,2,9,,133627,24,0,22 23,2,9,,133628,24,0,22 23,2,9,,133713,24,0,22 23,2,49,,133737,24,0,22 23,2,9,,133740,24,0,22 23,2,9,,133635,24,0,22 23,2,9,,133689,24,0,22 23,2,9,,133719,24,0,22 23,2,9,,133730,24,0,22 23,2,9,,133668,24,0,22 23,2,49,,133564,24,0,22 23,2,9,,133722,24,0,22 23,2,6,,133599,24,0,22 23,2,9,,112850,24,0,22 23,2,8,,133726,24,0,22 23,2,7,,122371,24,0,22 23,2,9,,133723,24,0,22 23,2,49,,133692,24,0,22 23,2,9,,133727,24,0,22 23,2,9,,133738,24,0,22 23,2,9,,133654,24,0,22 23,2,9,,133701,24,0,22 23,2,9,,133678,24,0,22 23,2,9,,133718,24,0,22 23,2,49,,133657,24,0,22 23,2,9,,133735,24,0,22 23,2,9,,133625,24,0,22 23,2,9,,133634,24,0,22 23,2,9,,133682,24,0,22 23,2,9,,133595,24,0,22 23,2,49,,133592,24,0,22 23,2,9,,133583,24,0,22 23,2,9,,133694,24,0,22 23,2,9,,133639,24,0,22 23,2,9,,133684,24,0,22 23,2,10,,133691,24,0,22 23,2,10,,133651,24,0,22 23,2,50,,133587,24,0,22 23,2,10,,133653,24,0,22 23,2,10,,133600,24,0,22 23,2,10,,118153,24,0,22 23,2,10,,133716,24,0,22 23,2,10,,133709,24,0,22 23,2,50,,133728,24,0,22 23,2,10,,133688,24,0,22 23,2,10,,133664,24,0,22 23,2,10,,133619,24,0,22 23,2,19,,133567,24,0,22 23,2,59,,133603,24,0,22 23,2,15,,133647,24,0,22 23,2,20,,133712,24,0,22 23,2
