30102,'1',2503,,123701,17,,,2,8,,123680,17,0,17,2,4,,123700,17,,,2,12,,123690,17,,,2,20,,123689,17,,,2,4,,123681,17,0,17,2,51,,123697,17,,,2,10,,123699,17,0,17,2,5,,123683,17,,,2,15,,123695,17,0,17,2,1,,123693,17,,,2,14,,123691,17,,,2,6,,123707,17,0,17,2,49,,123705,17,,,2,15,,123702,17,,,2,15,,123677,17,,,2,15,,123687,17,,,2,55,,123696,17,,,2,15,,123676,17,,,2,15,,123682,17,,,2,15,,123678,17,,,2,55,,123692,17,,,2,9,,123706,17,0,17,2,15,,123708,17,0,17,2,15,,123703,17,0,17,2,15,,123694,17,0,17,2
30102,'2',2510,,123714,17,,,2,11,,123728,17,0,17,2,9,,123736,17,,,2,14,,123710,17,0,17,2,13,,123735,17,,,2,55,,109867,17,,,2,15,,123722,17,,,2,5,,123737,17,0,17,2,10,,123733,17,,,2,5,,123713,17,0,17,2,10,,123718,17,,,2,47,,123719,17,0,17,2,8,,123726,17,,,2,15,,123709,17,,,2,15,,116524,17,,,2,15,,123720,17,,,2,55,,123712,17,,,2,15,,123731,17,,,2,15,,123717,17,,,2,15,,123738,17,,,2,55,,123734,17,0,17,2,15,,123723,17,0,17,2,15,,123721,17,0,17,2,15,,123711,17,0,17,2,49,,123727,17,0,17,2
30102,'3',2503,,123752,17,,,2,24,,123743,17,,,2,15,,123762,17,,,2,15,,123750,17,,,2,47,,123761,17,0,17,2,8,,123766,17,,,2,5,,123755,17,0,17,2,10,,123768,17,,,2,15,,123767,17,,,2,7,,123771,17,0,17,2,8,,123759,17,,,2,47,,123757,17,0,17,2,8,,123763,17,,,2,15,,123772,17,,,2,15,,123745,17,,,2,15,,123748,17,,,2,55,,123741,17,,,2,15,,123770,17,,,2,15,,123749,17,,,2,15,,123740,17,,,2,55,,123747,17,0,17,2,15,,123769,17,0,17,2,15,,123746,17,0,17,2,15,,123754,17,0,17,2,55,,123751,17,0,17,2
30102,'5',2503,,123776,17,,,2,24,,123793,17,,,2,15,,123800,17,,,2,15,,123799,17,,,2,47,,123794,17,0,17,2,8,,123780,17,,,2,5,,123777,17,0,17,2,10,,123779,17,,,2,15,,123791,17,,,2,7,,123801,17,0,17,2,8,,123788,17,,,2,47,,123792,17,0,17,2,8,,123785,17,,,2,15,,123773,17,,,2,15,,123790,17,,,2,15,,123803,17,,,2,55,,123781,17,,,2,15,,123784,17,,,2,15,,123782,17,,,2,15,,123786,17,,,2,55,,123783,17,0,17,2,15,,123778,17,0,17,2,15,,123502,17,0,17,2,15,,123775,17,0,17,2,55,,123802,17,0,17,2
50102,'1',521,,125421,17,0,30,2,10,,125328,17,0,30,2,10,,125395,17,0,30,2,10,,125317,17,0,30,2,50,,125425,17,0,30,2,10,,125347,17,0,30,2,10,,125375,17,0,30,2,10,,125405,17,0,30,2,10,,125410,17,0,30,2,10,,125345,17,0,30,2,50,,125404,17,0,30,2,10,,125378,17,0,30,2,10,,125323,17,0,30,2,10,,125394,17,0,30,2,10,,125319,17,0,30,2,11,,125312,17,0,30,2,51,,125365,17,0,30,2,11,,125315,17,0,30,2,10,,125356,17,0,30,2,10,,125433,17,0,30,2,10,,125406,17,0,30,2,10,,125353,17,0,30,2,50,,125341,17,0,30,2,10,,125434,17,0,30,2,10,,125431,17,0,30,2,10,,125377,17,0,30,2,10,,125329,17,0,30,2,10,,125322,17,0,30,2,50,,125423,17,0,30,2,10,,125313,17,0,30,2,10,,125358,17,0,30,2,10,,125435,17,0,30,2,10,,125369,17,0,30,2,10,,125408,17,0,30,2,50,,125402,17,0,30,2,10,,125419,17,0,30,2,10,,125381,17,0,30,2,10,,125409,17,0,30,2,10,,125407,17,0,30,2,10,,125354,17,0,30,2,50,,125413,17,0,30,2,10,,125334,17,0,30,2,10,,125314,17,0,30,2,10,,125327,17,0,30,2,10,,125348,17,0,30,2,10,,125310,17,0,30,2,50,,125391,17,0,30,2,10,,125339,17,0,30,2,10,,125376,17,0,30,2,10,,125344,17,0,30,2,10,,125422,17,0,30,2,10,,125370,17,0,30,2,50,,125311,17,0,30,2,10,,125361,17,0,30,2,10,,125383,17,0,30,2,10,,125393,17,0,30,2,10,,125336,17,0,30,2,10,,125338,17,0,30,2,50,,125427,17,0,30,2,10,,125412,17,0,30,2,10,,125411,17,0,30,2,10,,125436,17,0,30,2,10,,125415,17,0,30,2,10,,125316,17,0,30,2,50,,125373,17,0,30,2,10,,125337,17,0,30,2,10,,125368,17,0,30,2,10,,125400,17,0,30,2,10,,125340,17,0,30,2,10,,125379,17,0,30,2,50,,125359,17,0,30,2,10,,125390,17,0,30,2,10,,125367,17,0,17,2,10,,125342,17,0,30,2,10,,125385,17,0,30,2,10,,125360,17,0,30,2,50,,125321,17,0,30,2,10,,125387,17,0,30,2,10,,125397,17,0,30,2,10,,125350,17,0,30,2,10,,125372,17,0,30,2,10,,125335,17,0,30,2,50,,125384,17,0,30,2,10,,125332,17,0,30,2,10,,125331,17,0,30,2,9,,125424,17,0,30,2,10,,125426,17,0,30,2,10,,125437,17,0,30,2,50,,125420,17,0,30,2,10,,125351,17,0,30,2,10,,125398,17,0,30,2,10,,125371,17,0,30,2,10,,125355,17,0,30,2,10,,125418,17,0,30,2,50,,125309,17,0,30,2,10,,125330,17,0,30,2,5,,125386,17,0,17,2,5,,125382,17,0,30,2,10,,125364,17,0,30,2,10,,125352,17,0,30,2,10,,125429,17,0,30,2,50,,125389,17,0,30,2,6,,125362,17,0,30,2,7,,125396,17,0,17,2,8,,125324,17,0,30,2,9,,125388,17,0,30,2,10,,125325,17,0,30,2,10,,125380,17,0,30,2,50,,125349,17,0,30,2,10,,125366,17,0,30,2,10,,125308,17,0,30,2,10,,125432,17,0,30,2,5,,125403,17,0,17,2,5,,125392,17,0,30,2,10,,125363,17,0,30,2,50,,110404,17,0,30,2,10,,125416,17,0,30,2,10,,125374,17,0,30,2,10,,125326,17,0,30,2,10,,125399,17,0,30,2,10,,125357,17,0,30,2
50102,'2',523,,125462,17,0,30,2,9,,125552,17,0,30,2,9,,125460,17,0,30,2,10,,125450,17,0,30,2,50,,125554,17,0,30,2,10,,125505,17,0,30,2,10,,125458,17,0,30,2,10,,125538,17,0,30,2,10,,125547,17,0,30,2,10,,125451,17,0,30,2,50,,125507,17,0,30,2,10,,125517,17,0,30,2,10,,125457,17,0,30,2,10,,125440,17,0,30,2,10,,113907,17,0,30,2,10,,125571,17,0,30,2,50,,125445,17,0,30,2,12,,125512,17,0,30,2,12,,121730,17,0,30,2,12,,125489,17,0,30,2,11,,125477,17,0,30,2,10,,125570,17,0,30,2,50,,125473,17,0,30,2,10,,125568,17,0,30,2,10,,125553,17,0,30,2,10,,125483,17,0,30,2,10,,125537,17,0,30,2,10,,125479,17,0,30,2,50,,125567,17,0,30,2,10,,125540,17,0,30,2,10,,125497,17,0,30,2,10,,125515,17,0,30,2,10,,125543,17,0,30,2,11,,125495,17,0,30,2,50,,125534,17,0,30,2,11,,125556,17,0,30,2,11,,125480,17,0,30,2,9,,125494,17,0,30,2,9,,125558,17,0,30,2,9,,125469,17,0,30,2,49,,125529,17,0,30,2,9,,125541,17,0,30,2,9,,125453,17,0,30,2,9,,125519,17,0,30,2,9,,125560,17,0,30,2,9,,125530,17,0,30,2,49,,125504,17,0,30,2,9,,125481,17,0,30,2,9,,125533,17,0,30,2,9,,125566,17,0,30,2,9,,125488,17,0,30,2,9,,125514,17,0,30,2,9,,125498,17,0,30,2,49,,125500,17,0,30,2,9,,125468,17,0,30,2,9,,125465,17,0,30,2,9,,125442,17,0,30,2,9,,125564,17,0,30,2,9,,125486,17,0,30,2,9,,125524,17,0,30,2,49,,125490,17,0,30,2,9,,125525,17,0,30,2,9,,125511,17,0,30,2,9,,125572,17,0,30,2,9,,125459,17,0,30,2,9,,125470,17,0,30,2,49,,125563,17,0,30,2,9,,125516,17,0,30,2,9,,114993,17,0,30,2,9,,125448,17,0,30,2,9,,125532,17,0,30,2,9,,125518,17,0,30,2,9,,125544,17,0,30,2,49,,125452,17,0,30,2,9,,125513,17,0,30,2,9,,125550,17,0,30,2,9,,125548,17,0,30,2,9,,125561,17,0,30,2,9,,125502,17,0,30,2,9,,125522,17,0,30,2,49,,125527,17,0,30,2,9,,125493,17,0,30,2,9,,125559,17,0,30,2,9,,125444,17,0,30,2,9,,125499,17,0,30,2,9,,125443,17,0,30,2,49,,125438,17,0,30,2,8,,125471,17,0,30,2,9,,125562,17,0,30,2,9,,125503,17,0,30,2,9,,125557,17,0,30,2,10,,125472,17,0,30,2,10,,125569,17,0,30,2,50,,125467,17,0,30,2,5,,125478,17,0,17,2,5,,125565,17,0,30,2,10,,125454,17,0,30,2,10,,125574,17,0,30,2,10,,125496,17,0,30,2,10,,125539,17,0,30,2,50,,125476,17,0,30,2,10,,125575,17,0,30,2,10,,125484,17,0,30,2,10,,125546,17,0,30,2,10,,113867,17,0,30,2,10,,125535,17,0,30,2,50,,125441,17,0,30,2,8,,125439,17,0,30,2,7,,125528,17,0,17,2,8,,125485,17,0,30,2,10,,125523,17,0,30,2,10,,125455,17,0,30,2,10,,125447,17,0,30,2,50,,125482,17,0,30,2,10,,125521,17,0,30,2,10,,125463,17,0,30,2,10,,125508,17,0,30,2,5,,125526,17,0,17,2,5,,125501,17,0,30,2,5,,125464,17,0,17,2,5,,125461,17,0,30,2,50,,125545,17,0,30,2,10,,125510,17,0,30,2,10,,125446,17,0,30,2,12,,125573,17,0,30,2,13,,125549,17,0,30,2,50,,125456,17,0,17,2,3,,125449,17,0,17,2
50102,'3',523,,125680,17,0,30,2,10,,125643,17,0,30,2,10,,125599,17,0,30,2,10,,125684,17,0,30,2,50,,125677,17,0,30,2,10,,125578,17,0,30,2,10,,125583,17,0,30,2,10,,125669,17,0,30,2,10,,125624,17,0,30,2,10,,125605,17,0,30,2,50,,125639,17,0,30,2,10,,125689,17,0,30,2,10,,125582,17,0,30,2,10,,125609,17,0,30,2,10,,125671,17,0,30,2,10,,125612,17,0,30,2,51,,125700,17,0,30,2,11,,125617,17,0,30,2,11,,125673,17,0,30,2,10,,125646,17,0,30,2,10,,125637,17,0,30,2,8,,125696,17,0,30,2,50,,125642,17,0,30,2,10,,125631,17,0,30,2,10,,125641,17,0,30,2,10,,125576,17,0,30,2,10,,125685,17,0,30,2,10,,125604,17,0,30,2,50,,125703,17,0,30,2,10,,125579,17,0,30,2,10,,125588,17,0,30,2,10,,125663,17,0,30,2,10,,121822,17,0,30,2,11,,125668,17,0,30,2,50,,125613,17,0,30,2,10,,125672,17,0,30,2,12,,125619,17,0,30,2,10,,125666,17,0,30,2,10,,125675,17,0,30,2,10,,125608,17,0,30,2,50,,125652,17,0,30,2,10,,125598,17,0,30,2,10,,125662,17,0,30,2,10,,125679,17,0,30,2,10,,125628,17,0,30,2,10,,125701,17,0,30,2,50,,125587,17,0,30,2,10,,125695,17,0,30,2,10,,125627,17,0,30,2,10,,125632,17,0,30,2,10,,125657,17,0,30,2,10,,125592,17,0,30,2,50,,125697,17,0,30,2,10,,125702,17,0,30,2,10,,125591,17,0,30,2,10,,125629,17,0,30,2,10,,125649,17,0,30,2,10,,125647,17,0,30,2,50,,125594,17,0,30,2,10,,125589,17,0,30,2,10,,125635,17,0,30,2,10,,125618,17,0,30,2,10,,115066,17,0,30,2,10,,125704,17,0,30,2,50,,125590,17,0,30,2,10,,125585,17,0,30,2,10,,125692,17,0,30,2,10,,125665,17,0,30,2,10,,125596,17,0,30,2,10,,125678,17,0,30,2,50,,125606,17,0,30,2,10,,125682,17,0,30,2,10,,125611,17,0,30,2,10,,125674,17,0,30,2,10,,125693,17,0,30,2,10,,125686,17,0,30,2,50,,125616,17,0,30,2,10,,125581,17,0,30,2,10,,125688,17,0,30,2,10,,125602,17,0,30,2,10,,125687,17,0,30,2,9,,125667,17,0,30,2,49,,125676,17,0,30,2,8,,125615,17,0,30,2,9,,125638,17,0,30,2,10,,125694,17,0,30,2,10,,125607,17,0,30,2,10,,125648,17,0,30,2,50,,125661,17,0,30,2,10,,125690,17,0,30,2,10,,125683,17,0,30,2,10,,125681,17,0,30,2,6,,125664,17,0,17,2,4,,125645,17,0,30,2,10,,125622,17,0,30,2,50,,125653,17,0,30,2,10,,125626,17,0,30,2,10,,125586,17,0,30,2,10,,120955,17,0,30,2,10,,125630,17,0,30,2,10,,125580,17,0,30,2,50,,125610,17,0,30,2,10,,125659,17,0,30,2,7,,125597,17,0,30,2,10,,125640,17,0,30,2,10,,125698,17,0,30,2,10,,125656,17,0,30,2,10,,125636,17,0,30,2,50,,125623,17,0,30,2,10,,125595,17,0,30,2,10,,125601,17,0,30,2,5,,125614,17,0,17,2,5,,125621,17,0,30,2,10,,125705,17,0,30,2,10,,125584,17,0,30,2,50,,125625,17,0,30,2,10,,125650,17,0,30,2,10,,117478,17,0,30,2,11,,125634,17,0,30,2,12,,125633,17,0,30,2,50,,125660,17,0,17,2,16,,125654,17,0,17,2
50102,'5',523,,125715,17,0,30,2,10,,125751,17,0,30,2,10,,125801,17,0,30,2,10,,125744,17,0,30,2,50,,125833,17,0,30,2,10,,125807,17,0,30,2,10,,125802,17,0,30,2,10,,125804,17,0,30,2,10,,125775,17,0,30,2,10,,125780,17,0,30,2,50,,125710,17,0,30,2,10,,125837,17,0,30,2,10,,125746,17,0,30,2,10,,125816,17,0,30,2,10,,125763,17,0,30,2,10,,125734,17,0,30,2,51,,125776,17,0,30,2,11,,125771,17,0,30,2,11,,125794,17,0,30,2,10,,125828,17,0,30,2,10,,125838,17,0,30,2,8,,125760,17,0,30,2,50,,125811,17,0,30,2,10,,125792,17,0,30,2,10,,125757,17,0,30,2,10,,125750,17,0,30,2,10,,125749,17,0,30,2,10,,125831,17,0,30,2,50,,125813,17,0,30,2,10,,125747,17,0,30,2,10,,125791,17,0,30,2,10,,125790,17,0,30,2,10,,125835,17,0,30,2,11,,125773,17,0,30,2,50,,125778,17,0,30,2,10,,125711,17,0,30,2,12,,125762,17,0,30,2,10,,125743,17,0,30,2,10,,125708,17,0,30,2,10,,125815,17,0,30,2,50,,125817,17,0,30,2,10,,125752,17,0,30,2,10,,125793,17,0,30,2,10,,125718,17,0,30,2,10,,125739,17,0,30,2,10,,125774,17,0,30,2,50,,125735,17,0,30,2,10,,125748,17,0,30,2,10,,125808,17,0,30,2,10,,125727,17,0,30,2,10,,125707,17,0,30,2,10,,125827,17,0,30,2,50,,125742,17,0,30,2,10,,125822,17,0,30,2,10,,125834,17,0,30,2,10,,125765,17,0,30,2,10,,125803,17,0,30,2,10,,125781,17,0,30,2,50,,125720,17,0,30,2,10,,125728,17,0,30,2,10,,125733,17,0,30,2,10,,125809,17,0,30,2,10,,125732,17,0,30,2,10,,125796,17,0,30,2,50,,125737,17,0,30,2,10,,125798,17,0,30,2,10,,125806,17,0,30,2,10,,125758,17,0,30,2,10,,125714,17,0,30,2,10,,125754,17,0,30,2,50,,112121,17,0,30,2,10,,125787,17,0,30,2,10,,125782,17,0,30,2,10,,125755,17,0,30,2,10,,125777,17,0,30,2,10,,125819,17,0,30,2,50,,125812,17,0,30,2,10,,125726,17,0,30,2,10,,125770,17,0,30,2,10,,125768,17,0,30,2,10,,125832,17,0,30,2,9,,125814,17,0,30,2,49,,125767,17,0,30,2,8,,125721,17,0,30,2,9,,125723,17,0,30,2,10,,125823,17,0,30,2,10,,125759,17,0,30,2,10,,125785,17,0,30,2,50,,125772,17,0,30,2,10,,125756,17,0,30,2,10,,125821,17,0,30,2,10,,125783,17,0,30,2,6,,125713,17,0,17,2,4,,125745,17,0,30,2,10,,125753,17,0,30,2,50,,125789,17,0,30,2,10,,125824,17,0,30,2,10,,125724,17,0,30,2,10,,125788,17,0,30,2,10,,125706,17,0,30,2,10,,125764,17,0,30,2,50,,125719,17,0,30,2,10,,125784,17,0,30,2,7,,125799,17,0,30,2,10,,125830,17,0,30,2,10,,125740,17,0,30,2,10,,125716,17,0,30,2,10,,125717,17,0,30,2,50,,125797,17,0,30,2,10,,125826,17,0,30,2,10,,125829,17,0,30,2,5,,125820,17,0,17,2,5,,125805,17,0,30,2,10,,125725,17,0,30,2,10,,125800,17,0,30,2,50,,125795,17,0,30,2,10,,125741,17,0,30,2,10,,125722,17,0,30,2,11,,125729,17,0,30,2,12,,125736,17,0,30,2,50,,125761,17,0,17,2,16,,125818,17,0,17,2
50302,'1',515,,126375,19,0,32 8 19,2,12,,126469,19,0,32 8 19,2,10,,126383,19,0,32 8 19,2,10,,126434,19,0,32 8 19,2,10,,126433,19,0,32 8 19,2,53,,126488,19,0,32 8 19,2,8,,126421,19,0,32 8 19,2,6,,126506,19,0,32 8 19,2,6,,126445,19,0,32 8 19,2,7,,110381,19,0,32 8 19,2,10,,126500,19,0,32 8 19,2,5,,126476,19,0,32 8 19,2,5,,126514,19,0,32 8 19,2,45,,126479,19,0,32 8 19,2,7,,126403,19,0,32 8 19,2,8,,126498,19,0,32 8 19,2,6,,126507,19,0,32 8 19,2,5,,126393,19,0,32 8 19,2,5,,126408,19,0,32 8 19,2,6,,126424,19,0,32 8 19,2,6,,115562,19,0,32 8 19,2,6,,126478,19,0,32 8 19,2,6,,126459,19,0,32 8 19,2,46,,126516,19,0,32 8 19,2,6,,126451,19,0,32 8 19,2,6,,126503,19,0,32 8 19,2,6,,126485,19,0,32 8 19,2,6,,126481,19,0,32 8 19,2,6,,126415,19,0,32 8 19,2,6,,126419,19,0,32 8 19,2,6,,126404,19,0,32 8 19,2,6,,126430,19,0,32 8 19,2,6,,126465,19,0,32 8 19,2,46,,126426,19,0,32 8 19,2,6,,109684,19,0,32 8 19,2,6,,126436,19,0,32 8 19,2,6,,126420,19,0,32 8 19,2,6,,126399,19,0,32 8 19,2,6,,126489,19,0,32 8 19,2,6,,126518,19,0,32 8 19,2,6,,126456,19,0,32 8 19,2,6,,126509,19,0,32 8 19,2,7,,126504,19,0,32 8 19,2,50,,126389,19,0,32 8 19,2,10,,126398,19,0,32 8 19,2,10,,126382,19,0,32 8 19,2,10,,111368,19,0,32 8 19,2,10,,126475,19,0,32 8 19,2,10,,126486,19,0,32 8 19,2,50,,126455,19,0,32 8 19,2,10,,126449,19,0,32 8 19,2,10,,126413,19,0,32 8 19,2,10,,126452,19,0,32 8 19,2,10,,126423,19,0,32 8 19,2,10,,126497,19,0,32 8 19,2,50,,126429,19,0,32 8 19,2,10,,126458,19,0,32 8 19,2,10,,126371,19,0,32 8 19,2,10,,126480,19,0,32 8 19,2,10,,126438,19,0,32 8 19,2,10,,126402,19,0,32 8 19,2,50,,126387,19,0,32 8 19,2,10,,126521,19,0,32 8 19,2,10,,126502,19,0,32 8 19,2,10,,126373,19,0,32 8 19,2,10,,126410,19,0,32 8 19,2,10,,126495,19,0,32 8 19,2,50,,126508,19,0,32 8 19,2,10,,126418,19,0,32 8 19,2,10,,126473,19,0,32 8 19,2,10,,126460,19,0,32 8 19,2,11,,126417,19,0,32 8 19,2,8,,126446,19,0,32 8 19,2,50,,126510,19,0,32 8 19,2,3,,126483,19,0,32 8 19,2,6,,126390,19,0,32 8 19,2,6,,126397,19,0,32 8 19,2,6,,126515,19,0,32 8 19,2,6,,126470,19,0,32 8 19,2,6,,126474,19,0,32 8 19,2,6,,126462,19,0,32 8 19,2,6,,126457,19,0,32 8 19,2,6,,126374,19,0,32 8 19,2,46,,126379,19,0,32 8 19,2,6,,126411,19,0,32 8 19,2,6,,126381,19,0,32 8 19,2,6,,126428,19,0,32 8 19,2,6,,126440,19,0,32 8 19,2,6,,126431,19,0,32 8 19,2,6,,126395,19,0,32 8 19,2,6,,126392,19,0,32 8 19,2,6,,126425,19,0,32 8 19,2,6,,126439,19,0,32 8 19,2,46,,126432,19,0,32 8 19,2,6,,126377,19,0,32 8 19,2,6,,126466,19,0,32 8 19,2,6,,126414,19,0,32 8 19,2,6,,126394,19,0,32 8 19,2,6,,126386,19,0,32 8 19,2,6,,126453,19,0,32 8 19,2,6,,126463,19,0,32 8 19,2,6,,126441,19,0,32 8 19,2,6,,126472,19,0,32 8 19,2,46,,126447,19,0,32 8 19,2,6,,126372,19,0,32 8 19,2,6,,126407,19,0,32 8 19,2,6,,126471,19,0,32 8 19,2,6,,126490,19,0,32 8 19,2,6,,126511,19,0,32 8 19,2,7,,126454,19,0,32 8 19,2,7,,126376,19,0,32 8 19,2,7,,126464,19,0,32 8 19,2,47,,126520,19,0,32 8 19,2,7,,126388,19,0,32 8 19,2,6,,126435,19,0,32 8 19,2,7,,126450,19,0,32 8 19,2,5,,126491,19,0,32 8 19,2,8,,126513,19,0,32 8 19,2,8,,126380,19,0,32 8 19,2,8,,126448,19,0,32 8 19,2,8,,126400,19,0,32 8 19,2,48,,126422,19,0,32 8 19,2,8,,126467,19,0,32 8 19,2,8,,126501,19,0,32 8 19,2,8,,126384,19,0,32 8 19,2,8,,126405,19,0,32 8 19,2,8,,126444,19,0,32 8 19,2,8,,126391,19,0,32 8 19,2,48,,126468,19,0,32 8 19,2,8,,126461,19,0,32 8 19,2,8,,126401,19,0,32 8 19,2,8,,126385,19,0,32 8 19,2,8,,126443,19,0,32 8 19,2,8,,126494,19,0,32 8 19,2,8,,126499,19,0,32 8 19,2,49,,126442,19,0,32 8 19,2,9,,126396,19,0,32 8 19,2,9,,126409,19,0,32 8 19,2,8,,126493,19,0,32 8 19,2,10,,126505,19,0,32 8 19,2,10,,126517,19,0,32 8 19,2,10,,126487,19,0,32 8 19,2,50,,126492,19,0,32 8 19,2,10,,126406,19,0,32 8 19,2,10,,126484,19,0,32 8 19,2,10,,126496,19,0,32 8 19,2,10,,126482,19,0,32 8 19,2,10,,126477,19,0,32 8 19,2,50,,126412,19,0,32 8 19,2,10,,126427,19,0,32 8 19,2,10,,126416,19,0,32 8 19,2,10,,126512,19,0,32 8 19,2,14,,126378,19,0,32 8 19,2,57,,126519,19,0,32 8 19,2,17,,126437,19,0,32 8 19,2
50302,'2',442,,126633,19,0,32 8 19,2,10,,126624,19,0,32 8 19,2,50,,119310,19,0,32 8 19,2,10,,126538,19,0,32 8 19,2,8,,126530,19,0,32 8 19,2,8,,126562,19,0,32 8 19,2,9,,126628,19,0,32 8 19,2,10,,126605,19,0,32 8 19,2,10,,126570,19,0,32 8 19,2,50,,126629,19,0,32 8 19,2,10,,126604,19,0,32 8 19,2,10,,126592,19,0,32 8 19,2,10,,126616,19,0,32 8 19,2,10,,126601,19,0,32 8 19,2,10,,126552,19,0,32 8 19,2,50,,126563,19,0,32 8 19,2,10,,126631,19,0,32 8 19,2,10,,126646,19,0,32 8 19,2,10,,126589,19,0,32 8 19,2,10,,126637,19,0,32 8 19,2,10,,126544,19,0,32 8 19,2,50,,126621,19,0,32 8 19,2,11,,126571,19,0,32 8 19,2,13,,126523,19,0,32 8 19,2,10,,126540,19,0,32 8 19,2,9,,126617,19,0,32 8 19,2,9,,126600,19,0,32 8 19,2,49,,126549,19,0,32 8 19,2,10,,126630,19,0,32 8 19,2,10,,126529,19,0,32 8 19,2,10,,126564,19,0,32 8 19,2,10,,126585,19,0,32 8 19,2,10,,126642,19,0,32 8 19,2,50,,126643,19,0,32 8 19,2,10,,126620,19,0,32 8 19,2,10,,126546,19,0,32 8 19,2,10,,126545,19,0,32 8 19,2,10,,126652,19,0,32 8 19,2,10,,126614,19,0,32 8 19,2,50,,126644,19,0,32 8 19,2,10,,126567,19,0,32 8 19,2,10,,126550,19,0,32 8 19,2,11,,126578,19,0,32 8 19,2,5,,126627,19,0,32 8 19,2,5,,126528,19,0,32 8 19,2,10,,126533,19,0,32 8 19,2,50,,126581,19,0,32 8 19,2,10,,126573,19,0,32 8 19,2,7,,126575,19,0,32 8 19,2,5,,126557,19,0,32 8 19,2,10,,126560,19,0,32 8 19,2,10,,126655,19,0,32 8 19,2,50,,126597,19,0,32 8 19,2,5,,126558,19,0,32 8 19,2,5,,126622,19,0,32 8 19,2,10,,126579,19,0,32 8 19,2,8,,126569,19,0,32 8 19,2,8,,126648,19,0,32 8 19,2,8,,126525,19,0,32 8 19,2,8,,126548,19,0,32 8 19,2,48,,126531,19,0,32 8 19,2,8,,126522,19,0,32 8 19,2,8,,126645,19,0,32 8 19,2,8,,126638,19,0,32 8 19,2,8,,126611,19,0,32 8 19,2,8,,126590,19,0,32 8 19,2,8,,126619,19,0,32 8 19,2,8,,126591,19,0,32 8 19,2,48,,126607,19,0,32 8 19,2,8,,126657,19,0,32 8 19,2,8,,126568,19,0,32 8 19,2,8,,126634,19,0,32 8 19,2,8,,126539,19,0,32 8 19,2,8,,126626,19,0,32 8 19,2,8,,126647,19,0,32 8 19,2,48,,126583,19,0,32 8 19,2,8,,126524,19,0,32 8 19,2,8,,126536,19,0,32 8 19,2,8,,112405,19,0,32 8 19,2,8,,111586,19,0,32 8 19,2,8,,126559,19,0,32 8 19,2,8,,126588,19,0,32 8 19,2,8,,115036,19,0,32 8 19,2,48,,126615,19,0,32 8 19,2,8,,126640,19,0,32 8 19,2,8,,126602,19,0,32 8 19,2,8,,126654,19,0,32 8 19,2,8,,126582,19,0,32 8 19,2,8,,126561,19,0,32 8 19,2,8,,126595,19,0,32 8 19,2,48,,126553,19,0,32 8 19,2,8,,126598,19,0,32 8 19,2,8,,126599,19,0,32 8 19,2,8,,126534,19,0,32 8 19,2,8,,126577,19,0,32 8 19,2,8,,126527,19,0,32 8 19,2,8,,126610,19,0,32 8 19,2,9,,126576,19,0,32 8 19,2,49,,126580,19,0,32 8 19,2,9,,126584,19,0,32 8 19,2,8,,126650,19,0,32 8 19,2,9,,126547,19,0,32 8 19,2,9,,126649,19,0,32 8 19,2,10,,126635,19,0,32 8 19,2,50,,126532,19,0,32 8 19,2,10,,126542,19,0,32 8 19,2,10,,126639,19,0,32 8 19,2,10,,126574,19,0,32 8 19,2,10,,126594,19,0,32 8 19,2,10,,126606,19,0,32 8 19,2,50,,126572,19,0,32 8 19,2,10,,126618,19,0,32 8 19,2,10,,126612,19,0,32 8 19,2,10,,126554,19,0,32 8 19,2,10,,126603,19,0,32 8 19,2,10,,126632,19,0,32 8 19,2,50,,126651,19,0,32 8 19,2,11,,126608,19,0,32 8 19,2,11,,126586,19,0,32 8 19,2,10,,126613,19,0,32 8 19,2,10,,126587,19,0,32 8 19,2,10,,126551,19,0,32 8 19,2,50,,126541,19,0,32 8 19,2,10,,126535,19,0,32 8 19,2,10,,126543,19,0,32 8 19,2,10,,126625,19,0,32 8 19,2,10,,126609,19,0,32 8 19,2,10,,126656,19,0,32 8 19,2,50,,126526,19,0,32 8 19,2,10,,126623,19,0,32 8 19,2,10,,126537,19,0,32 8 19,2,10,,126556,19,0,32 8 19,2,10,,126555,19,0,32 8 19,2,10,,126636,19,0,32 8 19,2,50,,126596,19,0,32 8 19,2,10,,126641,19,0,32 8 19,2,10,,126565,19,0,32 8 19,2,10,,111498,19,0,32 8 19,2,10,,126653,19,0,32 8 19,2,8,,126566,19,0,32 8 19,2,48,,126593,19,0,32 8 19,2
50302,'3',510,,126699,19,0,32 8 19,2,11,,126733,19,0,32 8 19,2,10,,126666,19,0,32 8 19,2,10,,126673,19,0,32 8 19,2,10,,126724,19,0,32 8 19,2,50,,126682,19,0,32 8 19,2,10,,126758,19,0,32 8 19,2,10,,126662,19,0,32 8 19,2,10,,126688,19,0,32 8 19,2,10,,126762,19,0,32 8 19,2,10,,126692,19,0,32 8 19,2,50,,126748,19,0,32 8 19,2,10,,126669,19,0,32 8 19,2,10,,126766,19,0,32 8 19,2,10,,126730,19,0,32 8 19,2,10,,126771,19,0,32 8 19,2,10,,126768,19,0,32 8 19,2,51,,126678,19,0,32 8 19,2,13,,126770,19,0,32 8 19,2,11,,126725,19,0,32 8 19,2,11,,126700,19,0,32 8 19,2,9,,126751,19,0,32 8 19,2,8,,126671,19,0,32 8 19,2,48,,126729,19,0,32 8 19,2,10,,126683,19,0,32 8 19,2,10,,126767,19,0,32 8 19,2,10,,126679,19,0,32 8 19,2,10,,126745,19,0,32 8 19,2,10,,126701,19,0,32 8 19,2,50,,126769,19,0,32 8 19,2,10,,126728,19,0,32 8 19,2,10,,112614,19,0,32 8 19,2,10,,126674,19,0,32 8 19,2,10,,126696,19,0,32 8 19,2,10,,126722,19,0,32 8 19,2,50,,126735,19,0,32 8 19,2,10,,126753,19,0,32 8 19,2,10,,126727,19,0,32 8 19,2,10,,126743,19,0,32 8 19,2,10,,126712,19,0,32 8 19,2,10,,126742,19,0,32 8 19,2,50,,126736,19,0,32 8 19,2,9,,126685,19,0,32 8 19,2,9,,126705,19,0,32 8 19,2,10,,126721,19,0,32 8 19,2,9,,126744,19,0,32 8 19,2,9,,126706,19,0,32 8 19,2,10,,126726,19,0,32 8 19,2,50,,126763,19,0,32 8 19,2,10,,126756,19,0,32 8 19,2,10,,126677,19,0,32 8 19,2,10,,126665,19,0,32 8 19,2,10,,126675,19,0,32 8 19,2,10,,126676,19,0,32 8 19,2,50,,126740,19,0,32 8 19,2,10,,126667,19,0,32 8 19,2,10,,126689,19,0,32 8 19,2,10,,126697,19,0,32 8 19,2,10,,126732,19,0,32 8 19,2,10,,126749,19,0,32 8 19,2,50,,108420,19,0,32 8 19,2,10,,126708,19,0,32 8 19,2,10,,126714,19,0,32 8 19,2,10,,126750,19,0,32 8 19,2,10,,126710,19,0,32 8 19,2,10,,126711,19,0,32 8 19,2,50,,126773,19,0,32 8 19,2,10,,126659,19,0,32 8 19,2,10,,126741,19,0,32 8 19,2,10,,126693,19,0,32 8 19,2,10,,126684,19,0,32 8 19,2,10,,126680,19,0,32 8 19,2,50,,126661,19,0,32 8 19,2,10,,126694,19,0,32 8 19,2,10,,126746,19,0,32 8 19,2,10,,126772,19,0,32 8 19,2,10,,126765,19,0,32 8 19,2,10,,126761,19,0,32 8 19,2,50,,126734,19,0,32 8 19,2,10,,126754,19,0,32 8 19,2,10,,126764,19,0,32 8 19,2,10,,126668,19,0,32 8 19,2,10,,126760,19,0,32 8 19,2,10,,126731,19,0,32 8 19,2,50,,126779,19,0,32 8 19,2,11,,126709,19,0,32 8 19,2,11,,126737,19,0,32 8 19,2,12,,126717,19,0,32 8 19,2,10,,126719,19,0,32 8 19,2,50,,126707,19,0,32 8 19,2,10,,126663,19,0,32 8 19,2,10,,126670,19,0,32 8 19,2,10,,126739,19,0,32 8 19,2,10,,126759,19,0,32 8 19,2,10,,113315,19,0,32 8 19,2,50,,126774,19,0,32 8 19,2,10,,126702,19,0,32 8 19,2,10,,126738,19,0,32 8 19,2,10,,126691,19,0,32 8 19,2,10,,126660,19,0,32 8 19,2,10,,126687,19,0,32 8 19,2,50,,126686,19,0,32 8 19,2,10,,126747,19,0,32 8 19,2,12,,126718,19,0,32 8 19,2,10,,118820,19,0,32 8 19,2,7,,126777,19,0,32 8 19,2,10,,126713,19,0,32 8 19,2,50,,126690,19,0,32 8 19,2,10,,126672,19,0,32 8 19,2,10,,126716,19,0,32 8 19,2,10,,126698,19,0,32 8 19,2,10,,126715,19,0,32 8 19,2,10,,126703,19,0,32 8 19,2,50,,126775,19,0,32 8 19,2,10,,126704,19,0,32 8 19,2,10,,126755,19,0,32 8 19,2,10,,126681,19,0,32 8 19,2,10,,126757,19,0,32 8 19,2,10,,126723,19,0,32 8 19,2,50,,126664,19,0,32 8 19,2,10,,126695,19,0,32 8 19,2,10,,126752,19,0,32 8 19,2,10,,126658,19,0,32 8 19,2,10,,126776,19,0,32 8 19,2,13,,126778,19,0,32 8 19,2,54,,126720,19,0,32 8 19,2
50302,'5',510,,122246,19,0,32 8 19,2,11,,126803,19,0,32 8 19,2,10,,126879,19,0,32 8 19,2,10,,126871,19,0,32 8 19,2,10,,126857,19,0,32 8 19,2,50,,126891,19,0,32 8 19,2,10,,126814,19,0,32 8 19,2,10,,126833,19,0,32 8 19,2,10,,126797,19,0,32 8 19,2,10,,126888,19,0,32 8 19,2,10,,126885,19,0,32 8 19,2,50,,126828,19,0,32 8 19,2,10,,126856,19,0,32 8 19,2,10,,126810,19,0,32 8 19,2,10,,126780,19,0,32 8 19,2,10,,126817,19,0,32 8 19,2,10,,126886,19,0,32 8 19,2,51,,112772,19,0,32 8 19,2,13,,119835,19,0,32 8 19,2,11,,126860,19,0,32 8 19,2,11,,126822,19,0,32 8 19,2,9,,126820,19,0,32 8 19,2,8,,126787,19,0,32 8 19,2,48,,126830,19,0,32 8 19,2,10,,126832,19,0,32 8 19,2,10,,126845,19,0,32 8 19,2,10,,111071,19,0,32 8 19,2,10,,126865,19,0,32 8 19,2,10,,126883,19,0,32 8 19,2,50,,126872,19,0,32 8 19,2,10,,126876,19,0,32 8 19,2,10,,126796,19,0,32 8 19,2,10,,106095,19,0,32 8 19,2,10,,126864,19,0,32 8 19,2,10,,126878,19,0,32 8 19,2,50,,126866,19,0,32 8 19,2,10,,126808,19,0,32 8 19,2,10,,126873,19,0,32 8 19,2,10,,126839,19,0,32 8 19,2,10,,126875,19,0,32 8 19,2,10,,126818,19,0,32 8 19,2,50,,126802,19,0,32 8 19,2,9,,126868,19,0,32 8 19,2,9,,126896,19,0,32 8 19,2,10,,126782,19,0,32 8 19,2,9,,126867,19,0,32 8 19,2,9,,126846,19,0,32 8 19,2,10,,126881,19,0,32 8 19,2,50,,126854,19,0,32 8 19,2,10,,126819,19,0,32 8 19,2,10,,126882,19,0,32 8 19,2,10,,126852,19,0,32 8 19,2,10,,126783,19,0,32 8 19,2,10,,126791,19,0,32 8 19,2,50,,126847,19,0,32 8 19,2,10,,109086,19,0,32 8 19,2,10,,126823,19,0,32 8 19,2,10,,126893,19,0,32 8 19,2,10,,126829,19,0,32 8 19,2,10,,126855,19,0,32 8 19,2,50,,126853,19,0,32 8 19,2,10,,126835,19,0,32 8 19,2,10,,126840,19,0,32 8 19,2,10,,126825,19,0,32 8 19,2,10,,126858,19,0,32 8 19,2,10,,126877,19,0,32 8 19,2,50,,126880,19,0,32 8 19,2,10,,126849,19,0,32 8 19,2,10,,126834,19,0,32 8 19,2,10,,126859,19,0,32 8 19,2,10,,126815,19,0,32 8 19,2,10,,126807,19,0,32 8 19,2,50,,126824,19,0,32 8 19,2,10,,126841,19,0,32 8 19,2,10,,126869,19,0,32 8 19,2,10,,126874,19,0,32 8 19,2,10,,116124,19,0,32 8 19,2,10,,126827,19,0,32 8 19,2,50,,126842,19,0,32 8 19,2,10,,126844,19,0,32 8 19,2,10,,126781,19,0,32 8 19,2,10,,126826,19,0,32 8 19,2,10,,126812,19,0,32 8 19,2,10,,126801,19,0,32 8 19,2,50,,126884,19,0,32 8 19,2,11,,126894,19,0,32 8 19,2,11,,126813,19,0,32 8 19,2,12,,126821,19,0,32 8 19,2,10,,126811,19,0,32 8 19,2,50,,126806,19,0,32 8 19,2,10,,126799,19,0,32 8 19,2,10,,126890,19,0,32 8 19,2,10,,126892,19,0,32 8 19,2,10,,126805,19,0,32 8 19,2,10,,126870,19,0,32 8 19,2,50,,126836,19,0,32 8 19,2,10,,126831,19,0,32 8 19,2,10,,126785,19,0,32 8 19,2,10,,113446,19,0,32 8 19,2,10,,126850,19,0,32 8 19,2,10,,126862,19,0,32 8 19,2,50,,126809,19,0,32 8 19,2,10,,126790,19,0,32 8 19,2,12,,126887,19,0,32 8 19,2,10,,126895,19,0,32 8 19,2,7,,126838,19,0,32 8 19,2,10,,126837,19,0,32 8 19,2,50,,126798,19,0,32 8 19,2,10,,126804,19,0,32 8 19,2,10,,126848,19,0,32 8 19,2,10,,126792,19,0,32 8 19,2,10,,113407,19,0,32 8 19,2,10,,126851,19,0,32 8 19,2,50,,126889,19,0,32 8 19,2,10,,126861,19,0,32 8 19,2,10,,126800,19,0,32 8 19,2,10,,126793,19,0,32 8 19,2,10,,126784,19,0,32 8 19,2,10,,126863,19,0,32 8 19,2,50,,126843,19,0,32 8 19,2,10,,126816,19,0,32 8 19,2,10,,126788,19,0,32 8 19,2,10,,126794,19,0,32 8 19,2,10,,126789,19,0,32 8 19,2,13,,126786,19,0,32 8 19,2,54,,126795,19,0,32 8 19,2
