30601,'3',448,,124271,1,0,27 34 3 39,2,55,,124262,1,0,27 34 3 39,2,14,,124290,1,0,27 34 3 39,2,14,,124275,1,0,27 34 3 39,2,14,,124244,1,0,27 34 3 39,2,14,,124258,1,0,27 34 3 39,2,54,,124256,1,0,27 34 3 39,2,14,,124247,1,0,27 34 3 39,2,14,,121905,1,0,27 34 3 39,2,14,,124270,1,0,27 34 3 39,2,54,,124279,1,0,27 34 3 39,2,14,,124248,1,0,27 34 3 39,2
30602,'3',541,,124420,25,4,,2,14,,124398,25,4,,2,54,,124382,25,4,,2,14,,124427,25,4,,2,14,,124397,25,4,,2,14,,124424,25,4,,2,54,,124396,25,4,,2,14,,124425,25,4,,2,14,,124371,25,4,,2,14,,124374,25,4,,2,54,,124408,25,4,,2,14,,124394,25,4,,2
50601,'1',440,,130375,1,0,27 34 3 39,2,10,,130444,1,0,27 34 3 39,2,50,,130250,1,0,27 34 3 39,2,10,,130311,1,0,27 34 3 39,2,10,,130398,1,0,27 34 3 39,2,10,,130321,1,0,27 34 3 39,2,10,,130453,1,0,27 34 3 39,2,10,,130285,1,0,27 34 3 39,2,50,,130417,1,0,27 34 3 39,2,10,,130492,1,0,27 34 3 39,2,10,,130330,1,0,27 34 3 39,2,10,,130309,1,0,27 34 3 39,2,10,,130399,1,0,27 34 3 39,2,10,,130430,1,0,27 34 3 39,2,8,,130296,1,0,27 34 3 39,2,48,,130327,1,0,27 34 3 39,2,8,,130294,1,0,27 34 3 39,2,8,,130350,1,0,27 34 3 39,2,8,,130371,1,0,27 34 3 39,2,8,,130436,1,0,27 34 3 39,2,8,,130499,1,0,27 34 3 39,2,8,,130391,1,0,27 34 3 39,2,48,,113543,1,0,27 34 3 39,2,8,,130260,1,0,27 34 3 39,2,8,,130483,1,0,27 34 3 39,2,8,,130361,1,0,27 34 3 39,2,8,,130447,1,0,27 34 3 39,2,8,,130438,1,0,27 34 3 39,2,10,,130426,1,0,27 34 3 39,2,50,,130425,1,0,27 34 3 39,2,10,,130356,1,0,27 34 3 39,2,10,,130482,1,0,27 34 3 39,2,10,,130313,1,0,27 34 3 39,2,10,,130354,1,0,27 34 3 39,2,10,,130272,1,0,27 34 3 39,2,50,,130494,1,0,27 34 3 39,2,10,,130290,1,0,27 34 3 39,2,10,,130254,1,0,27 34 3 39,2,10,,130383,1,0,27 34 3 39,2,10,,130407,1,0,27 34 3 39,2,10,,130478,1,0,27 34 3 39,2,50,,130316,1,0,27 34 3 39,2,10,,130495,1,0,27 34 3 39,2,10,,130322,1,0,27 34 3 39,2,10,,130302,1,0,27 34 3 39,2,10,,130452,1,0,27 34 3 39,2,10,,130303,1,0,27 34 3 39,2,50,,130477,1,0,27 34 3 39,2,10,,130501,1,0,27 34 3 39,2,10,,130276,1,0,27 34 3 39,2,10,,130248,1,0,27 34 3 39,2,10,,130472,1,0,27 34 3 39,2,10,,108069,1,0,27 34 3 39,2,50,,130288,1,0,27 34 3 39,2,10,,130454,1,0,27 34 3 39,2,10,,130263,1,0,27 34 3 39,2,10,,130455,1,0,27 34 3 39,2,10,,130497,1,0,27 34 3 39,2,10,,130318,1,0,27 34 3 39,2,50,,130315,1,0,27 34 3 39,2,10,,130498,1,0,27 34 3 39,2,10,,130300,1,0,27 34 3 39,2,10,,130274,1,0,27 34 3 39,2,5,,130317,1,0,27 34 3 39,2,5,,130339,1,0,27 34 3 39,2,8,,130267,1,0,27 34 3 39,2,8,,130265,1,0,27 34 3 39,2,48,,130310,1,0,27 34 3 39,2,8,,130385,1,0,27 34 3 39,2,8,,130462,1,0,27 34 3 39,2,8,,130469,1,0,27 34 3 39,2,8,,130357,1,0,27 34 3 39,2,8,,130441,1,0,27 34 3 39,2,8,,130502,1,0,27 34 3 39,2,48,,130366,1,0,27 34 3 39,2,8,,130266,1,0,27 34 3 39,2,8,,130344,1,0,27 34 3 39,2,8,,130484,1,0,27 34 3 39,2,8,,130305,1,0,27 34 3 39,2,8,,130487,1,0,27 34 3 39,2,8,,130277,1,0,27 34 3 39,2,8,,130314,1,0,27 34 3 39,2,48,,130351,1,0,27 34 3 39,2,8,,130490,1,0,27 34 3 39,2,8,,130335,1,0,27 34 3 39,2,8,,130271,1,0,27 34 3 39,2,8,,130295,1,0,27 34 3 39,2,8,,130343,1,0,27 34 3 39,2,8,,130389,1,0,27 34 3 39,2,48,,130378,1,0,27 34 3 39,2,8,,130282,1,0,27 34 3 39,2,8,,130431,1,0,27 34 3 39,2,10,,130278,1,0,27 34 3 39,2,13,,130480,1,0,27 34 3 39,2,13,,130411,1,0,27 34 3 39,2,53,,130445,1,0,27 34 3 39,2,12,,119939,1,0,27 34 3 39,2,13,,130363,1,0,27 34 3 39,2,10,,130352,1,0,27 34 3 39,2,10,,130432,1,0,27 34 3 39,2,50,,130358,1,0,27 34 3 39,2,10,,130338,1,0,27 34 3 39,2,10,,130449,1,0,27 34 3 39,2,10,,130325,1,0,27 34 3 39,2,10,,130355,1,0,27 34 3 39,2,10,,130298,1,0,27 34 3 39,2,50,,130252,1,0,27 34 3 39,2,10,,130428,1,0,27 34 3 39,2,10,,130440,1,0,27 34 3 39,2,10,,130312,1,0,27 34 3 39,2,10,,130283,1,0,27 34 3 39,2,10,,130353,1,0,27 34 3 39,2,50,,130379,1,0,27 34 3 39,2,11,,130489,1,0,27 34 3 39,2,11,,130342,1,0,27 34 3 39,2,10,,130251,1,0,27 34 3 39,2,10,,130247,1,0,27 34 3 39,2,10,,130412,1,0,27 34 3 39,2,50,,130374,1,0,27 34 3 39,2,10,,130367,1,0,27 34 3 39,2,10,,130461,1,0,27 34 3 39,2,10,,130269,1,0,27 34 3 39,2,10,,130301,1,0,27 34 3 39,2,10,,130427,1,0,27 34 3 39,2,50,,130442,1,0,27 34 3 39,2,10,,130284,1,0,27 34 3 39,2,10,,130347,1,0,27 34 3 39,2,10,,130348,1,0,27 34 3 39,2,10,,130270,1,0,27 34 3 39,2,10,,130273,1,0,27 34 3 39,2,50,,130404,1,0,27 34 3 39,2,10,,122469,1,0,27 34 3 39,2,10,,130349,1,0,27 34 3 39,2
50601,'2',441,,130679,1,0,27 34 3 39,2,10,,130559,1,0,27 34 3 39,2,50,,130684,1,0,27 34 3 39,2,10,,130607,1,0,27 34 3 39,2,10,,130610,1,0,27 34 3 39,2,10,,130629,1,0,27 34 3 39,2,10,,130683,1,0,27 34 3 39,2,10,,130597,1,0,27 34 3 39,2,50,,130531,1,0,27 34 3 39,2,10,,130636,1,0,27 34 3 39,2,10,,130572,1,0,27 34 3 39,2,10,,130570,1,0,27 34 3 39,2,10,,130651,1,0,27 34 3 39,2,10,,130621,1,0,27 34 3 39,2,50,,130526,1,0,27 34 3 39,2,10,,130737,1,0,27 34 3 39,2,10,,130507,1,0,27 34 3 39,2,10,,130522,1,0,27 34 3 39,2,8,,130731,1,0,27 34 3 39,2,7,,130605,1,0,27 34 3 39,2,7,,130542,1,0,27 34 3 39,2,48,,130643,1,0,27 34 3 39,2,9,,130618,1,0,27 34 3 39,2,9,,130692,1,0,27 34 3 39,2,9,,130658,1,0,27 34 3 39,2,9,,130555,1,0,27 34 3 39,2,9,,130571,1,0,27 34 3 39,2,9,,130713,1,0,27 34 3 39,2,49,,130756,1,0,27 34 3 39,2,9,,130530,1,0,27 34 3 39,2,9,,130760,1,0,27 34 3 39,2,9,,130751,1,0,27 34 3 39,2,9,,130582,1,0,27 34 3 39,2,9,,130632,1,0,27 34 3 39,2,9,,130729,1,0,27 34 3 39,2,49,,130637,1,0,27 34 3 39,2,9,,130670,1,0,27 34 3 39,2,9,,130662,1,0,27 34 3 39,2,9,,114788,1,0,27 34 3 39,2,9,,130641,1,0,27 34 3 39,2,9,,130759,1,0,27 34 3 39,2,49,,130514,1,0,27 34 3 39,2,9,,130533,1,0,27 34 3 39,2,9,,130509,1,0,27 34 3 39,2,9,,130602,1,0,27 34 3 39,2,9,,130688,1,0,27 34 3 39,2,9,,130587,1,0,27 34 3 39,2,5,,130735,1,0,27 34 3 39,2,6,,130593,1,0,27 34 3 39,2,46,,130745,1,0,27 34 3 39,2,8,,130613,1,0,27 34 3 39,2,8,,130635,1,0,27 34 3 39,2,8,,130655,1,0,27 34 3 39,2,8,,130664,1,0,27 34 3 39,2,8,,130553,1,0,27 34 3 39,2,8,,130758,1,0,27 34 3 39,2,8,,130678,1,0,27 34 3 39,2,48,,130644,1,0,27 34 3 39,2,8,,119368,1,0,27 34 3 39,2,8,,130647,1,0,27 34 3 39,2,8,,130612,1,0,27 34 3 39,2,8,,130524,1,0,27 34 3 39,2,8,,119427,1,0,27 34 3 39,2,8,,120813,1,0,27 34 3 39,2,48,,130603,1,0,27 34 3 39,2,8,,130627,1,0,27 34 3 39,2,8,,130622,1,0,27 34 3 39,2,8,,130548,1,0,27 34 3 39,2,8,,130580,1,0,27 34 3 39,2,8,,130588,1,0,27 34 3 39,2,8,,130560,1,0,27 34 3 39,2,8,,130513,1,0,27 34 3 39,2,48,,130694,1,0,27 34 3 39,2,8,,130619,1,0,27 34 3 39,2,8,,130556,1,0,27 34 3 39,2,8,,130650,1,0,27 34 3 39,2,8,,109908,1,0,27 34 3 39,2,8,,130562,1,0,27 34 3 39,2,8,,130724,1,0,27 34 3 39,2,48,,130554,1,0,27 34 3 39,2,8,,130754,1,0,27 34 3 39,2,8,,130546,1,0,27 34 3 39,2,8,,130537,1,0,27 34 3 39,2,8,,130529,1,0,27 34 3 39,2,8,,130687,1,0,27 34 3 39,2,8,,130586,1,0,27 34 3 39,2,8,,130663,1,0,27 34 3 39,2,48,,130579,1,0,27 34 3 39,2,8,,130616,1,0,27 34 3 39,2,8,,130697,1,0,27 34 3 39,2,8,,130615,1,0,27 34 3 39,2,8,,130527,1,0,27 34 3 39,2,8,,130701,1,0,27 34 3 39,2,8,,130508,1,0,27 34 3 39,2,48,,130749,1,0,27 34 3 39,2,8,,130604,1,0,27 34 3 39,2,8,,130520,1,0,27 34 3 39,2,8,,130720,1,0,27 34 3 39,2,11,,130535,1,0,27 34 3 39,2,12,,130617,1,0,27 34 3 39,2,52,,130676,1,0,27 34 3 39,2,12,,130689,1,0,27 34 3 39,2,13,,130583,1,0,27 34 3 39,2,10,,130671,1,0,27 34 3 39,2,10,,130511,1,0,27 34 3 39,2,10,,130599,1,0,27 34 3 39,2,50,,130685,1,0,27 34 3 39,2,10,,130700,1,0,27 34 3 39,2,10,,130574,1,0,27 34 3 39,2,10,,130672,1,0,27 34 3 39,2,10,,130703,1,0,27 34 3 39,2,10,,130757,1,0,27 34 3 39,2,50,,130638,1,0,27 34 3 39,2,10,,130680,1,0,27 34 3 39,2,10,,130575,1,0,27 34 3 39,2,10,,130624,1,0,27 34 3 39,2,10,,130568,1,0,27 34 3 39,2,10,,130752,1,0,27 34 3 39,2,50,,130584,1,0,27 34 3 39,2,10,,130539,1,0,27 34 3 39,2,10,,130690,1,0,27 34 3 39,2,10,,113817,1,0,27 34 3 39,2,10,,130747,1,0,27 34 3 39,2,10,,130667,1,0,27 34 3 39,2,50,,130614,1,0,27 34 3 39,2,10,,130659,1,0,27 34 3 39,2,10,,130625,1,0,27 34 3 39,2,10,,130578,1,0,27 34 3 39,2,10,,130541,1,0,27 34 3 39,2,10,,130564,1,0,27 34 3 39,2,50,,130566,1,0,27 34 3 39,2,10,,130545,1,0,27 34 3 39,2,10,,130561,1,0,27 34 3 39,2,10,,130699,1,0,27 34 3 39,2,10,,130715,1,0,27 34 3 39,2,10,,130538,1,0,27 34 3 39,2,50,,130626,1,0,27 34 3 39,2,15,,130591,1,0,27 34 3 39,2
50601,'3',735,,130823,1,0,27 34 3 39,2,10,,130804,1,0,27 34 3 39,2,10,,130817,1,0,27 34 3 39,2,50,,130815,1,0,27 34 3 39,2,10,,130830,1,0,27 34 3 39,2,10,,130811,1,0,27 34 3 39,2,10,,130818,1,0,27 34 3 39,2,10,,121875,1,0,27 34 3 39,2,10,,130920,1,0,27 34 3 39,2,50,,130854,1,0,27 34 3 39,2,10,,130955,1,0,27 34 3 39,2,10,,130968,1,0,27 34 3 39,2,10,,130786,1,0,27 34 3 39,2,10,,130893,1,0,27 34 3 39,2,10,,130898,1,0,27 34 3 39,2,50,,130866,1,0,27 34 3 39,2,10,,130897,1,0,27 34 3 39,2,10,,130773,1,0,27 34 3 39,2,10,,130828,1,0,27 34 3 39,2,10,,130772,1,0,27 34 3 39,2,10,,130795,1,0,27 34 3 39,2,50,,130774,1,0,27 34 3 39,2,10,,130785,1,0,27 34 3 39,2,10,,130909,1,0,27 34 3 39,2,10,,130776,1,0,27 34 3 39,2,10,,130880,1,0,27 34 3 39,2,10,,130943,1,0,27 34 3 39,2,48,,116721,1,0,27 34 3 39,2,6,,130845,1,0,27 34 3 39,2,6,,130905,1,0,27 34 3 39,2,7,,130911,1,0,27 34 3 39,2,9,,130938,1,0,27 34 3 39,2,9,,130895,1,0,27 34 3 39,2,9,,130965,1,0,27 34 3 39,2,9,,130806,1,0,27 34 3 39,2,49,,130840,1,0,27 34 3 39,2,9,,130775,1,0,27 34 3 39,2,9,,130942,1,0,27 34 3 39,2,9,,130831,1,0,27 34 3 39,2,9,,130977,1,0,27 34 3 39,2,9,,130923,1,0,27 34 3 39,2,49,,130873,1,0,27 34 3 39,2,9,,130877,1,0,27 34 3 39,2,9,,130802,1,0,27 34 3 39,2,9,,130889,1,0,27 34 3 39,2,9,,130881,1,0,27 34 3 39,2,9,,130778,1,0,27 34 3 39,2,9,,130798,1,0,27 34 3 39,2,49,,130857,1,0,27 34 3 39,2,9,,130922,1,0,27 34 3 39,2,9,,130939,1,0,27 34 3 39,2,9,,130915,1,0,27 34 3 39,2,9,,130824,1,0,27 34 3 39,2,9,,130788,1,0,27 34 3 39,2,9,,130971,1,0,27 34 3 39,2,49,,130851,1,0,27 34 3 39,2,9,,130876,1,0,27 34 3 39,2,9,,130848,1,0,27 34 3 39,2,9,,130966,1,0,27 34 3 39,2,9,,130927,1,0,27 34 3 39,2,9,,130980,1,0,27 34 3 39,2,49,,130829,1,0,27 34 3 39,2,9,,130908,1,0,27 34 3 39,2,9,,130792,1,0,27 34 3 39,2,9,,130878,1,0,27 34 3 39,2,9,,130978,1,0,27 34 3 39,2,9,,130769,1,0,27 34 3 39,2,9,,130904,1,0,27 34 3 39,2,49,,130867,1,0,27 34 3 39,2,9,,130946,1,0,27 34 3 39,2,9,,130779,1,0,27 34 3 39,2,9,,130801,1,0,27 34 3 39,2,13,,130887,1,0,27 34 3 39,2,13,,130925,1,0,27 34 3 39,2,54,,130930,1,0,27 34 3 39,2,10,,130870,1,0,27 34 3 39,2,10,,130809,1,0,27 34 3 39,2,10,,130981,1,0,27 34 3 39,2,10,,130926,1,0,27 34 3 39,2,50,,130813,1,0,27 34 3 39,2,10,,130874,1,0,27 34 3 39,2,10,,130842,1,0,27 34 3 39,2,10,,130777,1,0,27 34 3 39,2,10,,130812,1,0,27 34 3 39,2,10,,130808,1,0,27 34 3 39,2,50,,130800,1,0,27 34 3 39,2,10,,130865,1,0,27 34 3 39,2,10,,130855,1,0,27 34 3 39,2,10,,130958,1,0,27 34 3 39,2,10,,130781,1,0,27 34 3 39,2,10,,130868,1,0,27 34 3 39,2,50,,107019,1,0,27 34 3 39,2,10,,130794,1,0,27 34 3 39,2,10,,130932,1,0,27 34 3 39,2,10,,130953,1,0,27 34 3 39,2,10,,130960,1,0,27 34 3 39,2,10,,130836,1,0,27 34 3 39,2,50,,130901,1,0,27 34 3 39,2,10,,130819,1,0,27 34 3 39,2,10,,130944,1,0,27 34 3 39,2,10,,130766,1,0,27 34 3 39,2,10,,130918,1,0,27 34 3 39,2,10,,130931,1,0,27 34 3 39,2,50,,130912,1,0,27 34 3 39,2,10,,130907,1,0,27 34 3 39,2,10,,130956,1,0,27 34 3 39,2,10,,130872,1,0,27 34 3 39,2,10,,130789,1,0,27 34 3 39,2,10,,130913,1,0,27 34 3 39,2,50,,130783,1,0,27 34 3 39,2,10,,130810,1,0,27 34 3 39,2,10,,107755,1,0,27 34 3 39,2
50601,'5',448,,131128,1,0,27 34 3 39,2,55,,131076,1,0,27 34 3 39,2,14,,131175,1,0,27 34 3 39,2,14,,131046,1,0,27 34 3 39,2,14,,131083,1,0,27 34 3 39,2,14,,131025,1,0,27 34 3 39,2,54,,131199,1,0,27 34 3 39,2,14,,131146,1,0,27 34 3 39,2,14,,131122,1,0,27 34 3 39,2,14,,131040,1,0,27 34 3 39,2,54,,131202,1,0,27 34 3 39,2,14,,131221,1,0,27 34 3 39,2,12,,131055,1,0,27 34 3 39,2,10,,131000,1,0,27 34 3 39,2,10,,131224,1,0,27 34 3 39,2,50,,131198,1,0,27 34 3 39,2,10,,131017,1,0,27 34 3 39,2,10,,130996,1,0,27 34 3 39,2,10,,131209,1,0,27 34 3 39,2,10,,131194,1,0,27 34 3 39,2,10,,131101,1,0,27 34 3 39,2,50,,131033,1,0,27 34 3 39,2,10,,131123,1,0,27 34 3 39,2,10,,130999,1,0,27 34 3 39,2,10,,131216,1,0,27 34 3 39,2,10,,131190,1,0,27 34 3 39,2,10,,131136,1,0,27 34 3 39,2,50,,131107,1,0,27 34 3 39,2,10,,97825,1,0,27 34 3 39,2,10,,131203,1,0,27 34 3 39,2,10,,131205,1,0,27 34 3 39,2,10,,131125,1,0,27 34 3 39,2,10,,131132,1,0,27 34 3 39,2,50,,131206,1,0,27 34 3 39,2,10,,131159,1,0,27 34 3 39,2,10,,130986,1,0,27 34 3 39,2,10,,131191,1,0,27 34 3 39,2,10,,131115,1,0,27 34 3 39,2,10,,131234,1,0,27 34 3 39,2,48,,131050,1,0,27 34 3 39,2,6,,131054,1,0,27 34 3 39,2,6,,131082,1,0,27 34 3 39,2,7,,131187,1,0,27 34 3 39,2,9,,130985,1,0,27 34 3 39,2,9,,131167,1,0,27 34 3 39,2,9,,131186,1,0,27 34 3 39,2,9,,131164,1,0,27 34 3 39,2,49,,131201,1,0,27 34 3 39,2,9,,131056,1,0,27 34 3 39,2,9,,131149,1,0,27 34 3 39,2,9,,131141,1,0,27 34 3 39,2,9,,131081,1,0,27 34 3 39,2,9,,131143,1,0,27 34 3 39,2,49,,130989,1,0,27 34 3 39,2,9,,131114,1,0,27 34 3 39,2,9,,131064,1,0,27 34 3 39,2,9,,131030,1,0,27 34 3 39,2,9,,131059,1,0,27 34 3 39,2,9,,131095,1,0,27 34 3 39,2,9,,131184,1,0,27 34 3 39,2,49,,130990,1,0,27 34 3 39,2,9,,131214,1,0,27 34 3 39,2,9,,131144,1,0,27 34 3 39,2,9,,131169,1,0,27 34 3 39,2,9,,131182,1,0,27 34 3 39,2,9,,131109,1,0,27 34 3 39,2,9,,131220,1,0,27 34 3 39,2,49,,131007,1,0,27 34 3 39,2,9,,131226,1,0,27 34 3 39,2,9,,131094,1,0,27 34 3 39,2,9,,131021,1,0,27 34 3 39,2,9,,131034,1,0,27 34 3 39,2,9,,130995,1,0,27 34 3 39,2,49,,131106,1,0,27 34 3 39,2,9,,131228,1,0,27 34 3 39,2,9,,131011,1,0,27 34 3 39,2,9,,131165,1,0,27 34 3 39,2,9,,131004,1,0,27 34 3 39,2,9,,131035,1,0,27 34 3 39,2,9,,131116,1,0,27 34 3 39,2,49,,131154,1,0,27 34 3 39,2,9,,131142,1,0,27 34 3 39,2,9,,131003,1,0,27 34 3 39,2,9,,131060,1,0,27 34 3 39,2,13,,131042,1,0,27 34 3 39,2,13,,131023,1,0,27 34 3 39,2,54,,131110,1,0,27 34 3 39,2,10,,131230,1,0,27 34 3 39,2,10,,131152,1,0,27 34 3 39,2,10,,131150,1,0,27 34 3 39,2,10,,131038,1,0,27 34 3 39,2,50,,130994,1,0,27 34 3 39,2,10,,131008,1,0,27 34 3 39,2,10,,131200,1,0,27 34 3 39,2,10,,131072,1,0,27 34 3 39,2,10,,131073,1,0,27 34 3 39,2,10,,131028,1,0,27 34 3 39,2,50,,131173,1,0,27 34 3 39,2,10,,131218,1,0,27 34 3 39,2,10,,131100,1,0,27 34 3 39,2,10,,131052,1,0,27 34 3 39,2,10,,131079,1,0,27 34 3 39,2,10,,131012,1,0,27 34 3 39,2,50,,131089,1,0,27 34 3 39,2,10,,131223,1,0,27 34 3 39,2,10,,131189,1,0,27 34 3 39,2,10,,131029,1,0,27 34 3 39,2,10,,131227,1,0,27 34 3 39,2,10,,131006,1,0,27 34 3 39,2,50,,131172,1,0,27 34 3 39,2,10,,131233,1,0,27 34 3 39,2,10,,131084,1,0,27 34 3 39,2,10,,131080,1,0,27 34 3 39,2,10,,131044,1,0,27 34 3 39,2,10,,131145,1,0,27 34 3 39,2,50,,131193,1,0,27 34 3 39,2,10,,131163,1,0,27 34 3 39,2,10,,130991,1,0,27 34 3 39,2,10,,131219,1,0,27 34 3 39,2,10,,131063,1,0,27 34 3 39,2,10,,131085,1,0,27 34 3 39,2,50,,131069,1,0,27 34 3 39,2,10,,131139,1,0,27 34 3 39,2,10,,131032,1,0,27 34 3 39,2
50602,'1',552,,131285,25,4,,2,50,,131304,25,4,,2,10,,131313,25,4,,2,10,,131436,25,4,,2,10,,131462,25,4,,2,10,,131356,25,4,,2,10,,131459,25,4,,2,50,,131259,25,4,,2,10,,131262,25,4,,2,10,,131326,25,4,,2,10,,131295,25,4,,2,10,,131357,25,4,,2,10,,131341,25,4,,2,50,,131253,25,4,,2,11,,131445,25,4,,2,8,,131272,25,4,,2,8,,131467,25,4,,2,8,,131278,25,4,,2,8,,131333,25,4,,2,8,,131450,25,4,,2,48,,131256,25,4,,2,8,,131241,25,4,,2,8,,131282,25,4,,2,8,,114610,25,4,,2,8,,131244,25,4,,2,8,,131263,25,4,,2,8,,131260,25,4,,2,8,,131473,25,4,,2,49,,131320,25,4,,2,10,,131449,25,4,,2,10,,131287,25,4,,2,10,,131401,25,4,,2,10,,131306,25,4,,2,10,,131364,25,4,,2,50,,131286,25,4,,2,10,,131382,25,4,,2,10,,131484,25,4,,2,10,,131419,25,4,,2,10,,131475,25,4,,2,10,,131426,25,4,,2,50,,131265,25,4,,2,10,,131327,25,4,,2,10,,131248,25,4,,2,10,,131338,25,4,,2,10,,131469,25,4,,2,10,,131367,25,4,,2,50,,131281,25,4,,2,10,,131386,25,4,,2,10,,131308,25,4,,2,10,,131387,25,4,,2,10,,131455,25,4,,2,10,,131280,25,4,,2,50,,131251,25,4,,2,10,,131316,25,4,,2,10,,131292,25,4,,2,10,,131257,25,4,,2,10,,131486,25,4,,2,10,,131271,25,4,,2,50,,131318,25,4,,2,10,,131381,25,4,,2,13,,131375,25,4,,2,10,,131471,25,4,,2,10,,131349,25,4,,2,8,,131377,25,4,,2,48,,131344,25,4,,2,8,,131319,25,4,,2,8,,131380,25,4,,2,8,,131379,25,4,,2,8,,131345,25,4,,2,8,,131243,25,4,,2,8,,131250,25,4,,2,48,,131275,25,4,,2,8,,131293,25,4,,2,8,,131453,25,4,,2,8,,131394,25,4,,2,8,,131439,25,4,,2,8,,131433,25,4,,2,8,,131317,25,4,,2,8,,131429,25,4,,2,48,,131406,25,4,,2,8,,131460,25,4,,2,8,,131444,25,4,,2,8,,131300,25,4,,2,8,,131301,25,4,,2,8,,131423,25,4,,2,8,,131440,25,4,,2,48,,131368,25,4,,2,8,,131480,25,4,,2,8,,131362,25,4,,2,8,,131314,25,4,,2,5,,131330,25,4,,2,7,,131335,25,4,,2,5,,131312,25,4,,2,7,,131297,25,4,,2,10,,131346,25,4,,2,50,,131264,25,4,,2,10,,131315,25,4,,2,10,,108047,25,4,,2,10,,131240,25,4,,2,10,,131290,25,4,,2,10,,131239,25,4,,2,50,,131463,25,4,,2,10,,131465,25,4,,2,10,,131400,25,4,,2,10,,131454,25,4,,2,10,,131472,25,4,,2,10,,131414,25,4,,2,50,,131464,25,4,,2,10,,131298,25,4,,2,9,,131482,25,4,,2,10,,131354,25,4,,2,10,,131276,25,4,,2,10,,131363,25,4,,2,50,,131441,25,4,,2,10,,131336,25,4,,2,10,,131305,25,4,,2,10,,131405,25,4,,2,10,,131485,25,4,,2,10,,131421,25,4,,2,50,,131291,25,4,,2,10,,131268,25,4,,2,10,,131456,25,4,,2,10,,131446,25,4,,2,10,,131343,25,4,,2,10,,131431,25,4,,2,50,,131366,25,4,,2,10,,131310,25,4,,2,10,,131415,25,4,,2,10,,131328,25,4,,2,10,,131270,25,4,,2,10,,131283,25,4,,2
50602,'2',537,,131746,25,4,,2,10,,131497,25,4,,2,10,,131678,25,4,,2,50,,131546,25,4,,2,10,,131722,25,4,,2,10,,131629,25,4,,2,10,,131595,25,4,,2,10,,131506,25,4,,2,10,,131606,25,4,,2,50,,131644,25,4,,2,10,,131714,25,4,,2,10,,131611,25,4,,2,10,,131719,25,4,,2,10,,131685,25,4,,2,10,,131579,25,4,,2,50,,131504,25,4,,2,10,,131541,25,4,,2,13,,131528,25,4,,2,13,,131669,25,4,,2,9,,131691,25,4,,2,49,,92620,25,4,,2,9,,131535,25,4,,2,9,,131656,25,4,,2,9,,131683,25,4,,2,9,,131658,25,4,,2,9,,131622,25,4,,2,9,,131521,25,4,,2,49,,131653,25,4,,2,9,,131495,25,4,,2,9,,131628,25,4,,2,9,,131500,25,4,,2,9,,131516,25,4,,2,9,,131568,25,4,,2,9,,131591,25,4,,2,49,,131550,25,4,,2,9,,131736,25,4,,2,9,,131508,25,4,,2,9,,131704,25,4,,2,9,,131561,25,4,,2,9,,131578,25,4,,2,49,,131608,25,4,,2,9,,131693,25,4,,2,9,,131743,25,4,,2,12,,131659,25,4,,2,13,,131558,25,4,,2,8,,107619,25,4,,2,48,,131692,25,4,,2,8,,131533,25,4,,2,8,,131637,25,4,,2,8,,131729,25,4,,2,8,,131593,25,4,,2,8,,131560,25,4,,2,8,,131614,25,4,,2,8,,131745,25,4,,2,48,,131721,25,4,,2,8,,131545,25,4,,2,8,,131717,25,4,,2,8,,131525,25,4,,2,8,,131652,25,4,,2,8,,131600,25,4,,2,8,,131543,25,4,,2,48,,131572,25,4,,2,8,,131586,25,4,,2,8,,131707,25,4,,2,8,,131511,25,4,,2,8,,131723,25,4,,2,8,,131636,25,4,,2,8,,131747,25,4,,2,8,,131609,25,4,,2,48,,131749,25,4,,2,8,,131738,25,4,,2,8,,131684,25,4,,2,8,,131708,25,4,,2,8,,131630,25,4,,2,8,,131619,25,4,,2,8,,131557,25,4,,2,48,,131512,25,4,,2,8,,131668,25,4,,2,8,,131697,25,4,,2,8,,131701,25,4,,2,8,,131748,25,4,,2,8,,131531,25,4,,2,8,,111596,25,4,,2,8,,131499,25,4,,2,48,,131542,25,4,,2,8,,131522,25,4,,2,8,,131553,25,4,,2,8,,131705,25,4,,2,8,,131713,25,4,,2,8,,131594,25,4,,2,8,,131573,25,4,,2,48,,131577,25,4,,2,8,,131633,25,4,,2,8,,131638,25,4,,2,6,,131710,25,4,,2,6,,131575,25,4,,2,5,,131702,25,4,,2,8,,131695,25,4,,2,8,,131569,25,4,,2,8,,131726,25,4,,2,48,,131562,25,4,,2,10,,131679,25,4,,2,10,,131625,25,4,,2,10,,131732,25,4,,2,10,,131502,25,4,,2,10,,131706,25,4,,2,50,,131592,25,4,,2,10,,131574,25,4,,2,10,,131548,25,4,,2,10,,131580,25,4,,2,10,,131699,25,4,,2,10,,131643,25,4,,2,50,,121741,25,4,,2,10,,131566,25,4,,2,10,,131623,25,4,,2,7,,131677,25,4,,2,10,,131503,25,4,,2,10,,131526,25,4,,2,50,,131703,25,4,,2,10,,131515,25,4,,2,10,,131615,25,4,,2,10,,131621,25,4,,2,10,,131687,25,4,,2,10,,131740,25,4,,2,50,,131509,25,4,,2,10,,131529,25,4,,2,10,,131567,25,4,,2,10,,131514,25,4,,2,10,,107097,25,4,,2,10,,131742,25,4,,2,50,,131665,25,4,,2,10,,131650,25,4,,2,10,,131536,25,4,,2,10,,131681,25,4,,2,10,,131730,25,4,,2,10,,131564,25,4,,2
50602,'3',833,,131913,25,4,,2,12,,131915,25,4,,2,10,,131890,25,4,,2,50,,131956,25,4,,2,10,,131943,25,4,,2,10,,131847,25,4,,2,10,,131780,25,4,,2,10,,131781,25,4,,2,10,,131794,25,4,,2,50,,131828,25,4,,2,10,,131763,25,4,,2,10,,131779,25,4,,2,10,,131777,25,4,,2,10,,131783,25,4,,2,10,,131833,25,4,,2,50,,131797,25,4,,2,10,,131824,25,4,,2,10,,131767,25,4,,2,10,,131923,25,4,,2,10,,131872,25,4,,2,10,,131905,25,4,,2,50,,131920,25,4,,2,9,,131849,25,4,,2,11,,131939,25,4,,2,12,,131926,25,4,,2,9,,131947,25,4,,2,9,,131909,25,4,,2,49,,131953,25,4,,2,9,,131835,25,4,,2,9,,131921,25,4,,2,9,,131843,25,4,,2,9,,131867,25,4,,2,9,,131772,25,4,,2,9,,131955,25,4,,2,49,,131848,25,4,,2,9,,131826,25,4,,2,9,,108915,25,4,,2,9,,131914,25,4,,2,9,,131964,25,4,,2,9,,131934,25,4,,2,49,,131875,25,4,,2,9,,131945,25,4,,2,9,,131762,25,4,,2,9,,131859,25,4,,2,9,,131889,25,4,,2,9,,131755,25,4,,2,9,,131821,25,4,,2,49,,131916,25,4,,2,9,,131841,25,4,,2,9,,131918,25,4,,2,9,,131853,25,4,,2,9,,131823,25,4,,2,9,,131822,25,4,,2,9,,131888,25,4,,2,49,,131795,25,4,,2,9,,131944,25,4,,2,9,,131894,25,4,,2,9,,131830,25,4,,2,9,,131807,25,4,,2,9,,121888,25,4,,2,49,,131904,25,4,,2,9,,131961,25,4,,2,9,,131811,25,4,,2,9,,107700,25,4,,2,9,,131809,25,4,,2,10,,131962,25,4,,2,10,,131819,25,4,,2,50,,131910,25,4,,2,10,,131856,25,4,,2,6,,131948,25,4,,2,6,,131793,25,4,,2,8,,131790,25,4,,2,10,,131942,25,4,,2,10,,131778,25,4,,2,50,,131883,25,4,,2,10,,131855,25,4,,2,10,,131906,25,4,,2,10,,131774,25,4,,2,10,,131791,25,4,,2,10,,131806,25,4,,2,50,,131958,25,4,,2,10,,131787,25,4,,2,10,,131873,25,4,,2,10,,131870,25,4,,2,10,,131940,25,4,,2,10,,131766,25,4,,2,50,,131907,25,4,,2,10,,131935,25,4,,2,10,,131917,25,4,,2,10,,131773,25,4,,2,10,,131820,25,4,,2,10,,131928,25,4,,2,50,,131932,25,4,,2,10,,131775,25,4,,2,10,,131864,25,4,,2,10,,131760,25,4,,2,10,,131792,25,4,,2,10,,131960,25,4,,2,50,,131818,25,4,,2,10,,131896,25,4,,2,10,,131858,25,4,,2,10,,131776,25,4,,2,10,,131898,25,4,,2,10,,131857,25,4,,2,50,,131825,25,4,,2,10,,131884,25,4,,2,10,,131788,25,4,,2,10,,131816,25,4,,2,10,,131880,25,4,,2,10,,131753,25,4,,2,50,,131862,25,4,,2,10,,108380,25,4,,2
50602,'5',541,,132058,25,4,,2,14,,132142,25,4,,2,54,,131980,25,4,,2,14,,117647,25,4,,2,14,,132063,25,4,,2,14,,132182,25,4,,2,54,,132160,25,4,,2,14,,132185,25,4,,2,14,,131998,25,4,,2,14,,132025,25,4,,2,54,,132014,25,4,,2,14,,132118,25,4,,2,18,,132198,25,4,,2,12,,132121,25,4,,2,10,,131971,25,4,,2,50,,117014,25,4,,2,10,,131972,25,4,,2,10,,132022,25,4,,2,10,,132011,25,4,,2,10,,132092,25,4,,2,10,,131991,25,4,,2,50,,132187,25,4,,2,10,,132129,25,4,,2,10,,132050,25,4,,2,10,,132052,25,4,,2,10,,132172,25,4,,2,10,,132209,25,4,,2,50,,132091,25,4,,2,10,,132076,25,4,,2,10,,131967,25,4,,2,10,,132152,25,4,,2,10,,132059,25,4,,2,10,,132154,25,4,,2,50,,132191,25,4,,2,9,,132196,25,4,,2,11,,132046,25,4,,2,12,,131989,25,4,,2,9,,132044,25,4,,2,9,,132002,25,4,,2,49,,131997,25,4,,2,9,,132093,25,4,,2,9,,132193,25,4,,2,9,,132085,25,4,,2,9,,132194,25,4,,2,9,,132009,25,4,,2,9,,132168,25,4,,2,49,,132078,25,4,,2,9,,132163,25,4,,2,9,,132151,25,4,,2,9,,132070,25,4,,2,9,,132081,25,4,,2,9,,132107,25,4,,2,49,,132026,25,4,,2,9,,132202,25,4,,2,9,,132100,25,4,,2,9,,132075,25,4,,2,9,,132018,25,4,,2,9,,132084,25,4,,2,9,,132148,25,4,,2,49,,131986,25,4,,2,9,,132136,25,4,,2,9,,132013,25,4,,2,9,,132122,25,4,,2,9,,132021,25,4,,2,9,,132170,25,4,,2,9,,132003,25,4,,2,49,,132077,25,4,,2,9,,132041,25,4,,2,9,,132010,25,4,,2,9,,132106,25,4,,2,9,,132019,25,4,,2,9,,132083,25,4,,2,49,,132184,25,4,,2,9,,132047,25,4,,2,9,,132051,25,4,,2,9,,132024,25,4,,2,9,,132039,25,4,,2,10,,132029,25,4,,2,10,,132140,25,4,,2,50,,132169,25,4,,2,10,,132099,25,4,,2,6,,132103,25,4,,2,6,,132111,25,4,,2,8,,132034,25,4,,2,10,,132145,25,4,,2,10,,132186,25,4,,2,50,,123390,25,4,,2,10,,132188,25,4,,2,10,,132162,25,4,,2,10,,132132,25,4,,2,10,,132000,25,4,,2,10,,132143,25,4,,2,50,,131974,25,4,,2,10,,132104,25,4,,2,10,,132189,25,4,,2,10,,131987,25,4,,2,10,,132190,25,4,,2,10,,132174,25,4,,2,50,,132205,25,4,,2,10,,132071,25,4,,2,10,,132040,25,4,,2,10,,132006,25,4,,2,10,,132176,25,4,,2,10,,132128,25,4,,2,50,,131992,25,4,,2,10,,132007,25,4,,2,10,,132116,25,4,,2,10,,132086,25,4,,2,10,,132049,25,4,,2,10,,131984,25,4,,2,50,,132114,25,4,,2,10,,132066,25,4,,2,10,,132138,25,4,,2,10,,132033,25,4,,2,10,,132094,25,4,,2,10,,110998,25,4,,2,50,,132108,25,4,,2,10,,132090,25,4,,2,10,,132201,25,4,,2,10,,132197,25,4,,2,10,,131969,25,4,,2,10,,132206,25,4,,2,50,,132181,25,4,,2,10,,132095,25,4,,2
