30402,'1',2609,,123924,8,0,5 6 7,2,10,,123923,8,0,5 6 7,2,10,,123934,8,0,5 6 7,2,10,,123922,8,0,5 6 7,2,10,,123920,8,0,5 6 7,2,10,,123919,8,0,5 6 7,2,50,,123932,8,0,5 6 7,2,10,,123928,8,0,5 6 7,2,10,,123931,8,0,5 6 7,2,10,,123918,8,0,5 6 7,2,10,,123921,8,0,5 6 7,2,10,,123935,8,0,5 6 7,2,50,,123936,8,0,5 6 7,2,10,,123915,8,0,5 6 7,2,10,,123916,8,0,5 6 7,2,10,,123937,8,0,5 6 7,2,6,,123926,8,0,5 6 7,2,11,,123929,8,0,14,2,50,,123927,8,0,14,2,10,,123925,8,0,14,2,10,,123917,8,0,14,2,10,,123933,8,0,14,2,14,,123930,8,0,14,2
30402,'2',2602,,123960,8,0,14,2,10,,123942,8,0,14,2,17,,123939,8,0,5 6 7,2,10,,123961,8,0,5 6 7,2,10,,123947,8,0,5 6 7,2,10,,123958,8,0,5 6 7,2,50,,123938,8,0,5 6 7,2,10,,123950,8,0,5 6 7,2,10,,123944,8,0,5 6 7,2,10,,123953,8,0,5 6 7,2,10,,123949,8,0,5 6 7,2,10,,123957,8,0,5 6 7,2,50,,123941,8,0,5 6 7,2,10,,123959,8,0,5 6 7,2,10,,123952,8,0,5 6 7,2,10,,123946,8,0,5 6 7,2,10,,123954,8,0,5 6 7,2,10,,123940,8,0,5 6 7,2,53,,123943,8,0,5 6 7,2,7,,123945,8,0,14,2,10,,123948,8,0,14,2,10,,123951,8,0,14,2,10,,123955,8,0,14,2,10,,123956,8,0,14,2
30402,'3',506,,124001,8,0,21,2,21,,124013,8,0,21,2,16,,124005,8,0,21,2,13,,123997,8,0,21,2,54,,123992,8,0,21,2,14,,123973,8,0,21,2,14,,124010,8,0,21,2,14,,123969,8,0,21,2,54,,123990,8,0,21,2,14,,119646,8,0,21,2,14,,123964,8,0,21,2,14,,124000,8,0,21,2,54,,124004,8,0,21,2,1830,,123991,8,0,5 6 7,2,10,,123999,8,0,5 6 7,2,10,,123972,8,0,5 6 7,2,50,,123965,8,0,5 6 7,2,10,,123987,8,0,5 6 7,2,10,,124012,8,0,5 6 7,2,10,,123989,8,0,5 6 7,2,10,,123970,8,0,5 6 7,2,10,,123998,8,0,5 6 7,2,50,,123967,8,0,5 6 7,2,10,,123994,8,0,5 6 7,2,11,,123963,8,0,5 6 7,2,4,,124002,8,0,14,2,10,,123962,8,0,14,2,10,,123978,8,0,14,2,10,,123983,8,0,14,2,50,,123979,8,0,14,2,10,,123996,8,0,14,2,10,,123982,8,0,14,2,10,,123988,8,0,14,2,10,,123974,8,0,14,2
30402,'5',2632,,124032,8,0,5 6 7,2,10,,124020,8,0,5 6 7,2,10,,124033,8,0,5 6 7,2,50,,124028,8,0,5 6 7,2,10,,124021,8,0,5 6 7,2,10,,124023,8,0,5 6 7,2,10,,124022,8,0,5 6 7,2,10,,124025,8,0,5 6 7,2,10,,124018,8,0,5 6 7,2,50,,124029,8,0,5 6 7,2,10,,124024,8,0,5 6 7,2,11,,124027,8,0,5 6 7,2,4,,124016,8,0,14,2,10,,121069,8,0,14,2,10,,124026,8,0,14,2,10,,124014,8,0,14,2,50,,124015,8,0,14,2,10,,124017,8,0,14,2,10,,124030,8,0,14,2,10,,124019,8,0,14,2,10,,124031,8,0,14,2
30502,'1',2519,,124119,8,0,5 41,2,20,,124118,8,0,5 41,2,20,,124112,8,0,5 41,2,60,,124117,8,0,5 41,2,20,,124120,8,0,5 41,2,4,,124113,8,,,2,16,,124122,8,0,5 41,2,60,,124123,8,0,5 41,2,30,,124114,8,0,5 41,2,55,,124121,8,,,2,15,,124116,8,0,5 41,2,20,,124115,8,,,2
30502,'2',2509,,124131,8,0,5 41,2,5,,124141,8,,,2,6,,124132,8,,,2,9,,124127,8,0,5 41,2,20,,124128,8,0,5 41,2,10,,124124,8,,,2,50,,124130,8,0,5 41,2,4,,124135,8,,,2,16,,124125,8,0,5 41,2,20,,124126,8,0,5 41,2,60,,124136,8,0,5 41,2,20,,124133,8,0,5 41,2,20,,124139,8,0,5 41,2,60,,124140,8,0,5 41,2,30,,124138,8,0,5 41,2,9,,124137,8,,,2,70,,124129,8,,,2,30,,124134,8,,,2
30502,'3',455,,124170,8,0,5 41,2,57,,124169,8,0,5 41,2,17,,124159,8,0,5 41,2,15,,124145,8,0,5 41,2,15,,124152,8,0,5 41,2,55,,124171,8,0,5 41,2,10,,124147,8,0,5 41,2,10,,124154,8,0,5 41,2,10,,124175,8,0,5 41,2,10,,124157,8,0,5 41,2,50,,124164,8,0,5 41,2,10,,124151,8,0,5 41,2,10,,124176,8,0,5 41,2,10,,124155,8,0,5 41,2,10,,124143,8,0,5 41,2,1769,,124161,8,0,5 41,2,10,,124174,8,0,5 41,2,5,,124167,8,,,2,15,,124172,8,0,5 41,2,11,,124166,8,,,2,49,,124163,8,0,5 41,2,10,,124148,8,0,5 41,2,11,,124173,8,,,2,6,,124165,8,,,2,13,,124158,8,0,5 41,2,60,,124156,8,0,5 41,2,20,,124168,8,0,5 41,2,20,,124146,8,0,5 41,2,60,,124142,8,0,5 41,2,20,,124150,8,,,2,30,,124149,8,,,2,70,,124144,8,,,2,20,,124153,8,,,2
30502,'5',2513,,124185,8,0,5 41,2,10,,124189,8,0,5 41,2,10,,124183,8,,,2,10,,124180,8,0,5 41,2,60,,124192,8,0,5 41,2,20,,124178,8,0,5 41,2,5,,124191,8,,,2,5,,114411,8,,,2,10,,124179,8,0,5 41,2,60,,124186,8,0,5 41,2,20,,124182,8,0,5 41,2,20,,124177,8,0,5 41,2,70,,124190,8,0,5 41,2,9,,124188,8,,,2,30,,124187,8,,,2,70,,124181,8,,,2,30,,124184,8,,,2
30601,'1',2612,,124212,23,4,,2,26,,124196,23,4,,2,70,,124214,23,4,,2,30,,124213,23,4,,2,70,,124201,23,4,,2,30,,124216,23,4,,2
30601,'2',2611,,124219,23,4,,2,30,,124223,23,4,,2,70,,124230,23,4,,2,30,,124220,23,4,,2,70,,124218,23,4,,2,30,,124221,23,4,,2
30601,'3',511,,124271,23,4,,2,15,,124262,23,4,,2,14,,124290,23,4,,2,14,,124275,23,4,,2,54,,124244,23,4,,2,14,,124258,23,4,,2,14,,124256,23,4,,2,14,,124247,23,4,,2,54,,121905,23,4,,2,14,,124270,23,4,,2,14,,124279,23,4,,2,14,,124248,23,4,,2,1858,,124261,23,4,,2,24,,124289,23,4,,2,28,,124292,23,4,,2,68,,124252,23,4,,2,30,,124276,23,4,,2,70,,124284,23,4,,2,30,,124269,23,4,,2
30601,'5',2604,,124302,23,4,,2,24,,124313,23,4,,2,28,,124299,23,4,,2,68,,124296,23,4,,2,30,,124310,23,4,,2,70,,124300,23,4,,2,30,,124312,23,4,,2
50402,'1',455,,127965,8,0,21,2,50,,127947,8,0,21,2,10,,127980,8,0,21,2,10,,127950,8,0,21,2,10,,128034,8,0,21,2,10,,127992,8,0,21,2,10,,127993,8,0,21,2,46,,127935,7,0,21,2,10,,128114,7,0,21,2,10,,127916,7,0,21,2,10,,128021,7,0,21,2,10,,127975,7,0,21,2,10,,127963,7,0,21,2,50,,128148,7,0,21,2,11,,128084,7,0,21,2,9,,127970,7,0,21,2,9,,128156,7,0,21,2,6,,128135,7,0,21,2,6,,128136,7,0,21,2,7,,128053,7,0,21,2,6,,128176,7,0,21,2,46,,128090,7,0,21,2,13,,128009,7,0,21,2,6,,128039,7,0,21,2,5,,128095,7,0,21,2,12,,127940,7,0,21,2,11,,128075,7,0,21,2,9,,128071,7,0,21,2,48,,128023,7,0,21,2,8,,128018,7,0,21,2,8,,128073,7,0,21,2,8,,127995,7,0,21,2,8,,128100,7,0,21,2,8,,128155,7,0,21,2,8,,128125,7,0,21,2,48,,128130,7,0,21,2,8,,127973,7,0,21,2,8,,128163,7,0,21,2,8,,127912,7,0,21,2,8,,128116,7,,,2,6,,128028,7,0,21,2,9,,128181,7,0,21,2,8,,127958,7,0,21,2,49,,127968,7,0,21,2,10,,127934,7,0,21,2,10,,127953,7,0,21,2,10,,127933,7,0,21,2,10,,127972,7,0,21,2,10,,112931,7,0,21,2,50,,128040,7,0,21,2,10,,128131,7,0,21,2,10,,128157,7,0,21,2,10,,128056,7,0,21,2,10,,128104,7,0,21,2,10,,128112,7,0,21,2,50,,128006,7,0,21,2,10,,128170,7,0,21,2,10,,127960,7,0,21,2,10,,128086,7,0,21,2,10,,128153,7,0,21,2,10,,127910,7,0,21,2,50,,127988,7,0,21,2,10,,128036,7,0,21,2,10,,128017,7,0,21,2,11,,127964,7,0,21,2,10,,128106,7,0,21,2,10,,128029,7,0,21,2,50,,127966,7,0,21,2,10,,128161,7,0,21,2,10,,128026,7,0,21,2,11,,128070,7,0,21,2,12,,127948,7,0,21,2,51,,128105,7,0,21,2,10,,128138,7,0,21,2,10,,128184,7,0,21,2,10,,128052,7,0,21,2,10,,128128,7,0,21,2,10,,127977,7,0,21,2,50,,128012,7,0,21,2,10,,128010,7,0,21,2,10,,128143,7,0,21,2,10,,127911,7,0,21,2,10,,128159,7,0,21,2,10,,128150,7,0,21,2,50,,127996,7,0,21,2,10,,128027,7,0,21,2,10,,128050,7,0,21,2,10,,128120,7,0,21,2,10,,128051,7,0,21,2,10,,127928,7,0,21,2,50,,127931,7,0,21,2,10,,128145,7,0,21,2,9,,127929,7,0,21,2,10,,128142,7,0,21,2,10,,122444,7,0,21,2,10,,127976,7,0,21,2,8,,128035,7,0,21,2,48,,128109,7,0,21,2,10,,128133,7,0,21,2,10,,127936,7,0,21,2,9,,128129,7,0,21,2,10,,128123,7,0,21,2,10,,128168,7,0,21,2,50,,128060,7,0,21,2,10,,127969,7,0,21,2,10,,128074,7,0,21,2,10,,127989,7,0,21,2,10,,128108,7,0,21,2,10,,128043,7,0,21,2,50,,127945,7,0,21,2,10,,128054,7,0,21,2,10,,109133,7,0,21,2,10,,127927,7,0,21,2,10,,128058,7,0,21,2,9,,107088,7,0,21,2,50,,128082,7,0,21,2,10,,128107,7,0,21,2,10,,128164,7,0,21,2,10,,128144,7,0,21,2,10,,112201,7,0,21,2,10,,128087,7,0,21,2,50,,114700,7,0,21,2,10,,128092,7,0,21,2,10,,127906,7,0,21,2,10,,128091,7,0,21,2,10,,128045,7,0,21,2,10,,128007,7,0,21,2,50,,128041,7,0,21,2,10,,127918,7,0,21,2,10,,128119,7,0,21,2,10,,128165,7,0,21,2,10,,128020,7,0,21,2,10,,128088,7,0,21,2,50,,128173,7,0,21,2
50402,'2',507,,128352,8,0,21,2,15,,128424,8,0,21,2,10,,128305,8,0,21,2,10,,128205,8,0,21,2,10,,128370,8,0,21,2,50,,128190,7,0,21,2,10,,128194,7,0,21,2,10,,128434,7,0,21,2,15,,128437,7,0,21,2,10,,128431,7,0,21,2,10,,128203,7,0,21,2,50,,128423,7,0,21,2,10,,128343,7,0,21,2,10,,128379,7,0,21,2,10,,128235,7,0,21,2,10,,128397,7,0,21,2,10,,128281,7,0,21,2,50,,128303,7,0,21,2,11,,128336,7,0,21,2,10,,128223,7,0,21,2,12,,128301,7,0,21,2,13,,128198,7,0,21,2,55,,128385,7,0,21,2,13,,128212,7,0,21,2,11,,128329,7,0,21,2,10,,128219,7,0,21,2,10,,128342,7,0,21,2,50,,128376,7,0,21,2,10,,128335,7,0,21,2,10,,128244,7,0,21,2,10,,128433,7,0,21,2,10,,128276,7,0,21,2,10,,128348,7,0,21,2,50,,128268,7,0,21,2,10,,128249,7,0,21,2,10,,128294,7,0,21,2,10,,128399,7,0,21,2,10,,128261,7,0,21,2,11,,128408,7,0,21,2,50,,128208,7,0,21,2,10,,128322,7,0,21,2,10,,128238,7,0,21,2,10,,128417,7,0,21,2,10,,128345,7,0,21,2,10,,128266,7,0,21,2,50,,128375,7,0,21,2,10,,128298,7,0,21,2,7,,128396,7,0,21,2,7,,128201,7,0,21,2,14,,128220,7,0,21,2,10,,128337,7,0,21,2,50,,128247,7,0,21,2,10,,128438,7,0,21,2,10,,128358,7,0,21,2,10,,128349,7,0,21,2,10,,128419,7,0,21,2,10,,128271,7,0,21,2,50,,128360,7,0,21,2,10,,128350,7,0,21,2,10,,128326,7,0,21,2,10,,128427,7,0,21,2,10,,128232,7,0,21,2,10,,128225,7,0,21,2,50,,128270,7,0,21,2,10,,128442,7,0,21,2,10,,128380,7,0,21,2,10,,128254,7,0,21,2,10,,128210,7,0,21,2,10,,128388,7,0,21,2,50,,128387,7,0,21,2,10,,128286,7,0,21,2,10,,116674,7,0,21,2,10,,128312,7,0,21,2,10,,128404,7,0,21,2,10,,128368,7,0,21,2,50,,128429,7,0,21,2,10,,128302,7,0,21,2,10,,128253,7,0,21,2,10,,128364,7,0,21,2,10,,128384,7,0,21,2,10,,128338,7,0,21,2,50,,128366,7,0,21,2,10,,128196,7,0,21,2,10,,128311,7,0,21,2,10,,128369,7,0,21,2,8,,128236,7,0,21,2,8,,128299,7,0,21,2,8,,128401,7,0,21,2,50,,128199,7,0,21,2,10,,128436,7,0,21,2,10,,110635,7,0,21,2,10,,128390,7,0,21,2,10,,128280,7,0,21,2,10,,128443,7,0,21,2,50,,128204,7,0,21,2,10,,128195,7,0,21,2,10,,128282,7,0,21,2,10,,128320,7,0,21,2,10,,128300,7,0,21,2,10,,128341,7,0,21,2,50,,128373,7,0,21,2,10,,128317,7,0,21,2,10,,128297,7,0,21,2,10,,118503,7,0,21,2,10,,128374,7,0,21,2,10,,128406,7,0,21,2,49,,128285,7,0,21,2,10,,128242,7,0,21,2,12,,128378,7,0,21,2,10,,128272,7,0,21,2,10,,128412,7,0,21,2,10,,128214,7,0,21,2,50,,128377,7,0,21,2,10,,128315,7,0,21,2,10,,128193,7,0,21,2,10,,122913,7,0,21,2,10,,128251,7,0,21,2,10,,128279,7,0,21,2,50,,128239,7,0,21,2,10,,128262,7,0,21,2,10,,128327,7,0,21,2,10,,121645,7,0,21,2,10,,128394,7,0,21,2,10,,128441,7,0,21,2
50402,'3',816,,128575,7,0,21,2,14,,128641,7,0,21,2,9,,128464,7,0,21,2,7,,128469,7,0,21,2,55,,128624,7,0,21,2,14,,128483,7,0,21,2,8,,128525,7,0,21,2,8,,128590,7,0,21,2,15,,128584,7,0,21,2,8,,128492,7,0,21,2,52,,128481,7,0,21,2,12,,128617,7,0,21,2,10,,128505,7,0,21,2,10,,128544,7,0,21,2,10,,128646,7,0,21,2,10,,128521,7,0,21,2,50,,128517,7,0,21,2,10,,128607,7,0,21,2,10,,128644,7,0,21,2,10,,128645,7,0,21,2,10,,128506,7,0,21,2,10,,128547,7,0,21,2,51,,128598,7,0,21,2,10,,128473,7,0,21,2,10,,128610,7,0,21,2,10,,128524,7,0,21,2,13,,128458,7,0,21,2,54,,128502,7,0,21,2,11,,128581,7,0,21,2,10,,128603,7,0,21,2,10,,128654,7,0,21,2,10,,128631,7,0,21,2,10,,128661,7,0,21,2,50,,128642,7,0,21,2,10,,128539,7,0,21,2,10,,128477,7,0,21,2,10,,128553,7,0,21,2,10,,128540,7,0,21,2,10,,128526,7,0,21,2,50,,128566,7,0,21,2,10,,128648,7,0,21,2,10,,128499,7,0,21,2,10,,128445,7,0,21,2,10,,128533,7,0,21,2,10,,128453,7,0,21,2,50,,128488,7,0,21,2,10,,128595,7,0,21,2,10,,128465,7,0,21,2,10,,128614,7,0,21,2,10,,128602,7,0,21,2,10,,128448,7,0,21,2,50,,128594,7,0,21,2,10,,128562,7,0,21,2,10,,128600,7,0,21,2,10,,109998,7,0,21,2,10,,128605,7,0,21,2,10,,128650,7,0,21,2,50,,128519,7,0,21,2,10,,128470,7,0,21,2,10,,128475,7,0,21,2,10,,128447,7,0,21,2,10,,128546,7,0,21,2,10,,128643,7,0,21,2,50,,128597,7,0,21,2,10,,128557,7,0,21,2,10,,128482,7,0,21,2,10,,128501,7,0,21,2,10,,128560,7,0,21,2,8,,128487,7,0,21,2,49,,128460,7,0,21,2,10,,128637,7,0,21,2,10,,128550,7,0,21,2,10,,128514,7,0,21,2,10,,128486,7,0,21,2,10,,128446,7,0,21,2,50,,128523,7,0,21,2,10,,128542,7,0,21,2,10,,128468,7,0,21,2,10,,128580,7,0,21,2,10,,128455,7,0,21,2,10,,128515,7,0,21,2,50,,114195,7,0,21,2,10,,128585,7,0,21,2,10,,128633,7,0,21,2,10,,128507,7,0,21,2,10,,128490,7,0,21,2,10,,128466,7,0,21,2,49,,128657,7,0,21,2,10,,128619,7,0,21,2,10,,128530,7,0,21,2,10,,128513,7,0,21,2,10,,128508,7,0,21,2,10,,128558,7,0,21,2,50,,128478,7,0,21,2,10,,128567,7,0,21,2,10,,128659,7,0,21,2,10,,128463,7,0,21,2,10,,117483,7,0,21,2,10,,128634,7,0,21,2,50,,128493,7,0,21,2,10,,128627,7,0,21,2,10,,128588,7,0,21,2,10,,128616,7,0,21,2,10,,128636,7,0,21,2,10,,128450,7,0,21,2,50,,118762,7,0,21,2,10,,128559,7,0,21,2
50402,'5',505,,128885,7,0,21,2,21,,128803,7,0,21,2,16,,128672,8,0,21,2,14,,128799,8,0,21,2,54,,128916,7,0,21,2,14,,128693,7,0,21,2,14,,128744,7,0,21,2,14,,128805,7,0,21,2,54,,128687,7,0,21,2,14,,128820,7,0,21,2,14,,128787,7,0,21,2,14,,128755,7,0,21,2,54,,128768,7,0,21,2,14,,128840,7,0,21,2,14,,128681,7,0,21,2,9,,128698,7,0,21,2,7,,128773,7,0,21,2,55,,128832,7,0,21,2,14,,128831,7,0,21,2,8,,128824,7,0,21,2,8,,128708,7,0,21,2,15,,128752,7,0,21,2,8,,128781,7,0,21,2,52,,128682,7,0,21,2,12,,128689,7,0,21,2,10,,128798,7,0,21,2,10,,128852,7,0,21,2,10,,128835,7,0,21,2,10,,128754,7,0,21,2,50,,128819,7,0,21,2,10,,128668,7,0,21,2,10,,128847,7,0,21,2,10,,128886,7,0,21,2,10,,128730,7,0,21,2,10,,128893,7,0,21,2,51,,128678,7,0,21,2,10,,128907,7,0,21,2,10,,128875,7,0,21,2,10,,128747,7,0,21,2,13,,128671,7,0,21,2,54,,128779,7,0,21,2,11,,128783,7,0,21,2,10,,128721,7,0,21,2,10,,128812,7,0,21,2,10,,128761,7,0,21,2,10,,128866,7,0,21,2,50,,128785,7,0,21,2,10,,128759,7,0,21,2,10,,128837,7,0,21,2,10,,128697,7,0,21,2,10,,128834,7,0,21,2,10,,128716,7,0,21,2,50,,128913,7,0,21,2,10,,128796,7,0,21,2,10,,128767,7,0,21,2,10,,128718,7,0,21,2,10,,128858,7,0,21,2,10,,128723,7,0,21,2,50,,128669,7,0,21,2,10,,128906,7,0,21,2,10,,128775,7,0,21,2,10,,128842,7,0,21,2,10,,128897,7,0,21,2,10,,128898,7,0,21,2,50,,128838,7,0,21,2,10,,128793,7,0,21,2,10,,128813,7,0,21,2,10,,128891,7,0,21,2,10,,128915,7,0,21,2,10,,128706,7,0,21,2,50,,128778,7,0,21,2,10,,128742,7,0,21,2,10,,128895,7,0,21,2,10,,128883,7,0,21,2,10,,128736,7,0,21,2,10,,128881,7,0,21,2,50,,128774,7,0,21,2,10,,128766,7,0,21,2,10,,128839,7,0,21,2,10,,128880,7,0,21,2,10,,128727,7,0,21,2,8,,128753,7,0,21,2,49,,128770,7,0,21,2,10,,128676,7,0,21,2,10,,128726,7,0,21,2,10,,128901,7,0,21,2,10,,128822,7,0,21,2,10,,128666,7,0,21,2,50,,128899,7,0,21,2,10,,128818,7,0,21,2,10,,128794,7,0,21,2,10,,128765,7,0,21,2,10,,128771,7,0,21,2,10,,128833,7,0,21,2,50,,128699,7,0,21,2,10,,128662,7,0,21,2,10,,128717,7,0,21,2,10,,128743,7,0,21,2,10,,128850,7,0,21,2,10,,128729,7,0,21,2,49,,128696,7,0,21,2,10,,128688,7,0,21,2,10,,128821,7,0,21,2,10,,128902,7,0,21,2,10,,128860,7,0,21,2,10,,128908,7,0,21,2,50,,128846,7,0,21,2,10,,128720,7,0,21,2,10,,128705,7,0,21,2,10,,128756,7,0,21,2,10,,128917,7,0,21,2,10,,128675,7,0,21,2,50,,128780,7,0,21,2,10,,128710,7,0,21,2,10,,128715,7,0,21,2,10,,128776,7,0,21,2,10,,128882,7,0,21,2,10,,128737,7,0,21,2,50,,128797,7,0,21,2,10,,128849,7,0,21,2
50502,'1',426,,129681,8,0,5 41,2,13,,129743,8,0,5 41,2,5,,129741,8,0,5 41,2,5,,129664,8,0,5 41,2,10,,129716,8,0,5 41,2,50,,129640,8,0,5 41,2,10,,129646,8,0,5 41,2,10,,129687,8,0,5 41,2,10,,129620,8,0,5 41,2,10,,129742,8,0,5 41,2,10,,129596,7,0,5 41,2,50,,129600,7,0,5 41,2,10,,129704,7,0,5 41,2,10,,129679,7,0,5 41,2,10,,129584,7,0,5 41,2,10,,129737,7,0,5 41,2,10,,129751,7,0,5 41,2,50,,129601,7,0,5 41,2,5,,129606,7,0,5 41,2,5,,129700,7,0,5 41,2,10,,129713,7,0,5 41,2,10,,129693,7,0,5 41,2,10,,129730,7,0,5 41,2,7,,129758,7,0,5 41,2,46,,129639,7,0,5 41,2,6,,129661,7,0,5 41,2,6,,129694,7,0,5 41,2,6,,129663,7,0,5 41,2,6,,129723,7,0,5 41,2,6,,129697,7,0,5 41,2,6,,129725,7,0,5 41,2,6,,129750,7,0,5 41,2,6,,114727,7,0,5 41,2,6,,129707,7,0,5 41,2,46,,129659,7,0,5 41,2,6,,129633,7,0,5 41,2,6,,129734,7,0,5 41,2,6,,129593,7,0,5 41,2,6,,129726,7,0,5 41,2,6,,129678,7,0,5 41,2,6,,129603,7,0,5 41,2,6,,129602,7,0,5 41,2,6,,129583,7,0,5 41,2,6,,129706,7,0,5 41,2,46,,129669,7,0,5 41,2,6,,129609,7,0,5 41,2,6,,129644,7,0,5 41,2,6,,129712,7,0,5 41,2,6,,129614,7,0,5 41,2,6,,129632,7,0,5 41,2,6,,129618,7,0,5 41,2,6,,129720,7,0,5 41,2,6,,129670,7,0,5 41,2,6,,129607,7,0,5 41,2,46,,129621,7,0,5 41,2,6,,129623,7,0,5 41,2,6,,129759,7,0,5 41,2,6,,129736,7,0,5 41,2,6,,129764,7,0,5 41,2,6,,129676,7,0,5 41,2,6,,129671,7,0,5 41,2,6,,129649,7,0,5 41,2,6,,129718,7,0,5 41,2,6,,129613,7,0,5 41,2,46,,129745,7,0,5 41,2,6,,129654,7,0,5 41,2,6,,129643,7,0,5 41,2,6,,129611,7,0,5 41,2,6,,129683,7,0,5 41,2,6,,129666,7,0,5 41,2,6,,129637,7,0,5 41,2,6,,129685,7,0,5 41,2,6,,129761,7,0,5 41,2,6,,129631,7,0,5 41,2,46,,129673,7,0,5 41,2,6,,129615,7,0,5 41,2,6,,129638,7,0,5 41,2,6,,129739,7,0,5 41,2,6,,129605,7,0,5 41,2,6,,129754,7,0,5 41,2,6,,129604,7,0,5 41,2,6,,129658,7,0,5 41,2,6,,129724,7,0,5 41,2,6,,129686,7,0,5 41,2,46,,129755,7,0,5 41,2,6,,129757,7,0,5 41,2,6,,129682,7,0,5 41,2,6,,129608,7,0,5 41,2,6,,129660,7,0,5 41,2,6,,129668,7,0,5 41,2,3,,129617,7,0,5 41,2,3,,129587,7,0,5 41,2,6,,129748,7,0,5 41,2,6,,129588,7,0,5 41,2,6,,129599,7,0,5 41,2,46,,129652,7,0,5 41,2,6,,129616,7,0,5 41,2,6,,129728,7,0,5 41,2,6,,129592,7,0,5 41,2,6,,129651,7,0,5 41,2,6,,129696,7,0,5 41,2,6,,129692,7,0,5 41,2,6,,129702,7,0,5 41,2,6,,129674,7,0,5 41,2,6,,129722,7,0,5 41,2,46,,129715,7,0,5 41,2,6,,129698,7,0,5 41,2,6,,129586,7,0,5 41,2,6,,129612,7,0,5 41,2,6,,129641,7,0,5 41,2,6,,129740,7,0,5 41,2,6,,129597,7,0,5 41,2,6,,129626,7,0,5 41,2,6,,112922,7,0,5 41,2,6,,129738,7,0,5 41,2,46,,129746,7,0,5 41,2,6,,129589,7,0,5 41,2,6,,129657,7,0,5 41,2,6,,129727,7,0,5 41,2,6,,129630,7,0,5 41,2,6,,129585,7,0,5 41,2,6,,129610,7,0,5 41,2,6,,129598,7,0,5 41,2,6,,129653,7,0,5 41,2,6,,129647,7,0,5 41,2,46,,129677,7,0,5 41,2,6,,129689,7,0,5 41,2,6,,129760,7,0,5 41,2,6,,129762,7,0,5 41,2,6,,129765,7,0,5 41,2,6,,129717,7,0,5 41,2,6,,129747,7,0,5 41,2,6,,129710,7,0,5 41,2,6,,129594,7,0,5 41,2,6,,129735,7,0,5 41,2,46,,129733,7,0,5 41,2,10,,129688,7,0,5 41,2,4,,129675,7,0,34,2,5,,129622,7,0,34,2,5,,129763,7,0,5 41,2,4,,129667,7,0,34,2,6,,129590,7,0,34,2,5,,129695,7,0,5 41,2,10,,129711,7,0,5 41,2,4,,129714,7,0,34,2,46,,129648,7,0,5 41,2,5,,129672,7,0,34,2,5,,129684,7,0,5 41,2,10,,129691,7,0,5 41,2,4,,129756,7,0,34,2,6,,129719,7,0,5 41,2,10,,129690,7,0,5 41,2,10,,129591,7,0,5 41,2,50,,129655,7,0,5 41,2,10,,129650,7,0,5 41,2,10,,129721,7,0,5 41,2,10,,129752,7,0,5 41,2,10,,129634,7,0,5 41,2,10,,129645,7,0,5 41,2,51,,129708,7,0,5 41,2,12,,129731,7,0,5 41,2,10,,129595,7,0,5 41,2,10,,129665,7,0,5 41,2,10,,129628,7,0,5 41,2,10,,129635,7,0,5 41,2,50,,129642,7,0,5 41,2,10,,129729,7,0,5 41,2,10,,129749,7,0,5 41,2,10,,129744,7,0,5 41,2,10,,129703,7,0,5 41,2,10,,129662,7,0,5 41,2,50,,129627,7,0,5 41,2,10,,129753,7,0,5 41,2,10,,129680,7,0,5 41,2,10,,129624,7,0,5 41,2,12,,129709,7,0,34,2,8,,129625,7,0,5 41,2,52,,129705,7,0,34,2,14,,129619,7,0,5 41,2,22,,129732,7,0,34,2,8,,129699,7,0,5 41,2
50502,'2',502,,129931,8,0,5 41,2,6,,129794,8,0,5 41,2,10,,129824,8,0,5 41,2,10,,129893,8,0,5 41,2,10,,129815,8,0,5 41,2,10,,129805,8,0,5 41,2,10,,129785,8,0,5 41,2,50,,129842,7,0,5 41,2,10,,129879,7,0,5 41,2,10,,129817,7,0,5 41,2,10,,129819,7,0,5 41,2,10,,129891,7,0,5 41,2,10,,129777,7,0,5 41,2,50,,114928,7,0,5 41,2,10,,129892,7,0,5 41,2,10,,129832,7,0,5 41,2,10,,129796,7,0,5 41,2,10,,129890,7,0,5 41,2,10,,117382,7,0,5 41,2,51,,129933,7,0,5 41,2,6,,129862,7,0,5 41,2,6,,129869,7,0,5 41,2,6,,129774,7,0,5 41,2,6,,129848,7,0,5 41,2,6,,129843,7,0,5 41,2,6,,129845,7,0,5 41,2,6,,129902,7,0,5 41,2,6,,129896,7,0,5 41,2,46,,129781,7,0,5 41,2,6,,129916,7,0,5 41,2,6,,113846,7,0,5 41,2,6,,129823,7,0,5 41,2,6,,129793,7,0,5 41,2,6,,129789,7,0,5 41,2,6,,129907,7,0,5 41,2,6,,129836,7,0,5 41,2,6,,129806,7,0,5 41,2,6,,129857,7,0,5 41,2,46,,129828,7,0,5 41,2,6,,129841,7,0,5 41,2,6,,129871,7,0,5 41,2,6,,129847,7,0,5 41,2,6,,129880,7,0,5 41,2,6,,129766,7,0,5 41,2,6,,129834,7,0,5 41,2,6,,129802,7,0,5 41,2,6,,129856,7,0,5 41,2,6,,129792,7,0,5 41,2,46,,129930,7,0,5 41,2,6,,129870,7,0,5 41,2,6,,129922,7,0,5 41,2,6,,129912,7,0,5 41,2,6,,129787,7,0,5 41,2,6,,129844,7,0,5 41,2,6,,129827,7,0,5 41,2,6,,129772,7,0,5 41,2,6,,129919,7,0,5 41,2,6,,129800,7,0,5 41,2,46,,129797,7,0,5 41,2,8,,129904,7,0,5 41,2,6,,129932,7,0,5 41,2,6,,129923,7,0,5 41,2,6,,129915,7,0,5 41,2,6,,129786,7,0,5 41,2,6,,109306,7,0,5 41,2,6,,129816,7,0,5 41,2,6,,129918,7,0,5 41,2,6,,129875,7,0,5 41,2,46,,129920,7,0,5 41,2,6,,129900,7,0,5 41,2,6,,129860,7,0,5 41,2,6,,129812,7,0,5 41,2,6,,129790,7,0,5 41,2,6,,129821,7,0,5 41,2,6,,129782,7,0,5 41,2,6,,129850,7,0,5 41,2,6,,129906,7,0,5 41,2,6,,129881,7,0,5 41,2,46,,129886,7,0,5 41,2,6,,129878,7,0,5 41,2,6,,129822,7,0,5 41,2,6,,129898,7,0,5 41,2,6,,129826,7,0,5 41,2,6,,129804,7,0,5 41,2,6,,129901,7,0,5 41,2,6,,129877,7,0,5 41,2,6,,129830,7,0,5 41,2,6,,129783,7,0,5 41,2,46,,129889,7,0,5 41,2,6,,129776,7,0,5 41,2,6,,129775,7,0,5 41,2,6,,129899,7,0,5 41,2,6,,129799,7,0,5 41,2,6,,129773,7,0,5 41,2,6,,129853,7,0,5 41,2,6,,129917,7,0,5 41,2,6,,129771,7,0,5 41,2,6,,129863,7,0,5 41,2,46,,129865,7,0,5 41,2,6,,129855,7,0,5 41,2,6,,129767,7,0,5 41,2,6,,129833,7,0,5 41,2,6,,129835,7,0,5 41,2,6,,129897,7,0,5 41,2,6,,129927,7,0,5 41,2,6,,129838,7,0,5 41,2,6,,129929,7,0,5 41,2,6,,129858,7,0,5 41,2,46,,129820,7,0,5 41,2,6,,129839,7,0,5 41,2,6,,129921,7,0,5 41,2,6,,115037,7,0,5 41,2,6,,121626,7,0,5 41,2,6,,129829,7,0,5 41,2,6,,129925,7,0,5 41,2,8,,129813,7,0,34,2,4,,129866,7,0,5 41,2,6,,129885,7,0,5 41,2,46,,129867,7,0,5 41,2,8,,129913,7,0,34,2,4,,129910,7,0,5 41,2,6,,129928,7,0,5 41,2,6,,129778,7,0,5 41,2,6,,129807,7,0,5 41,2,8,,129903,7,0,5 41,2,6,,129780,7,0,34,2,2,,129811,7,0,5 41,2,8,,129924,7,0,5 41,2,46,,129814,7,0,34,2,2,,129851,7,0,5 41,2,10,,129784,7,0,5 41,2,7,,129861,7,0,34,2,3,,129895,7,0,5 41,2,7,,129849,7,0,34,2,3,,129837,7,0,5 41,2,10,,112421,7,0,5 41,2,10,,129883,7,0,5 41,2,50,,129779,7,0,5 41,2,7,,129926,7,0,34,2,3,,129770,7,0,5 41,2,10,,129873,7,0,5 41,2,10,,129803,7,0,5 41,2,10,,129876,7,0,5 41,2,10,,129801,7,0,5 41,2,50,,129909,7,0,5 41,2,10,,129868,7,0,5 41,2,10,,129769,7,0,5 41,2,10,,129874,7,0,5 41,2,10,,129864,7,0,5 41,2,10,,129788,7,0,5 41,2,50,,129831,7,0,5 41,2,10,,129884,7,0,5 41,2,10,,129810,7,0,5 41,2,10,,112461,7,0,5 41,2,10,,129791,7,0,5 41,2,10,,129894,7,0,5 41,2,50,,129825,7,0,5 41,2,10,,129818,7,0,5 41,2,10,,129908,7,0,5 41,2,10,,129852,7,0,5 41,2,10,,129808,7,0,5 41,2,10,,129914,7,0,5 41,2,52,,129882,7,0,5 41,2,8,,129809,7,0,5 41,2,10,,129840,7,0,5 41,2,12,,129854,7,0,5 41,2,5,,118551,7,0,34,2,10,,129887,7,0,5 41,2
50502,'3',754,,130064,7,0,5 41,2,50,,130020,7,0,5 41,2,10,,130032,7,0,5 41,2,10,,130046,7,0,5 41,2,10,,129941,7,0,5 41,2,10,,129952,7,0,5 41,2,10,,130006,7,0,5 41,2,46,,129984,7,0,5 41,2,7,,130065,7,0,5 41,2,6,,130063,7,0,5 41,2,6,,130078,7,0,5 41,2,6,,130025,7,0,5 41,2,6,,129994,7,0,5 41,2,6,,130069,7,0,5 41,2,6,,130054,7,0,5 41,2,6,,114179,7,0,5 41,2,6,,130035,7,0,5 41,2,46,,123008,7,0,5 41,2,6,,129937,7,0,5 41,2,6,,129977,7,0,5 41,2,6,,130024,7,0,5 41,2,6,,129960,7,0,5 41,2,6,,129980,7,0,5 41,2,6,,129988,7,0,5 41,2,6,,129947,7,0,5 41,2,6,,130007,7,0,5 41,2,6,,129971,7,0,5 41,2,46,,130074,7,0,5 41,2,6,,130030,7,0,5 41,2,6,,130072,7,0,5 41,2,6,,130043,7,0,5 41,2,6,,130071,7,0,5 41,2,6,,130039,7,0,5 41,2,6,,130066,7,0,5 41,2,6,,129963,7,0,5 41,2,6,,130060,7,0,5 41,2,6,,129981,7,0,5 41,2,46,,130037,7,0,5 41,2,6,,129953,7,0,5 41,2,6,,130000,7,0,5 41,2,6,,130047,7,0,5 41,2,6,,110780,7,0,5 41,2,6,,130008,7,0,5 41,2,6,,109417,7,0,5 41,2,6,,130004,7,0,5 41,2,6,,129961,7,0,5 41,2,6,,130028,7,0,5 41,2,46,,130012,7,0,5 41,2,6,,130052,7,0,5 41,2,6,,130038,7,0,5 41,2,6,,129974,7,0,5 41,2,6,,129989,7,0,5 41,2,6,,130023,7,0,5 41,2,6,,120940,7,0,5 41,2,6,,130068,7,0,5 41,2,6,,129979,7,0,5 41,2,6,,130073,7,0,5 41,2,46,,130036,7,0,5 41,2,6,,130033,7,0,5 41,2,6,,129958,7,0,5 41,2,6,,130044,7,0,5 41,2,6,,129968,7,0,5 41,2,6,,130045,7,0,5 41,2,6,,130010,7,0,5 41,2,6,,130042,7,0,5 41,2,6,,129967,7,0,5 41,2,6,,130058,7,0,5 41,2,46,,129969,7,0,5 41,2,6,,130022,7,0,5 41,2,6,,129940,7,0,5 41,2,6,,129983,7,0,5 41,2,6,,130016,7,0,5 41,2,6,,130067,7,0,5 41,2,6,,130021,7,0,5 41,2,6,,129942,7,0,5 41,2,6,,129985,7,0,5 41,2,6,,130017,7,0,5 41,2,46,,130031,7,0,5 41,2,6,,130005,7,0,5 41,2,6,,129950,7,0,5 41,2,6,,130048,7,0,5 41,2,6,,111768,7,0,5 41,2,6,,129955,7,0,5 41,2,6,,129945,7,0,5 41,2,6,,129946,7,0,5 41,2,6,,129965,7,0,5 41,2,6,,129956,7,0,5 41,2,46,,102243,7,0,5 41,2,6,,130050,7,0,5 41,2,6,,129966,7,0,5 41,2,6,,130040,7,0,5 41,2,6,,129997,7,0,5 41,2,6,,130014,7,0,5 41,2,6,,129962,7,0,5 41,2,6,,129995,7,0,5 41,2,6,,129949,7,0,5 41,2,6,,130059,7,0,5 41,2,46,,129951,7,0,5 41,2,6,,130041,7,0,5 41,2,6,,129998,7,0,5 41,2,6,,129973,7,0,5 41,2,6,,129975,7,0,5 41,2,6,,130051,7,0,5 41,2,6,,130026,7,0,5 41,2,6,,129990,7,0,5 41,2,6,,129964,7,0,5 41,2,6,,129936,7,0,5 41,2,46,,129999,7,0,5 41,2,6,,129948,7,0,5 41,2,9,,130062,7,0,5 41,2,6,,130001,7,0,34,2,4,,130077,7,0,5 41,2,6,,129993,7,0,34,2,4,,129957,7,0,5 41,2,10,,129987,7,0,5 41,2,6,,129991,7,0,34,2,4,,130011,7,0,5 41,2,46,,129938,7,0,34,2,4,,117958,7,0,5 41,2,10,,130070,7,0,5 41,2,6,,129944,7,0,34,2,4,,130061,7,0,5 41,2,10,,129959,7,0,5 41,2,10,,130013,7,0,5 41,2,10,,130053,7,0,5 41,2,50,,130034,7,0,5 41,2,10,,130076,7,0,5 41,2,10,,130029,7,0,5 41,2,10,,129934,7,0,5 41,2,10,,130055,7,0,5 41,2,13,,129972,7,0,5 41,2,51,,112604,7,0,5 41,2,10,,129976,7,0,5 41,2,10,,129939,7,0,5 41,2,10,,130019,7,0,5 41,2,7,,129982,7,0,34,2,3,,130049,7,0,5 41,2,50,,129978,7,0,5 41,2,10,,130018,7,0,5 41,2,10,,130027,7,0,5 41,2,10,,130003,7,0,5 41,2,10,,129992,7,0,5 41,2,10,,130057,7,0,5 41,2,50,,130015,7,0,5 41,2,10,,130002,7,0,5 41,2,10,,130075,7,0,5 41,2,10,,129943,7,0,5 41,2,13,,129970,7,0,5 41,2,8,,129954,7,0,34,2,4,,129986,7,0,5 41,2
50502,'5',452,,130212,8,0,5 41,2,62,,130079,8,0,5 41,2,15,,130132,8,0,5 41,2,15,,130179,8,0,5 41,2,15,,130131,8,0,5 41,2,55,,130200,7,0,5 41,2,10,,130189,7,0,5 41,2,10,,130104,7,0,5 41,2,10,,130238,7,0,5 41,2,10,,130185,7,0,5 41,2,50,,130210,7,0,5 41,2,10,,130160,7,0,5 41,2,10,,130183,7,0,5 41,2,10,,130096,7,0,5 41,2,10,,130190,7,0,5 41,2,10,,130121,7,0,5 41,2,50,,130211,7,0,5 41,2,10,,130128,7,0,5 41,2,10,,130242,7,0,5 41,2,10,,130243,7,0,5 41,2,10,,130226,7,0,5 41,2,10,,130102,7,0,5 41,2,46,,130246,7,0,5 41,2,7,,130161,7,0,5 41,2,6,,130204,7,0,5 41,2,6,,130178,7,0,5 41,2,6,,130145,7,0,5 41,2,6,,130146,7,0,5 41,2,6,,130198,7,0,5 41,2,6,,130172,7,0,5 41,2,6,,130125,7,0,5 41,2,6,,130092,7,0,5 41,2,46,,130195,7,0,5 41,2,6,,130191,7,0,5 41,2,6,,121161,7,0,5 41,2,6,,130126,7,0,5 41,2,6,,130133,7,0,5 41,2,6,,130085,7,0,5 41,2,6,,130141,7,0,5 41,2,6,,130234,7,0,5 41,2,6,,130188,7,0,5 41,2,6,,130101,7,0,5 41,2,46,,130155,7,0,5 41,2,6,,130166,7,0,5 41,2,6,,130086,7,0,5 41,2,6,,130184,7,0,5 41,2,6,,130232,7,0,5 41,2,6,,130093,7,0,5 41,2,6,,130223,7,0,5 41,2,6,,130127,7,0,5 41,2,6,,130090,7,0,5 41,2,6,,130218,7,0,5 41,2,46,,130091,7,0,5 41,2,6,,130216,7,0,5 41,2,6,,130148,7,0,5 41,2,6,,130138,7,0,5 41,2,6,,130158,7,0,5 41,2,6,,130192,7,0,5 41,2,6,,130221,7,0,5 41,2,6,,130108,7,0,5 41,2,6,,130224,7,0,5 41,2,6,,130230,7,0,5 41,2,46,,118847,7,0,5 41,2,6,,130154,7,0,5 41,2,6,,130082,7,0,5 41,2,6,,130202,7,0,5 41,2,6,,130167,7,0,5 41,2,6,,130197,7,0,5 41,2,6,,130157,7,0,5 41,2,6,,130231,7,0,5 41,2,6,,130163,7,0,5 41,2,6,,130088,7,0,5 41,2,46,,130186,7,0,5 41,2,6,,130219,7,0,5 41,2,6,,130151,7,0,5 41,2,6,,130193,7,0,5 41,2,6,,130169,7,0,5 41,2,6,,130170,7,0,5 41,2,6,,130194,7,0,5 41,2,6,,130116,7,0,5 41,2,6,,130152,7,0,5 41,2,6,,130156,7,0,5 41,2,46,,130124,7,0,5 41,2,6,,130119,7,0,5 41,2,6,,130105,7,0,5 41,2,6,,130236,7,0,5 41,2,6,,130220,7,0,5 41,2,6,,130207,7,0,5 41,2,6,,130107,7,0,5 41,2,6,,130208,7,0,5 41,2,6,,130087,7,0,5 41,2,6,,130114,7,0,5 41,2,46,,130137,7,0,5 41,2,6,,130239,7,0,5 41,2,6,,130094,7,0,5 41,2,6,,130139,7,0,5 41,2,6,,114326,7,0,5 41,2,6,,130213,7,0,5 41,2,6,,130143,7,0,5 41,2,6,,130222,7,0,5 41,2,6,,130215,7,0,5 41,2,6,,130110,7,0,5 41,2,46,,130153,7,0,5 41,2,6,,130229,7,0,5 41,2,6,,130175,7,0,5 41,2,6,,130233,7,0,5 41,2,6,,130244,7,0,5 41,2,6,,130115,7,0,5 41,2,6,,130097,7,0,5 41,2,6,,130209,7,0,5 41,2,6,,130182,7,0,5 41,2,6,,130111,7,0,5 41,2,46,,130235,7,0,5 41,2,6,,130162,7,0,5 41,2,6,,130083,7,0,5 41,2,6,,130203,7,0,5 41,2,6,,130140,7,0,5 41,2,6,,130149,7,0,5 41,2,6,,130176,7,0,5 41,2,6,,130118,7,0,5 41,2,6,,130196,7,0,5 41,2,6,,130173,7,0,5 41,2,46,,130134,7,0,5 41,2,6,,130159,7,0,5 41,2,9,,130165,7,0,5 41,2,6,,130187,7,0,34,2,4,,130199,7,0,5 41,2,6,,130241,7,0,34,2,4,,130164,7,0,5 41,2,10,,130130,7,0,5 41,2,6,,130122,7,0,34,2,4,,130227,7,0,5 41,2,46,,130098,7,0,34,2,4,,130206,7,0,5 41,2,10,,130123,7,0,5 41,2,6,,130089,7,0,34,2,4,,130201,7,0,5 41,2,10,,130100,7,0,5 41,2,10,,130225,7,0,5 41,2,10,,123510,7,0,5 41,2,50,,130240,7,0,5 41,2,10,,130106,7,0,5 41,2,10,,130142,7,0,5 41,2,10,,130081,7,0,5 41,2,10,,130168,7,0,5 41,2,13,,130214,7,0,5 41,2,51,,130099,7,0,5 41,2,10,,130217,7,0,5 41,2,10,,130245,7,0,5 41,2,10,,130103,7,0,5 41,2,7,,130205,7,0,34,2,3,,130144,7,0,5 41,2,50,,130180,7,0,5 41,2,10,,130109,7,0,5 41,2,10,,130177,7,0,5 41,2,10,,130080,7,0,5 41,2,10,,130112,7,0,5 41,2,10,,130120,7,0,5 41,2,50,,130147,7,0,5 41,2,10,,130113,7,0,5 41,2,10,,130150,7,0,5 41,2,10,,130095,7,0,5 41,2,13,,130129,7,0,5 41,2,8,,130228,7,0,34,2,4,,130181,7,0,5 41,2
50601,'1',513,,130375,23,4,,2,10,,130444,23,4,,2,10,,130250,23,4,,2,10,,130311,23,4,,2,10,,130398,23,4,,2,50,,130321,23,4,,2,10,,130453,23,4,,2,10,,130285,23,4,,2,10,,130417,23,4,,2,10,,130492,23,4,,2,10,,130330,23,4,,2,50,,130309,23,4,,2,10,,130399,23,4,,2,10,,130430,23,4,,2,8,,130296,23,4,,2,8,,130327,23,4,,2,8,,130294,23,4,,2,8,,130350,23,4,,2,49,,130371,23,4,,2,8,,130436,23,4,,2,8,,130499,23,4,,2,8,,130391,23,4,,2,8,,113543,23,4,,2,8,,130260,23,4,,2,8,,130483,23,4,,2,48,,130361,23,4,,2,8,,130447,23,4,,2,8,,130438,23,4,,2,10,,130426,23,4,,2,10,,130425,23,4,,2,10,,130356,23,4,,2,10,,130482,23,4,,2,50,,130313,23,4,,2,10,,130354,23,4,,2,10,,130272,23,4,,2,10,,130494,23,4,,2,10,,130290,23,4,,2,10,,130254,23,4,,2,50,,130383,23,4,,2,10,,130407,23,4,,2,10,,130478,23,4,,2,10,,130316,23,4,,2,10,,130495,23,4,,2,10,,130322,23,4,,2,50,,130302,23,4,,2,10,,130452,23,4,,2,10,,130303,23,4,,2,10,,130477,23,4,,2,10,,130501,23,4,,2,10,,130276,23,4,,2,50,,130248,23,4,,2,10,,130472,23,4,,2,10,,108069,23,4,,2,10,,130288,23,4,,2,10,,130454,23,4,,2,10,,130263,23,4,,2,50,,130455,23,4,,2,10,,130497,23,4,,2,10,,130318,23,4,,2,10,,130315,23,4,,2,10,,130498,23,4,,2,10,,130300,23,4,,2,50,,130274,23,4,,2,8,,130317,23,4,,2,8,,130339,23,4,,2,8,,130267,23,4,,2,8,,130265,23,4,,2,8,,130310,23,4,,2,8,,130385,23,4,,2,48,,130462,23,4,,2,8,,130469,23,4,,2,8,,130357,23,4,,2,8,,130441,23,4,,2,8,,130502,23,4,,2,8,,130366,23,4,,2,8,,130266,23,4,,2,8,,130344,23,4,,2,48,,130484,23,4,,2,8,,130305,23,4,,2,8,,130487,23,4,,2,8,,130277,23,4,,2,8,,130314,23,4,,2,8,,130351,23,4,,2,8,,130490,23,4,,2,48,,130335,23,4,,2,8,,130271,23,4,,2,8,,130295,23,4,,2,8,,130343,23,4,,2,8,,130389,23,4,,2,8,,130378,23,4,,2,8,,130282,23,4,,2,8,,130431,23,4,,2,50,,130278,23,4,,2,10,,130480,23,4,,2,10,,130411,23,4,,2,10,,130445,23,4,,2,10,,119939,23,4,,2,10,,130363,23,4,,2,50,,130352,23,4,,2,10,,130432,23,4,,2,10,,130358,23,4,,2,10,,130338,23,4,,2,10,,130449,23,4,,2,10,,130325,23,4,,2,50,,130355,23,4,,2,10,,130298,23,4,,2,10,,130252,23,4,,2,10,,130428,23,4,,2,10,,130440,23,4,,2,10,,130312,23,4,,2,50,,130283,23,4,,2,10,,130353,23,4,,2,8,,130379,23,4,,2,11,,130489,23,4,,2,11,,130342,23,4,,2,10,,130251,23,4,,2,50,,130247,23,4,,2,10,,130412,23,4,,2,10,,130374,23,4,,2,10,,130367,23,4,,2,10,,130461,23,4,,2,10,,130269,23,4,,2,50,,130301,23,4,,2,10,,130427,23,4,,2,10,,130442,23,4,,2,10,,130284,23,4,,2,10,,130347,23,4,,2,10,,130348,23,4,,2,50,,130270,23,4,,2,10,,130273,23,4,,2,10,,130404,23,4,,2,10,,122469,23,4,,2,10,,130349,23,4,,2
50601,'2',506,,130679,23,4,,2,10,,130559,23,4,,2,10,,130684,23,4,,2,10,,130607,23,4,,2,10,,130610,23,4,,2,10,,130629,23,4,,2,50,,130683,23,4,,2,10,,130597,23,4,,2,10,,130531,23,4,,2,10,,130636,23,4,,2,10,,130572,23,4,,2,10,,130570,23,4,,2,50,,130651,23,4,,2,10,,130621,23,4,,2,10,,130526,23,4,,2,10,,130737,23,4,,2,10,,130507,23,4,,2,10,,130522,23,4,,2,48,,130731,23,4,,2,10,,130605,23,4,,2,10,,130542,23,4,,2,11,,130643,23,4,,2,9,,130618,23,4,,2,9,,130692,23,4,,2,49,,130658,23,4,,2,9,,130555,23,4,,2,9,,130571,23,4,,2,9,,130713,23,4,,2,9,,130756,23,4,,2,9,,130530,23,4,,2,9,,130760,23,4,,2,49,,130751,23,4,,2,9,,130582,23,4,,2,9,,130632,23,4,,2,9,,130729,23,4,,2,9,,130637,23,4,,2,9,,130670,23,4,,2,9,,130662,23,4,,2,49,,114788,23,4,,2,9,,130641,23,4,,2,9,,130759,23,4,,2,9,,130514,23,4,,2,9,,130533,23,4,,2,9,,130509,23,4,,2,49,,130602,23,4,,2,9,,130688,23,4,,2,9,,130587,23,4,,2,7,,130735,23,4,,2,6,,130593,23,4,,2,8,,130745,23,4,,2,8,,130613,23,4,,2,8,,130635,23,4,,2,48,,130655,23,4,,2,8,,130664,23,4,,2,8,,130553,23,4,,2,8,,130758,23,4,,2,8,,130678,23,4,,2,8,,130644,23,4,,2,8,,119368,23,4,,2,48,,130647,23,4,,2,8,,130612,23,4,,2,8,,130524,23,4,,2,8,,119427,23,4,,2,8,,120813,23,4,,2,8,,130603,23,4,,2,8,,130627,23,4,,2,8,,130622,23,4,,2,48,,130548,23,4,,2,8,,130580,23,4,,2,8,,130588,23,4,,2,8,,130560,23,4,,2,8,,130513,23,4,,2,8,,130694,23,4,,2,8,,130619,23,4,,2,48,,130556,23,4,,2,8,,130650,23,4,,2,8,,109908,23,4,,2,8,,130562,23,4,,2,8,,130724,23,4,,2,8,,130554,23,4,,2,8,,130754,23,4,,2,8,,130546,23,4,,2,48,,130537,23,4,,2,8,,130529,23,4,,2,8,,130687,23,4,,2,8,,130586,23,4,,2,8,,130663,23,4,,2,8,,130579,23,4,,2,8,,130616,23,4,,2,48,,130697,23,4,,2,8,,130615,23,4,,2,8,,130527,23,4,,2,8,,130701,23,4,,2,8,,130508,23,4,,2,8,,130749,23,4,,2,8,,130604,23,4,,2,8,,130520,23,4,,2,48,,130720,23,4,,2,8,,130535,23,4,,2,9,,130617,23,4,,2,9,,130676,23,4,,2,9,,130689,23,4,,2,13,,130583,23,4,,2,50,,130671,23,4,,2,10,,130511,23,4,,2,10,,130599,23,4,,2,10,,130685,23,4,,2,10,,130700,23,4,,2,10,,130574,23,4,,2,50,,130672,23,4,,2,10,,130703,23,4,,2,10,,130757,23,4,,2,10,,130638,23,4,,2,10,,130680,23,4,,2,10,,130575,23,4,,2,50,,130624,23,4,,2,10,,130568,23,4,,2,10,,130752,23,4,,2,9,,130584,23,4,,2,10,,130539,23,4,,2,10,,130690,23,4,,2,50,,113817,23,4,,2,10,,130747,23,4,,2,10,,130667,23,4,,2,10,,130614,23,4,,2,10,,130659,23,4,,2,10,,130625,23,4,,2,50,,130578,23,4,,2,10,,130541,23,4,,2,10,,130564,23,4,,2,10,,130566,23,4,,2,10,,130545,23,4,,2,10,,130561,23,4,,2,50,,130699,23,4,,2,10,,130715,23,4,,2,10,,130538,23,4,,2,10,,130626,23,4,,2,15,,130591,23,4,,2
50601,'3',759,,130823,23,4,,2,50,,130804,23,4,,2,10,,130817,23,4,,2,10,,130815,23,4,,2,10,,130830,23,4,,2,10,,130811,23,4,,2,10,,130818,23,4,,2,50,,121875,23,4,,2,10,,130920,23,4,,2,10,,130854,23,4,,2,10,,130955,23,4,,2,10,,130968,23,4,,2,10,,130786,23,4,,2,50,,130893,23,4,,2,10,,130898,23,4,,2,10,,130866,23,4,,2,10,,130897,23,4,,2,10,,130773,23,4,,2,10,,130828,23,4,,2,50,,130772,23,4,,2,10,,130795,23,4,,2,10,,130774,23,4,,2,10,,130785,23,4,,2,10,,130909,23,4,,2,10,,130776,23,4,,2,50,,130880,23,4,,2,10,,130943,23,4,,2,10,,116721,23,4,,2,9,,130845,23,4,,2,9,,130905,23,4,,2,7,,130911,23,4,,2,49,,130938,23,4,,2,9,,130895,23,4,,2,9,,130965,23,4,,2,9,,130806,23,4,,2,9,,130840,23,4,,2,9,,130775,23,4,,2,9,,130942,23,4,,2,49,,130831,23,4,,2,9,,130977,23,4,,2,9,,130923,23,4,,2,9,,130873,23,4,,2,9,,130877,23,4,,2,9,,130802,23,4,,2,49,,130889,23,4,,2,9,,130881,23,4,,2,9,,130778,23,4,,2,9,,130798,23,4,,2,9,,130857,23,4,,2,9,,130922,23,4,,2,9,,130939,23,4,,2,49,,130915,23,4,,2,9,,130824,23,4,,2,9,,130788,23,4,,2,9,,130971,23,4,,2,9,,130851,23,4,,2,9,,130876,23,4,,2,9,,130848,23,4,,2,49,,130966,23,4,,2,9,,130927,23,4,,2,9,,130980,23,4,,2,9,,130829,23,4,,2,9,,130908,23,4,,2,9,,130792,23,4,,2,49,,130878,23,4,,2,9,,130978,23,4,,2,9,,130769,23,4,,2,9,,130904,23,4,,2,9,,130867,23,4,,2,9,,130946,23,4,,2,9,,130779,23,4,,2,49,,130801,23,4,,2,10,,130887,23,4,,2,11,,130925,23,4,,2,12,,130930,23,4,,2,10,,130870,23,4,,2,10,,130809,23,4,,2,50,,130981,23,4,,2,10,,130926,23,4,,2,10,,130813,23,4,,2,10,,130874,23,4,,2,10,,130842,23,4,,2,10,,130777,23,4,,2,50,,130812,23,4,,2,10,,130808,23,4,,2,10,,130800,23,4,,2,10,,130865,23,4,,2,10,,130855,23,4,,2,10,,130958,23,4,,2,50,,130781,23,4,,2,10,,130868,23,4,,2,10,,107019,23,4,,2,10,,130794,23,4,,2,10,,130932,23,4,,2,10,,130953,23,4,,2,50,,130960,23,4,,2,10,,130836,23,4,,2,10,,130901,23,4,,2,10,,130819,23,4,,2,10,,130944,23,4,,2,10,,130766,23,4,,2,50,,130918,23,4,,2,10,,130931,23,4,,2,10,,130912,23,4,,2,10,,130907,23,4,,2,10,,130956,23,4,,2,10,,130872,23,4,,2,50,,130789,23,4,,2,10,,130913,23,4,,2,10,,130783,23,4,,2,10,,130810,23,4,,2,10,,107755,23,4,,2
50601,'5',511,,131128,23,4,,2,15,,131076,23,4,,2,14,,131175,23,4,,2,14,,131046,23,4,,2,54,,131083,23,4,,2,14,,131025,23,4,,2,14,,131199,23,4,,2,14,,131146,23,4,,2,54,,131122,23,4,,2,14,,131040,23,4,,2,14,,131202,23,4,,2,14,,131221,23,4,,2,12,,131055,23,4,,2,50,,131000,23,4,,2,10,,131224,23,4,,2,11,,131198,23,4,,2,10,,131017,23,4,,2,10,,130996,23,4,,2,10,,131209,23,4,,2,50,,131194,23,4,,2,10,,131101,23,4,,2,10,,131033,23,4,,2,10,,131123,23,4,,2,10,,130999,23,4,,2,10,,131216,23,4,,2,50,,131190,23,4,,2,10,,131136,23,4,,2,10,,131107,23,4,,2,10,,97825,23,4,,2,10,,131203,23,4,,2,10,,131205,23,4,,2,50,,131125,23,4,,2,10,,131132,23,4,,2,10,,131206,23,4,,2,10,,131159,23,4,,2,10,,130986,23,4,,2,10,,131191,23,4,,2,50,,131115,23,4,,2,10,,131234,23,4,,2,10,,131050,23,4,,2,9,,131054,23,4,,2,9,,131082,23,4,,2,7,,131187,23,4,,2,49,,130985,23,4,,2,9,,131167,23,4,,2,9,,131186,23,4,,2,9,,131164,23,4,,2,9,,131201,23,4,,2,9,,131056,23,4,,2,9,,131149,23,4,,2,49,,131141,23,4,,2,9,,131081,23,4,,2,9,,131143,23,4,,2,9,,130989,23,4,,2,9,,131114,23,4,,2,9,,131064,23,4,,2,49,,131030,23,4,,2,9,,131059,23,4,,2,9,,131095,23,4,,2,9,,131184,23,4,,2,9,,130990,23,4,,2,9,,131214,23,4,,2,9,,131144,23,4,,2,49,,131169,23,4,,2,9,,131182,23,4,,2,9,,131109,23,4,,2,9,,131220,23,4,,2,9,,131007,23,4,,2,9,,131226,23,4,,2,9,,131094,23,4,,2,49,,131021,23,4,,2,9,,131034,23,4,,2,9,,130995,23,4,,2,9,,131106,23,4,,2,9,,131228,23,4,,2,9,,131011,23,4,,2,49,,131165,23,4,,2,9,,131004,23,4,,2,9,,131035,23,4,,2,9,,131116,23,4,,2,9,,131154,23,4,,2,9,,131142,23,4,,2,9,,131003,23,4,,2,49,,131060,23,4,,2,10,,131042,23,4,,2,11,,131023,23,4,,2,12,,131110,23,4,,2,10,,131230,23,4,,2,10,,131152,23,4,,2,50,,131150,23,4,,2,10,,131038,23,4,,2,10,,130994,23,4,,2,10,,131008,23,4,,2,10,,131200,23,4,,2,10,,131072,23,4,,2,50,,131073,23,4,,2,10,,131028,23,4,,2,10,,131173,23,4,,2,10,,131218,23,4,,2,10,,131100,23,4,,2,10,,131052,23,4,,2,50,,131079,23,4,,2,10,,131012,23,4,,2,10,,131089,23,4,,2,10,,131223,23,4,,2,10,,131189,23,4,,2,10,,131029,23,4,,2,50,,131227,23,4,,2,10,,131006,23,4,,2,10,,131172,23,4,,2,10,,131233,23,4,,2,10,,131084,23,4,,2,10,,131080,23,4,,2,50,,131044,23,4,,2,10,,131145,23,4,,2,10,,131193,23,4,,2,10,,131163,23,4,,2,10,,130991,23,4,,2,10,,131219,23,4,,2,50,,131063,23,4,,2,10,,131085,23,4,,2,10,,131069,23,4,,2,10,,131139,23,4,,2,10,,131032,23,4,,2
