30101,'1',2627,,91275,43,0,16 40,2,24,,91255,43,0,16 40,2,54,,91271,43,0,16 40,2,20,,91253,43,0,16 40,2,20,,91259,43,0,16 40,2,60,,91251,43,0,16 40,2,20,,91267,43,0,16 40,2,20,,91262,43,0,16 40,2,60,,91274,43,0,16 40,2,20,,91254,43,0,16 40,2
30101,'2',2641,,91277,43,0,16 40,2,14,,91298,43,0,16 40,2,60,,91297,43,0,16 40,2,20,,91287,43,0,16 40,2,20,,91286,43,0,16 40,2,60,,91280,43,0,16 40,2,20,,91290,43,0,16 40,2,20,,91288,43,0,16 40,2,60,,91279,43,0,16 40,2,20,,91285,43,0,16 40,2
30101,'3',2628,,91312,43,0,16 40,2,22,,91300,43,0,16 40,2,60,,91308,43,0,16 40,2,20,,91305,43,0,16 40,2,20,,91309,43,0,16 40,2,60,,91303,43,0,16 40,2,20,,91316,43,0,16 40,2,20,,91307,43,0,16 40,2,60,,91314,43,0,16 40,2,20,,91304,43,0,16 40,2
30101,'5',2628,,91340,43,0,16 40,2,22,,91333,43,0,16 40,2,60,,91335,43,0,16 40,2,20,,91349,43,0,16 40,2,20,,91346,43,0,16 40,2,60,,91332,43,0,16 40,2,20,,91344,43,0,16 40,2,20,,91339,43,0,16 40,2,60,,91329,43,0,16 40,2,20,,91347,43,0,16 40,2
50101,'1',441,,92449,38,0,16 40,2,10,,92485,38,0,16 40,2,50,,92425,38,0,16 40,2,10,,92478,38,0,16 40,2,10,,92447,38,0,16 40,2,10,,92442,38,0,16 40,2,8,,92543,38,0,16 40,2,11,,92432,38,0,16 40,2,50,,92529,38,0,16 40,2,1,,92527,44,0,16 40,2,15,,92416,44,0,16 40,2,7,,92456,38,0,16 40,2,8,,92415,44,0,16 40,2,15,,92510,38,0,16 40,2,0,,92495,44,0,16 40,2,55,,77945,44,0,16 40,2,10,,92490,44,0,16 40,2,10,,92424,44,0,16 40,2,10,,92445,44,0,16 40,2,10,,92534,44,0,16 40,2,10,,92461,44,0,16 40,2,54,,92429,38,0,16 40,2,5,,92468,44,0,16 40,2,10,,92507,44,0,16 40,2,10,,92508,44,0,16 40,2,10,,92494,44,0,16 40,2,10,,92435,44,0,16 40,2,50,,92501,44,0,16 40,2,10,,92541,44,0,16 40,2,10,,92539,44,0,16 40,2,10,,92473,44,0,16 40,2,10,,92542,44,0,16 40,2,10,,92469,44,0,16 40,2,50,,92423,44,0,16 40,2,13,,92535,44,0,16 40,2,6,,92430,38,0,16 40,2,4,,92491,44,0,16 40,2,10,,92479,44,0,16 40,2,10,,92518,44,0,16 40,2,10,,92438,44,0,16 40,2,50,,92521,44,0,16 40,2,10,,92525,44,0,16 40,2,10,,92434,44,0,16 40,2,10,,92443,44,0,16 40,2,10,,92426,44,0,16 40,2,10,,92446,44,0,16 40,2,50,,92504,44,0,16 40,2,10,,92452,44,0,16 40,2,10,,92457,44,0,16 40,2,10,,92533,44,0,16 40,2,10,,92470,44,0,16 40,2,10,,92532,44,0,16 40,2,50,,92467,44,0,16 40,2,10,,92514,44,0,16 40,2,10,,92413,44,0,16 40,2,10,,92414,44,0,16 40,2,10,,92466,44,0,16 40,2,10,,92487,44,0,16 40,2,50,,92477,44,0,16 40,2,10,,92454,44,0,16 40,2,10,,92455,44,0,16 40,2,10,,92503,44,0,16 40,2,10,,92448,44,0,16 40,2,10,,92462,44,0,16 40,2,50,,92484,44,0,16 40,2,10,,92509,44,0,16 40,2,10,,92493,44,0,16 40,2,10,,92520,44,0,16 40,2,10,,92505,44,0,16 40,2,10,,92453,44,0,16 40,2,51,,92420,44,0,16 40,2,12,,92480,44,0,16 40,2,10,,92496,44,0,16 40,2,10,,92436,44,0,16 40,2,10,,92451,44,0,16 40,2,10,,92537,44,0,16 40,2,50,,92444,44,0,16 40,2,10,,92544,44,0,16 40,2,10,,92463,44,0,16 40,2,10,,92498,44,0,16 40,2,10,,92517,44,0,16 40,2,10,,92522,44,0,16 40,2,50,,92437,44,0,16 40,2,9,,92476,44,0,16 40,2,10,,92502,44,0,16 40,2,10,,92523,44,0,16 40,2,10,,92506,44,0,16 40,2,10,,92524,44,0,16 40,2,50,,92500,44,0,16 40,2,10,,92418,44,0,16 40,2,10,,92464,44,0,16 40,2,10,,92417,44,0,16 40,2,10,,92482,44,0,16 40,2,10,,92536,44,0,16 40,2,50,,92460,44,0,16 40,2,8,,82491,44,0,16 40,2,9,,92526,44,0,16 40,2,8,,92516,44,0,16 40,2,7,,92511,44,0,16 40,2,10,,92483,44,0,16 40,2,10,,92474,44,0,16 40,2,50,,92441,44,0,16 40,2,10,,92519,44,0,16 40,2,10,,92513,44,0,16 40,2,10,,89051,44,0,16 40,2,10,,92431,44,0,16 40,2,10,,92440,44,0,16 40,2,50,,92450,44,0,16 40,2,10,,92439,44,0,16 40,2,10,,92421,44,0,16 40,2,10,,92489,44,0,16 40,2,9,,92459,44,0,16 40,2,7,,92531,44,0,16 40,2,47,,92512,44,0,16 40,2,9,,92481,44,0,16 40,2,10,,92488,44,0,16 40,2,10,,92486,44,0,16 40,2,10,,92515,44,0,16 40,2,10,,92538,44,0,16 40,2,10,,92530,44,0,16 40,2,50,,78653,44,0,16 40,2,10,,92433,44,0,16 40,2,10,,92492,44,0,16 40,2,10,,92422,44,0,16 40,2,10,,92458,44,0,16 40,2,10,,92465,44,0,16 40,2,50,,92419,44,0,16 40,2,10,,92471,44,0,16 40,2,10,,92540,44,0,16 40,2,10,,92499,44,0,16 40,2,10,,92528,44,0,16 40,2,10,,92497,44,0,16 40,2,50,,92475,44,0,16 40,2,10,,92427,44,0,16 40,2
50101,'2',435,,92622,38,0,16 40,2,10,,92575,38,0,16 40,2,10,,92634,38,0,16 40,2,50,,92672,38,0,16 40,2,10,,92646,38,0,16 40,2,10,,92663,38,0,16 40,2,10,,92645,38,0,16 40,2,10,,92652,38,0,16 40,2,10,,92671,44,0,16 40,2,50,,92653,44,0,16 40,2,10,,92595,44,0,16 40,2,10,,92561,44,0,16 40,2,10,,92611,44,0,16 40,2,10,,92662,44,0,16 40,2,10,,92607,44,0,16 40,2,50,,92644,44,0,16 40,2,10,,92661,44,0,16 40,2,10,,92592,44,0,16 40,2,10,,92642,44,0,16 40,2,10,,92658,44,0,16 40,2,10,,92584,44,0,16 40,2,50,,92664,44,0,16 40,2,10,,92578,44,0,16 40,2,10,,92617,44,0,16 40,2,10,,92651,44,0,16 40,2,12,,92562,44,0,16 40,2,12,,92637,44,0,16 40,2,46,,92606,38,0,16 40,2,7,,92668,44,0,16 40,2,13,,92548,44,0,16 40,2,10,,92654,44,0,16 40,2,10,,92656,44,0,16 40,2,10,,92545,44,0,16 40,2,50,,92633,44,0,16 40,2,10,,92621,44,0,16 40,2,10,,92596,44,0,16 40,2,10,,92640,44,0,16 40,2,10,,92570,44,0,16 40,2,10,,92670,44,0,16 40,2,50,,92557,44,0,16 40,2,10,,92650,44,0,16 40,2,10,,92675,44,0,16 40,2,10,,92665,44,0,16 40,2,10,,92581,44,0,16 40,2,13,,92631,44,0,16 40,2,45,,92603,38,0,16 40,2,8,,92682,44,0,16 40,2,5,,92681,38,0,16 40,2,7,,92683,44,0,16 40,2,9,,92615,44,0,16 40,2,9,,92572,44,0,16 40,2,9,,92569,44,0,16 40,2,9,,92626,44,0,16 40,2,49,,92593,44,0,16 40,2,9,,92619,44,0,16 40,2,9,,92641,44,0,16 40,2,9,,92639,44,0,16 40,2,9,,92625,44,0,16 40,2,9,,92608,44,0,16 40,2,49,,92667,44,0,16 40,2,9,,92549,44,0,16 40,2,9,,92618,44,0,16 40,2,9,,92666,44,0,16 40,2,9,,92636,44,0,16 40,2,9,,92585,44,0,16 40,2,9,,92612,44,0,16 40,2,49,,92620,44,0,16 40,2,9,,92546,44,0,16 40,2,9,,92598,44,0,16 40,2,9,,92628,44,0,16 40,2,9,,92586,44,0,16 40,2,9,,92566,44,0,16 40,2,9,,92605,44,0,16 40,2,49,,92643,44,0,16 40,2,9,,92613,44,0,16 40,2,9,,92567,44,0,16 40,2,9,,92571,44,0,16 40,2,9,,92600,44,0,16 40,2,9,,92588,44,0,16 40,2,49,,92660,44,0,16 40,2,9,,92599,44,0,16 40,2,9,,92609,44,0,16 40,2,9,,92553,44,0,16 40,2,9,,92559,44,0,16 40,2,9,,92573,44,0,16 40,2,9,,92563,44,0,16 40,2,49,,92560,44,0,16 40,2,9,,92590,44,0,16 40,2,9,,92649,44,0,16 40,2,9,,92630,44,0,16 40,2,9,,92616,44,0,16 40,2,9,,92564,44,0,16 40,2,9,,92591,44,0,16 40,2,49,,92679,44,0,16 40,2,9,,92587,44,0,16 40,2,9,,92677,44,0,16 40,2,9,,92647,44,0,16 40,2,9,,92624,44,0,16 40,2,9,,92610,44,0,16 40,2,49,,92678,44,0,16 40,2,9,,92577,44,0,16 40,2,9,,92632,44,0,16 40,2,9,,92655,44,0,16 40,2,10,,92547,44,0,16 40,2,10,,92669,44,0,16 40,2,10,,92676,44,0,16 40,2,50,,92558,44,0,16 40,2,10,,92554,44,0,16 40,2,10,,92582,44,0,16 40,2,10,,92602,44,0,16 40,2,10,,92657,44,0,16 40,2,10,,92623,44,0,16 40,2,50,,92583,44,0,16 40,2,10,,92580,44,0,16 40,2,10,,82678,44,0,16 40,2,10,,92674,44,0,16 40,2,10,,92635,44,0,16 40,2,6,,92552,44,0,16 40,2,47,,92601,44,0,16 40,2,6,,92648,44,0,16 40,2,8,,92594,44,0,16 40,2,7,,92574,44,0,16 40,2,10,,92614,44,0,16 40,2,10,,92589,44,0,16 40,2,10,,92550,44,0,16 40,2,50,,92568,44,0,16 40,2,10,,92579,44,0,16 40,2,10,,92680,44,0,16 40,2,10,,92659,44,0,16 40,2,10,,78098,44,0,16 40,2,10,,92551,44,0,16 40,2,50,,92604,44,0,16 40,2,10,,92576,44,0,16 40,2,10,,92627,44,0,16 40,2,10,,85854,44,0,16 40,2,10,,92555,44,0,16 40,2,10,,92673,44,0,16 40,2,50,,76954,44,0,16 40,2,10,,92629,44,0,16 40,2,10,,92556,44,0,16 40,2
50101,'3',443,,92756,38,0,16 40,2,8,,92742,38,0,16 40,2,8,,92701,38,0,16 40,2,48,,92717,38,0,16 40,2,8,,92808,38,0,16 40,2,16,,92689,38,0,16 40,2,10,,92781,38,0,16 40,2,11,,92763,44,0,16 40,2,50,,92686,44,0,16 40,2,10,,92708,44,0,16 40,2,10,,92746,44,0,16 40,2,10,,92707,44,0,16 40,2,10,,92779,44,0,16 40,2,10,,92734,44,0,16 40,2,50,,92706,44,0,16 40,2,10,,92688,44,0,16 40,2,10,,92750,44,0,16 40,2,10,,92755,44,0,16 40,2,10,,92739,44,0,16 40,2,10,,92789,44,0,16 40,2,50,,92814,44,0,16 40,2,10,,92782,44,0,16 40,2,10,,92811,44,0,16 40,2,6,,92815,38,0,16 40,2,7,,92729,44,0,16 40,2,12,,92685,44,0,16 40,2,53,,92716,44,0,16 40,2,12,,92733,44,0,16 40,2,7,,92801,38,0,16 40,2,5,,92786,44,0,16 40,2,10,,92775,44,0,16 40,2,10,,92809,44,0,16 40,2,10,,92816,44,0,16 40,2,50,,92712,44,0,16 40,2,10,,92769,44,0,16 40,2,10,,92710,44,0,16 40,2,10,,92773,44,0,16 40,2,10,,92793,44,0,16 40,2,10,,92776,44,0,16 40,2,50,,92802,44,0,16 40,2,10,,92732,44,0,16 40,2,10,,88698,44,0,16 40,2,10,,92749,44,0,16 40,2,10,,92727,44,0,16 40,2,11,,92740,44,0,16 40,2,53,,92737,44,0,16 40,2,7,,92709,38,0,16 40,2,5,,92752,44,0,16 40,2,10,,92761,44,0,16 40,2,10,,92777,44,0,16 40,2,10,,92794,44,0,16 40,2,50,,92780,44,0,16 40,2,10,,92731,44,0,16 40,2,10,,92702,44,0,16 40,2,10,,92783,44,0,16 40,2,10,,92757,44,0,16 40,2,10,,92790,44,0,16 40,2,50,,92807,44,0,16 40,2,10,,92705,44,0,16 40,2,10,,92721,44,0,16 40,2,10,,92694,44,0,16 40,2,10,,92797,44,0,16 40,2,10,,92788,44,0,16 40,2,50,,92762,44,0,16 40,2,10,,92768,44,0,16 40,2,10,,92805,44,0,16 40,2,10,,92725,44,0,16 40,2,10,,92771,44,0,16 40,2,10,,92751,44,0,16 40,2,50,,92792,44,0,16 40,2,10,,92693,44,0,16 40,2,10,,92703,44,0,16 40,2,10,,92700,44,0,16 40,2,10,,92758,44,0,16 40,2,10,,92738,44,0,16 40,2,50,,92774,44,0,16 40,2,10,,92745,44,0,16 40,2,10,,92711,44,0,16 40,2,10,,92778,44,0,16 40,2,10,,92767,44,0,16 40,2,10,,92754,44,0,16 40,2,50,,92697,44,0,16 40,2,10,,92722,44,0,16 40,2,10,,92696,44,0,16 40,2,10,,92695,44,0,16 40,2,10,,92796,44,0,16 40,2,10,,92726,44,0,16 40,2,50,,92690,44,0,16 40,2,10,,92704,44,0,16 40,2,10,,92753,44,0,16 40,2,8,,92810,44,0,16 40,2,10,,92699,44,0,16 40,2,8,,92766,44,0,16 40,2,9,,92748,44,0,16 40,2,50,,92803,44,0,16 40,2,10,,92692,44,0,16 40,2,10,,92713,44,0,16 40,2,10,,92813,44,0,16 40,2,10,,92714,44,0,16 40,2,10,,92728,44,0,16 40,2,50,,92730,44,0,16 40,2,10,,92736,44,0,16 40,2,10,,92735,44,0,16 40,2,10,,92785,44,0,16 40,2,10,,92723,44,0,16 40,2,10,,92800,44,0,16 40,2,50,,92724,44,0,16 40,2,10,,92718,44,0,16 40,2,10,,92770,44,0,16 40,2,10,,92691,44,0,16 40,2,10,,92743,44,0,16 40,2,7,,92772,44,0,16 40,2,7,,92764,44,0,16 40,2,48,,92684,44,0,16 40,2,10,,92687,44,0,16 40,2,10,,92795,44,0,16 40,2,10,,92799,44,0,16 40,2,10,,92798,44,0,16 40,2,10,,92812,44,0,16 40,2,50,,92719,44,0,16 40,2,10,,92759,44,0,16 40,2,10,,92720,44,0,16 40,2,10,,92760,44,0,16 40,2,10,,92784,44,0,16 40,2,10,,92804,44,0,16 40,2,50,,92787,44,0,16 40,2,10,,92791,44,0,16 40,2,10,,92715,44,0,16 40,2,10,,92806,44,0,16 40,2,10,,92747,44,0,16 40,2,12,,92741,44,0,16 40,2,52,,92744,44,0,16 40,2
50101,'5',443,,92912,38,0,16 40,2,8,,92856,38,0,16 40,2,8,,92889,38,0,16 40,2,48,,92944,38,0,16 40,2,8,,92819,38,0,16 40,2,16,,92906,38,0,16 40,2,10,,92927,38,0,16 40,2,11,,92888,44,0,16 40,2,50,,92946,44,0,16 40,2,10,,92818,44,0,16 40,2,10,,92933,44,0,16 40,2,10,,92838,44,0,16 40,2,10,,92859,44,0,16 40,2,10,,92837,44,0,16 40,2,50,,92900,44,0,16 40,2,10,,92845,44,0,16 40,2,10,,92939,44,0,16 40,2,10,,92876,44,0,16 40,2,10,,92943,44,0,16 40,2,10,,92835,44,0,16 40,2,50,,92930,44,0,16 40,2,10,,92905,44,0,16 40,2,10,,92907,44,0,16 40,2,6,,92908,38,0,16 40,2,7,,92870,44,0,16 40,2,12,,86294,44,0,16 40,2,53,,92882,44,0,16 40,2,12,,92932,44,0,16 40,2,7,,81179,38,0,16 40,2,5,,92836,44,0,16 40,2,10,,92840,44,0,16 40,2,10,,92867,44,0,16 40,2,10,,92892,44,0,16 40,2,50,,92914,44,0,16 40,2,10,,92863,44,0,16 40,2,10,,92940,44,0,16 40,2,10,,92924,44,0,16 40,2,10,,92894,44,0,16 40,2,10,,92918,44,0,16 40,2,50,,92925,44,0,16 40,2,10,,92822,44,0,16 40,2,10,,92926,44,0,16 40,2,10,,92861,44,0,16 40,2,10,,92866,44,0,16 40,2,11,,92938,44,0,16 40,2,53,,92936,44,0,16 40,2,7,,92878,38,0,16 40,2,5,,92852,44,0,16 40,2,10,,92928,44,0,16 40,2,10,,92862,44,0,16 40,2,10,,92895,44,0,16 40,2,50,,92833,44,0,16 40,2,10,,92916,44,0,16 40,2,10,,92829,44,0,16 40,2,10,,92872,44,0,16 40,2,10,,92885,44,0,16 40,2,10,,92896,44,0,16 40,2,50,,92904,44,0,16 40,2,10,,92827,44,0,16 40,2,10,,92890,44,0,16 40,2,10,,92817,44,0,16 40,2,10,,92917,44,0,16 40,2,10,,92857,44,0,16 40,2,50,,92891,44,0,16 40,2,10,,92915,44,0,16 40,2,10,,92854,44,0,16 40,2,10,,92937,44,0,16 40,2,10,,92851,44,0,16 40,2,10,,92875,44,0,16 40,2,50,,92847,44,0,16 40,2,10,,79276,44,0,16 40,2,10,,92830,44,0,16 40,2,10,,92922,44,0,16 40,2,10,,92825,44,0,16 40,2,10,,92858,44,0,16 40,2,50,,92849,44,0,16 40,2,10,,92934,44,0,16 40,2,10,,92853,44,0,16 40,2,10,,92947,44,0,16 40,2,10,,92902,44,0,16 40,2,10,,92898,44,0,16 40,2,50,,92942,44,0,16 40,2,10,,92843,44,0,16 40,2,10,,92945,44,0,16 40,2,10,,92842,44,0,16 40,2,10,,92931,44,0,16 40,2,10,,92913,44,0,16 40,2,50,,92909,44,0,16 40,2,10,,92893,44,0,16 40,2,10,,92821,44,0,16 40,2,8,,92921,44,0,16 40,2,10,,92841,44,0,16 40,2,8,,92899,44,0,16 40,2,9,,92846,44,0,16 40,2,50,,92844,44,0,16 40,2,10,,92828,44,0,16 40,2,10,,92874,44,0,16 40,2,10,,92883,44,0,16 40,2,10,,92903,44,0,16 40,2,10,,92941,44,0,16 40,2,50,,92884,44,0,16 40,2,10,,92832,44,0,16 40,2,10,,92824,44,0,16 40,2,10,,92877,44,0,16 40,2,10,,92855,44,0,16 40,2,10,,92865,44,0,16 40,2,50,,92820,44,0,16 40,2,10,,92923,44,0,16 40,2,10,,92826,44,0,16 40,2,10,,92881,44,0,16 40,2,10,,92860,44,0,16 40,2,7,,92871,44,0,16 40,2,7,,92879,44,0,16 40,2,48,,92823,44,0,16 40,2,10,,92869,44,0,16 40,2,10,,92880,44,0,16 40,2,10,,92850,44,0,16 40,2,10,,92887,44,0,16 40,2,10,,92864,44,0,16 40,2,50,,92910,44,0,16 40,2,10,,92831,44,0,16 40,2,10,,92868,44,0,16 40,2,10,,92848,44,0,16 40,2,10,,92920,44,0,16 40,2,10,,92873,44,0,16 40,2,50,,92919,44,0,16 40,2,10,,92897,44,0,16 40,2,10,,92901,44,0,16 40,2,10,,92935,44,0,16 40,2,10,,92886,44,0,16 40,2,12,,92929,44,0,16 40,2,52,,92839,44,0,16 40,2
50301,'1',603,,93496,19,0,36 40,2,10,,93525,19,0,36 40,2,10,,93572,19,0,36 40,2,10,,93608,19,0,36 40,2,5,,93580,19,0,36 40,2,5,,93481,19,0,36 40,2,5,,93499,19,0,36 40,2,5,,93486,19,0,36 40,2,50,,93551,19,0,36 40,2,10,,93588,19,0,36 40,2,7,,93548,19,0,36 40,2,7,,93520,19,0,36 40,2,6,,93550,19,0,36 40,2,6,,93538,19,0,36 40,2,5,,93598,19,0,36 40,2,3,,93535,19,0,36 40,2,7,,93615,19,0,36 40,2,46,,93478,19,0,36 40,2,6,,93592,19,0,36 40,2,6,,93547,19,0,36 40,2,6,,93515,19,0,36 40,2,6,,93506,19,0,36 40,2,6,,93602,19,0,36 40,2,6,,93521,19,0,36 40,2,6,,93505,19,0,36 40,2,6,,93575,19,0,36 40,2,6,,93476,19,0,36 40,2,46,,93555,19,0,36 40,2,6,,93543,19,0,36 40,2,6,,93516,19,0,36 40,2,6,,93484,19,0,36 40,2,6,,93576,19,0,36 40,2,6,,93597,19,0,36 40,2,6,,93614,19,0,36 40,2,6,,93578,19,0,36 40,2,6,,93605,19,0,36 40,2,9,,93514,19,0,36 40,2,46,,93587,19,0,36 40,2,6,,93586,19,0,36 40,2,6,,93490,19,0,36 40,2,5,,93512,19,0,36 40,2,5,,93613,19,0,36 40,2,10,,93577,19,0,36 40,2,5,,93485,19,0,36 40,2,5,,93475,19,0,36 40,2,10,,93566,19,0,36 40,2,50,,93473,19,0,36 40,2,10,,93545,19,0,36 40,2,10,,93513,19,0,36 40,2,10,,90682,19,0,36 40,2,10,,93553,19,0,36 40,2,10,,93594,19,0,36 40,2,50,,93574,19,0,36 40,2,10,,93606,19,0,36 40,2,10,,93472,19,0,36 40,2,10,,93532,19,0,36 40,2,10,,93483,19,0,36 40,2,10,,93479,19,0,36 40,2,50,,93591,19,0,36 40,2,10,,93500,19,0,36 40,2,10,,93471,19,0,36 40,2,10,,93540,19,0,36 40,2,10,,93612,19,0,36 40,2,10,,93469,19,0,36 40,2,50,,93517,19,0,36 40,2,10,,93510,19,0,36 40,2,10,,93527,19,0,36 40,2,10,,93509,19,0,36 40,2,10,,93611,19,0,36 40,2,12,,86518,19,0,36 40,2,47,,93583,19,0,36 40,2,6,,93507,19,0,36 40,2,6,,93603,19,0,36 40,2,6,,93482,19,0,36 40,2,8,,93552,19,0,36 40,2,9,,93503,19,0,36 40,2,9,,93585,19,0,36 40,2,9,,93528,19,0,36 40,2,47,,93524,19,0,36 40,2,6,,93529,19,0,36 40,2,6,,93599,19,0,36 40,2,6,,93470,19,0,36 40,2,6,,93569,19,0,36 40,2,6,,93504,19,0,36 40,2,6,,93560,19,0,36 40,2,6,,93554,19,0,36 40,2,6,,93607,19,0,36 40,2,6,,93582,19,0,36 40,2,46,,93539,19,0,36 40,2,6,,93536,19,0,36 40,2,6,,93519,19,0,36 40,2,6,,93604,19,0,36 40,2,6,,93541,19,0,36 40,2,6,,93502,19,0,36 40,2,6,,93498,19,0,36 40,2,6,,93477,19,0,36 40,2,6,,93579,19,0,36 40,2,6,,93474,19,0,36 40,2,46,,93595,19,0,36 40,2,12,,93610,19,0,36 40,2,6,,93533,19,0,36 40,2,6,,93542,19,0,36 40,2,6,,93487,19,0,36 40,2,6,,93530,19,0,36 40,2,6,,93556,19,0,36 40,2,6,,93567,19,0,36 40,2,6,,78578,19,0,36 40,2,46,,93523,19,0,36 40,2,6,,93565,19,0,36 40,2,9,,93596,19,0,36 40,2,9,,93537,19,0,36 40,2,9,,93558,19,0,36 40,2,7,,93546,19,0,36 40,2,8,,79738,19,0,36 40,2,48,,93526,19,0,36 40,2,8,,93534,19,0,36 40,2,8,,93544,19,0,36 40,2,8,,93511,19,0,36 40,2,8,,93531,19,0,36 40,2,8,,93601,19,0,36 40,2,8,,93563,19,0,36 40,2,8,,93491,19,0,36 40,2,48,,93508,19,0,36 40,2,8,,93600,19,0,36 40,2,8,,93497,19,0,36 40,2,8,,93522,19,0,36 40,2,8,,93584,19,0,36 40,2,8,,93590,19,0,36 40,2,8,,93480,19,0,36 40,2,48,,93493,19,0,36 40,2,8,,93494,19,0,36 40,2,8,,93549,19,0,36 40,2,6,,93570,19,0,36 40,2,10,,93589,19,0,36 40,2,10,,93518,19,0,36 40,2,10,,93489,19,0,36 40,2,50,,93557,19,0,36 40,2,10,,77427,19,0,36 40,2,10,,86633,19,0,36 40,2,10,,93568,19,0,36 40,2,10,,93593,19,0,36 40,2,10,,93492,19,0,36 40,2,50,,93609,19,0,36 40,2,10,,93559,19,0,36 40,2,10,,93488,19,0,36 40,2,10,,93571,19,0,36 40,2,15,,93562,19,0,36 40,2,55,,93501,19,0,36 40,2,15,,93581,19,0,36 40,2,15,,93573,19,0,36 40,2,9,,93495,19,0,36 40,2
50301,'2',531,,87733,19,0,36 40,2,10,,87610,19,0,36 40,2,10,,93718,19,0,36 40,2,50,,93667,19,0,36 40,2,10,,93720,19,0,36 40,2,10,,93671,19,0,36 40,2,10,,93742,19,0,36 40,2,10,,93646,19,0,36 40,2,10,,93673,19,0,36 40,2,50,,93634,19,0,36 40,2,10,,93709,19,0,36 40,2,10,,93651,19,0,36 40,2,10,,93724,19,0,36 40,2,10,,87565,19,0,36 40,2,10,,93641,19,0,36 40,2,50,,93626,19,0,36 40,2,10,,93744,19,0,36 40,2,13,,93616,19,0,36 40,2,10,,93738,19,0,36 40,2,10,,93717,19,0,36 40,2,10,,93653,19,0,36 40,2,50,,93698,19,0,36 40,2,10,,93649,19,0,36 40,2,10,,93710,19,0,36 40,2,10,,93622,19,0,36 40,2,10,,93645,19,0,36 40,2,10,,93723,19,0,36 40,2,50,,93627,19,0,36 40,2,10,,93736,19,0,36 40,2,10,,93739,19,0,36 40,2,10,,93733,19,0,36 40,2,10,,93625,19,0,36 40,2,10,,93623,19,0,36 40,2,50,,93746,19,0,36 40,2,10,,93661,19,0,36 40,2,10,,93703,19,0,36 40,2,10,,93743,19,0,36 40,2,10,,93631,19,0,36 40,2,10,,93708,19,0,36 40,2,50,,93697,19,0,36 40,2,10,,93664,19,0,36 40,2,12,,93648,19,0,36 40,2,8,,93705,19,0,36 40,2,9,,93669,19,0,36 40,2,10,,93629,19,0,36 40,2,48,,93707,19,0,36 40,2,10,,93654,19,0,36 40,2,8,,93628,19,0,36 40,2,8,,93666,19,0,36 40,2,8,,93721,19,0,36 40,2,8,,93713,19,0,36 40,2,8,,93700,19,0,36 40,2,8,,93693,19,0,36 40,2,48,,93675,19,0,36 40,2,8,,93735,19,0,36 40,2,8,,93643,19,0,36 40,2,8,,93689,19,0,36 40,2,8,,93737,19,0,36 40,2,8,,93621,19,0,36 40,2,8,,93639,19,0,36 40,2,48,,93680,19,0,36 40,2,8,,93683,19,0,36 40,2,8,,93722,19,0,36 40,2,8,,93647,19,0,36 40,2,8,,93663,19,0,36 40,2,8,,93727,19,0,36 40,2,8,,93640,19,0,36 40,2,8,,93633,19,0,36 40,2,48,,93657,19,0,36 40,2,8,,93715,19,0,36 40,2,8,,93638,19,0,36 40,2,8,,93656,19,0,36 40,2,8,,93728,19,0,36 40,2,8,,93659,19,0,36 40,2,8,,93618,19,0,36 40,2,48,,93650,19,0,36 40,2,8,,93624,19,0,36 40,2,8,,93706,19,0,36 40,2,8,,93702,19,0,36 40,2,8,,93677,19,0,36 40,2,8,,93714,19,0,36 40,2,8,,93732,19,0,36 40,2,8,,93692,19,0,36 40,2,48,,93725,19,0,36 40,2,8,,93679,19,0,36 40,2,8,,93747,19,0,36 40,2,8,,93745,19,0,36 40,2,8,,93694,19,0,36 40,2,8,,93620,19,0,36 40,2,8,,93716,19,0,36 40,2,48,,93688,19,0,36 40,2,16,,93660,19,0,36 40,2,7,,93678,19,0,36 40,2,10,,93712,19,0,36 40,2,10,,93682,19,0,36 40,2,10,,93741,19,0,36 40,2,50,,93676,19,0,36 40,2,10,,93690,19,0,36 40,2,10,,93729,19,0,36 40,2,10,,93731,19,0,36 40,2,10,,93719,19,0,36 40,2,10,,93701,19,0,36 40,2,50,,93685,19,0,36 40,2,10,,93665,19,0,36 40,2,10,,93681,19,0,36 40,2,10,,93704,19,0,36 40,2,10,,93617,19,0,36 40,2,10,,93726,19,0,36 40,2,50,,93658,19,0,36 40,2,10,,93668,19,0,36 40,2,10,,93730,19,0,36 40,2,8,,93695,19,0,36 40,2,8,,93687,19,0,36 40,2,8,,93686,19,0,36 40,2,50,,93674,19,0,36 40,2,10,,93644,19,0,36 40,2,10,,93734,19,0,36 40,2,10,,93672,19,0,36 40,2,10,,93619,19,0,36 40,2,10,,93684,19,0,36 40,2,50,,93632,19,0,36 40,2,10,,93670,19,0,36 40,2,10,,93642,19,0,36 40,2,10,,93636,19,0,36 40,2,10,,93696,19,0,36 40,2,10,,93740,19,0,36 40,2,50,,93662,19,0,36 40,2,10,,93630,19,0,36 40,2,10,,93711,19,0,36 40,2,10,,93635,19,0,36 40,2,15,,93637,19,0,36 40,2,55,,93691,19,0,36 40,2,15,,93699,19,0,36 40,2,15,,93655,19,0,36 40,2,11,,93652,19,0,36 40,2
50301,'3',607,,93787,19,0,36 40,2,10,,93798,19,0,36 40,2,10,,93824,19,0,36 40,2,10,,93842,19,0,36 40,2,10,,93845,19,0,36 40,2,10,,93856,19,0,36 40,2,50,,93857,19,0,36 40,2,10,,93784,19,0,36 40,2,10,,93805,19,0,36 40,2,10,,93812,19,0,36 40,2,10,,93846,19,0,36 40,2,10,,93800,19,0,36 40,2,50,,93797,19,0,36 40,2,10,,93777,19,0,36 40,2,12,,93819,19,0,36 40,2,10,,93790,19,0,36 40,2,10,,93760,19,0,36 40,2,10,,93808,19,0,36 40,2,50,,93813,19,0,36 40,2,10,,93753,19,0,36 40,2,10,,93849,19,0,36 40,2,10,,85971,19,0,36 40,2,10,,93782,19,0,36 40,2,10,,93827,19,0,36 40,2,50,,93830,19,0,36 40,2,10,,93780,19,0,36 40,2,10,,93761,19,0,36 40,2,10,,93858,19,0,36 40,2,10,,93757,19,0,36 40,2,10,,93833,19,0,36 40,2,50,,93865,19,0,36 40,2,10,,93752,19,0,36 40,2,10,,93779,19,0,36 40,2,10,,93762,19,0,36 40,2,10,,93822,19,0,36 40,2,10,,93748,19,0,36 40,2,50,,93754,19,0,36 40,2,11,,93821,19,0,36 40,2,12,,93844,19,0,36 40,2,10,,93786,19,0,36 40,2,10,,93771,19,0,36 40,2,50,,93860,19,0,36 40,2,10,,93847,19,0,36 40,2,10,,93766,19,0,36 40,2,10,,93835,19,0,36 40,2,10,,93810,19,0,36 40,2,10,,93778,19,0,36 40,2,50,,93785,19,0,36 40,2,10,,93834,19,0,36 40,2,10,,93806,19,0,36 40,2,10,,93843,19,0,36 40,2,10,,93823,19,0,36 40,2,10,,93836,19,0,36 40,2,50,,93829,19,0,36 40,2,10,,93850,19,0,36 40,2,10,,93828,19,0,36 40,2,10,,93853,19,0,36 40,2,10,,93803,19,0,36 40,2,10,,93862,19,0,36 40,2,50,,93809,19,0,36 40,2,10,,93764,19,0,36 40,2,10,,93781,19,0,36 40,2,10,,93807,19,0,36 40,2,10,,93793,19,0,36 40,2,10,,93841,19,0,36 40,2,50,,93775,19,0,36 40,2,10,,93749,19,0,36 40,2,10,,93848,19,0,36 40,2,10,,93801,19,0,36 40,2,10,,93773,19,0,36 40,2,10,,93763,19,0,36 40,2,50,,93758,19,0,36 40,2,10,,93861,19,0,36 40,2,10,,93851,19,0,36 40,2,10,,93818,19,0,36 40,2,10,,93855,19,0,36 40,2,10,,93794,19,0,36 40,2,60,,93838,19,0,36 40,2,8,,93799,19,0,36 40,2,10,,93796,19,0,36 40,2,9,,93756,19,0,36 40,2,10,,93815,19,0,36 40,2,10,,93772,19,0,36 40,2,50,,93769,19,0,36 40,2,10,,93831,19,0,36 40,2,10,,93840,19,0,36 40,2,10,,93826,19,0,36 40,2,10,,93811,19,0,36 40,2,10,,93755,19,0,36 40,2,50,,93825,19,0,36 40,2,10,,93820,19,0,36 40,2,10,,93788,19,0,36 40,2,10,,93789,19,0,36 40,2,10,,93774,19,0,36 40,2,10,,93751,19,0,36 40,2,50,,93770,19,0,36 40,2,10,,93817,19,0,36 40,2,9,,93859,19,0,36 40,2,9,,93867,19,0,36 40,2,10,,93767,19,0,36 40,2,10,,93863,19,0,36 40,2,50,,93791,19,0,36 40,2,10,,93795,19,0,36 40,2,10,,93783,19,0,36 40,2,10,,93814,19,0,36 40,2,10,,93759,19,0,36 40,2,10,,93750,19,0,36 40,2,50,,93832,19,0,36 40,2,10,,93839,19,0,36 40,2,10,,93768,19,0,36 40,2,10,,93804,19,0,36 40,2,10,,93864,19,0,36 40,2,10,,93852,19,0,36 40,2,50,,93802,19,0,36 40,2,10,,93776,19,0,36 40,2,10,,93792,19,0,36 40,2,10,,93816,19,0,36 40,2,10,,93854,19,0,36 40,2,10,,93765,19,0,36 40,2,55,,93837,19,0,36 40,2,20,,93866,19,0,36 40,2
50301,'5',607,,93893,19,0,36 40,2,10,,93934,19,0,36 40,2,10,,93947,19,0,36 40,2,10,,93974,19,0,36 40,2,10,,93959,19,0,36 40,2,10,,90547,19,0,36 40,2,50,,93971,19,0,36 40,2,10,,93883,19,0,36 40,2,10,,93961,19,0,36 40,2,10,,93879,19,0,36 40,2,10,,93897,19,0,36 40,2,10,,93937,19,0,36 40,2,50,,93890,19,0,36 40,2,10,,93968,19,0,36 40,2,12,,93957,19,0,36 40,2,10,,93903,19,0,36 40,2,10,,93979,19,0,36 40,2,10,,93887,19,0,36 40,2,50,,93984,19,0,36 40,2,10,,93928,19,0,36 40,2,10,,93872,19,0,36 40,2,10,,93891,19,0,36 40,2,10,,93931,19,0,36 40,2,10,,93944,19,0,36 40,2,50,,93882,19,0,36 40,2,10,,93958,19,0,36 40,2,10,,93917,19,0,36 40,2,10,,93946,19,0,36 40,2,10,,93964,19,0,36 40,2,10,,93942,19,0,36 40,2,50,,93895,19,0,36 40,2,10,,93884,19,0,36 40,2,10,,93924,19,0,36 40,2,10,,93889,19,0,36 40,2,10,,93930,19,0,36 40,2,10,,93907,19,0,36 40,2,50,,93963,19,0,36 40,2,11,,93943,19,0,36 40,2,12,,93948,19,0,36 40,2,10,,93922,19,0,36 40,2,10,,93911,19,0,36 40,2,50,,93967,19,0,36 40,2,10,,93941,19,0,36 40,2,10,,93916,19,0,36 40,2,10,,93949,19,0,36 40,2,10,,93906,19,0,36 40,2,10,,93975,19,0,36 40,2,50,,93939,19,0,36 40,2,10,,93918,19,0,36 40,2,10,,93894,19,0,36 40,2,10,,93920,19,0,36 40,2,10,,93954,19,0,36 40,2,10,,93965,19,0,36 40,2,50,,93935,19,0,36 40,2,10,,93902,19,0,36 40,2,10,,93881,19,0,36 40,2,10,,93950,19,0,36 40,2,10,,93915,19,0,36 40,2,10,,93933,19,0,36 40,2,50,,93951,19,0,36 40,2,10,,93955,19,0,36 40,2,10,,93927,19,0,36 40,2,10,,93877,19,0,36 40,2,10,,93932,19,0,36 40,2,10,,93980,19,0,36 40,2,50,,93905,19,0,36 40,2,10,,93900,19,0,36 40,2,10,,93985,19,0,36 40,2,10,,93926,19,0,36 40,2,10,,93981,19,0,36 40,2,10,,93969,19,0,36 40,2,50,,93886,19,0,36 40,2,10,,93953,19,0,36 40,2,10,,93983,19,0,36 40,2,10,,93869,19,0,36 40,2,10,,93919,19,0,36 40,2,10,,93868,19,0,36 40,2,50,,93873,19,0,36 40,2,10,,93962,19,0,36 40,2,8,,93909,19,0,36 40,2,10,,93929,19,0,36 40,2,9,,93898,19,0,36 40,2,10,,93972,19,0,36 40,2,10,,93899,19,0,36 40,2,50,,93914,19,0,36 40,2,10,,93966,19,0,36 40,2,10,,93870,19,0,36 40,2,10,,93878,19,0,36 40,2,10,,93978,19,0,36 40,2,10,,76790,19,0,36 40,2,50,,93910,19,0,36 40,2,10,,93875,19,0,36 40,2,10,,93912,19,0,36 40,2,10,,93892,19,0,36 40,2,10,,93876,19,0,36 40,2,10,,93913,19,0,36 40,2,50,,93938,19,0,36 40,2,10,,93936,19,0,36 40,2,9,,91220,19,0,36 40,2,9,,93880,19,0,36 40,2,10,,93923,19,0,36 40,2,10,,93940,19,0,36 40,2,50,,93960,19,0,36 40,2,10,,93885,19,0,36 40,2,10,,93896,19,0,36 40,2,10,,93952,19,0,36 40,2,10,,93908,19,0,36 40,2,10,,93973,19,0,36 40,2,50,,93904,19,0,36 40,2,10,,93925,19,0,36 40,2,10,,93888,19,0,36 40,2,10,,93976,19,0,36 40,2,10,,93921,19,0,36 40,2,10,,79393,19,0,36 40,2,50,,93977,19,0,36 40,2,10,,93901,19,0,36 40,2,10,,93956,19,0,36 40,2,10,,93874,19,0,36 40,2,10,,93871,19,0,36 40,2,10,,93982,19,0,36 40,2,55,,93945,19,0,36 40,2,20,,93970,19,0,36 40,2
