30102,'1',2618,,123704,30,0,47 22 23,2,30,,123686,30,0,47 22 23,2,70,,123675,30,0,47 22 23,2,30,,123698,30,0,47 22 23,2,70,,123684,30,0,47 22 23,2,31,,123688,30,,,2,70,,123679,30,,,2,30,,123685,30,,,2
30102,'2',2623,,123725,30,0,47 22 23,2,30,,123724,30,0,47 22 23,2,70,,123716,30,0,47 22 23,2,30,,123730,30,0,47 22 23,2,70,,123729,30,0,47 22 23,2,31,,123715,30,,,2,70,,123739,30,,,2,30,,123732,30,,,2
30102,'3',2613,,123756,30,0,47 22 23,2,30,,123760,30,0,47 22 23,2,70,,123744,30,0,47 22 23,2,30,,123764,30,0,47 22 23,2,70,,123753,30,0,47 22 23,2,30,,123758,30,0,47 22 23,2,71,,123742,30,,,2,30,,123765,30,,,2
30102,'5',2613,,123789,30,0,47 22 23,2,30,,115386,30,0,47 22 23,2,70,,123798,30,0,47 22 23,2,30,,123774,30,0,47 22 23,2,70,,123795,30,0,47 22 23,2,30,,123796,30,0,47 22 23,2,71,,123797,30,,,2,30,,123787,30,,,2
50701,'1',921,,132333,15,0,49,2,999,,132300,15,0,49,2,27,,132334,15,0,49,2,298,,132416,15,0,49,2,213,,132419,15,0,49,2,60,,132325,15,0,49,2
50701,'2',1925,,132571,15,0,49,2,586,,132486,15,0,49,2,21,,132433,15,0,49,2
50701,'3',2443,,132672,15,0,49,2
50701,'5',2443,,132871,15,0,49,2
50702,'1',457,,132999,15,0,22 23,2,51,,133180,15,0,22 23,2,10,,133063,15,0,22 23,2,10,,132992,15,0,22 23,2,10,,133159,15,0,22 23,2,10,,133183,15,0,22 23,2,10,,133042,15,0,22 23,2,50,,133190,15,0,22 23,2,10,,133136,15,0,22 23,2,10,,132994,15,0,22 23,2,10,,133137,15,0,22 23,2,10,,133071,15,0,22 23,2,52,,133149,15,0,22 23,2,8,,133036,15,0,22 23,2,6,,133173,15,0,22 23,2,7,,133048,15,0,22 23,2,7,,133169,15,0,22 23,2,7,,133189,15,0,22 23,2,7,,133094,15,0,22 23,2,7,,133037,15,0,22 23,2,7,,133027,15,0,22 23,2,47,,133182,15,0,22 23,2,7,,133114,15,0,22 23,2,7,,133057,15,0,22 23,2,7,,133012,15,0,22 23,2,7,,133080,15,0,22 23,2,7,,133003,15,0,22 23,2,7,,133104,15,0,22 23,2,7,,132990,15,0,22 23,2,7,,133123,15,0,22 23,2,49,,133081,15,0,22 23,2,9,,116344,15,0,22 23,2,8,,133000,15,0,22 23,2,8,,112236,15,0,22 23,2,8,,133034,15,0,22 23,2,8,,133148,15,0,22 23,2,8,,133019,15,0,22 23,2,48,,133151,15,0,22 23,2,8,,133026,15,0,22 23,2,8,,91856,15,0,22 23,2,8,,133177,15,0,22 23,2,8,,133018,15,0,22 23,2,8,,133093,15,0,22 23,2,8,,133150,15,0,22 23,2,48,,133120,15,0,22 23,2,8,,133178,15,0,22 23,2,8,,133011,15,0,22 23,2,8,,133053,15,0,22 23,2,8,,133061,15,0,22 23,2,8,,133089,15,0,22 23,2,8,,133086,15,0,22 23,2,8,,133121,15,0,22 23,2,48,,133168,15,0,22 23,2,8,,133045,15,0,22 23,2,8,,133015,15,0,22 23,2,8,,133113,15,0,22 23,2,8,,133073,15,0,22 23,2,8,,133096,15,0,22 23,2,8,,133059,15,0,22 23,2,48,,133060,15,0,22 23,2,8,,133109,15,0,22 23,2,8,,133171,15,0,22 23,2,8,,133192,15,0,22 23,2,8,,133068,15,0,22 23,2,8,,133072,15,0,22 23,2,8,,133170,15,0,22 23,2,8,,133044,15,0,22 23,2,48,,107193,15,0,22 23,2,8,,133097,15,0,22 23,2,8,,132996,15,0,22 23,2,8,,133056,15,0,22 23,2,8,,133186,15,0,22 23,2,8,,133164,15,0,22 23,2,8,,133014,15,0,22 23,2,48,,133112,15,0,22 23,2,8,,133085,15,0,22 23,2,9,,133122,15,0,22 23,2,4,,133106,15,0,22 23,2,7,,133079,15,0,22 23,2,7,,133145,15,0,22 23,2,7,,133091,15,0,22 23,2,7,,133161,15,0,22 23,2,7,,133020,15,0,22 23,2,47,,133058,15,0,22 23,2,7,,133130,15,0,22 23,2,7,,133087,15,0,22 23,2,7,,133092,15,0,22 23,2,7,,133119,15,0,22 23,2,7,,133185,15,0,22 23,2,7,,133001,15,0,22 23,2,7,,133142,15,0,22 23,2,47,,133115,15,0,22 23,2,7,,133156,15,0,22 23,2,7,,133107,15,0,22 23,2,7,,132998,15,0,22 23,2,7,,133083,15,0,22 23,2,7,,133116,15,0,22 23,2,7,,133069,15,0,22 23,2,7,,133172,15,0,22 23,2,7,,133176,15,0,22 23,2,47,,133049,15,0,22 23,2,7,,133110,15,0,22 23,2,7,,116398,15,0,22 23,2,7,,133191,15,0,22 23,2,7,,133082,15,0,22 23,2,7,,133134,15,0,22 23,2,7,,133165,15,0,22 23,2,7,,133031,15,0,22 23,2,7,,112885,15,0,22 23,2,49,,133032,15,0,22 23,2,8,,133007,15,0,22 23,2,9,,133129,15,0,22 23,2,8,,133187,15,0,22 23,2,9,,133174,15,0,22 23,2,9,,133052,15,0,22 23,2,49,,133154,15,0,22 23,2,9,,133135,15,0,22 23,2,9,,133179,15,0,22 23,2,9,,133041,15,0,22 23,2,9,,133188,15,0,22 23,2,9,,133124,15,0,22 23,2,9,,133166,15,0,22 23,2,49,,133152,15,0,22 23,2,9,,133004,15,0,22 23,2,9,,133066,15,0,22 23,2,9,,133175,15,0,22 23,2,9,,133047,15,0,22 23,2,9,,133013,15,0,22 23,2,9,,133025,15,0,22 23,2,49,,133046,15,0,22 23,2,8,,133138,15,0,22 23,2,13,,133117,15,0,22 23,2,10,,133029,15,0,22 23,2,10,,132991,15,0,22 23,2,10,,133098,15,0,22 23,2,50,,133078,15,0,22 23,2,10,,133140,15,0,22 23,2,10,,133157,15,0,22 23,2,10,,133065,15,0,22 23,2,10,,133143,15,0,22 23,2,10,,133016,15,0,22 23,2,50,,133062,15,0,22 23,2,10,,133084,15,0,22 23,2,10,,133181,15,0,22 23,2,12,,133088,15,0,22 23,2,12,,133147,15,0,22 23,2,55,,133100,15,0,22 23,2,20,,133103,15,0,22 23,2,25,,133010,15,0,22 23,2
50702,'2',448,,133366,15,0,22 23,2,10,,133237,15,0,22 23,2,50,,133211,15,0,22 23,2,10,,133266,15,0,22 23,2,10,,133281,15,0,22 23,2,10,,133213,15,0,22 23,2,10,,133360,15,0,22 23,2,10,,133316,15,0,22 23,2,50,,133249,15,0,22 23,2,10,,133201,15,0,22 23,2,10,,133352,15,0,22 23,2,10,,133270,15,0,22 23,2,10,,133230,15,0,22 23,2,10,,133248,15,0,22 23,2,50,,133349,15,0,22 23,2,10,,133255,15,0,22 23,2,10,,133267,15,0,22 23,2,10,,133216,15,0,22 23,2,10,,133335,15,0,22 23,2,10,,133367,15,0,22 23,2,49,,133310,15,0,22 23,2,12,,133323,15,0,22 23,2,13,,133325,15,0,22 23,2,12,,133344,15,0,22 23,2,9,,133327,15,0,22 23,2,49,,133375,15,0,22 23,2,9,,133246,15,0,22 23,2,9,,133345,15,0,22 23,2,9,,133239,15,0,22 23,2,9,,133355,15,0,22 23,2,9,,133261,15,0,22 23,2,9,,133301,15,0,22 23,2,49,,133312,15,0,22 23,2,9,,133285,15,0,22 23,2,9,,133329,15,0,22 23,2,9,,133214,15,0,22 23,2,9,,133373,15,0,22 23,2,9,,133271,15,0,22 23,2,9,,133364,15,0,22 23,2,49,,133273,15,0,22 23,2,9,,133268,15,0,22 23,2,9,,133206,15,0,22 23,2,9,,133305,15,0,22 23,2,9,,133294,15,0,22 23,2,9,,133346,15,0,22 23,2,49,,133338,15,0,22 23,2,10,,133359,15,0,22 23,2,10,,133361,15,0,22 23,2,8,,133257,15,0,22 23,2,8,,133368,15,0,22 23,2,8,,133200,15,0,22 23,2,8,,133262,15,0,22 23,2,48,,133295,15,0,22 23,2,8,,133245,15,0,22 23,2,8,,133354,15,0,22 23,2,8,,133242,15,0,22 23,2,8,,133317,15,0,22 23,2,8,,119405,15,0,22 23,2,8,,133278,15,0,22 23,2,8,,133322,15,0,22 23,2,48,,133362,15,0,22 23,2,8,,133356,15,0,22 23,2,8,,133290,15,0,22 23,2,8,,133250,15,0,22 23,2,8,,133207,15,0,22 23,2,8,,133330,15,0,22 23,2,8,,133227,15,0,22 23,2,48,,133208,15,0,22 23,2,8,,133280,15,0,22 23,2,8,,133342,15,0,22 23,2,8,,133369,15,0,22 23,2,8,,133371,15,0,22 23,2,8,,133332,15,0,22 23,2,8,,133193,15,0,22 23,2,8,,133228,15,0,22 23,2,48,,133247,15,0,22 23,2,8,,133302,15,0,22 23,2,8,,133225,15,0,22 23,2,8,,133372,15,0,22 23,2,8,,133304,15,0,22 23,2,8,,133229,15,0,22 23,2,8,,133339,15,0,22 23,2,48,,133279,15,0,22 23,2,8,,114889,15,0,22 23,2,8,,133195,15,0,22 23,2,8,,133232,15,0,22 23,2,8,,133222,15,0,22 23,2,8,,133254,15,0,22 23,2,8,,133252,15,0,22 23,2,8,,133199,15,0,22 23,2,48,,133303,15,0,22 23,2,8,,93129,15,0,22 23,2,8,,133224,15,0,22 23,2,8,,133351,15,0,22 23,2,8,,133307,15,0,22 23,2,8,,133234,15,0,22 23,2,8,,133240,15,0,22 23,2,48,,133350,15,0,22 23,2,10,,133308,15,0,22 23,2,9,,133299,15,0,22 23,2,9,,133340,15,0,22 23,2,9,,133274,15,0,22 23,2,9,,133219,15,0,22 23,2,9,,133236,15,0,22 23,2,49,,133218,15,0,22 23,2,9,,133226,15,0,22 23,2,9,,113066,15,0,22 23,2,9,,133217,15,0,22 23,2,9,,133292,15,0,22 23,2,9,,133337,15,0,22 23,2,49,,133341,15,0,22 23,2,9,,133282,15,0,22 23,2,9,,133315,15,0,22 23,2,9,,133328,15,0,22 23,2,9,,133251,15,0,22 23,2,9,,133203,15,0,22 23,2,9,,120141,15,0,22 23,2,49,,133253,15,0,22 23,2,9,,133288,15,0,22 23,2,7,,133221,15,0,22 23,2,10,,133298,15,0,22 23,2,10,,133309,15,0,22 23,2,10,,133277,15,0,22 23,2,10,,133210,15,0,22 23,2,50,,133194,15,0,22 23,2,10,,133243,15,0,22 23,2,10,,133296,15,0,22 23,2,10,,133258,15,0,22 23,2,10,,133244,15,0,22 23,2,10,,133321,15,0,22 23,2,50,,133241,15,0,22 23,2,10,,133231,15,0,22 23,2,10,,133313,15,0,22 23,2,10,,133204,15,0,22 23,2,12,,133220,15,0,22 23,2,55,,133347,15,0,22 23,2,20,,133260,15,0,22 23,2,30,,133196,15,0,22 23,2
50702,'3',444,,133450,15,0,22 23,2,8,,133378,15,0,22 23,2,49,,133382,15,0,22 23,2,10,,133523,15,0,22 23,2,10,,133422,15,0,22 23,2,10,,133475,15,0,22 23,2,10,,133430,15,0,22 23,2,10,,133458,15,0,22 23,2,50,,133399,15,0,22 23,2,10,,133495,15,0,22 23,2,10,,133480,15,0,22 23,2,10,,133438,15,0,22 23,2,10,,133457,15,0,22 23,2,10,,133449,15,0,22 23,2,50,,133389,15,0,22 23,2,10,,133498,15,0,22 23,2,10,,133472,15,0,22 23,2,10,,133454,15,0,22 23,2,10,,133413,15,0,22 23,2,10,,133556,15,0,22 23,2,50,,133534,15,0,22 23,2,11,,133408,15,0,22 23,2,11,,133543,15,0,22 23,2,16,,133486,15,0,22 23,2,10,,133473,15,0,22 23,2,10,,133536,15,0,22 23,2,50,,133477,15,0,22 23,2,10,,133384,15,0,22 23,2,10,,133453,15,0,22 23,2,10,,133527,15,0,22 23,2,10,,115982,15,0,22 23,2,10,,133437,15,0,22 23,2,50,,133377,15,0,22 23,2,10,,133484,15,0,22 23,2,10,,133522,15,0,22 23,2,10,,133494,15,0,22 23,2,10,,133407,15,0,22 23,2,10,,107770,15,0,22 23,2,50,,133432,15,0,22 23,2,10,,133544,15,0,22 23,2,10,,133444,15,0,22 23,2,10,,133506,15,0,22 23,2,10,,133511,15,0,22 23,2,10,,133496,15,0,22 23,2,50,,133379,15,0,22 23,2,9,,133503,15,0,22 23,2,8,,133402,15,0,22 23,2,8,,133441,15,0,22 23,2,8,,133445,15,0,22 23,2,9,,133485,15,0,22 23,2,49,,133554,15,0,22 23,2,9,,133470,15,0,22 23,2,9,,133425,15,0,22 23,2,9,,133385,15,0,22 23,2,9,,133502,15,0,22 23,2,9,,133400,15,0,22 23,2,9,,133423,15,0,22 23,2,49,,133519,15,0,22 23,2,9,,133521,15,0,22 23,2,9,,133557,15,0,22 23,2,9,,133482,15,0,22 23,2,9,,133401,15,0,22 23,2,9,,133507,15,0,22 23,2,9,,133424,15,0,22 23,2,49,,133489,15,0,22 23,2,9,,133545,15,0,22 23,2,9,,133513,15,0,22 23,2,9,,133434,15,0,22 23,2,9,,133412,15,0,22 23,2,9,,133526,15,0,22 23,2,49,,133471,15,0,22 23,2,9,,133555,15,0,22 23,2,9,,133465,15,0,22 23,2,9,,133512,15,0,22 23,2,9,,133542,15,0,22 23,2,9,,133452,15,0,22 23,2,9,,133388,15,0,22 23,2,49,,133392,15,0,22 23,2,9,,133541,15,0,22 23,2,9,,133380,15,0,22 23,2,9,,133440,15,0,22 23,2,9,,133456,15,0,22 23,2,9,,133397,15,0,22 23,2,9,,133518,15,0,22 23,2,49,,133528,15,0,22 23,2,9,,133464,15,0,22 23,2,9,,133558,15,0,22 23,2,9,,133428,15,0,22 23,2,9,,133559,15,0,22 23,2,9,,133520,15,0,22 23,2,49,,133500,15,0,22 23,2,9,,133398,15,0,22 23,2,6,,133403,15,0,22 23,2,9,,133405,15,0,22 23,2,8,,133410,15,0,22 23,2,7,,133504,15,0,22 23,2,9,,133538,15,0,22 23,2,9,,133483,15,0,22 23,2,49,,133532,15,0,22 23,2,9,,133550,15,0,22 23,2,9,,133462,15,0,22 23,2,9,,133505,15,0,22 23,2,9,,133497,15,0,22 23,2,9,,133420,15,0,22 23,2,49,,120914,15,0,22 23,2,9,,133426,15,0,22 23,2,9,,133553,15,0,22 23,2,9,,133404,15,0,22 23,2,9,,133551,15,0,22 23,2,9,,115945,15,0,22 23,2,9,,133387,15,0,22 23,2,49,,133463,15,0,22 23,2,9,,133459,15,0,22 23,2,9,,133439,15,0,22 23,2,9,,133474,15,0,22 23,2,10,,123038,15,0,22 23,2,10,,133524,15,0,22 23,2,50,,133510,15,0,22 23,2,10,,133492,15,0,22 23,2,10,,133469,15,0,22 23,2,10,,133448,15,0,22 23,2,10,,133393,15,0,22 23,2,10,,133548,15,0,22 23,2,50,,133429,15,0,22 23,2,10,,133491,15,0,22 23,2,10,,133383,15,0,22 23,2,10,,133488,15,0,22 23,2,19,,133493,15,0,22 23,2,59,,133535,15,0,22 23,2,15,,133391,15,0,22 23,2,20,,133479,15,0,22 23,2
50702,'5',444,,133661,15,0,22 23,2,8,,133742,15,0,22 23,2,49,,133720,15,0,22 23,2,10,,133707,15,0,22 23,2,10,,133577,15,0,22 23,2,10,,133596,15,0,22 23,2,10,,133645,15,0,22 23,2,10,,133741,15,0,22 23,2,50,,133637,15,0,22 23,2,10,,133610,15,0,22 23,2,10,,133732,15,0,22 23,2,10,,133630,15,0,22 23,2,10,,122220,15,0,22 23,2,10,,133671,15,0,22 23,2,50,,133591,15,0,22 23,2,10,,133632,15,0,22 23,2,10,,133636,15,0,22 23,2,10,,133633,15,0,22 23,2,10,,133672,15,0,22 23,2,10,,133743,15,0,22 23,2,50,,133686,15,0,22 23,2,11,,133717,15,0,22 23,2,11,,133608,15,0,22 23,2,16,,133594,15,0,22 23,2,10,,133670,15,0,22 23,2,10,,133698,15,0,22 23,2,50,,133631,15,0,22 23,2,10,,133643,15,0,22 23,2,10,,133697,15,0,22 23,2,10,,133725,15,0,22 23,2,10,,133624,15,0,22 23,2,10,,133660,15,0,22 23,2,50,,133656,15,0,22 23,2,10,,133570,15,0,22 23,2,10,,133734,15,0,22 23,2,10,,133593,15,0,22 23,2,10,,133680,15,0,22 23,2,10,,133576,15,0,22 23,2,50,,133609,15,0,22 23,2,10,,133563,15,0,22 23,2,10,,133706,15,0,22 23,2,10,,133597,15,0,22 23,2,10,,133617,15,0,22 23,2,10,,133598,15,0,22 23,2,50,,133675,15,0,22 23,2,9,,133646,15,0,22 23,2,8,,133565,15,0,22 23,2,8,,133621,15,0,22 23,2,8,,133560,15,0,22 23,2,9,,133658,15,0,22 23,2,49,,133673,15,0,22 23,2,9,,133601,15,0,22 23,2,9,,133604,15,0,22 23,2,9,,133669,15,0,22 23,2,9,,133607,15,0,22 23,2,9,,133662,15,0,22 23,2,9,,133571,15,0,22 23,2,49,,93411,15,0,22 23,2,9,,133585,15,0,22 23,2,9,,133711,15,0,22 23,2,9,,133650,15,0,22 23,2,9,,133612,15,0,22 23,2,9,,133731,15,0,22 23,2,9,,133703,15,0,22 23,2,49,,133572,15,0,22 23,2,9,,133605,15,0,22 23,2,9,,133620,15,0,22 23,2,9,,133708,15,0,22 23,2,9,,133615,15,0,22 23,2,9,,133702,15,0,22 23,2,49,,133739,15,0,22 23,2,9,,133729,15,0,22 23,2,9,,133710,15,0,22 23,2,9,,133695,15,0,22 23,2,9,,133652,15,0,22 23,2,9,,133724,15,0,22 23,2,9,,133690,15,0,22 23,2,49,,133580,15,0,22 23,2,9,,133589,15,0,22 23,2,9,,133659,15,0,22 23,2,9,,133627,15,0,22 23,2,9,,133628,15,0,22 23,2,9,,133713,15,0,22 23,2,9,,133737,15,0,22 23,2,49,,133740,15,0,22 23,2,9,,133635,15,0,22 23,2,9,,133689,15,0,22 23,2,9,,133719,15,0,22 23,2,9,,133730,15,0,22 23,2,9,,133668,15,0,22 23,2,49,,133564,15,0,22 23,2,9,,133722,15,0,22 23,2,6,,133599,15,0,22 23,2,9,,112850,15,0,22 23,2,8,,133726,15,0,22 23,2,7,,122371,15,0,22 23,2,9,,133723,15,0,22 23,2,9,,133692,15,0,22 23,2,49,,133727,15,0,22 23,2,9,,133738,15,0,22 23,2,9,,133654,15,0,22 23,2,9,,133701,15,0,22 23,2,9,,133678,15,0,22 23,2,9,,133718,15,0,22 23,2,49,,133657,15,0,22 23,2,9,,133735,15,0,22 23,2,9,,133625,15,0,22 23,2,9,,133634,15,0,22 23,2,9,,133682,15,0,22 23,2,9,,133595,15,0,22 23,2,9,,133592,15,0,22 23,2,49,,133583,15,0,22 23,2,9,,133694,15,0,22 23,2,9,,133639,15,0,22 23,2,9,,133684,15,0,22 23,2,10,,133691,15,0,22 23,2,10,,133651,15,0,22 23,2,50,,133587,15,0,22 23,2,10,,133653,15,0,22 23,2,10,,133600,15,0,22 23,2,10,,118153,15,0,22 23,2,10,,133716,15,0,22 23,2,10,,133709,15,0,22 23,2,50,,133728,15,0,22 23,2,10,,133688,15,0,22 23,2,10,,133664,15,0,22 23,2,10,,133619,15,0,22 23,2,19,,133567,15,0,22 23,2,59,,133603,15,0,22 23,2,15,,133647,15,0,22 23,2,20,,133712,15,0,22 23,2
