30401,'1',2653,,123810,22,,,2,2,,123818,35,0,34,2,48,,123822,22,,,2,2,,111237,35,0,34,2,8,,123813,22,,,2,2,,123804,35,0,34,2,10,,123825,35,0,34,2,10,,123819,35,0,34,2,10,,123811,35,0,34,2,10,,108615,35,0,34,2,50,,123820,35,0,34,2,10,,123808,35,0,34,2,10,,123815,35,0,34,2,10,,123814,35,0,34,2,10,,123823,35,0,34,2,10,,123821,35,0,34,2,50,,123806,35,0,34,2,10,,123807,35,0,34,2,15,,123824,35,0,34,2,10,,123816,35,,,2,10,,123817,35,,,2,50,,123805,35,,,2,10,,123809,35,,,2,5,,123812,35,,,2
30401,'2',2702,,123841,35,0,34,2,10,,120167,35,0,34,2,4,,123846,22,,,2,6,,123832,35,0,34,2,10,,123845,35,0,34,2,10,,123837,35,0,34,2,10,,123827,35,0,34,2,50,,123834,35,0,34,2,10,,123848,35,0,34,2,10,,123826,35,0,34,2,10,,123829,35,0,34,2,10,,123833,35,0,34,2,10,,123840,35,0,34,2,50,,123842,35,0,34,2,10,,123835,35,0,34,2,10,,123830,35,0,34,2,12,,123847,35,0,34,2,10,,123843,35,,,2,10,,123838,35,,,2,5,,123836,35,,,2,45,,123828,35,,,2,10,,123831,35,,,2,10,,123839,35,,,2,13,,123844,35,,,2
30401,'3',550,,123883,22,0,34,2,7,,123886,35,0,31,2,47,,123869,22,0,34,2,7,,123854,35,0,31,2,7,,123872,22,0,34,2,7,,123888,35,0,31,2,7,,123889,22,0,34,2,7,,123851,35,0,31,2,7,,123856,22,0,34,2,7,,123870,35,0,31,2,47,,123890,22,0,34,2,7,,123866,35,0,31,2,7,,123858,22,0,34,2,7,,123891,35,0,31,2,7,,123857,22,0,34,2,7,,123894,35,0,31,2,7,,123878,22,0,34,2,7,,123876,35,0,31,2,54,,123862,35,0,31,2,14,,123874,35,0,31,2,14,,123860,35,0,31,2,14,,123885,35,0,31,2,1807,,123887,35,,,2,52,,109438,35,0,34,2,4,,123863,22,,,2,6,,123882,35,0,34,2,4,,120873,22,,,2,6,,123875,35,0,34,2,4,,123880,22,,,2,6,,123849,35,0,34,2,10,,123893,35,0,34,2,10,,123873,35,0,34,2,50,,123892,35,0,34,2,10,,123850,35,0,34,2,10,,123877,35,0,34,2,10,,123881,35,0,34,2,10,,123865,35,0,34,2,10,,123864,35,0,34,2,50,,123859,35,0,34,2,10,,123868,35,0,34,2,10,,123867,35,0,34,2,8,,123855,35,,,2,10,,123861,35,,,2,10,,123871,35,,,2
30401,'5',2704,,123913,35,0,34,2,10,,123895,35,0,34,2,4,,123902,22,,,2,6,,123898,35,0,34,2,4,,123905,22,,,2,6,,123914,35,0,34,2,10,,123903,35,0,34,2,10,,123908,35,0,34,2,50,,123911,35,0,34,2,10,,123901,35,0,34,2,10,,123897,35,0,34,2,10,,123904,35,0,34,2,10,,123899,35,0,34,2,10,,123896,35,0,34,2,50,,123912,35,0,34,2,10,,123909,35,0,34,2,10,,123907,35,0,34,2,8,,123900,35,,,2,10,,123906,35,,,2,10,,123910,35,,,2
50301,'1',553,,125891,8,0,36 40,2,50,,125945,8,0,36 40,2,10,,125884,8,0,36 40,2,10,,125951,8,0,36 40,2,10,,125844,8,0,36 40,2,10,,125950,8,0,36 40,2,10,,125896,8,0,36 40,2,50,,125959,8,0,36 40,2,7,,125979,8,0,36 40,2,7,,125918,8,0,36 40,2,6,,125965,8,0,36 40,2,6,,125882,8,0,36 40,2,7,,125889,8,0,36 40,2,7,,98884,8,0,36 40,2,6,,125863,8,0,36 40,2,6,,125903,8,0,36 40,2,46,,125942,8,0,36 40,2,6,,125954,8,0,36 40,2,6,,125966,8,0,36 40,2,6,,125925,8,0,36 40,2,6,,125911,8,0,36 40,2,6,,125969,8,0,36 40,2,6,,125898,8,0,36 40,2,6,,125981,8,0,36 40,2,6,,125915,8,0,36 40,2,6,,125839,8,0,36 40,2,46,,125897,8,0,36 40,2,6,,125978,8,0,36 40,2,6,,125947,8,0,36 40,2,6,,125944,8,0,36 40,2,6,,125991,8,0,36 40,2,6,,125973,8,0,36 40,2,6,,125964,8,0,36 40,2,8,,125980,8,0,36 40,2,6,,125864,8,0,36 40,2,6,,125914,8,0,36 40,2,46,,125846,8,0,36 40,2,5,,125971,8,0,36 40,2,5,,125840,8,0,36 40,2,10,,125860,8,0,36 40,2,5,,125851,8,0,36 40,2,5,,125987,8,0,36 40,2,10,,125908,8,0,36 40,2,10,,125929,8,0,36 40,2,50,,125872,8,0,36 40,2,10,,125877,8,0,36 40,2,10,,125933,8,0,36 40,2,10,,125907,8,0,36 40,2,10,,125985,8,0,36 40,2,10,,125885,8,0,36 40,2,50,,125858,8,0,36 40,2,10,,125924,8,0,36 40,2,10,,125866,8,0,36 40,2,10,,125871,8,0,36 40,2,10,,125952,8,0,36 40,2,10,,125917,8,0,36 40,2,50,,125988,8,0,36 40,2,10,,125922,8,0,36 40,2,10,,125876,8,0,36 40,2,10,,125845,8,0,36 40,2,10,,125956,8,0,36 40,2,10,,125867,8,0,36 40,2,50,,125986,8,0,36 40,2,10,,125970,8,0,36 40,2,10,,125902,8,0,36 40,2,10,,125895,8,0,36 40,2,11,,125938,8,0,36 40,2,11,,125976,8,0,36 40,2,50,,125905,8,0,36 40,2,10,,125932,8,0,36 40,2,10,,125934,8,0,36 40,2,10,,125953,8,0,36 40,2,9,,125887,8,0,36 40,2,7,,125931,8,0,36 40,2,6,,125862,8,0,36 40,2,46,,125852,8,0,36 40,2,6,,125868,8,0,36 40,2,6,,125880,8,0,36 40,2,6,,125940,8,0,36 40,2,6,,125975,8,0,36 40,2,6,,125848,8,0,36 40,2,6,,125983,8,0,36 40,2,6,,125847,8,0,36 40,2,6,,125883,8,0,36 40,2,6,,125990,8,0,36 40,2,46,,125856,8,0,36 40,2,6,,125916,8,0,36 40,2,6,,125881,8,0,36 40,2,6,,125869,8,0,36 40,2,6,,125957,8,0,36 40,2,6,,125901,8,0,36 40,2,6,,125936,8,0,36 40,2,6,,125855,8,0,36 40,2,6,,125849,8,0,36 40,2,6,,125843,8,0,36 40,2,46,,125989,8,0,36 40,2,6,,125974,8,0,36 40,2,6,,125878,8,0,36 40,2,6,,125937,8,0,36 40,2,6,,125939,8,0,36 40,2,6,,125941,8,0,36 40,2,6,,125977,8,0,36 40,2,6,,125968,8,0,36 40,2,6,,125984,8,0,36 40,2,6,,125921,8,0,36 40,2,48,,125992,8,0,36 40,2,5,,125923,8,0,36 40,2,4,,108086,8,0,36 40,2,9,,125960,8,0,36 40,2,7,,125928,8,0,36 40,2,8,,125920,8,0,36 40,2,8,,125892,8,0,36 40,2,4,,125943,8,0,36 40,2,4,,125857,8,0,36 40,2,48,,93583,8,0,36 40,2,8,,125865,8,0,36 40,2,8,,125935,8,0,36 40,2,8,,125919,8,0,36 40,2,8,,125894,8,0,36 40,2,8,,125906,8,0,36 40,2,8,,125958,8,0,36 40,2,8,,125861,8,0,36 40,2,48,,125912,8,0,36 40,2,8,,125963,8,0,36 40,2,8,,125875,8,0,36 40,2,8,,125972,8,0,36 40,2,8,,125842,8,0,36 40,2,8,,125888,8,0,36 40,2,8,,125850,8,0,36 40,2,48,,125955,8,0,36 40,2,7,,125873,8,0,36 40,2,6,,125854,8,0,36 40,2,7,,125982,8,0,36 40,2,8,,125879,8,0,36 40,2,10,,125926,8,0,36 40,2,10,,125859,8,0,36 40,2,50,,125841,8,0,36 40,2,5,,125853,8,0,36 40,2,5,,125962,8,0,36 40,2,10,,125910,8,0,36 40,2,10,,125961,8,0,36 40,2,10,,125899,8,0,36 40,2,10,,125930,8,0,36 40,2,50,,125927,8,0,36 40,2,10,,125900,8,0,36 40,2,10,,125949,8,0,36 40,2,10,,125886,8,0,36 40,2,10,,125909,8,0,36 40,2,10,,125893,8,0,36 40,2,50,,125890,8,0,36 40,2,10,,125946,8,0,36 40,2,10,,125874,8,0,36 40,2,9,,125904,8,0,36 40,2,17,,125967,8,0,36 40,2,57,,125948,8,0,36 40,2
50301,'2',524,,126118,8,0,36 40,2,10,,126109,8,0,36 40,2,10,,126047,8,0,36 40,2,10,,126026,8,0,36 40,2,50,,126050,8,0,36 40,2,10,,126083,8,0,36 40,2,10,,126067,8,0,36 40,2,10,,126098,8,0,36 40,2,10,,126020,8,0,36 40,2,10,,126000,8,0,36 40,2,50,,126094,8,0,36 40,2,10,,126029,8,0,36 40,2,10,,126022,8,0,36 40,2,10,,125995,8,0,36 40,2,10,,126034,8,0,36 40,2,10,,126002,8,0,36 40,2,50,,126033,8,0,36 40,2,10,,126038,8,0,36 40,2,10,,126123,8,0,36 40,2,10,,126124,8,0,36 40,2,10,,126001,8,0,36 40,2,10,,113810,8,0,36 40,2,50,,126069,8,0,36 40,2,10,,115039,8,0,36 40,2,10,,126108,8,0,36 40,2,10,,126089,8,0,36 40,2,10,,126048,8,0,36 40,2,10,,126080,8,0,36 40,2,50,,126040,8,0,36 40,2,10,,126091,8,0,36 40,2,10,,126039,8,0,36 40,2,10,,126116,8,0,36 40,2,10,,126093,8,0,36 40,2,10,,126081,8,0,36 40,2,50,,126008,8,0,36 40,2,10,,126013,8,0,36 40,2,10,,126117,8,0,36 40,2,10,,126003,8,0,36 40,2,10,,126075,8,0,36 40,2,10,,126106,8,0,36 40,2,50,,126115,8,0,36 40,2,12,,119252,8,0,36 40,2,8,,126096,8,0,36 40,2,8,,126017,8,0,36 40,2,9,,126058,8,0,36 40,2,8,,126046,8,0,36 40,2,8,,126110,8,0,36 40,2,50,,126070,8,0,36 40,2,12,,126095,8,0,36 40,2,10,,126114,8,0,36 40,2,8,,126064,8,0,36 40,2,8,,126074,8,0,36 40,2,8,,126072,8,0,36 40,2,48,,126011,8,0,36 40,2,8,,126103,8,0,36 40,2,8,,126042,8,0,36 40,2,8,,126079,8,0,36 40,2,8,,126101,8,0,36 40,2,8,,126051,8,0,36 40,2,8,,126122,8,0,36 40,2,8,,125996,8,0,36 40,2,48,,126107,8,0,36 40,2,8,,126045,8,0,36 40,2,8,,126056,8,0,36 40,2,8,,126057,8,0,36 40,2,8,,126032,8,0,36 40,2,8,,126112,8,0,36 40,2,8,,126037,8,0,36 40,2,48,,126007,8,0,36 40,2,8,,126061,8,0,36 40,2,8,,126062,8,0,36 40,2,8,,126082,8,0,36 40,2,8,,111611,8,0,36 40,2,8,,126027,8,0,36 40,2,8,,126054,8,0,36 40,2,8,,126085,8,0,36 40,2,48,,126049,8,0,36 40,2,8,,126059,8,0,36 40,2,8,,126031,8,0,36 40,2,8,,126012,8,0,36 40,2,8,,126006,8,0,36 40,2,8,,126015,8,0,36 40,2,8,,126086,8,0,36 40,2,48,,126105,8,0,36 40,2,8,,126053,8,0,36 40,2,8,,126111,8,0,36 40,2,8,,126052,8,0,36 40,2,8,,126055,8,0,36 40,2,8,,126019,8,0,36 40,2,8,,126014,8,0,36 40,2,8,,126066,8,0,36 40,2,48,,126060,8,0,36 40,2,8,,126024,8,0,36 40,2,9,,126100,8,0,36 40,2,5,,112508,8,0,36 40,2,5,,115866,8,0,36 40,2,10,,126030,8,0,36 40,2,10,,126044,8,0,36 40,2,50,,126120,8,0,36 40,2,10,,126087,8,0,36 40,2,5,,126113,8,0,36 40,2,5,,125998,8,0,36 40,2,10,,126028,8,0,36 40,2,10,,126035,8,0,36 40,2,10,,126102,8,0,36 40,2,50,,126016,8,0,36 40,2,10,,126025,8,0,36 40,2,10,,125997,8,0,36 40,2,10,,119449,8,0,36 40,2,10,,126125,8,0,36 40,2,10,,126023,8,0,36 40,2,50,,126065,8,0,36 40,2,10,,125993,8,0,36 40,2,9,,115004,8,0,36 40,2,9,,125999,8,0,36 40,2,10,,126018,8,0,36 40,2,10,,126005,8,0,36 40,2,50,,126090,8,0,36 40,2,10,,126073,8,0,36 40,2,10,,126063,8,0,36 40,2,10,,126104,8,0,36 40,2,10,,126021,8,0,36 40,2,10,,126077,8,0,36 40,2,50,,126078,8,0,36 40,2,10,,126097,8,0,36 40,2,10,,126043,8,0,36 40,2,10,,126088,8,0,36 40,2,10,,126076,8,0,36 40,2,10,,126068,8,0,36 40,2,50,,126099,8,0,36 40,2,10,,126004,8,0,36 40,2,10,,126009,8,0,36 40,2,10,,126092,8,0,36 40,2,10,,126010,8,0,36 40,2,10,,126084,8,0,36 40,2,50,,126119,8,0,36 40,2,10,,126036,8,0,36 40,2,10,,126071,8,0,36 40,2,11,,126121,8,0,36 40,2,8,,126041,8,0,36 40,2,8,,125994,8,0,36 40,2
50301,'3',557,,126165,8,0,36 40,2,50,,126167,8,0,36 40,2,10,,126224,8,0,36 40,2,10,,121919,8,0,36 40,2,10,,126183,8,0,36 40,2,10,,126186,8,0,36 40,2,10,,126152,8,0,36 40,2,50,,126216,8,0,36 40,2,10,,126176,8,0,36 40,2,10,,126156,8,0,36 40,2,10,,126132,8,0,36 40,2,10,,126229,8,0,36 40,2,10,,126245,8,0,36 40,2,50,,126140,8,0,36 40,2,10,,126200,8,0,36 40,2,10,,126163,8,0,36 40,2,10,,126218,8,0,36 40,2,10,,126166,8,0,36 40,2,10,,126138,8,0,36 40,2,50,,126233,8,0,36 40,2,10,,126182,8,0,36 40,2,10,,126198,8,0,36 40,2,10,,126151,8,0,36 40,2,10,,126187,8,0,36 40,2,10,,126180,8,0,36 40,2,50,,126236,8,0,36 40,2,10,,126142,8,0,36 40,2,10,,126171,8,0,36 40,2,10,,126128,8,0,36 40,2,10,,126205,8,0,36 40,2,10,,126220,8,0,36 40,2,50,,126232,8,0,36 40,2,10,,111825,8,0,36 40,2,10,,126217,8,0,36 40,2,10,,126202,8,0,36 40,2,10,,126238,8,0,36 40,2,10,,126244,8,0,36 40,2,50,,126161,8,0,36 40,2,11,,126235,8,0,36 40,2,10,,126153,8,0,36 40,2,10,,126145,8,0,36 40,2,10,,126207,8,0,36 40,2,10,,126196,8,0,36 40,2,50,,126190,8,0,36 40,2,10,,126159,8,0,36 40,2,10,,126203,8,0,36 40,2,10,,126199,8,0,36 40,2,10,,126158,8,0,36 40,2,10,,126189,8,0,36 40,2,50,,126188,8,0,36 40,2,10,,126160,8,0,36 40,2,10,,126234,8,0,36 40,2,10,,126213,8,0,36 40,2,10,,126215,8,0,36 40,2,10,,126177,8,0,36 40,2,50,,126195,8,0,36 40,2,10,,126192,8,0,36 40,2,10,,126204,8,0,36 40,2,10,,120949,8,0,36 40,2,10,,126240,8,0,36 40,2,10,,126222,8,0,36 40,2,50,,126144,8,0,36 40,2,10,,126210,8,0,36 40,2,10,,126173,8,0,36 40,2,10,,126241,8,0,36 40,2,10,,126172,8,0,36 40,2,10,,126164,8,0,36 40,2,50,,126225,8,0,36 40,2,10,,126129,8,0,36 40,2,10,,126136,8,0,36 40,2,10,,126157,8,0,36 40,2,10,,126226,8,0,36 40,2,10,,126246,8,0,36 40,2,50,,126197,8,0,36 40,2,10,,126141,8,0,36 40,2,10,,126248,8,0,36 40,2,10,,126231,8,0,36 40,2,10,,126191,8,0,36 40,2,10,,126243,8,0,36 40,2,50,,126174,8,0,36 40,2,10,,126211,8,0,36 40,2,9,,126206,8,0,36 40,2,10,,126179,8,0,36 40,2,10,,126150,8,0,36 40,2,10,,126139,8,0,36 40,2,50,,126184,8,0,36 40,2,10,,126169,8,0,36 40,2,10,,126181,8,0,36 40,2,10,,126194,8,0,36 40,2,10,,126143,8,0,36 40,2,10,,126137,8,0,36 40,2,50,,126155,8,0,36 40,2,10,,126214,8,0,36 40,2,10,,126130,8,0,36 40,2,10,,126168,8,0,36 40,2,10,,126134,8,0,36 40,2,10,,126185,8,0,36 40,2,50,,126230,8,0,36 40,2,10,,126239,8,0,36 40,2,10,,126193,8,0,36 40,2,10,,126247,8,0,36 40,2,10,,126242,8,0,36 40,2,10,,126208,8,0,36 40,2,50,,126201,8,0,36 40,2,10,,126227,8,0,36 40,2,10,,126221,8,0,36 40,2,10,,126146,8,0,36 40,2,10,,126133,8,0,36 40,2,10,,126149,8,0,36 40,2,50,,126212,8,0,36 40,2,10,,126154,8,0,36 40,2,10,,126162,8,0,36 40,2,10,,126127,8,0,36 40,2,10,,126223,8,0,36 40,2,10,,126228,8,0,36 40,2,50,,126237,8,0,36 40,2,10,,126126,8,0,36 40,2,10,,126219,8,0,36 40,2,10,,126178,8,0,36 40,2,10,,126135,8,0,36 40,2,10,,126175,8,0,36 40,2,49,,126147,8,0,36 40,2,8,,126131,8,0,36 40,2,8,,126148,8,0,36 40,2,13,,126170,8,0,36 40,2,14,,126209,8,0,36 40,2
50301,'5',557,,126304,8,0,36 40,2,50,,126271,8,0,36 40,2,10,,126312,8,0,36 40,2,10,,126327,8,0,36 40,2,10,,126263,8,0,36 40,2,10,,126343,8,0,36 40,2,10,,126323,8,0,36 40,2,50,,126309,8,0,36 40,2,10,,126362,8,0,36 40,2,10,,126355,8,0,36 40,2,10,,126299,8,0,36 40,2,10,,126317,8,0,36 40,2,10,,126310,8,0,36 40,2,50,,126291,8,0,36 40,2,10,,126294,8,0,36 40,2,10,,126335,8,0,36 40,2,10,,126316,8,0,36 40,2,10,,126325,8,0,36 40,2,10,,126298,8,0,36 40,2,50,,126255,8,0,36 40,2,10,,126319,8,0,36 40,2,10,,126313,8,0,36 40,2,10,,126364,8,0,36 40,2,10,,126340,8,0,36 40,2,10,,126297,8,0,36 40,2,50,,126281,8,0,36 40,2,10,,126252,8,0,36 40,2,10,,126303,8,0,36 40,2,10,,122342,8,0,36 40,2,10,,126349,8,0,36 40,2,10,,126308,8,0,36 40,2,50,,126330,8,0,36 40,2,10,,126358,8,0,36 40,2,10,,126346,8,0,36 40,2,10,,126360,8,0,36 40,2,10,,126268,8,0,36 40,2,10,,126256,8,0,36 40,2,50,,126260,8,0,36 40,2,11,,126331,8,0,36 40,2,10,,126318,8,0,36 40,2,10,,126351,8,0,36 40,2,10,,126361,8,0,36 40,2,10,,126278,8,0,36 40,2,50,,126285,8,0,36 40,2,10,,126264,8,0,36 40,2,10,,126367,8,0,36 40,2,10,,126259,8,0,36 40,2,10,,126269,8,0,36 40,2,10,,126257,8,0,36 40,2,50,,126289,8,0,36 40,2,10,,126302,8,0,36 40,2,10,,126326,8,0,36 40,2,10,,126295,8,0,36 40,2,10,,126274,8,0,36 40,2,10,,126306,8,0,36 40,2,50,,126265,8,0,36 40,2,10,,126282,8,0,36 40,2,10,,126352,8,0,36 40,2,10,,126270,8,0,36 40,2,10,,126292,8,0,36 40,2,10,,126365,8,0,36 40,2,50,,126368,8,0,36 40,2,10,,126288,8,0,36 40,2,10,,126261,8,0,36 40,2,10,,116270,8,0,36 40,2,10,,126347,8,0,36 40,2,10,,126369,8,0,36 40,2,50,,126249,8,0,36 40,2,10,,126341,8,0,36 40,2,10,,126280,8,0,36 40,2,10,,126314,8,0,36 40,2,10,,126345,8,0,36 40,2,10,,126332,8,0,36 40,2,50,,126286,8,0,36 40,2,10,,126301,8,0,36 40,2,10,,126287,8,0,36 40,2,10,,126266,8,0,36 40,2,10,,126275,8,0,36 40,2,10,,117022,8,0,36 40,2,50,,126348,8,0,36 40,2,10,,126273,8,0,36 40,2,9,,126293,8,0,36 40,2,10,,126357,8,0,36 40,2,10,,126290,8,0,36 40,2,10,,121152,8,0,36 40,2,50,,126363,8,0,36 40,2,10,,126324,8,0,36 40,2,10,,126296,8,0,36 40,2,10,,126254,8,0,36 40,2,10,,126251,8,0,36 40,2,10,,126250,8,0,36 40,2,50,,126328,8,0,36 40,2,10,,126300,8,0,36 40,2,10,,126359,8,0,36 40,2,10,,126276,8,0,36 40,2,10,,126354,8,0,36 40,2,10,,126267,8,0,36 40,2,50,,126272,8,0,36 40,2,10,,126320,8,0,36 40,2,10,,126366,8,0,36 40,2,10,,126311,8,0,36 40,2,10,,126344,8,0,36 40,2,10,,126370,8,0,36 40,2,50,,126339,8,0,36 40,2,10,,126262,8,0,36 40,2,10,,126342,8,0,36 40,2,10,,126322,8,0,36 40,2,10,,126277,8,0,36 40,2,10,,126336,8,0,36 40,2,50,,126321,8,0,36 40,2,10,,126329,8,0,36 40,2,10,,126334,8,0,36 40,2,10,,126353,8,0,36 40,2,10,,126333,8,0,36 40,2,10,,126253,8,0,36 40,2,50,,126338,8,0,36 40,2,10,,126284,8,0,36 40,2,10,,126350,8,0,36 40,2,10,,126305,8,0,36 40,2,10,,126283,8,0,36 40,2,10,,126356,8,0,36 40,2,49,,126279,8,0,36 40,2,8,,126315,8,0,36 40,2,8,,126337,8,0,36 40,2,13,,126258,8,0,36 40,2,14,,126307,8,0,36 40,2
50401,'1',540,,127031,22,0,34,2,10,,126931,35,0,46 43 44 3 45,2,50,,127103,22,0,34,2,5,,126954,35,0,46 43 44 3 45,2,5,,127013,22,0,34,2,5,,126935,35,0,46 43 44 3 45,2,5,,127049,22,0,34,2,5,,126986,35,0,46 43 44 3 45,2,5,,110226,22,0,34,2,5,,127048,33,0,46 43 44 3 45,2,5,,126967,22,0,34,2,5,,127019,33,0,46 43 44 3 45,2,5,,127152,22,0,34,2,5,,127120,33,0,46 43 44 3 45,2,3,,126917,22,0,34,2,47,,127109,33,0,46 43 44 3 45,2,5,,127129,22,0,34,2,5,,127091,33,0,46 43 44 3 45,2,5,,126902,22,0,34,2,5,,127156,33,0,46 43 44 3 45,2,5,,120643,22,0,34,2,6,,127142,33,0,46 43 44 3 45,2,7,,126957,22,0,34,2,6,,126963,33,0,46 43 44 3 45,2,5,,126944,22,0,34,2,46,,127076,33,0,46 43 44 3 45,2,5,,127029,22,0,34,2,5,,127077,33,0,46 43 44 3 45,2,5,,126947,22,0,34,2,5,,127001,33,0,46 43 44 3 45,2,5,,127162,22,0,34,2,4,,127041,33,0,46 43 44 3 45,2,4,,126983,22,0,34,2,4,,127022,33,0,46 43 44 3 45,2,4,,127143,22,0,34,2,4,,110273,33,0,46 43 44 3 45,2,4,,127074,22,0,34,2,4,,127023,33,0,46 43 44 3 45,2,4,,126919,22,0,34,2,2,,127059,22,,,2,42,,127057,33,0,46 43 44 3 45,2,4,,127095,22,0,34,2,4,,126998,33,0,46 43 44 3 45,2,4,,126952,22,0,34,2,4,,126951,33,0,46 43 44 3 45,2,4,,127124,22,0,34,2,4,,126930,33,0,46 43 44 3 45,2,4,,126966,22,0,34,2,4,,127141,33,0,46 43 44 3 45,2,4,,127062,22,0,34,2,4,,126916,33,0,46 43 44 3 45,2,4,,127083,22,0,34,2,4,,127081,33,0,46 43 44 3 45,2,4,,127126,22,0,34,2,4,,127167,33,0,46 43 44 3 45,2,44,,126938,22,0,34,2,4,,126987,33,0,46 43 44 3 45,2,3,,127107,22,0,34,2,4,,126962,33,0,46 43 44 3 45,2,5,,127027,22,0,34,2,3,,127055,33,0,46 43 44 3 45,2,4,,127136,33,0,46 43 44 3 45,2,1,,126901,22,0,34,2,9,,127131,22,0,34,2,2,,127002,33,0,46 43 44 3 45,2,6,,127104,33,,,2,2,,126926,22,0,34,2,2,,127168,33,0,46 43 44 3 45,2,8,,127069,22,0,34,2,2,,126946,33,0,46 43 44 3 45,2,48,,127025,22,0,34,2,2,,127118,33,0,46 43 44 3 45,2,8,,127158,22,0,34,2,2,,126913,33,0,46 43 44 3 45,2,4,,126994,22,,,2,4,,127098,22,0,34,2,2,,127088,33,0,46 43 44 3 45,2,8,,127051,22,0,34,2,2,,126932,33,0,46 43 44 3 45,2,8,,126911,22,0,34,2,2,,127037,33,0,46 43 44 3 45,2,8,,127015,22,0,34,2,2,,127125,33,0,46 43 44 3 45,2,48,,127036,22,0,34,2,2,,126923,33,0,46 43 44 3 45,2,8,,126924,22,0,34,2,2,,127011,33,0,46 43 44 3 45,2,8,,127111,22,0,34,2,2,,126965,33,0,46 43 44 3 45,2,8,,126974,22,0,34,2,2,,127165,33,0,46 43 44 3 45,2,8,,126941,22,0,34,2,2,,127018,33,0,46 43 44 3 45,2,8,,127101,22,0,34,2,2,,111253,33,0,46 43 44 3 45,2,48,,126940,22,0,34,2,2,,127067,33,0,46 43 44 3 45,2,8,,127148,22,0,34,2,2,,127163,33,0,46 43 44 3 45,2,8,,127139,22,0,34,2,2,,127151,33,0,46 43 44 3 45,2,8,,126934,22,0,34,2,2,,127021,33,0,46 43 44 3 45,2,8,,127087,22,0,34,2,2,,127084,33,0,46 43 44 3 45,2,8,,126990,22,0,34,2,2,,126943,33,0,46 43 44 3 45,2,48,,127121,22,0,34,2,2,,127161,33,0,46 43 44 3 45,2,8,,126903,22,0,34,2,2,,126981,33,0,46 43 44 3 45,2,8,,127026,22,0,34,2,2,,127115,33,0,46 43 44 3 45,2,8,,127045,22,0,34,2,2,,127127,33,0,46 43 44 3 45,2,8,,126948,22,0,34,2,2,,127154,33,0,46 43 44 3 45,2,8,,127075,22,0,34,2,2,,126906,33,0,46 43 44 3 45,2,48,,127113,22,0,34,2,6,,126969,33,0,46 43 44 3 45,2,5,,126909,22,0,34,2,6,,126995,33,0,46 43 44 3 45,2,5,,127072,22,0,34,2,3,,126949,33,0,46 43 44 3 45,2,7,,126914,22,0,34,2,3,,127099,33,0,46 43 44 3 45,2,7,,126956,22,0,34,2,3,,127014,33,0,46 43 44 3 45,2,7,,126996,22,0,34,2,3,,127147,33,0,46 43 44 3 45,2,47,,126999,22,0,34,2,3,,126953,33,0,46 43 44 3 45,2,7,,127070,22,0,34,2,3,,126960,33,0,46 43 44 3 45,2,7,,126922,22,0,34,2,4,,127170,33,0,46 43 44 3 45,2,6,,126961,22,0,34,2,3,,127047,33,0,46 43 44 3 45,2,7,,126997,22,0,34,2,3,,127063,33,0,46 43 44 3 45,2,7,,126980,22,0,34,2,3,,127172,33,0,46 43 44 3 45,2,47,,127106,22,0,34,2,3,,127082,33,0,46 43 44 3 45,2,7,,127117,22,0,34,2,3,,126929,33,0,46 43 44 3 45,2,7,,127145,22,0,34,2,3,,126991,33,0,46 43 44 3 45,2,7,,126942,22,0,34,2,3,,126975,33,0,46 43 44 3 45,2,7,,126988,22,0,34,2,3,,127071,33,0,46 43 44 3 45,2,7,,127039,22,0,34,2,3,,127144,33,0,46 43 44 3 45,2,47,,127110,22,0,34,2,3,,127164,33,0,46 43 44 3 45,2,7,,127034,22,0,34,2,3,,126907,33,0,46 43 44 3 45,2,7,,126985,22,0,34,2,3,,126989,33,0,46 43 44 3 45,2,7,,126915,22,0,34,2,3,,127003,33,0,46 43 44 3 45,2,7,,127065,22,0,34,2,3,,127032,33,0,46 43 44 3 45,2,7,,126982,22,0,34,2,3,,126992,33,0,46 43 44 3 45,2,47,,127005,22,0,34,2,3,,127056,33,0,46 43 44 3 45,2,7,,127089,22,0,34,2,3,,126959,33,0,46 43 44 3 45,2,7,,126936,22,0,34,2,3,,127114,33,0,46 43 44 3 45,2,7,,127137,22,0,34,2,3,,127108,33,0,46 43 44 3 45,2,7,,127008,22,0,34,2,2,,126933,22,,,2,1,,121474,33,0,46 43 44 3 45,2,7,,127090,22,0,34,2,1,,127105,33,0,46 43 44 3 45,2,47,,127122,33,0,46 43 44 3 45,2,2,,126904,22,0,34,2,8,,127060,33,0,46 43 44 3 45,2,2,,126898,22,0,34,2,7,,126968,33,0,46 43 44 3 45,2,3,,127160,22,0,34,2,7,,127119,33,0,46 43 44 3 45,2,3,,127000,22,0,34,2,1,,126937,22,,,2,6,,126908,33,0,46 43 44 3 45,2,3,,126984,22,0,34,2,8,,126910,33,0,46 43 44 3 45,2,2,,127173,22,0,34,2,48,,127050,33,0,46 43 44 3 45,2,2,,126964,22,0,34,2,3,,127096,33,,,2,5,,127079,33,0,46 43 44 3 45,2,2,,127112,22,0,34,2,8,,126978,33,0,46 43 44 3 45,2,2,,127159,22,0,34,2,8,,126945,33,0,46 43 44 3 45,2,2,,127054,22,0,34,2,8,,127052,33,0,46 43 44 3 45,2,2,,126939,22,0,34,2,8,,127146,33,0,46 43 44 3 45,2,2,,127064,22,0,34,2,48,,126950,33,0,46 43 44 3 45,2,2,,126977,22,0,34,2,8,,126897,33,0,46 43 44 3 45,2,2,,126918,22,0,34,2,8,,127157,33,0,46 43 44 3 45,2,1,,127134,22,0,34,2,9,,127175,33,0,46 43 44 3 45,2,1,,126899,22,0,34,2,8,,126920,33,0,46 43 44 3 45,2,2,,127078,22,0,34,2,8,,127153,33,0,46 43 44 3 45,2,2,,122509,22,0,34,2,48,,127155,33,0,46 43 44 3 45,2,2,,104255,22,0,34,2,8,,127024,33,0,46 43 44 3 45,2,2,,127169,22,0,34,2,8,,127010,33,0,46 43 44 3 45,2,2,,127094,22,0,34,2,3,,127097,33,,,2,5,,126905,33,0,46 43 44 3 45,2,2,,127020,22,0,34,2,8,,127061,33,0,46 43 44 3 45,2,2,,126921,22,0,34,2,8,,127116,33,0,46 43 44 3 45,2,2,,127007,22,0,34,2,48,,127068,33,0,46 43 44 3 45,2,2,,127044,22,0,34,2,8,,127035,33,0,46 43 44 3 45,2,2,,127092,22,0,34,2,8,,126900,33,0,46 43 44 3 45,2,2,,127040,22,0,34,2,8,,113756,33,0,46 43 44 3 45,2,2,,127174,22,0,34,2,8,,126925,33,0,46 43 44 3 45,2,2,,127133,22,0,34,2,8,,126976,33,0,46 43 44 3 45,2,2,,126912,22,0,34,2,48,,127017,33,0,46 43 44 3 45,2,2,,127033,22,0,34,2,8,,126972,33,0,46 43 44 3 45,2,2,,127086,22,0,34,2,8,,127166,33,0,46 43 44 3 45,2,2,,127028,22,0,34,2,8,,127012,33,0,46 43 44 3 45,2,2,,127058,22,0,34,2,5,,126979,33,0,46 43 44 3 45,2,5,,127038,22,0,34,2,5,,127004,33,0,46 43 44 3 45,2,5,,127140,22,0,34,2,45,,126955,33,0,46 43 44 3 45,2,5,,127046,22,0,34,2,5,,127171,33,0,46 43 44 3 45,2,5,,126973,22,0,34,2,5,,126928,33,0,46 43 44 3 45,2,5,,127130,22,0,34,2,1,,127132,22,,,2,4,,126993,33,0,46 43 44 3 45,2,5,,127043,22,0,34,2,5,,127066,33,0,46 43 44 3 45,2,5,,127138,22,0,34,2,5,,127042,33,0,46 43 44 3 45,2
50401,'2',532,,127282,35,0,46 43 44 3 45,2,10,,127264,22,0,34,2,10,,127358,35,0,46 43 44 3 45,2,50,,127193,22,0,34,2,5,,127386,35,0,46 43 44 3 45,2,10,,127382,22,0,34,2,5,,127313,35,0,46 43 44 3 45,2,5,,127223,22,0,34,2,5,,127280,35,0,46 43 44 3 45,2,5,,127322,22,0,34,2,5,,127181,33,0,46 43 44 3 45,2,5,,127428,22,0,34,2,5,,127189,33,0,46 43 44 3 45,2,5,,127217,22,0,34,2,45,,127230,33,0,46 43 44 3 45,2,5,,127400,22,0,34,2,5,,127390,33,0,46 43 44 3 45,2,5,,127323,22,0,34,2,5,,127263,33,0,46 43 44 3 45,2,5,,127302,22,0,34,2,5,,127188,33,0,46 43 44 3 45,2,5,,127212,22,0,34,2,5,,127365,33,0,46 43 44 3 45,2,5,,127317,22,0,34,2,5,,127253,33,0,46 43 44 3 45,2,5,,127199,22,0,34,2,45,,127422,33,0,46 43 44 3 45,2,5,,127286,22,0,34,2,5,,127416,33,0,46 43 44 3 45,2,6,,127283,22,0,34,2,6,,127272,33,0,46 43 44 3 45,2,6,,127316,22,0,34,2,7,,107825,33,0,46 43 44 3 45,2,6,,127350,22,0,34,2,7,,127378,33,0,46 43 44 3 45,2,5,,111668,22,0,34,2,45,,127401,33,0,46 43 44 3 45,2,5,,127385,22,0,34,2,5,,127221,33,0,46 43 44 3 45,2,5,,127364,22,0,34,2,5,,127184,33,0,46 43 44 3 45,2,5,,127433,22,0,34,2,5,,127391,33,0,46 43 44 3 45,2,5,,127347,22,0,34,2,5,,127319,33,0,46 43 44 3 45,2,5,,127180,22,0,34,2,5,,127196,33,0,46 43 44 3 45,2,5,,127354,22,0,34,2,45,,127311,33,0,46 43 44 3 45,2,5,,127261,22,0,34,2,5,,127259,33,0,46 43 44 3 45,2,5,,127435,22,0,34,2,5,,127275,33,0,46 43 44 3 45,2,5,,127242,22,0,34,2,5,,127318,33,0,46 43 44 3 45,2,5,,127208,22,0,34,2,5,,127220,33,0,46 43 44 3 45,2,5,,127304,22,0,34,2,5,,127424,33,0,46 43 44 3 45,2,5,,127367,22,0,34,2,45,,127389,33,0,46 43 44 3 45,2,5,,127371,22,0,34,2,5,,127209,33,0,46 43 44 3 45,2,5,,127276,22,0,34,2,5,,127372,33,0,46 43 44 3 45,2,5,,127394,22,0,34,2,5,,127381,33,0,46 43 44 3 45,2,5,,127213,22,0,34,2,5,,127335,33,0,46 43 44 3 45,2,5,,127308,22,0,34,2,5,,127395,33,0,46 43 44 3 45,2,5,,127340,22,0,34,2,45,,127419,33,0,46 43 44 3 45,2,5,,127412,22,0,34,2,5,,127262,33,0,46 43 44 3 45,2,5,,127252,22,0,34,2,5,,127421,33,0,46 43 44 3 45,2,5,,127245,22,0,34,2,5,,127344,33,0,46 43 44 3 45,2,5,,120741,22,0,34,2,5,,127205,33,0,46 43 44 3 45,2,5,,127281,22,0,34,2,5,,127284,33,0,46 43 44 3 45,2,7,,127247,22,0,34,2,51,,127182,33,0,46 43 44 3 45,2,1,,127425,22,0,34,2,10,,127366,22,0,34,2,1,,127331,33,0,46 43 44 3 45,2,9,,127397,22,0,34,2,1,,127255,33,0,46 43 44 3 45,2,9,,127210,22,0,34,2,1,,127370,33,0,46 43 44 3 45,2,9,,127368,22,0,34,2,1,,127376,33,0,46 43 44 3 45,2,9,,127342,22,0,34,2,41,,127409,33,0,46 43 44 3 45,2,9,,127361,22,0,34,2,1,,127406,33,0,46 43 44 3 45,2,9,,127333,22,0,34,2,1,,127243,33,0,46 43 44 3 45,2,9,,127267,22,0,34,2,1,,127413,33,0,46 43 44 3 45,2,9,,127222,22,0,34,2,1,,127414,33,0,46 43 44 3 45,2,9,,127215,22,0,34,2,1,,127393,33,0,46 43 44 3 45,2,9,,127224,22,0,34,2,41,,127297,33,0,46 43 44 3 45,2,9,,127305,22,0,34,2,1,,127309,33,0,46 43 44 3 45,2,9,,127396,22,0,34,2,1,,127403,33,0,46 43 44 3 45,2,9,,127241,22,0,34,2,1,,127380,33,0,46 43 44 3 45,2,9,,127289,22,0,34,2,1,,127356,33,0,46 43 44 3 45,2,9,,127265,22,0,34,2,1,,127291,33,0,46 43 44 3 45,2,9,,127312,22,0,34,2,41,,127296,33,0,46 43 44 3 45,2,9,,127287,22,0,34,2,1,,127274,33,0,46 43 44 3 45,2,9,,127329,22,0,34,2,1,,127204,33,0,46 43 44 3 45,2,9,,127294,22,0,34,2,1,,127351,33,0,46 43 44 3 45,2,9,,127427,22,0,34,2,1,,127216,33,0,46 43 44 3 45,2,9,,127306,22,0,34,2,1,,127202,33,0,46 43 44 3 45,2,9,,127176,22,0,34,2,41,,127321,33,0,46 43 44 3 45,2,9,,127402,22,0,34,2,1,,127426,33,0,46 43 44 3 45,2,9,,127410,22,0,34,2,1,,127227,33,0,46 43 44 3 45,2,9,,127338,22,0,34,2,1,,127341,33,0,46 43 44 3 45,2,9,,127392,22,0,34,2,1,,127228,33,0,46 43 44 3 45,2,9,,127375,22,0,34,2,1,,127260,33,0,46 43 44 3 45,2,9,,127234,22,0,34,2,41,,127266,33,0,46 43 44 3 45,2,9,,127348,22,0,34,2,1,,127292,33,0,46 43 44 3 45,2,9,,127248,22,0,34,2,1,,127235,33,0,46 43 44 3 45,2,9,,127290,22,0,34,2,1,,127232,33,0,46 43 44 3 45,2,9,,127231,22,0,34,2,1,,127327,33,0,46 43 44 3 45,2,9,,127373,22,0,34,2,1,,127201,33,0,46 43 44 3 45,2,9,,127434,22,0,34,2,41,,127285,33,0,46 43 44 3 45,2,8,,127353,22,0,34,2,1,,127417,33,0,46 43 44 3 45,2,4,,127207,33,0,46 43 44 3 45,2,4,,127192,22,0,34,2,5,,127418,33,0,46 43 44 3 45,2,5,,127383,22,0,34,2,5,,127185,33,0,46 43 44 3 45,2,5,,127436,22,0,34,2,5,,127332,33,0,46 43 44 3 45,2,5,,127343,22,0,34,2,5,,127299,33,0,46 43 44 3 45,2,5,,127206,22,0,34,2,2,,127388,22,,,2,43,,127345,33,0,46 43 44 3 45,2,5,,127369,22,0,34,2,5,,127258,33,0,46 43 44 3 45,2,5,,127250,22,0,34,2,5,,127288,33,0,46 43 44 3 45,2,5,,127244,22,0,34,2,4,,127303,33,0,46 43 44 3 45,2,6,,127336,22,0,34,2,4,,127279,33,0,46 43 44 3 45,2,6,,127310,22,0,34,2,4,,127404,33,0,46 43 44 3 45,2,6,,127314,22,0,34,2,44,,127178,33,0,46 43 44 3 45,2,6,,127246,22,0,34,2,4,,127325,33,0,46 43 44 3 45,2,6,,127249,22,0,34,2,4,,127295,33,0,46 43 44 3 45,2,6,,101599,22,0,34,2,4,,127337,33,0,46 43 44 3 45,2,6,,127218,22,0,34,2,4,,127257,33,0,46 43 44 3 45,2,6,,127177,22,0,34,2,4,,127339,33,0,46 43 44 3 45,2,6,,118447,22,0,34,2,44,,127233,33,0,46 43 44 3 45,2,6,,127346,22,0,34,2,4,,127408,33,0,46 43 44 3 45,2,6,,127240,22,0,34,2,4,,127271,33,0,46 43 44 3 45,2,6,,127429,22,0,34,2,4,,127431,33,0,46 43 44 3 45,2,7,,127236,22,0,34,2,2,,127315,22,,,2,4,,127415,33,0,46 43 44 3 45,2,4,,127352,22,0,34,2,7,,127219,33,0,46 43 44 3 45,2,45,,127398,22,0,34,2,6,,127197,33,0,46 43 44 3 45,2,4,,127251,22,0,34,2,6,,127377,33,0,46 43 44 3 45,2,4,,108839,22,0,34,2,6,,127420,33,0,46 43 44 3 45,2,4,,127405,22,0,34,2,6,,127187,33,0,46 43 44 3 45,2,4,,127203,22,0,34,2,6,,127357,33,0,46 43 44 3 45,2,4,,127328,22,0,34,2,6,,127278,33,0,46 43 44 3 45,2,44,,127363,22,0,34,2,6,,127270,33,0,46 43 44 3 45,2,4,,127239,22,0,34,2,6,,122724,33,0,46 43 44 3 45,2,4,,127293,22,0,34,2,6,,127179,33,0,46 43 44 3 45,2,4,,117854,22,0,34,2,6,,127237,33,0,46 43 44 3 45,2,4,,127214,22,0,34,2,6,,127190,33,0,46 43 44 3 45,2,4,,127301,22,0,34,2,6,,127300,33,0,46 43 44 3 45,2,44,,127432,22,0,34,2,6,,127387,33,0,46 43 44 3 45,2,4,,127225,22,0,34,2,6,,127349,33,0,46 43 44 3 45,2,4,,127423,22,0,34,2,6,,127379,33,0,46 43 44 3 45,2,4,,127399,22,0,34,2,6,,127200,33,0,46 43 44 3 45,2,4,,127411,22,0,34,2,6,,127183,33,0,46 43 44 3 45,2,4,,127254,22,0,34,2,5,,127320,33,0,46 43 44 3 45,2,45,,127307,22,0,34,2,5,,127273,33,0,46 43 44 3 45,2,5,,127362,22,0,34,2,5,,127360,33,0,46 43 44 3 45,2,5,,127226,22,0,34,2,5,,127326,33,0,46 43 44 3 45,2,5,,127195,22,0,34,2,5,,127324,33,0,46 43 44 3 45,2,5,,127277,22,0,34,2,5,,127334,33,0,46 43 44 3 45,2,2,,127186,22,0,34,2,1,,127191,33,,,2,6,,127198,22,,,2,2,,127355,33,0,46 43 44 3 45,2,48,,127384,22,,,2
50401,'3',756,,127477,22,0,34,2,54,,127531,22,0,34,2,14,,127545,22,0,34,2,14,,127551,22,0,34,2,14,,127459,22,0,34,2,7,,127456,33,0,46 43 44 3 45,2,47,,127615,22,0,34,2,7,,127513,33,0,46 43 44 3 45,2,7,,121857,22,0,34,2,5,,127500,22,0,34,2,4,,127450,33,0,46 43 44 3 45,2,10,,127462,22,0,34,2,5,,127614,33,0,46 43 44 3 45,2,7,,127627,22,0,34,2,3,,127444,33,0,46 43 44 3 45,2,47,,127652,22,0,34,2,4,,127640,33,0,46 43 44 3 45,2,6,,127557,22,0,34,2,3,,127624,33,0,46 43 44 3 45,2,7,,127455,22,0,34,2,3,,127642,33,0,46 43 44 3 45,2,7,,127440,22,0,34,2,3,,127657,33,0,46 43 44 3 45,2,7,,127585,22,0,34,2,3,,127619,33,0,46 43 44 3 45,2,7,,127522,22,0,34,2,3,,127542,33,0,46 43 44 3 45,2,47,,127439,22,0,34,2,3,,127658,33,0,46 43 44 3 45,2,7,,127502,22,0,34,2,3,,127544,33,0,46 43 44 3 45,2,7,,127580,22,0,34,2,3,,127539,33,0,46 43 44 3 45,2,7,,127610,22,0,34,2,3,,127483,33,0,46 43 44 3 45,2,7,,127570,22,0,34,2,3,,127529,33,0,46 43 44 3 45,2,7,,127467,22,0,34,2,3,,127510,33,0,46 43 44 3 45,2,47,,127514,22,0,34,2,3,,127472,33,0,46 43 44 3 45,2,7,,127595,22,0,34,2,3,,127503,33,0,46 43 44 3 45,2,8,,127511,22,0,34,2,12,,127496,33,0,46 43 44 3 45,2,1,,127593,22,0,34,2,9,,127592,33,0,46 43 44 3 45,2,2,,127620,22,0,34,2,8,,127518,33,0,46 43 44 3 45,2,2,,127463,22,0,34,2,48,,127471,33,0,46 43 44 3 45,2,2,,127448,22,0,34,2,8,,127636,33,0,46 43 44 3 45,2,2,,127519,22,0,34,2,8,,127582,33,0,46 43 44 3 45,2,2,,116766,22,0,34,2,8,,127492,33,0,46 43 44 3 45,2,2,,127648,22,0,34,2,8,,127634,33,0,46 43 44 3 45,2,2,,127442,22,0,34,2,8,,127508,33,0,46 43 44 3 45,2,2,,127547,22,0,34,2,48,,127623,33,0,46 43 44 3 45,2,2,,127569,22,0,34,2,8,,127632,33,0,46 43 44 3 45,2,2,,127495,22,0,34,2,8,,127553,33,0,46 43 44 3 45,2,2,,127493,22,0,34,2,8,,127578,33,0,46 43 44 3 45,2,2,,127596,22,0,34,2,8,,127660,33,0,46 43 44 3 45,2,2,,127458,22,0,34,2,8,,127564,33,0,46 43 44 3 45,2,2,,127520,22,0,34,2,48,,127538,33,0,46 43 44 3 45,2,2,,127606,22,0,34,2,8,,127661,33,0,46 43 44 3 45,2,2,,127600,22,0,34,2,8,,127651,33,0,46 43 44 3 45,2,2,,127612,22,0,34,2,8,,127567,33,0,46 43 44 3 45,2,2,,127604,22,0,34,2,8,,127590,33,0,46 43 44 3 45,2,2,,127512,22,0,34,2,8,,127639,33,0,46 43 44 3 45,2,2,,127656,22,0,34,2,48,,127589,33,0,46 43 44 3 45,2,2,,127530,22,0,34,2,8,,127532,33,0,46 43 44 3 45,2,2,,127525,22,0,34,2,8,,127484,33,0,46 43 44 3 45,2,2,,127630,22,0,34,2,8,,127577,33,0,46 43 44 3 45,2,2,,127576,22,0,34,2,8,,127558,33,0,46 43 44 3 45,2,2,,127581,22,0,34,2,8,,127521,33,0,46 43 44 3 45,2,2,,127575,22,0,34,2,48,,127490,33,0,46 43 44 3 45,2,2,,127579,22,0,34,2,8,,127631,33,0,46 43 44 3 45,2,2,,127466,22,0,34,2,8,,127655,33,0,46 43 44 3 45,2,2,,127546,22,0,34,2,8,,127443,33,0,46 43 44 3 45,2,2,,127526,22,0,34,2,8,,127611,33,0,46 43 44 3 45,2,2,,127594,22,0,34,2,8,,127607,33,0,46 43 44 3 45,2,2,,127588,22,0,34,2,48,,127638,33,0,46 43 44 3 45,2,2,,127516,22,0,34,2,8,,121792,33,0,46 43 44 3 45,2,2,,127641,22,0,34,2,8,,127528,33,0,46 43 44 3 45,2,2,,127605,22,0,34,2,8,,127468,33,0,46 43 44 3 45,2,2,,127566,22,0,34,2,8,,127562,33,0,46 43 44 3 45,2,2,,127646,22,0,34,2,8,,127465,33,0,46 43 44 3 45,2,2,,127543,22,0,34,2,48,,127584,33,0,46 43 44 3 45,2,2,,127536,22,0,34,2,6,,127650,33,0,46 43 44 3 45,2,4,,127454,22,0,34,2,2,,127445,22,,,2,3,,127583,33,0,46 43 44 3 45,2,6,,127527,22,0,34,2,4,,127591,33,0,46 43 44 3 45,2,5,,127601,22,0,34,2,5,,127621,33,0,46 43 44 3 45,2,5,,127629,22,0,34,2,2,,127568,33,0,46 43 44 3 45,2,8,,127485,22,0,34,2,2,,127633,33,0,46 43 44 3 45,2,48,,127608,22,0,34,2,2,,127659,33,0,46 43 44 3 45,2,8,,127654,22,0,34,2,2,,127565,33,0,46 43 44 3 45,2,8,,127587,22,0,34,2,2,,127481,33,0,46 43 44 3 45,2,8,,127563,22,0,34,2,2,,127474,33,0,46 43 44 3 45,2,8,,127574,22,0,34,2,2,,127537,33,0,46 43 44 3 45,2,8,,127603,22,0,34,2,2,,127446,33,0,46 43 44 3 45,2,48,,127438,22,0,34,2,2,,127647,33,0,46 43 44 3 45,2,8,,127572,22,0,34,2,2,,127613,33,0,46 43 44 3 45,2,8,,127453,22,0,34,2,2,,127449,33,0,46 43 44 3 45,2,8,,127489,22,0,34,2,2,,127649,33,0,46 43 44 3 45,2,8,,127534,22,0,34,2,2,,127616,33,0,46 43 44 3 45,2,8,,127622,22,0,34,2,2,,127555,33,0,46 43 44 3 45,2,48,,127645,22,0,34,2,2,,127644,33,0,46 43 44 3 45,2,8,,127617,22,0,34,2,2,,127464,33,0,46 43 44 3 45,2,4,,127549,33,,,2,4,,127561,22,0,34,2,4,,127506,33,0,46 43 44 3 45,2,6,,127507,22,0,34,2,3,,127517,33,0,46 43 44 3 45,2,7,,127653,22,0,34,2,3,,127541,33,0,46 43 44 3 45,2,7,,127487,22,0,34,2,3,,127504,33,0,46 43 44 3 45,2,47,,127573,22,0,34,2,3,,127494,33,0,46 43 44 3 45,2,2,,127556,22,,,2,5,,127635,22,0,34,2,3,,127498,33,0,46 43 44 3 45,2,7,,127451,22,0,34,2,3,,127469,33,0,46 43 44 3 45,2,7,,127488,22,0,34,2,3,,127486,33,0,46 43 44 3 45,2,7,,127457,22,0,34,2,3,,127618,33,0,46 43 44 3 45,2,7,,127597,22,0,34,2,3,,127482,33,0,46 43 44 3 45,2,47,,127535,22,0,34,2,3,,127501,33,0,46 43 44 3 45,2,7,,127475,22,0,34,2,3,,127491,33,0,46 43 44 3 45,2,7,,127524,22,0,34,2,3,,127533,33,0,46 43 44 3 45,2,7,,127599,22,0,34,2,3,,127476,33,0,46 43 44 3 45,2,7,,127602,22,0,34,2,3,,127560,33,0,46 43 44 3 45,2,7,,127497,22,0,34,2,3,,127460,33,0,46 43 44 3 45,2,47,,127470,22,0,34,2,3,,127499,33,0,46 43 44 3 45,2,7,,127609,22,0,34,2,3,,127505,33,0,46 43 44 3 45,2,7,,127452,22,0,34,2,3,,127559,33,0,46 43 44 3 45,2,7,,127441,22,0,34,2,3,,127478,33,0,46 43 44 3 45,2,7,,127552,22,0,34,2,3,,127447,33,0,46 43 44 3 45,2,7,,127586,22,0,34,2,3,,127598,33,0,46 43 44 3 45,2,47,,127480,22,0,34,2,3,,127571,33,0,46 43 44 3 45,2,7,,127461,22,0,34,2,3,,127550,33,0,46 43 44 3 45,2,5,,127509,33,,,2,2,,127473,22,0,34,2,8,,127637,33,0,46 43 44 3 45,2,2,,127554,22,0,34,2,10,,127548,22,0,34,2,3,,127540,33,0,46 43 44 3 45,2,2,,127625,22,,,2
50401,'5',550,,127664,22,0,34,2,7,,127807,35,0,46 43 44 3 45,2,47,,127753,22,0,34,2,7,,114510,35,0,46 43 44 3 45,2,7,,127801,22,0,34,2,7,,127873,35,0,46 43 44 3 45,2,7,,127884,22,0,34,2,7,,127805,33,0,46 43 44 3 45,2,7,,127707,22,0,34,2,7,,127827,33,0,46 43 44 3 45,2,47,,127766,22,0,34,2,7,,115489,33,0,46 43 44 3 45,2,7,,127874,22,0,34,2,7,,127700,33,0,46 43 44 3 45,2,7,,127706,22,0,34,2,7,,115402,33,0,46 43 44 3 45,2,7,,127858,22,0,34,2,7,,127883,33,0,46 43 44 3 45,2,7,,127843,22,0,34,2,47,,127759,33,0,46 43 44 3 45,2,7,,127732,22,0,34,2,7,,127806,33,0,46 43 44 3 45,2,7,,127717,22,0,34,2,7,,127815,33,0,46 43 44 3 45,2,7,,127763,22,0,34,2,7,,127838,33,0,46 43 44 3 45,2,7,,127731,22,0,34,2,7,,127903,33,0,46 43 44 3 45,2,47,,127730,22,0,34,2,7,,127748,33,0,46 43 44 3 45,2,7,,127854,22,0,34,2,5,,127786,22,0,34,2,4,,127671,33,0,46 43 44 3 45,2,10,,127803,22,0,34,2,5,,127772,33,0,46 43 44 3 45,2,7,,127866,22,0,34,2,3,,127738,33,0,46 43 44 3 45,2,47,,127881,22,0,34,2,4,,127797,33,0,46 43 44 3 45,2,6,,127834,22,0,34,2,3,,127747,33,0,46 43 44 3 45,2,7,,127899,22,0,34,2,3,,127829,33,0,46 43 44 3 45,2,7,,127875,22,0,34,2,3,,127760,33,0,46 43 44 3 45,2,7,,127726,22,0,34,2,3,,111972,33,0,46 43 44 3 45,2,7,,127849,22,0,34,2,3,,127851,33,0,46 43 44 3 45,2,47,,127719,22,0,34,2,3,,127888,33,0,46 43 44 3 45,2,7,,127754,22,0,34,2,3,,127762,33,0,46 43 44 3 45,2,7,,127715,22,0,34,2,3,,127845,33,0,46 43 44 3 45,2,7,,127809,22,0,34,2,3,,127790,33,0,46 43 44 3 45,2,7,,127694,22,0,34,2,3,,127822,33,0,46 43 44 3 45,2,7,,127780,22,0,34,2,3,,127894,33,0,46 43 44 3 45,2,47,,127859,22,0,34,2,3,,127692,33,0,46 43 44 3 45,2,7,,127839,22,0,34,2,3,,127746,33,0,46 43 44 3 45,2,8,,127708,22,0,34,2,5,,127823,33,0,46 43 44 3 45,2,8,,127765,22,0,34,2,9,,127761,33,0,46 43 44 3 45,2,2,,127788,22,0,34,2,8,,127868,33,0,46 43 44 3 45,2,2,,127741,22,0,34,2,48,,127733,33,0,46 43 44 3 45,2,2,,127773,22,0,34,2,8,,127816,33,0,46 43 44 3 45,2,2,,127896,22,0,34,2,8,,127835,33,0,46 43 44 3 45,2,2,,127693,22,0,34,2,8,,127825,33,0,46 43 44 3 45,2,2,,127900,22,0,34,2,8,,127794,33,0,46 43 44 3 45,2,2,,127841,22,0,34,2,8,,127770,33,0,46 43 44 3 45,2,2,,127799,22,0,34,2,48,,127850,33,0,46 43 44 3 45,2,2,,127688,22,0,34,2,8,,127734,33,0,46 43 44 3 45,2,2,,127895,22,0,34,2,8,,127818,33,0,46 43 44 3 45,2,2,,127889,22,0,34,2,8,,127869,33,0,46 43 44 3 45,2,2,,127756,22,0,34,2,8,,127681,33,0,46 43 44 3 45,2,2,,127857,22,0,34,2,8,,127848,33,0,46 43 44 3 45,2,2,,127861,22,0,34,2,48,,127703,33,0,46 43 44 3 45,2,2,,127831,22,0,34,2,8,,127691,33,0,46 43 44 3 45,2,2,,127811,22,0,34,2,8,,127812,33,0,46 43 44 3 45,2,2,,127814,22,0,34,2,8,,127819,33,0,46 43 44 3 45,2,2,,127676,22,0,34,2,8,,127755,33,0,46 43 44 3 45,2,2,,127745,22,0,34,2,8,,127690,33,0,46 43 44 3 45,2,2,,127860,22,0,34,2,48,,127728,33,0,46 43 44 3 45,2,2,,127804,22,0,34,2,8,,127709,33,0,46 43 44 3 45,2,2,,127758,22,0,34,2,8,,127678,33,0,46 43 44 3 45,2,2,,127672,22,0,34,2,8,,127863,33,0,46 43 44 3 45,2,2,,127768,22,0,34,2,8,,127670,33,0,46 43 44 3 45,2,2,,127856,22,0,34,2,8,,127722,33,0,46 43 44 3 45,2,2,,127702,22,0,34,2,48,,127802,33,0,46 43 44 3 45,2,2,,127677,22,0,34,2,8,,127813,33,0,46 43 44 3 45,2,2,,127711,22,0,34,2,8,,127686,33,0,46 43 44 3 45,2,2,,127877,22,0,34,2,8,,127684,33,0,46 43 44 3 45,2,2,,127810,22,0,34,2,8,,127870,33,0,46 43 44 3 45,2,2,,127892,22,0,34,2,8,,127887,33,0,46 43 44 3 45,2,2,,127695,22,0,34,2,48,,127685,33,0,46 43 44 3 45,2,2,,127837,22,0,34,2,8,,110984,33,0,46 43 44 3 45,2,2,,127785,22,0,34,2,8,,127668,33,0,46 43 44 3 45,2,2,,127808,22,0,34,2,8,,127740,33,0,46 43 44 3 45,2,2,,127724,22,0,34,2,8,,127853,33,0,46 43 44 3 45,2,2,,127744,22,0,34,2,8,,127750,33,0,46 43 44 3 45,2,2,,127891,22,0,34,2,48,,127897,33,0,46 43 44 3 45,2,2,,127820,22,0,34,2,5,,127833,33,0,46 43 44 3 45,2,5,,127847,22,0,34,2,2,,127764,22,,,2,2,,127898,33,0,46 43 44 3 45,2,7,,127705,22,0,34,2,1,,127855,33,0,46 43 44 3 45,2,8,,127793,22,0,34,2,2,,127701,33,0,46 43 44 3 45,2,8,,127828,22,0,34,2,2,,127864,33,0,46 43 44 3 45,2,8,,127723,22,0,34,2,2,,127876,33,0,46 43 44 3 45,2,48,,127710,22,0,34,2,2,,127879,33,0,46 43 44 3 45,2,8,,127727,22,0,34,2,2,,127736,33,0,46 43 44 3 45,2,8,,127842,22,0,34,2,2,,127721,33,0,46 43 44 3 45,2,8,,127798,22,0,34,2,2,,127901,33,0,46 43 44 3 45,2,8,,127683,22,0,34,2,2,,127697,33,0,46 43 44 3 45,2,8,,127663,22,0,34,2,2,,127893,33,0,46 43 44 3 45,2,48,,112125,22,0,34,2,2,,127775,33,0,46 43 44 3 45,2,8,,127749,22,0,34,2,2,,127704,33,0,46 43 44 3 45,2,8,,127679,22,0,34,2,2,,127836,33,0,46 43 44 3 45,2,8,,127821,22,0,34,2,2,,127675,33,0,46 43 44 3 45,2,8,,111968,22,0,34,2,2,,127885,33,0,46 43 44 3 45,2,8,,127757,22,0,34,2,2,,127844,33,0,46 43 44 3 45,2,48,,127716,22,0,34,2,2,,127882,33,0,46 43 44 3 45,2,8,,127751,22,0,34,2,2,,127682,33,0,46 43 44 3 45,2,4,,127735,33,,,2,4,,127720,22,0,34,2,5,,127743,33,0,46 43 44 3 45,2,5,,127783,22,0,34,2,3,,127840,33,0,46 43 44 3 45,2,7,,127742,22,0,34,2,3,,127800,33,0,46 43 44 3 45,2,7,,127878,22,0,34,2,3,,127852,33,0,46 43 44 3 45,2,47,,127665,22,0,34,2,3,,127902,33,0,46 43 44 3 45,2,2,,127769,22,,,2,5,,127669,22,0,34,2,3,,127739,33,0,46 43 44 3 45,2,7,,127886,22,0,34,2,3,,127905,33,0,46 43 44 3 45,2,7,,127791,22,0,34,2,3,,127767,33,0,46 43 44 3 45,2,7,,127662,22,0,34,2,3,,127817,33,0,46 43 44 3 45,2,7,,127699,22,0,34,2,3,,127832,33,0,46 43 44 3 45,2,47,,127689,22,0,34,2,3,,119816,33,0,46 43 44 3 45,2,7,,127774,22,0,34,2,3,,127862,33,0,46 43 44 3 45,2,7,,127674,22,0,34,2,3,,127782,33,0,46 43 44 3 45,2,7,,127789,22,0,34,2,3,,127792,33,0,46 43 44 3 45,2,7,,127846,22,0,34,2,3,,117042,33,0,46 43 44 3 45,2,7,,127781,22,0,34,2,3,,127718,33,0,46 43 44 3 45,2,47,,127771,22,0,34,2,3,,127784,33,0,46 43 44 3 45,2,7,,127824,22,0,34,2,3,,127904,33,0,46 43 44 3 45,2,7,,127696,22,0,34,2,3,,127752,33,0,46 43 44 3 45,2,7,,127680,22,0,34,2,3,,127713,33,0,46 43 44 3 45,2,7,,127787,22,0,34,2,3,,127826,33,0,46 43 44 3 45,2,7,,127687,22,0,34,2,3,,106935,33,0,46 43 44 3 45,2,47,,127737,22,0,34,2,3,,127712,33,0,46 43 44 3 45,2,7,,127867,22,0,34,2,3,,127778,33,0,46 43 44 3 45,2,5,,127725,33,,,2,2,,127865,22,0,34,2,8,,127776,33,0,46 43 44 3 45,2,2,,127890,22,0,34,2,10,,127796,22,0,34,2,1,,127698,33,0,46 43 44 3 45,2,7,,127777,22,,,2,47,,127872,33,0,46 43 44 3 45,2,3,,127673,22,,,2
50801,'1',811,,133756,33,0,43 44 3 45,2,20,,133761,33,0,43 44 3 45,2,8,,133750,33,0,43 44 3 45,2,10,,133752,33,0,43 44 3 45,2,10,,133763,33,0,43 44 3 45,2,50,,133764,33,0,43 44 3 45,2,20,,133760,33,0,43 44 3 45,2,681,,133755,27,0,43 44 3 45,2,20,,133754,27,0,43 44 3 45,2,10,,133759,27,0,43 44 3 45,2,10,,133762,27,0,43 44 3 45,2,50,,133749,27,0,43 44 3 45,2,10,,133745,27,0,43 44 3 45,2,20,,133747,27,0,43 44 3 45,2
