30402,'1',2615,,123924,15,0,5 6 7,2,10,,123923,15,0,5 6 7,2,10,,123934,15,0,5 6 7,2,10,,123922,15,0,5 6 7,2,10,,123920,15,0,5 6 7,2,50,,123919,15,0,5 6 7,2,10,,123932,15,0,5 6 7,2,10,,123928,15,0,5 6 7,2,10,,123931,15,0,5 6 7,2,10,,123918,15,0,5 6 7,2,10,,123921,15,0,5 6 7,2,50,,123935,15,0,5 6 7,2,10,,123936,15,0,5 6 7,2,10,,123915,15,0,5 6 7,2,10,,123916,15,0,5 6 7,2,10,,123937,15,0,5 6 7,2,6,,123926,15,0,5 6 7,2
30402,'2',2635,,123939,15,0,5 6 7,2,10,,123961,15,0,5 6 7,2,10,,123947,15,0,5 6 7,2,50,,123958,15,0,5 6 7,2,10,,123938,15,0,5 6 7,2,10,,123950,15,0,5 6 7,2,10,,123944,15,0,5 6 7,2,10,,123953,15,0,5 6 7,2,10,,123949,15,0,5 6 7,2,50,,123957,15,0,5 6 7,2,10,,123941,15,0,5 6 7,2,10,,123959,15,0,5 6 7,2,10,,123952,15,0,5 6 7,2,10,,123946,15,0,5 6 7,2,10,,123954,15,0,5 6 7,2,50,,123940,15,0,5 6 7,2,13,,123943,15,0,5 6 7,2
30402,'3',430,,124006,5,0,5 6 7,2,14,,123968,5,0,5 6 7,2,7,,123986,5,0,21,2,7,,124007,5,0,5 6 7,2,47,,123971,5,0,21,2,5,,124008,5,0,5 6 7,2,6,,124001,15,0,21,2,10,,124009,3,0,5 6 7,2,5,,123995,5,0,21,2,6,,124013,15,0,21,2,3,,124003,5,0,5 6 7,2,5,,123981,3,0,5 6 7,2,8,,124005,15,0,21,2,6,,123980,3,0,5 6 7,2,47,,123997,15,0,21,2,7,,123966,3,0,5 6 7,2,7,,123992,15,0,21,2,7,,123993,3,0,5 6 7,2,7,,123973,15,0,21,2,7,,124011,3,0,5 6 7,2,7,,124010,15,0,21,2,7,,123984,3,0,5 6 7,2,47,,123969,15,0,21,2,7,,123985,3,0,5 6 7,2,7,,123990,15,0,21,2,7,,123977,3,0,5 6 7,2,7,,119646,15,0,21,2,14,,123964,15,0,21,2,14,,124000,15,0,21,2,54,,124004,15,0,21,2,1826,,123991,15,0,5 6 7,2,10,,123999,15,0,5 6 7,2,10,,123972,15,0,5 6 7,2,50,,123965,15,0,5 6 7,2,10,,123987,15,0,5 6 7,2,10,,124012,15,0,5 6 7,2,10,,123989,15,0,5 6 7,2,10,,123970,15,0,5 6 7,2,10,,123998,15,0,5 6 7,2,50,,123967,15,0,5 6 7,2,10,,123994,15,0,5 6 7,2,11,,123963,15,0,5 6 7,2
30402,'5',2638,,124032,15,0,5 6 7,2,10,,124020,15,0,5 6 7,2,10,,124033,15,0,5 6 7,2,50,,124028,15,0,5 6 7,2,10,,124021,15,0,5 6 7,2,10,,124023,15,0,5 6 7,2,10,,124022,15,0,5 6 7,2,10,,124025,15,0,5 6 7,2,10,,124018,15,0,5 6 7,2,50,,124029,15,0,5 6 7,2,10,,124024,15,0,5 6 7,2,11,,124027,15,0,5 6 7,2
50302,'1',527,,126375,30,0,32 8 19,2,12,,126469,30,0,32 8 19,2,10,,126383,30,0,32 8 19,2,10,,126434,30,0,32 8 19,2,50,,126433,30,0,32 8 19,2,13,,126488,30,0,32 8 19,2,8,,126421,30,0,32 8 19,2,6,,126506,30,0,32 8 19,2,6,,126445,30,0,32 8 19,2,7,,110381,30,0,32 8 19,2,10,,126500,30,0,32 8 19,2,45,,126476,30,0,32 8 19,2,5,,126514,30,0,32 8 19,2,5,,126479,30,0,32 8 19,2,7,,126403,30,0,32 8 19,2,9,,126498,30,0,32 8 19,2,7,,126507,30,0,32 8 19,2,5,,126393,30,0,32 8 19,2,5,,126408,30,0,32 8 19,2,6,,126424,30,0,32 8 19,2,6,,115562,30,0,32 8 19,2,46,,126478,30,0,32 8 19,2,6,,126459,30,0,32 8 19,2,6,,126516,30,0,32 8 19,2,6,,126451,30,0,32 8 19,2,6,,126503,30,0,32 8 19,2,6,,126485,30,0,32 8 19,2,6,,126481,30,0,32 8 19,2,6,,126415,30,0,32 8 19,2,6,,126419,30,0,32 8 19,2,6,,126404,30,0,32 8 19,2,46,,126430,30,0,32 8 19,2,6,,126465,30,0,32 8 19,2,6,,126426,30,0,32 8 19,2,6,,109684,30,0,32 8 19,2,6,,126436,30,0,32 8 19,2,6,,126420,30,0,32 8 19,2,6,,126399,30,0,32 8 19,2,6,,126489,30,0,32 8 19,2,6,,126518,30,0,32 8 19,2,6,,126456,30,0,32 8 19,2,46,,126509,30,0,32 8 19,2,7,,126504,30,0,32 8 19,2,10,,126389,30,0,32 8 19,2,10,,126398,30,0,32 8 19,2,10,,126382,30,0,32 8 19,2,10,,111368,30,0,32 8 19,2,50,,126475,30,0,32 8 19,2,10,,126486,30,0,32 8 19,2,10,,126455,30,0,32 8 19,2,10,,126449,30,0,32 8 19,2,10,,126413,30,0,32 8 19,2,10,,126452,30,0,32 8 19,2,50,,126423,30,0,32 8 19,2,10,,126497,30,0,32 8 19,2,10,,126429,30,0,32 8 19,2,10,,126458,30,0,32 8 19,2,10,,126371,30,0,32 8 19,2,10,,126480,30,0,32 8 19,2,50,,126438,30,0,32 8 19,2,10,,126402,30,0,32 8 19,2,10,,126387,30,0,32 8 19,2,10,,126521,30,0,32 8 19,2,10,,126502,30,0,32 8 19,2,10,,126373,30,0,32 8 19,2,50,,126410,30,0,32 8 19,2,10,,126495,30,0,32 8 19,2,10,,126508,30,0,32 8 19,2,10,,126418,30,0,32 8 19,2,10,,126473,30,0,32 8 19,2,10,,126460,30,0,32 8 19,2,51,,126417,30,0,32 8 19,2,8,,126446,30,0,32 8 19,2,11,,126510,30,0,32 8 19,2,3,,126483,30,0,32 8 19,2,6,,126390,30,0,32 8 19,2,6,,126397,30,0,32 8 19,2,6,,126515,30,0,32 8 19,2,6,,126470,30,0,32 8 19,2,6,,126474,30,0,32 8 19,2,46,,126462,30,0,32 8 19,2,6,,126457,30,0,32 8 19,2,6,,126374,30,0,32 8 19,2,6,,126379,30,0,32 8 19,2,6,,126411,30,0,32 8 19,2,6,,126381,30,0,32 8 19,2,6,,126428,30,0,32 8 19,2,6,,126440,30,0,32 8 19,2,6,,126431,30,0,32 8 19,2,6,,126395,30,0,32 8 19,2,46,,126392,30,0,32 8 19,2,6,,126425,30,0,32 8 19,2,6,,126439,30,0,32 8 19,2,6,,126432,30,0,32 8 19,2,6,,126377,30,0,32 8 19,2,6,,126466,30,0,32 8 19,2,6,,126414,30,0,32 8 19,2,6,,126394,30,0,32 8 19,2,6,,126386,30,0,32 8 19,2,6,,126453,30,0,32 8 19,2,46,,126463,30,0,32 8 19,2,6,,126441,30,0,32 8 19,2,6,,126472,30,0,32 8 19,2,6,,126447,30,0,32 8 19,2,6,,126372,30,0,32 8 19,2,6,,126407,30,0,32 8 19,2,6,,126471,30,0,32 8 19,2,6,,126490,30,0,32 8 19,2,6,,126511,30,0,32 8 19,2,7,,126454,30,0,32 8 19,2,47,,126376,30,0,32 8 19,2,7,,126464,30,0,32 8 19,2,7,,126520,30,0,32 8 19,2,7,,126388,30,0,32 8 19,2,6,,126435,30,0,32 8 19,2,7,,126450,30,0,32 8 19,2,5,,126491,30,0,32 8 19,2,7,,126513,30,0,32 8 19,2,8,,126380,30,0,32 8 19,2,48,,126448,30,0,32 8 19,2,8,,126400,30,0,32 8 19,2,8,,126422,30,0,32 8 19,2,8,,126467,30,0,32 8 19,2,8,,126501,30,0,32 8 19,2,8,,126384,30,0,32 8 19,2,8,,126405,30,0,32 8 19,2,48,,126444,30,0,32 8 19,2,8,,126391,30,0,32 8 19,2,8,,126468,30,0,32 8 19,2,8,,126461,30,0,32 8 19,2,8,,126401,30,0,32 8 19,2,8,,126385,30,0,32 8 19,2,8,,126443,30,0,32 8 19,2,8,,126494,30,0,32 8 19,2,48,,126499,30,0,32 8 19,2,9,,126442,30,0,32 8 19,2,9,,126396,30,0,32 8 19,2,8,,126409,30,0,32 8 19,2,7,,126493,30,0,32 8 19,2,9,,126505,30,0,32 8 19,2,10,,126517,30,0,32 8 19,2,50,,126487,30,0,32 8 19,2,10,,126492,30,0,32 8 19,2,10,,126406,30,0,32 8 19,2,10,,126484,30,0,32 8 19,2,10,,126496,30,0,32 8 19,2,10,,126482,30,0,32 8 19,2,50,,126477,30,0,32 8 19,2,10,,126412,30,0,32 8 19,2,10,,126427,30,0,32 8 19,2,10,,126416,30,0,32 8 19,2,10,,126512,30,0,32 8 19,2,54,,126378,30,0,32 8 19,2,17,,126519,30,0,32 8 19,2,17,,126437,30,0,32 8 19,2
50302,'2',451,,126633,30,0,32 8 19,2,50,,126624,30,0,32 8 19,2,10,,119310,30,0,32 8 19,2,10,,126538,30,0,32 8 19,2,8,,126530,30,0,32 8 19,2,8,,126562,30,0,32 8 19,2,9,,126628,30,0,32 8 19,2,10,,126605,30,0,32 8 19,2,50,,126570,30,0,32 8 19,2,10,,126629,30,0,32 8 19,2,10,,126604,30,0,32 8 19,2,10,,126592,30,0,32 8 19,2,10,,126616,30,0,32 8 19,2,10,,126601,30,0,32 8 19,2,50,,126552,30,0,32 8 19,2,10,,126563,30,0,32 8 19,2,10,,126631,30,0,32 8 19,2,10,,126646,30,0,32 8 19,2,10,,126589,30,0,32 8 19,2,10,,126637,30,0,32 8 19,2,50,,126544,30,0,32 8 19,2,10,,126621,30,0,32 8 19,2,12,,126571,30,0,32 8 19,2,14,,126523,30,0,32 8 19,2,11,,126540,30,0,32 8 19,2,49,,126617,30,0,32 8 19,2,9,,126600,30,0,32 8 19,2,9,,126549,30,0,32 8 19,2,10,,126630,30,0,32 8 19,2,10,,126529,30,0,32 8 19,2,10,,126564,30,0,32 8 19,2,50,,126585,30,0,32 8 19,2,10,,126642,30,0,32 8 19,2,10,,126643,30,0,32 8 19,2,10,,126620,30,0,32 8 19,2,10,,126546,30,0,32 8 19,2,10,,126545,30,0,32 8 19,2,50,,126652,30,0,32 8 19,2,10,,126614,30,0,32 8 19,2,10,,126644,30,0,32 8 19,2,10,,126567,30,0,32 8 19,2,10,,126550,30,0,32 8 19,2,11,,126578,30,0,32 8 19,2,5,,126627,30,0,32 8 19,2,45,,126528,30,0,32 8 19,2,10,,126533,30,0,32 8 19,2,10,,126581,30,0,32 8 19,2,10,,126573,30,0,32 8 19,2,7,,126575,30,0,32 8 19,2,5,,126557,30,0,32 8 19,2,10,,126560,30,0,32 8 19,2,50,,126655,30,0,32 8 19,2,10,,126597,30,0,32 8 19,2,5,,126558,30,0,32 8 19,2,5,,126622,30,0,32 8 19,2,10,,126579,30,0,32 8 19,2,8,,126569,30,0,32 8 19,2,8,,126648,30,0,32 8 19,2,8,,126525,30,0,32 8 19,2,48,,126548,30,0,32 8 19,2,8,,126531,30,0,32 8 19,2,8,,126522,30,0,32 8 19,2,8,,126645,30,0,32 8 19,2,8,,126638,30,0,32 8 19,2,8,,126611,30,0,32 8 19,2,8,,126590,30,0,32 8 19,2,48,,126619,30,0,32 8 19,2,8,,126591,30,0,32 8 19,2,8,,126607,30,0,32 8 19,2,8,,126657,30,0,32 8 19,2,8,,126568,30,0,32 8 19,2,8,,126634,30,0,32 8 19,2,8,,126539,30,0,32 8 19,2,8,,126626,30,0,32 8 19,2,48,,126647,30,0,32 8 19,2,8,,126583,30,0,32 8 19,2,8,,126524,30,0,32 8 19,2,8,,126536,30,0,32 8 19,2,8,,112405,30,0,32 8 19,2,8,,111586,30,0,32 8 19,2,8,,126559,30,0,32 8 19,2,48,,126588,30,0,32 8 19,2,8,,115036,30,0,32 8 19,2,8,,126615,30,0,32 8 19,2,8,,126640,30,0,32 8 19,2,8,,126602,30,0,32 8 19,2,8,,126654,30,0,32 8 19,2,8,,126582,30,0,32 8 19,2,8,,126561,30,0,32 8 19,2,48,,126595,30,0,32 8 19,2,8,,126553,30,0,32 8 19,2,8,,126598,30,0,32 8 19,2,8,,126599,30,0,32 8 19,2,8,,126534,30,0,32 8 19,2,8,,126577,30,0,32 8 19,2,8,,126527,30,0,32 8 19,2,48,,126610,30,0,32 8 19,2,9,,126576,30,0,32 8 19,2,9,,126580,30,0,32 8 19,2,9,,126584,30,0,32 8 19,2,10,,126650,30,0,32 8 19,2,9,,126547,30,0,32 8 19,2,9,,126649,30,0,32 8 19,2,50,,126635,30,0,32 8 19,2,10,,126532,30,0,32 8 19,2,10,,126542,30,0,32 8 19,2,10,,126639,30,0,32 8 19,2,10,,126574,30,0,32 8 19,2,10,,126594,30,0,32 8 19,2,50,,126606,30,0,32 8 19,2,10,,126572,30,0,32 8 19,2,10,,126618,30,0,32 8 19,2,10,,126612,30,0,32 8 19,2,10,,126554,30,0,32 8 19,2,10,,126603,30,0,32 8 19,2,50,,126632,30,0,32 8 19,2,10,,126651,30,0,32 8 19,2,11,,126608,30,0,32 8 19,2,9,,126586,30,0,32 8 19,2,9,,126613,30,0,32 8 19,2,10,,126587,30,0,32 8 19,2,50,,126551,30,0,32 8 19,2,10,,126541,30,0,32 8 19,2,10,,126535,30,0,32 8 19,2,10,,126543,30,0,32 8 19,2,10,,126625,30,0,32 8 19,2,10,,126609,30,0,32 8 19,2,50,,126656,30,0,32 8 19,2,10,,126526,30,0,32 8 19,2,10,,126623,30,0,32 8 19,2,10,,126537,30,0,32 8 19,2,10,,126556,30,0,32 8 19,2,10,,126555,30,0,32 8 19,2,50,,126636,30,0,32 8 19,2,10,,126596,30,0,32 8 19,2,10,,126641,30,0,32 8 19,2,10,,126565,30,0,32 8 19,2,10,,111498,30,0,32 8 19,2,10,,126653,30,0,32 8 19,2,48,,126566,30,0,32 8 19,2,8,,126593,30,0,32 8 19,2
50302,'3',519,,126699,30,0,32 8 19,2,11,,126733,30,0,32 8 19,2,10,,126666,30,0,32 8 19,2,10,,126673,30,0,32 8 19,2,50,,126724,30,0,32 8 19,2,10,,126682,30,0,32 8 19,2,10,,126758,30,0,32 8 19,2,10,,126662,30,0,32 8 19,2,10,,126688,30,0,32 8 19,2,10,,126762,30,0,32 8 19,2,50,,126692,30,0,32 8 19,2,10,,126748,30,0,32 8 19,2,10,,126669,30,0,32 8 19,2,10,,126766,30,0,32 8 19,2,10,,126730,30,0,32 8 19,2,10,,126771,30,0,32 8 19,2,50,,126768,30,0,32 8 19,2,12,,126678,30,0,32 8 19,2,13,,126770,30,0,32 8 19,2,13,,126725,30,0,32 8 19,2,11,,126700,30,0,32 8 19,2,9,,126751,30,0,32 8 19,2,48,,126671,30,0,32 8 19,2,8,,126729,30,0,32 8 19,2,10,,126683,30,0,32 8 19,2,10,,126767,30,0,32 8 19,2,10,,126679,30,0,32 8 19,2,10,,126745,30,0,32 8 19,2,50,,126701,30,0,32 8 19,2,10,,126769,30,0,32 8 19,2,10,,126728,30,0,32 8 19,2,10,,112614,30,0,32 8 19,2,10,,126674,30,0,32 8 19,2,10,,126696,30,0,32 8 19,2,50,,126722,30,0,32 8 19,2,10,,126735,30,0,32 8 19,2,10,,126753,30,0,32 8 19,2,10,,126727,30,0,32 8 19,2,10,,126743,30,0,32 8 19,2,10,,126712,30,0,32 8 19,2,50,,126742,30,0,32 8 19,2,10,,126736,30,0,32 8 19,2,9,,126685,30,0,32 8 19,2,9,,126705,30,0,32 8 19,2,12,,126721,30,0,32 8 19,2,9,,126744,30,0,32 8 19,2,49,,126706,30,0,32 8 19,2,10,,126726,30,0,32 8 19,2,10,,126763,30,0,32 8 19,2,10,,126756,30,0,32 8 19,2,10,,126677,30,0,32 8 19,2,10,,126665,30,0,32 8 19,2,50,,126675,30,0,32 8 19,2,10,,126676,30,0,32 8 19,2,10,,126740,30,0,32 8 19,2,10,,126667,30,0,32 8 19,2,10,,126689,30,0,32 8 19,2,10,,126697,30,0,32 8 19,2,50,,126732,30,0,32 8 19,2,10,,126749,30,0,32 8 19,2,10,,108420,30,0,32 8 19,2,10,,126708,30,0,32 8 19,2,10,,126714,30,0,32 8 19,2,10,,126750,30,0,32 8 19,2,50,,126710,30,0,32 8 19,2,10,,126711,30,0,32 8 19,2,10,,126773,30,0,32 8 19,2,10,,126659,30,0,32 8 19,2,10,,126741,30,0,32 8 19,2,10,,126693,30,0,32 8 19,2,50,,126684,30,0,32 8 19,2,10,,126680,30,0,32 8 19,2,10,,126661,30,0,32 8 19,2,10,,126694,30,0,32 8 19,2,10,,126746,30,0,32 8 19,2,10,,126772,30,0,32 8 19,2,50,,126765,30,0,32 8 19,2,10,,126761,30,0,32 8 19,2,10,,126734,30,0,32 8 19,2,10,,126754,30,0,32 8 19,2,10,,126764,30,0,32 8 19,2,10,,126668,30,0,32 8 19,2,50,,126760,30,0,32 8 19,2,10,,126731,30,0,32 8 19,2,10,,126779,30,0,32 8 19,2,11,,126709,30,0,32 8 19,2,9,,126737,30,0,32 8 19,2,12,,126717,30,0,32 8 19,2,50,,126719,30,0,32 8 19,2,10,,126707,30,0,32 8 19,2,10,,126663,30,0,32 8 19,2,10,,126670,30,0,32 8 19,2,10,,126739,30,0,32 8 19,2,10,,126759,30,0,32 8 19,2,50,,113315,30,0,32 8 19,2,10,,126774,30,0,32 8 19,2,10,,126702,30,0,32 8 19,2,10,,126738,30,0,32 8 19,2,10,,126691,30,0,32 8 19,2,10,,126660,30,0,32 8 19,2,50,,126687,30,0,32 8 19,2,10,,126686,30,0,32 8 19,2,10,,126747,30,0,32 8 19,2,11,,126718,30,0,32 8 19,2,9,,118820,30,0,32 8 19,2,6,,126777,30,0,32 8 19,2,50,,126713,30,0,32 8 19,2,10,,126690,30,0,32 8 19,2,10,,126672,30,0,32 8 19,2,10,,126716,30,0,32 8 19,2,10,,126698,30,0,32 8 19,2,10,,126715,30,0,32 8 19,2,50,,126703,30,0,32 8 19,2,10,,126775,30,0,32 8 19,2,10,,126704,30,0,32 8 19,2,10,,126755,30,0,32 8 19,2,10,,126681,30,0,32 8 19,2,10,,126757,30,0,32 8 19,2,50,,126723,30,0,32 8 19,2,10,,126664,30,0,32 8 19,2,10,,126695,30,0,32 8 19,2,10,,126752,30,0,32 8 19,2,10,,126658,30,0,32 8 19,2,10,,126776,30,0,32 8 19,2,53,,126778,30,0,32 8 19,2,14,,126720,30,0,32 8 19,2
50302,'5',519,,122246,30,0,32 8 19,2,11,,126803,30,0,32 8 19,2,10,,126879,30,0,32 8 19,2,10,,126871,30,0,32 8 19,2,50,,126857,30,0,32 8 19,2,10,,126891,30,0,32 8 19,2,10,,126814,30,0,32 8 19,2,10,,126833,30,0,32 8 19,2,10,,126797,30,0,32 8 19,2,10,,126888,30,0,32 8 19,2,50,,126885,30,0,32 8 19,2,10,,126828,30,0,32 8 19,2,10,,126856,30,0,32 8 19,2,10,,126810,30,0,32 8 19,2,10,,126780,30,0,32 8 19,2,10,,126817,30,0,32 8 19,2,50,,126886,30,0,32 8 19,2,12,,112772,30,0,32 8 19,2,13,,119835,30,0,32 8 19,2,13,,126860,30,0,32 8 19,2,11,,126822,30,0,32 8 19,2,9,,126820,30,0,32 8 19,2,48,,126787,30,0,32 8 19,2,8,,126830,30,0,32 8 19,2,10,,126832,30,0,32 8 19,2,10,,126845,30,0,32 8 19,2,10,,111071,30,0,32 8 19,2,10,,126865,30,0,32 8 19,2,50,,126883,30,0,32 8 19,2,10,,126872,30,0,32 8 19,2,10,,126876,30,0,32 8 19,2,10,,126796,30,0,32 8 19,2,10,,106095,30,0,32 8 19,2,10,,126864,30,0,32 8 19,2,50,,126878,30,0,32 8 19,2,10,,126866,30,0,32 8 19,2,10,,126808,30,0,32 8 19,2,10,,126873,30,0,32 8 19,2,10,,126839,30,0,32 8 19,2,10,,126875,30,0,32 8 19,2,50,,126818,30,0,32 8 19,2,10,,126802,30,0,32 8 19,2,9,,126868,30,0,32 8 19,2,9,,126896,30,0,32 8 19,2,12,,126782,30,0,32 8 19,2,9,,126867,30,0,32 8 19,2,49,,126846,30,0,32 8 19,2,10,,126881,30,0,32 8 19,2,10,,126854,30,0,32 8 19,2,10,,126819,30,0,32 8 19,2,10,,126882,30,0,32 8 19,2,10,,126852,30,0,32 8 19,2,50,,126783,30,0,32 8 19,2,10,,126791,30,0,32 8 19,2,10,,126847,30,0,32 8 19,2,10,,109086,30,0,32 8 19,2,10,,126823,30,0,32 8 19,2,10,,126893,30,0,32 8 19,2,50,,126829,30,0,32 8 19,2,10,,126855,30,0,32 8 19,2,10,,126853,30,0,32 8 19,2,10,,126835,30,0,32 8 19,2,10,,126840,30,0,32 8 19,2,10,,126825,30,0,32 8 19,2,50,,126858,30,0,32 8 19,2,10,,126877,30,0,32 8 19,2,10,,126880,30,0,32 8 19,2,10,,126849,30,0,32 8 19,2,10,,126834,30,0,32 8 19,2,10,,126859,30,0,32 8 19,2,50,,126815,30,0,32 8 19,2,10,,126807,30,0,32 8 19,2,10,,126824,30,0,32 8 19,2,10,,126841,30,0,32 8 19,2,10,,126869,30,0,32 8 19,2,10,,126874,30,0,32 8 19,2,50,,116124,30,0,32 8 19,2,10,,126827,30,0,32 8 19,2,10,,126842,30,0,32 8 19,2,10,,126844,30,0,32 8 19,2,10,,126781,30,0,32 8 19,2,10,,126826,30,0,32 8 19,2,50,,126812,30,0,32 8 19,2,10,,126801,30,0,32 8 19,2,10,,126884,30,0,32 8 19,2,11,,126894,30,0,32 8 19,2,9,,126813,30,0,32 8 19,2,12,,126821,30,0,32 8 19,2,50,,126811,30,0,32 8 19,2,10,,126806,30,0,32 8 19,2,10,,126799,30,0,32 8 19,2,10,,126890,30,0,32 8 19,2,10,,126892,30,0,32 8 19,2,10,,126805,30,0,32 8 19,2,50,,126870,30,0,32 8 19,2,10,,126836,30,0,32 8 19,2,10,,126831,30,0,32 8 19,2,10,,126785,30,0,32 8 19,2,10,,113446,30,0,32 8 19,2,10,,126850,30,0,32 8 19,2,50,,126862,30,0,32 8 19,2,10,,126809,30,0,32 8 19,2,10,,126790,30,0,32 8 19,2,11,,126887,30,0,32 8 19,2,9,,126895,30,0,32 8 19,2,6,,126838,30,0,32 8 19,2,50,,126837,30,0,32 8 19,2,10,,126798,30,0,32 8 19,2,10,,126804,30,0,32 8 19,2,10,,126848,30,0,32 8 19,2,10,,126792,30,0,32 8 19,2,10,,113407,30,0,32 8 19,2,50,,126851,30,0,32 8 19,2,10,,126889,30,0,32 8 19,2,10,,126861,30,0,32 8 19,2,10,,126800,30,0,32 8 19,2,10,,126793,30,0,32 8 19,2,10,,126784,30,0,32 8 19,2,50,,126863,30,0,32 8 19,2,10,,126843,30,0,32 8 19,2,10,,126816,30,0,32 8 19,2,10,,126788,30,0,32 8 19,2,10,,126794,30,0,32 8 19,2,10,,126789,30,0,32 8 19,2,53,,126786,30,0,32 8 19,2,14,,126795,30,0,32 8 19,2
50402,'1',406,,128166,5,0,46 5 41,2,15,,128140,5,0,46 5 41,2,15,,127922,5,0,46 5 41,2,1,,128011,5,0,21,2,9,,128059,5,0,46 5 41,2,5,,128158,5,0,21,2,6,,119188,3,0,46 5 41,2,48,,127965,15,0,21,2,3,,127924,3,0,46 5 41,2,7,,127947,15,0,21,2,3,,127974,3,0,46 5 41,2,7,,127980,15,0,21,2,3,,128139,3,0,46 5 41,2,7,,127950,15,0,21,2,3,,128055,3,0,46 5 41,2,7,,128034,15,0,21,2,3,,128115,3,0,46 5 41,2,7,,127992,15,0,21,2,3,,128179,3,0,46 5 41,2,47,,127993,15,0,21,2,1,,127961,3,0,46 5 41,2,5,,127935,14,0,21,2,5,,128008,3,0,46 5 41,2,5,,128114,14,0,21,2,5,,128178,3,0,46 5 41,2,5,,127916,14,0,21,2,5,,128004,3,0,46 5 41,2,5,,128021,14,0,21,2,5,,128014,3,0,46 5 41,2,2,,128127,5,0,46 5 41,2,3,,127975,14,0,21,2,5,,128110,3,0,46 5 41,2,45,,127963,14,0,21,2,5,,128096,3,0,46 5 41,2,5,,128148,14,0,21,2,5,,128099,3,0,46 5 41,2,2,,128033,5,0,46 5 41,2,4,,128084,14,0,21,2,2,,128098,3,0,46 5 41,2,4,,128154,3,0,46 5 41,2,4,,127970,14,0,21,2,4,,128015,5,0,21,2,3,,128172,3,0,46 5 41,2,2,,128156,14,0,21,2,6,,128135,14,0,21,2,3,,128078,3,0,46 5 41,2,3,,128136,14,0,21,2,3,,128149,3,0,46 5 41,2,44,,128053,14,0,21,2,3,,128180,3,0,46 5 41,2,3,,128176,14,0,21,2,4,,127914,3,0,46 5 41,2,2,,128090,14,0,21,2,7,,127919,3,0,46 5 41,2,6,,128009,14,0,21,2,3,,127979,3,0,46 5 41,2,1,,127997,3,0,17 3 14,2,2,,128039,14,0,21,2,3,,127967,3,0,46 5 41,2,2,,128095,14,0,21,2,6,,128032,3,0,46 5 41,2,5,,127938,3,0,17 3 14,2,1,,127940,14,0,21,2,4,,128113,3,0,46 5 41,2,3,,127978,3,0,17 3 14,2,3,,128126,3,0,46 5 41,2,1,,128075,14,0,21,2,45,,127971,3,0,17 3 14,2,4,,128071,14,0,21,2,2,,128066,3,0,46 5 41,2,2,,127915,3,0,17 3 14,2,4,,128023,14,0,21,2,1,,109715,3,0,46 5 41,2,5,,128047,3,0,46 5 41,2,1,,128079,3,0,17 3 14,2,1,,128018,14,0,21,2,6,,128081,3,0,46 5 41,2,2,,128073,14,0,21,2,8,,127995,14,0,21,2,3,,128117,3,0,46 5 41,2,5,,128100,14,0,21,2,2,,128031,3,0,17 3 14,2,2,,127956,3,0,46 5 41,2,4,,128155,14,0,21,2,45,,127951,3,0,46 5 41,2,3,,128125,14,0,21,2,6,,128182,3,0,46 5 41,2,2,,128130,14,0,21,2,8,,127973,14,0,21,2,4,,128151,3,0,46 5 41,2,4,,128163,14,0,21,2,4,,128042,3,0,46 5 41,2,4,,127912,14,0,21,2,7,,128024,3,0,46 5 41,2,7,,128028,14,0,21,2,4,,128072,3,0,46 5 41,2,5,,128181,14,0,21,2,44,,128083,3,0,46 5 41,2,4,,127958,14,0,21,2,5,,128094,3,0,46 5 41,2,4,,127968,14,0,21,2,5,,128160,3,0,46 5 41,2,5,,127934,14,0,21,2,5,,128169,3,0,46 5 41,2,5,,127953,14,0,21,2,5,,127932,3,0,46 5 41,2,5,,127933,14,0,21,2,5,,128003,3,0,46 5 41,2,5,,127972,14,0,21,2,45,,127923,3,0,46 5 41,2,5,,112931,14,0,21,2,5,,121317,3,0,46 5 41,2,5,,128040,14,0,21,2,5,,128111,3,0,46 5 41,2,5,,128131,14,0,21,2,5,,127999,3,0,46 5 41,2,5,,128157,14,0,21,2,5,,128077,3,0,46 5 41,2,5,,128056,14,0,21,2,5,,128146,3,0,46 5 41,2,5,,128104,14,0,21,2,45,,128122,3,0,46 5 41,2,5,,128112,14,0,21,2,5,,128101,3,0,46 5 41,2,5,,128006,14,0,21,2,5,,128002,3,0,46 5 41,2,5,,128170,14,0,21,2,5,,128000,3,0,46 5 41,2,5,,127960,14,0,21,2,5,,128132,3,0,46 5 41,2,5,,128086,14,0,21,2,5,,128174,3,0,46 5 41,2,5,,128153,14,0,21,2,45,,128069,3,0,46 5 41,2,5,,127910,14,0,21,2,5,,128022,3,0,46 5 41,2,5,,127988,14,0,21,2,5,,128103,3,0,46 5 41,2,6,,128036,14,0,21,2,5,,127982,3,0,46 5 41,2,5,,128017,14,0,21,2,4,,128046,5,0,46 5 41,2,3,,128177,3,0,46 5 41,2,4,,127964,14,0,21,2,4,,127921,5,0,21,2,3,,127930,3,0,46 5 41,2,3,,128106,14,0,21,2,45,,128089,3,0,46 5 41,2,5,,128029,14,0,21,2,5,,128062,3,0,46 5 41,2,5,,127966,14,0,21,2,5,,127981,3,0,46 5 41,2,5,,128161,14,0,21,2,6,,128068,3,0,46 5 41,2,4,,128026,14,0,21,2,6,,127990,3,0,46 5 41,2,5,,128070,14,0,21,2,6,,128064,3,0,46 5 41,2,46,,127948,14,0,21,2,5,,127954,3,0,46 5 41,2,6,,128105,14,0,21,2,5,,127908,3,0,46 5 41,2,5,,128138,14,0,21,2,5,,128061,3,0,46 5 41,2,5,,128184,14,0,21,2,5,,127984,3,0,46 5 41,2,5,,128052,14,0,21,2,5,,127937,3,0,46 5 41,2,5,,128128,14,0,21,2,5,,128063,3,0,46 5 41,2,45,,127977,14,0,21,2,5,,127946,3,0,46 5 41,2,5,,128012,14,0,21,2,5,,127987,3,0,46 5 41,2,5,,128010,14,0,21,2,5,,128067,3,0,46 5 41,2,5,,128143,14,0,21,2,5,,127998,3,0,46 5 41,2,5,,127911,14,0,21,2,5,,128134,3,0,46 5 41,2,5,,128159,14,0,21,2,5,,127943,3,0,46 5 41,2,45,,128150,14,0,21,2,5,,128137,3,0,46 5 41,2,5,,127996,14,0,21,2,5,,128038,3,0,46 5 41,2,5,,128027,14,0,21,2,5,,128025,3,0,46 5 41,2,5,,128050,14,0,21,2,5,,128175,3,0,46 5 41,2,5,,128120,14,0,21,2,5,,128097,3,0,46 5 41,2,5,,128051,14,0,21,2,5,,127986,3,0,46 5 41,2,45,,127928,14,0,21,2,5,,127920,3,0,46 5 41,2,5,,127931,14,0,21,2,4,,127957,3,0,46 5 41,2,5,,128145,14,0,21,2,5,,128183,3,0,46 5 41,2,4,,127929,14,0,21,2,5,,116358,3,0,46 5 41,2,5,,128142,14,0,21,2,5,,127925,3,0,46 5 41,2,4,,122444,14,0,21,2,5,,128152,3,0,46 5 41,2,5,,127976,14,0,21,2,48,,128035,14,0,21,2,2,,128085,3,0,46 5 41,2,6,,128109,14,0,21,2,4,,128013,3,0,46 5 41,2,6,,128133,14,0,21,2,4,,128102,3,0,46 5 41,2,6,,127936,14,0,21,2,4,,127985,3,0,46 5 41,2,5,,128129,14,0,21,2,5,,127949,3,0,46 5 41,2,5,,128123,14,0,21,2,5,,128057,3,0,46 5 41,2,45,,128168,14,0,21,2,5,,127909,3,0,46 5 41,2,5,,128060,14,0,21,2,5,,128121,3,0,46 5 41,2,5,,127969,14,0,21,2,5,,128037,3,0,46 5 41,2,5,,128074,14,0,21,2,5,,128167,3,0,46 5 41,2,5,,127989,14,0,21,2,5,,120533,3,0,46 5 41,2,5,,128108,14,0,21,2,5,,121279,3,0,46 5 41,2,45,,128043,14,0,21,2,5,,128030,3,0,46 5 41,2,5,,127945,14,0,21,2,5,,127991,3,0,46 5 41,2,5,,128054,14,0,21,2,5,,128093,3,0,46 5 41,2,5,,109133,14,0,21,2,5,,128147,3,0,46 5 41,2,5,,127927,14,0,21,2,5,,127952,3,0,46 5 41,2,5,,128058,14,0,21,2,4,,128005,3,0,46 5 41,2,45,,107088,14,0,21,2,5,,127913,3,0,46 5 41,2,5,,128082,14,0,21,2,5,,128065,3,0,46 5 41,2,5,,128107,14,0,21,2,5,,127944,3,0,46 5 41,2,5,,128164,14,0,21,2,5,,127983,3,0,46 5 41,2,5,,128144,14,0,21,2,5,,127959,3,0,46 5 41,2,5,,112201,14,0,21,2,5,,128048,3,0,46 5 41,2,45,,128087,14,0,21,2,5,,127941,3,0,46 5 41,2,5,,114700,14,0,21,2,5,,128141,3,0,46 5 41,2,5,,128092,14,0,21,2,5,,127955,3,0,46 5 41,2,5,,127906,14,0,21,2,5,,128016,3,0,46 5 41,2,5,,128091,14,0,21,2,5,,128044,3,0,46 5 41,2,5,,128045,14,0,21,2,5,,128118,3,0,46 5 41,2,45,,128007,14,0,21,2,5,,128019,3,0,46 5 41,2,5,,128041,14,0,21,2,5,,128080,3,0,46 5 41,2,5,,127918,14,0,21,2,5,,128076,3,0,46 5 41,2,5,,128119,14,0,21,2,5,,127907,3,0,46 5 41,2,5,,128165,14,0,21,2,5,,128185,3,0,46 5 41,2,5,,128020,14,0,21,2,48,,128124,3,0,46 5 41,2,2,,128088,14,0,21,2,10,,128173,14,0,21,2
50402,'2',403,,128353,5,0,46 5 41,2,20,,128215,5,0,46 5 41,2,12,,128386,5,0,46 5 41,2,10,,128216,5,0,21,2,9,,128395,5,0,46 5 41,2,47,,128283,5,0,46 5 41,2,5,,128347,5,0,21,2,5,,128313,5,0,46 5 41,2,5,,128352,15,0,21,2,5,,128206,5,0,46 5 41,2,5,,128414,5,0,46 5 41,2,5,,128424,15,0,21,2,5,,128191,3,0,46 5 41,2,5,,128305,15,0,21,2,5,,128278,3,0,46 5 41,2,5,,128205,15,0,21,2,5,,128245,3,0,46 5 41,2,45,,128370,15,0,21,2,5,,128420,3,0,46 5 41,2,5,,128190,14,0,21,2,5,,128324,3,0,46 5 41,2,5,,128194,14,0,21,2,5,,128307,3,0,46 5 41,2,5,,128434,14,0,21,2,5,,128356,3,0,46 5 41,2,5,,128392,5,0,21,2,5,,128437,14,0,21,2,5,,128255,3,0,46 5 41,2,5,,128431,14,0,21,2,45,,128421,3,0,46 5 41,2,5,,128203,14,0,21,2,5,,128275,3,0,46 5 41,2,5,,128423,14,0,21,2,5,,128217,3,0,46 5 41,2,5,,128343,14,0,21,2,5,,128426,3,0,46 5 41,2,5,,128379,14,0,21,2,5,,128355,3,0,46 5 41,2,5,,128235,14,0,21,2,5,,128224,3,0,46 5 41,2,5,,128397,14,0,21,2,44,,128319,3,0,46 5 41,2,4,,128213,3,0,46 5 41,2,2,,128281,14,0,21,2,8,,128258,3,0,46 5 41,2,2,,128303,14,0,21,2,8,,128333,3,0,46 5 41,2,5,,128336,14,0,21,2,5,,128357,3,0,46 5 41,2,5,,128223,14,0,21,2,5,,128265,3,0,46 5 41,2,4,,128233,5,0,21,2,3,,128301,14,0,21,2,6,,128308,3,0,46 5 41,2,47,,128198,14,0,21,2,4,,128257,3,0,46 5 41,2,6,,128439,3,0,46 5 41,2,5,,128385,14,0,21,2,5,,128354,3,0,46 5 41,2,4,,128328,5,0,21,2,4,,128212,14,0,21,2,5,,114821,3,0,46 5 41,2,6,,128329,14,0,21,2,5,,128289,3,0,46 5 41,2,5,,128219,14,0,21,2,5,,128264,3,0,46 5 41,2,45,,128342,14,0,21,2,5,,128274,3,0,46 5 41,2,5,,128376,14,0,21,2,5,,128228,3,0,46 5 41,2,5,,128335,14,0,21,2,5,,128292,3,0,46 5 41,2,5,,128244,14,0,21,2,5,,128330,3,0,46 5 41,2,5,,128433,14,0,21,2,5,,128200,3,0,46 5 41,2,5,,128276,14,0,21,2,5,,128432,3,0,46 5 41,2,45,,128348,14,0,21,2,5,,128218,3,0,46 5 41,2,5,,128268,14,0,21,2,4,,128411,3,0,46 5 41,2,6,,128249,14,0,21,2,4,,128340,3,0,46 5 41,2,3,,113189,5,0,46 5 41,2,3,,128294,14,0,21,2,5,,128243,3,0,46 5 41,2,5,,128399,14,0,21,2,5,,128248,3,0,46 5 41,2,5,,128261,14,0,21,2,6,,128371,3,0,46 5 41,2,47,,128408,14,0,21,2,5,,128346,3,0,46 5 41,2,5,,128208,14,0,21,2,5,,128295,3,0,46 5 41,2,5,,128322,14,0,21,2,5,,128293,3,0,46 5 41,2,5,,128238,14,0,21,2,5,,128440,3,0,46 5 41,2,5,,128417,14,0,21,2,5,,128359,3,0,46 5 41,2,5,,128345,14,0,21,2,45,,128362,3,0,46 5 41,2,5,,128266,14,0,21,2,5,,128398,3,0,46 5 41,2,5,,128375,14,0,21,2,5,,128430,3,0,46 5 41,2,5,,128298,14,0,21,2,4,,128250,3,0,46 5 41,2,3,,128396,14,0,21,2,4,,122692,3,0,46 5 41,2,3,,128201,14,0,21,2,7,,128273,3,0,46 5 41,2,7,,128220,14,0,21,2,1,,128230,5,0,21,2,45,,128246,3,0,46 5 41,2,4,,128337,14,0,21,2,5,,128222,3,0,46 5 41,2,5,,128247,14,0,21,2,5,,128269,3,0,46 5 41,2,5,,128438,14,0,21,2,5,,128260,3,0,46 5 41,2,5,,128358,14,0,21,2,5,,128207,3,0,46 5 41,2,5,,128349,14,0,21,2,5,,128361,3,0,46 5 41,2,5,,128419,14,0,21,2,5,,128321,3,0,46 5 41,2,45,,128271,14,0,21,2,5,,128221,3,0,46 5 41,2,5,,128360,14,0,21,2,5,,128189,3,0,46 5 41,2,5,,128350,14,0,21,2,5,,128188,3,0,46 5 41,2,5,,128326,14,0,21,2,5,,128197,3,0,46 5 41,2,5,,128427,14,0,21,2,5,,128287,3,0,46 5 41,2,5,,128232,14,0,21,2,5,,128381,3,0,46 5 41,2,45,,128225,14,0,21,2,5,,128393,3,0,46 5 41,2,5,,128270,14,0,21,2,5,,128365,3,0,46 5 41,2,5,,128442,14,0,21,2,5,,128318,3,0,46 5 41,2,5,,128380,14,0,21,2,5,,128291,3,0,46 5 41,2,5,,128254,14,0,21,2,5,,128296,3,0,46 5 41,2,5,,128210,14,0,21,2,5,,128400,3,0,46 5 41,2,45,,128388,14,0,21,2,5,,128367,3,0,46 5 41,2,5,,128387,14,0,21,2,5,,128332,3,0,46 5 41,2,5,,128286,14,0,21,2,5,,128409,3,0,46 5 41,2,5,,116674,14,0,21,2,5,,128323,3,0,46 5 41,2,5,,128312,14,0,21,2,5,,128410,3,0,46 5 41,2,5,,128404,14,0,21,2,5,,128267,3,0,46 5 41,2,45,,128368,14,0,21,2,5,,128290,3,0,46 5 41,2,5,,128429,14,0,21,2,5,,128309,3,0,46 5 41,2,5,,128302,14,0,21,2,5,,128435,3,0,46 5 41,2,5,,128253,14,0,21,2,5,,128240,3,0,46 5 41,2,5,,128364,14,0,21,2,3,,114050,3,0,46 5 41,2,4,,128384,14,0,21,2,5,,128418,3,0,46 5 41,2,45,,128338,14,0,21,2,5,,128192,3,0,46 5 41,2,5,,128366,14,0,21,2,5,,128277,3,0,46 5 41,2,5,,128196,14,0,21,2,5,,128284,3,0,46 5 41,2,5,,128311,14,0,21,2,5,,128402,3,0,46 5 41,2,5,,128369,14,0,21,2,4,,128259,3,0,46 5 41,2,4,,128236,14,0,21,2,6,,128314,3,0,46 5 41,2,2,,128299,14,0,21,2,48,,128401,14,0,21,2,3,,128229,3,0,46 5 41,2,7,,128199,14,0,21,2,3,,128310,3,0,46 5 41,2,7,,128436,14,0,21,2,5,,128226,3,0,46 5 41,2,5,,110635,14,0,21,2,5,,128407,3,0,46 5 41,2,5,,128390,14,0,21,2,5,,128425,3,0,46 5 41,2,5,,128280,14,0,21,2,45,,128304,3,0,46 5 41,2,5,,128443,14,0,21,2,5,,128428,3,0,46 5 41,2,5,,128204,14,0,21,2,5,,128316,3,0,46 5 41,2,5,,128195,14,0,21,2,5,,128403,3,0,46 5 41,2,5,,128282,14,0,21,2,5,,120814,3,0,46 5 41,2,5,,128320,14,0,21,2,5,,128263,3,0,46 5 41,2,5,,128300,14,0,21,2,45,,128416,3,0,46 5 41,2,5,,128341,14,0,21,2,5,,128256,3,0,46 5 41,2,5,,128373,14,0,21,2,5,,128187,3,0,46 5 41,2,5,,128317,14,0,21,2,5,,128391,3,0,46 5 41,2,5,,128297,14,0,21,2,5,,128306,3,0,46 5 41,2,5,,118503,14,0,21,2,5,,128413,3,0,46 5 41,2,5,,128374,14,0,21,2,45,,128383,3,0,46 5 41,2,5,,128406,14,0,21,2,5,,128202,3,0,46 5 41,2,4,,128285,14,0,21,2,5,,128237,3,0,46 5 41,2,5,,128242,14,0,21,2,6,,128382,3,0,46 5 41,2,6,,128378,14,0,21,2,5,,128209,3,0,46 5 41,2,5,,128272,14,0,21,2,5,,128405,3,0,46 5 41,2,5,,128412,14,0,21,2,45,,128231,3,0,46 5 41,2,5,,128214,14,0,21,2,5,,128389,3,0,46 5 41,2,5,,128377,14,0,21,2,5,,128363,3,0,46 5 41,2,5,,128315,14,0,21,2,5,,128227,3,0,46 5 41,2,5,,128193,14,0,21,2,5,,128372,3,0,46 5 41,2,5,,122913,14,0,21,2,5,,128241,3,0,46 5 41,2,5,,128251,14,0,21,2,45,,128339,3,0,46 5 41,2,5,,128279,14,0,21,2,5,,128334,3,0,46 5 41,2,5,,128239,14,0,21,2,5,,128344,3,0,46 5 41,2,5,,128262,14,0,21,2,5,,128234,3,0,46 5 41,2,5,,128327,14,0,21,2,5,,128186,3,0,46 5 41,2,5,,121645,14,0,21,2,5,,128331,3,0,46 5 41,2,5,,128394,14,0,21,2,45,,128415,3,0,46 5 41,2,5,,128441,14,0,21,2,5,,128422,3,0,46 5 41,2
50402,'3',737,,128655,3,0,46 5 41,2,14,,128620,3,0,46 5 41,2,54,,128578,3,0,46 5 41,2,14,,128587,3,0,46 5 41,2,7,,128575,14,0,21,2,7,,128628,3,0,46 5 41,2,2,,128457,5,0,21,2,2,,128653,5,0,46 5 41,2,3,,128641,14,0,21,2,7,,128496,3,0,46 5 41,2,2,,128464,14,0,21,2,4,,123097,5,0,46 5 41,2,4,,128469,14,0,21,2,44,,128569,3,0,46 5 41,2,10,,128527,3,0,46 5 41,2,2,,128624,14,0,21,2,8,,128495,3,0,46 5 41,2,3,,128538,5,0,21,2,3,,128483,14,0,21,2,4,,128543,3,0,46 5 41,2,4,,128525,14,0,21,2,6,,128485,3,0,46 5 41,2,2,,128590,14,0,21,2,8,,128640,3,0,46 5 41,2,7,,128584,14,0,21,2,43,,128541,3,0,46 5 41,2,5,,128492,14,0,21,2,5,,128534,3,0,46 5 41,2,7,,128481,14,0,21,2,3,,128656,3,0,46 5 41,2,9,,128617,14,0,21,2,1,,128601,3,0,46 5 41,2,9,,128505,14,0,21,2,1,,128625,3,0,46 5 41,2,9,,128544,14,0,21,2,1,,128592,3,0,46 5 41,2,49,,128646,14,0,21,2,1,,128529,3,0,46 5 41,2,9,,128521,14,0,21,2,1,,128591,3,0,46 5 41,2,9,,128517,14,0,21,2,1,,128454,3,0,46 5 41,2,9,,128607,14,0,21,2,1,,128622,3,0,46 5 41,2,9,,128644,14,0,21,2,1,,128528,3,0,46 5 41,2,9,,128645,14,0,21,2,1,,128545,3,0,46 5 41,2,49,,128506,14,0,21,2,1,,128612,3,0,46 5 41,2,9,,128547,14,0,21,2,1,,128452,3,0,46 5 41,2,9,,128598,14,0,21,2,1,,128563,3,0,46 5 41,2,9,,128473,14,0,21,2,1,,128651,3,0,46 5 41,2,9,,128610,14,0,21,2,1,,128635,3,0,46 5 41,2,9,,128524,14,0,21,2,1,,128565,3,0,46 5 41,2,50,,128549,3,0,46 5 41,2,2,,128458,14,0,21,2,8,,128461,3,0,46 5 41,2,4,,128613,5,0,21,2,2,,128502,14,0,21,2,4,,128456,3,0,46 5 41,2,7,,128581,14,0,21,2,3,,128554,3,0,46 5 41,2,7,,128603,14,0,21,2,3,,128536,3,0,46 5 41,2,7,,128654,14,0,21,2,3,,128593,3,0,46 5 41,2,7,,128631,14,0,21,2,43,,128555,3,0,46 5 41,2,7,,128661,14,0,21,2,3,,128498,3,0,46 5 41,2,7,,128642,14,0,21,2,3,,128579,3,0,46 5 41,2,7,,128539,14,0,21,2,3,,123195,3,0,46 5 41,2,7,,128477,14,0,21,2,3,,128632,3,0,46 5 41,2,7,,128553,14,0,21,2,3,,128576,3,0,46 5 41,2,7,,128540,14,0,21,2,43,,128444,3,0,46 5 41,2,7,,128526,14,0,21,2,3,,128512,3,0,46 5 41,2,7,,128566,14,0,21,2,3,,128658,3,0,46 5 41,2,7,,128648,14,0,21,2,3,,128647,3,0,46 5 41,2,7,,128499,14,0,21,2,3,,128520,3,0,46 5 41,2,7,,128445,14,0,21,2,3,,128462,3,0,46 5 41,2,7,,128533,14,0,21,2,43,,128467,3,0,46 5 41,2,7,,128453,14,0,21,2,3,,128604,3,0,46 5 41,2,7,,128488,14,0,21,2,3,,128471,3,0,46 5 41,2,7,,128595,14,0,21,2,3,,128459,3,0,46 5 41,2,7,,128465,14,0,21,2,3,,128608,3,0,46 5 41,2,7,,128614,14,0,21,2,3,,128638,3,0,46 5 41,2,7,,128602,14,0,21,2,43,,128571,3,0,46 5 41,2,7,,128448,14,0,21,2,3,,128518,3,0,46 5 41,2,7,,128594,14,0,21,2,3,,128551,3,0,46 5 41,2,7,,128562,14,0,21,2,3,,128582,3,0,46 5 41,2,7,,128600,14,0,21,2,3,,128572,3,0,46 5 41,2,7,,109998,14,0,21,2,3,,128509,3,0,46 5 41,2,7,,128605,14,0,21,2,43,,128630,3,0,46 5 41,2,7,,128650,14,0,21,2,3,,128489,3,0,46 5 41,2,7,,128519,14,0,21,2,3,,128629,3,0,46 5 41,2,7,,128470,14,0,21,2,3,,128494,3,0,46 5 41,2,7,,128475,14,0,21,2,3,,128577,3,0,46 5 41,2,7,,128447,14,0,21,2,5,,128596,3,0,46 5 41,2,5,,128546,14,0,21,2,45,,128561,3,0,46 5 41,2,5,,128643,14,0,21,2,5,,128626,3,0,46 5 41,2,4,,128597,14,0,21,2,6,,128532,3,0,46 5 41,2,4,,128557,14,0,21,2,6,,128522,3,0,46 5 41,2,4,,128482,14,0,21,2,6,,128500,3,0,46 5 41,2,4,,128501,14,0,21,2,6,,128479,3,0,46 5 41,2,4,,128560,14,0,21,2,46,,128611,3,0,46 5 41,2,2,,128487,14,0,21,2,8,,128476,3,0,46 5 41,2,1,,128460,14,0,21,2,9,,128451,3,0,46 5 41,2,1,,128637,14,0,21,2,9,,128606,3,0,46 5 41,2,1,,128550,14,0,21,2,9,,128586,3,0,46 5 41,2,1,,128514,14,0,21,2,9,,128583,3,0,46 5 41,2,1,,128486,14,0,21,2,49,,128570,3,0,46 5 41,2,1,,128446,14,0,21,2,9,,128537,3,0,46 5 41,2,1,,128523,14,0,21,2,9,,128599,3,0,46 5 41,2,1,,128542,14,0,21,2,9,,128623,3,0,46 5 41,2,1,,128468,14,0,21,2,9,,128531,3,0,46 5 41,2,1,,128580,14,0,21,2,9,,128556,3,0,46 5 41,2,1,,128455,14,0,21,2,50,,128515,14,0,21,2,2,,128574,3,0,46 5 41,2,8,,114195,14,0,21,2,2,,120270,3,0,46 5 41,2,8,,128585,14,0,21,2,2,,128511,3,0,46 5 41,2,8,,128633,14,0,21,2,2,,115145,3,0,46 5 41,2,8,,128507,14,0,21,2,2,,128516,3,0,46 5 41,2,8,,128490,14,0,21,2,2,,128503,3,0,46 5 41,2,48,,128466,14,0,21,2,2,,128510,3,0,46 5 41,2,7,,128657,14,0,21,2,3,,128652,3,0,46 5 41,2,7,,128619,14,0,21,2,3,,128474,3,0,46 5 41,2,7,,128530,14,0,21,2,3,,128504,3,0,46 5 41,2,7,,128513,14,0,21,2,3,,128573,3,0,46 5 41,2,7,,128508,14,0,21,2,3,,128568,3,0,46 5 41,2,47,,128558,14,0,21,2,3,,128564,3,0,46 5 41,2,7,,128478,14,0,21,2,3,,128660,3,0,46 5 41,2,7,,128567,14,0,21,2,3,,128535,3,0,46 5 41,2,7,,128659,14,0,21,2,3,,128618,3,0,46 5 41,2,7,,128463,14,0,21,2,3,,128449,3,0,46 5 41,2,7,,117483,14,0,21,2,3,,128472,3,0,46 5 41,2,47,,128634,14,0,21,2,3,,128497,3,0,46 5 41,2,7,,128493,14,0,21,2,3,,128621,3,0,46 5 41,2,7,,128627,14,0,21,2,3,,128548,3,0,46 5 41,2,7,,128588,14,0,21,2,3,,128589,3,0,46 5 41,2,7,,128616,14,0,21,2,3,,128649,3,0,46 5 41,2,7,,128636,14,0,21,2,3,,128609,3,0,46 5 41,2,47,,128450,14,0,21,2,3,,128639,3,0,46 5 41,2,7,,118762,14,0,21,2,3,,128491,3,0,46 5 41,2,7,,128559,14,0,21,2,3,,128615,3,0,46 5 41,2
50402,'5',430,,128695,5,0,46 5 41,2,14,,128845,5,0,46 5 41,2,7,,128740,5,0,21,2,7,,128816,5,0,46 5 41,2,47,,128854,5,0,21,2,5,,128704,5,0,46 5 41,2,5,,128885,14,0,21,2,11,,128843,3,0,46 5 41,2,5,,128903,5,0,21,2,5,,128803,14,0,21,2,4,,128665,5,0,46 5 41,2,5,,128865,3,0,46 5 41,2,7,,128672,15,0,21,2,7,,128714,3,0,46 5 41,2,47,,128799,15,0,21,2,7,,128758,3,0,46 5 41,2,7,,128916,14,0,21,2,7,,128829,3,0,46 5 41,2,7,,128693,14,0,21,2,7,,128713,3,0,46 5 41,2,7,,128744,14,0,21,2,7,,128703,3,0,46 5 41,2,47,,128805,14,0,21,2,7,,128867,3,0,46 5 41,2,7,,128687,14,0,21,2,7,,128725,3,0,46 5 41,2,7,,128820,14,0,21,2,7,,128728,3,0,46 5 41,2,7,,128787,14,0,21,2,7,,128807,3,0,46 5 41,2,7,,128755,14,0,21,2,47,,128909,3,0,46 5 41,2,7,,128768,14,0,21,2,7,,128732,3,0,46 5 41,2,7,,128840,14,0,21,2,7,,128731,3,0,46 5 41,2,1,,128792,5,0,21,2,3,,128712,5,0,46 5 41,2,3,,128681,14,0,21,2,7,,128692,3,0,46 5 41,2,2,,128698,14,0,21,2,4,,128844,5,0,46 5 41,2,4,,128773,14,0,21,2,44,,128890,3,0,46 5 41,2,10,,128869,3,0,46 5 41,2,2,,128832,14,0,21,2,8,,128879,3,0,46 5 41,2,3,,128674,5,0,21,2,3,,128831,14,0,21,2,4,,128757,3,0,46 5 41,2,4,,128824,14,0,21,2,6,,128702,3,0,46 5 41,2,2,,128708,14,0,21,2,8,,128876,3,0,46 5 41,2,7,,128752,14,0,21,2,43,,128748,3,0,46 5 41,2,5,,128781,14,0,21,2,5,,128795,3,0,46 5 41,2,7,,128682,14,0,21,2,3,,128872,3,0,46 5 41,2,9,,128689,14,0,21,2,1,,128870,3,0,46 5 41,2,9,,128798,14,0,21,2,1,,128859,3,0,46 5 41,2,9,,128852,14,0,21,2,1,,128745,3,0,46 5 41,2,49,,128835,14,0,21,2,1,,128855,3,0,46 5 41,2,9,,128754,14,0,21,2,1,,128751,3,0,46 5 41,2,9,,128819,14,0,21,2,1,,128911,3,0,46 5 41,2,9,,128668,14,0,21,2,1,,128701,3,0,46 5 41,2,9,,128847,14,0,21,2,1,,128871,3,0,46 5 41,2,9,,128886,14,0,21,2,1,,128683,3,0,46 5 41,2,49,,128730,14,0,21,2,1,,128739,3,0,46 5 41,2,9,,128893,14,0,21,2,1,,128664,3,0,46 5 41,2,9,,128678,14,0,21,2,1,,128900,3,0,46 5 41,2,9,,128907,14,0,21,2,1,,128826,3,0,46 5 41,2,9,,128875,14,0,21,2,1,,128700,3,0,46 5 41,2,9,,128747,14,0,21,2,1,,128790,3,0,46 5 41,2,50,,128694,3,0,46 5 41,2,2,,128671,14,0,21,2,8,,128810,3,0,46 5 41,2,4,,128862,5,0,21,2,2,,128779,14,0,21,2,4,,128817,3,0,46 5 41,2,7,,128783,14,0,21,2,3,,115270,3,0,46 5 41,2,7,,128721,14,0,21,2,3,,128764,3,0,46 5 41,2,7,,128812,14,0,21,2,3,,128889,3,0,46 5 41,2,7,,128761,14,0,21,2,43,,128828,3,0,46 5 41,2,7,,128866,14,0,21,2,3,,128848,3,0,46 5 41,2,7,,128785,14,0,21,2,3,,128735,3,0,46 5 41,2,7,,128759,14,0,21,2,3,,128777,3,0,46 5 41,2,7,,128837,14,0,21,2,3,,128686,3,0,46 5 41,2,7,,128697,14,0,21,2,3,,128719,3,0,46 5 41,2,7,,128834,14,0,21,2,43,,115442,3,0,46 5 41,2,7,,128716,14,0,21,2,3,,116968,3,0,46 5 41,2,7,,128913,14,0,21,2,3,,128711,3,0,46 5 41,2,7,,128796,14,0,21,2,3,,128823,3,0,46 5 41,2,7,,128767,14,0,21,2,3,,128814,3,0,46 5 41,2,7,,128718,14,0,21,2,3,,128786,3,0,46 5 41,2,7,,128858,14,0,21,2,43,,128801,3,0,46 5 41,2,7,,128723,14,0,21,2,3,,128746,3,0,46 5 41,2,7,,128669,14,0,21,2,3,,128811,3,0,46 5 41,2,7,,128906,14,0,21,2,3,,128809,3,0,46 5 41,2,7,,128775,14,0,21,2,3,,128873,3,0,46 5 41,2,7,,128842,14,0,21,2,3,,128806,3,0,46 5 41,2,7,,128897,14,0,21,2,43,,128863,3,0,46 5 41,2,7,,128898,14,0,21,2,3,,128690,3,0,46 5 41,2,7,,128838,14,0,21,2,3,,128878,3,0,46 5 41,2,7,,128793,14,0,21,2,3,,128830,3,0,46 5 41,2,7,,128813,14,0,21,2,3,,128738,3,0,46 5 41,2,7,,128891,14,0,21,2,3,,128788,3,0,46 5 41,2,7,,128915,14,0,21,2,43,,128800,3,0,46 5 41,2,7,,128706,14,0,21,2,3,,128904,3,0,46 5 41,2,7,,128778,14,0,21,2,3,,128864,3,0,46 5 41,2,7,,128742,14,0,21,2,3,,128724,3,0,46 5 41,2,7,,128895,14,0,21,2,3,,128868,3,0,46 5 41,2,7,,128883,14,0,21,2,5,,128741,3,0,46 5 41,2,5,,128736,14,0,21,2,45,,128912,3,0,46 5 41,2,5,,128881,14,0,21,2,5,,128772,3,0,46 5 41,2,4,,128774,14,0,21,2,6,,128887,3,0,46 5 41,2,4,,128766,14,0,21,2,6,,128815,3,0,46 5 41,2,4,,128839,14,0,21,2,6,,128841,3,0,46 5 41,2,4,,128880,14,0,21,2,6,,128734,3,0,46 5 41,2,4,,128727,14,0,21,2,46,,128910,3,0,46 5 41,2,2,,128753,14,0,21,2,8,,128685,3,0,46 5 41,2,1,,128770,14,0,21,2,9,,128789,3,0,46 5 41,2,1,,128676,14,0,21,2,9,,128861,3,0,46 5 41,2,1,,128726,14,0,21,2,9,,128905,3,0,46 5 41,2,1,,128901,14,0,21,2,9,,128763,3,0,46 5 41,2,1,,128822,14,0,21,2,49,,128808,3,0,46 5 41,2,1,,128666,14,0,21,2,9,,128884,3,0,46 5 41,2,1,,128899,14,0,21,2,9,,128804,3,0,46 5 41,2,1,,128818,14,0,21,2,9,,128760,3,0,46 5 41,2,1,,128794,14,0,21,2,9,,128853,3,0,46 5 41,2,1,,128765,14,0,21,2,9,,128892,3,0,46 5 41,2,1,,128771,14,0,21,2,50,,128833,14,0,21,2,2,,128888,3,0,46 5 41,2,8,,128699,14,0,21,2,2,,128667,3,0,46 5 41,2,8,,128662,14,0,21,2,2,,128749,3,0,46 5 41,2,8,,128717,14,0,21,2,2,,128851,3,0,46 5 41,2,8,,128743,14,0,21,2,2,,128769,3,0,46 5 41,2,8,,128850,14,0,21,2,2,,128663,3,0,46 5 41,2,48,,128729,14,0,21,2,2,,128762,3,0,46 5 41,2,7,,128696,14,0,21,2,3,,128894,3,0,46 5 41,2,7,,128688,14,0,21,2,3,,128670,3,0,46 5 41,2,7,,128821,14,0,21,2,3,,128856,3,0,46 5 41,2,7,,128902,14,0,21,2,3,,128877,3,0,46 5 41,2,7,,128860,14,0,21,2,3,,128827,3,0,46 5 41,2,47,,128908,14,0,21,2,3,,128680,3,0,46 5 41,2,7,,128846,14,0,21,2,3,,128896,3,0,46 5 41,2,7,,128720,14,0,21,2,3,,128784,3,0,46 5 41,2,7,,128705,14,0,21,2,3,,128782,3,0,46 5 41,2,7,,128756,14,0,21,2,3,,128857,3,0,46 5 41,2,7,,128917,14,0,21,2,3,,128707,3,0,46 5 41,2,47,,128675,14,0,21,2,3,,128802,3,0,46 5 41,2,7,,128780,14,0,21,2,3,,128691,3,0,46 5 41,2,7,,128710,14,0,21,2,3,,128673,3,0,46 5 41,2,7,,128715,14,0,21,2,3,,128722,3,0,46 5 41,2,7,,128776,14,0,21,2,3,,128684,3,0,46 5 41,2,7,,128882,14,0,21,2,3,,128874,3,0,46 5 41,2,47,,128737,14,0,21,2,3,,128836,3,0,46 5 41,2,7,,128797,14,0,21,2,3,,128677,3,0,46 5 41,2,7,,128849,14,0,21,2,3,,128750,3,0,46 5 41,2
50802,'1',1627,,133769,3,0,17,2,20,,133765,3,0,17,2,10,,133772,3,0,17,2,50,,133768,3,0,17,2,10,,133777,3,0,17,2,10,,133776,3,0,17,2,20,,133771,3,0,17,2
