30401,'1',2709,,123818,49,4,,2,10,,111237,49,4,,2,10,,123804,49,4,,2,10,,123825,49,4,,2,10,,123819,49,4,,2,10,,123811,49,4,,2,50,,108615,49,4,,2,10,,123820,49,4,,2,10,,123808,49,4,,2,10,,123815,49,4,,2,10,,123814,49,4,,2,10,,123823,49,4,,2,50,,123821,49,4,,2,10,,123806,49,4,,2,10,,123807,49,4,,2,15,,123824,49,4,,2
30401,'2',2716,,123841,49,4,,2,10,,120167,49,4,,2,10,,123832,49,4,,2,10,,123845,49,4,,2,10,,123837,49,4,,2,50,,123827,49,4,,2,10,,123834,49,4,,2,10,,123848,49,4,,2,10,,123826,49,4,,2,10,,123829,49,4,,2,10,,123833,49,4,,2,50,,123840,49,4,,2,10,,123842,49,4,,2,10,,123835,49,4,,2,10,,123830,49,4,,2,12,,123847,49,4,,2
30401,'3',459,,123852,9,4,,2,61,,123879,9,4,,2,16,,123884,9,4,,2,14,,123853,9,4,,2,54,,123883,36,4,,2,14,,123869,36,4,,2,14,,123872,36,4,,2,14,,123889,36,4,,2,54,,123856,36,4,,2,14,,123890,36,4,,2,14,,123858,36,4,,2,14,,123857,36,4,,2,14,,123878,36,4,,2,1962,,109438,49,4,,2,10,,123882,49,4,,2,10,,123875,49,4,,2,10,,123849,49,4,,2,10,,123893,49,4,,2,50,,123873,49,4,,2,10,,123892,49,4,,2,10,,123850,49,4,,2,10,,123877,49,4,,2,10,,123881,49,4,,2,10,,123865,49,4,,2,50,,123864,49,4,,2,10,,123859,49,4,,2,10,,123868,49,4,,2,10,,123867,49,4,,2
30401,'5',2718,,123913,49,4,,2,10,,123895,49,4,,2,10,,123898,49,4,,2,10,,123914,49,4,,2,10,,123903,49,4,,2,50,,123908,49,4,,2,10,,123911,49,4,,2,10,,123901,49,4,,2,10,,123897,49,4,,2,10,,123904,49,4,,2,10,,123899,49,4,,2,50,,123896,49,4,,2,10,,123912,49,4,,2,10,,123909,49,4,,2,10,,123907,49,4,,2
30501,'1',2544,,124045,41,4,,2,60,,124039,41,4,,2,15,,113773,41,4,,2,15,,124047,41,4,,2,15,,124041,41,4,,2,60,,124038,41,4,,2,20,,124037,41,4,,2,20,,124044,41,4,,2,60,,124036,41,4,,2,20,,124046,41,4,,2
30501,'2',2556,,124056,41,4,,2,48,,124061,41,4,,2,15,,121590,41,4,,2,20,,124052,41,4,,2,20,,118465,41,4,,2,60,,124053,41,4,,2,20,,124051,41,4,,2,20,,124059,41,4,,2,60,,124058,41,4,,2,20,,124049,41,4,,2,70,,124057,41,4,,2,30,,124048,41,4,,2
30501,'3',448,,124074,8,0,34,2,57,,124098,8,0,34,2,17,,124076,8,0,34,2,15,,124084,8,0,34,2,15,,124067,8,0,34,2,51,,124066,41,0,34,2,12,,124081,8,0,34,2,3,,124070,41,0,34,2,15,,124082,41,0,34,2,14,,124072,41,0,34,2,6,,124089,8,0,34,2,50,,124090,41,0,34,2,10,,124063,8,0,34,2,5,,124093,41,0,34,2,15,,124068,41,0,34,2,10,,124075,8,0,34,2,5,,124083,41,0,34,2,55,,124071,41,0,34,2,10,,124097,41,0,34,2,10,,124069,41,0,34,2,10,,124087,41,0,34,2,10,,124078,41,0,34,2,1708,,124096,41,4,,2,50,,124073,41,4,,2,10,,124091,41,4,,2,10,,124086,41,4,,2,12,,124095,41,4,,2,20,,124094,41,4,,2,60,,124085,41,4,,2,20,,124079,41,4,,2,10,,124092,41,4,,2,70,,124077,41,4,,2,30,,124065,41,4,,2,70,,124062,41,4,,2,20,,124088,41,4,,2
30501,'5',2551,,124099,41,4,,2,51,,92398,41,4,,2,9,,124100,41,4,,2,10,,124108,41,4,,2,12,,124109,41,4,,2,17,,118841,41,4,,2,63,,124110,41,4,,2,20,,124106,41,4,,2,20,,124105,41,4,,2,60,,124111,41,4,,2,27,,124102,41,4,,2,73,,124107,41,4,,2,30,,124101,41,4,,2
50401,'1',448,,127149,9,4,,2,10,,127093,9,4,,2,50,,127102,9,4,,2,10,,127053,9,4,,2,10,,126927,9,4,,2,10,,106255,9,4,,2,10,,127016,9,4,,2
50401,'2',500,,127359,9,4,,2,15,,127268,9,4,,2,10,,127256,9,4,,2,10,,127330,9,4,,2,10,,127437,9,4,,2
50401,'5',459,,127729,9,4,,2,61,,127666,9,4,,2,16,,127871,9,4,,2,14,,119776,9,4,,2
50501,'1',417,,128967,8,4,,2,11,,128920,8,4,,2,5,,128996,8,4,,2,5,,129077,8,4,,2,10,,129097,8,4,,2,10,,129099,8,4,,2,50,,129093,8,4,,2,10,,128995,8,4,,2,11,,129040,8,4,,2,11,,129084,8,4,,2,12,,128919,8,4,,2,7,,129032,8,4,,2,50,,128952,40,4,,2,12,,129060,40,4,,2,10,,128980,40,4,,2
50501,'2',453,,129158,8,4,,2,6,,129181,8,4,,2,50,,129151,8,4,,2,10,,129249,8,4,,2,10,,129152,8,4,,2,10,,129168,8,4,,2,10,,129266,8,4,,2,52,,129223,40,4,,2,15,,129233,40,4,,2,10,,129132,40,4,,2,10,,129221,40,4,,2
50501,'5',443,,129538,8,4,,2,62,,129573,8,4,,2,15,,129526,8,4,,2,15,,129432,8,4,,2,15,,129571,8,4,,2,53,,129504,40,4,,2,21,,129426,40,4,,2,15,,129486,40,4,,2
