30401,'1',2647,,91464,17,,,2,3,,91466,30,0,34,2,7,,91481,17,,,2,43,,81335,30,0,34,2,7,,91482,17,,,2,3,,91468,30,0,34,2,10,,87414,30,0,34,2,10,,91467,30,0,34,2,10,,91479,30,0,34,2,10,,91471,30,0,34,2,50,,91480,30,0,34,2,10,,91477,30,0,34,2,10,,91483,30,0,34,2,10,,91478,30,0,34,2,10,,91476,30,0,34,2,10,,84626,30,0,34,2,50,,91472,30,0,34,2,10,,91470,30,0,34,2,15,,91475,30,0,34,2,10,,91463,30,,,2,10,,91465,30,,,2,10,,91469,30,,,2,50,,91474,30,,,2,5,,91473,30,,,2
30401,'2',2657,,91491,30,0,34,2,50,,91486,30,0,34,2,2,,91492,17,,,2,8,,91497,30,0,34,2,10,,91499,30,0,34,2,10,,91489,30,0,34,2,10,,91494,30,0,34,2,10,,91484,30,0,34,2,50,,91495,30,0,34,2,10,,91496,30,0,34,2,10,,91502,30,0,34,2,10,,91501,30,0,34,2,10,,91507,30,0,34,2,10,,91498,30,0,34,2,50,,91500,30,0,34,2,10,,91490,30,0,34,2,12,,91487,30,0,34,2,10,,91503,30,,,2,10,,91504,30,,,2,5,,91488,30,,,2,5,,91506,30,,,2,50,,91485,30,,,2,10,,91505,30,,,2,13,,91493,30,,,2
30401,'3',545,,91544,17,0,34,2,7,,91526,30,0,31,2,7,,91508,17,0,34,2,47,,91524,30,0,31,2,7,,91509,17,0,34,2,7,,91552,30,0,31,2,7,,91536,17,0,34,2,7,,91548,30,0,31,2,7,,91532,17,0,34,2,7,,91511,30,0,31,2,7,,91547,17,0,34,2,47,,91539,30,0,31,2,7,,91534,17,0,34,2,7,,91549,30,0,31,2,7,,91533,17,0,34,2,7,,91540,30,0,31,2,7,,91514,17,0,34,2,7,,91541,30,0,31,2,14,,91542,30,0,31,2,54,,91543,30,0,31,2,14,,91517,30,0,31,2,14,,91551,30,0,31,2,1808,,91518,30,,,2,11,,91525,30,0,34,2,42,,91529,17,,,2,8,,91550,30,0,34,2,2,,91516,17,,,2,8,,91520,30,0,34,2,2,,91519,17,,,2,8,,91538,30,0,34,2,10,,83514,30,0,34,2,10,,91531,30,0,34,2,10,,91521,30,0,34,2,50,,91510,30,0,34,2,10,,91546,30,0,34,2,10,,91512,30,0,34,2,10,,78205,30,0,34,2,10,,91545,30,0,34,2,10,,75756,30,0,34,2,50,,91523,30,0,34,2,10,,91513,30,0,34,2,9,,91530,30,,,2,10,,91528,30,,,2,10,,91527,30,,,2
30401,'5',2659,,91572,30,0,34,2,50,,91571,30,0,34,2,2,,91565,17,,,2,8,,91564,30,0,34,2,2,,91569,17,,,2,8,,91554,30,0,34,2,10,,91558,30,0,34,2,10,,91563,30,0,34,2,10,,91553,30,0,34,2,50,,91570,30,0,34,2,10,,91555,30,0,34,2,10,,91559,30,0,34,2,10,,91561,30,0,34,2,10,,91562,30,0,34,2,10,,91566,30,0,34,2,50,,91568,30,0,34,2,10,,91567,30,0,34,2,9,,91557,30,,,2,10,,91556,30,,,2,10,,91560,30,,,2
50301,'1',549,,93496,4,0,36 40,2,10,,93525,4,0,36 40,2,50,,93572,4,0,36 40,2,10,,93608,4,0,36 40,2,5,,93580,4,0,36 40,2,5,,93481,4,0,36 40,2,5,,93499,4,0,36 40,2,5,,93486,4,0,36 40,2,10,,93551,4,0,36 40,2,10,,93588,4,0,36 40,2,47,,93548,4,0,36 40,2,7,,93520,4,0,36 40,2,6,,93550,4,0,36 40,2,6,,93538,4,0,36 40,2,4,,93598,4,0,36 40,2,3,,93535,4,0,36 40,2,6,,93615,4,0,36 40,2,6,,93478,4,0,36 40,2,6,,93592,4,0,36 40,2,6,,93547,4,0,36 40,2,46,,93515,4,0,36 40,2,6,,93506,4,0,36 40,2,6,,93602,4,0,36 40,2,6,,93521,4,0,36 40,2,6,,93505,4,0,36 40,2,6,,93575,4,0,36 40,2,6,,93476,4,0,36 40,2,6,,93555,4,0,36 40,2,6,,93543,4,0,36 40,2,6,,93516,4,0,36 40,2,46,,93484,4,0,36 40,2,6,,93576,4,0,36 40,2,6,,93597,4,0,36 40,2,6,,93614,4,0,36 40,2,6,,93578,4,0,36 40,2,6,,93605,4,0,36 40,2,7,,93514,4,0,36 40,2,6,,93587,4,0,36 40,2,6,,93586,4,0,36 40,2,6,,93490,4,0,36 40,2,45,,93512,4,0,36 40,2,5,,93613,4,0,36 40,2,10,,93577,4,0,36 40,2,5,,93485,4,0,36 40,2,5,,93475,4,0,36 40,2,10,,93566,4,0,36 40,2,10,,93473,4,0,36 40,2,10,,93545,4,0,36 40,2,50,,93513,4,0,36 40,2,10,,90682,4,0,36 40,2,10,,93553,4,0,36 40,2,10,,93594,4,0,36 40,2,10,,93574,4,0,36 40,2,10,,93606,4,0,36 40,2,50,,93472,4,0,36 40,2,10,,93532,4,0,36 40,2,10,,93483,4,0,36 40,2,10,,93479,4,0,36 40,2,10,,93591,4,0,36 40,2,10,,93500,4,0,36 40,2,50,,93471,4,0,36 40,2,10,,93540,4,0,36 40,2,10,,93612,4,0,36 40,2,10,,93469,4,0,36 40,2,10,,93517,4,0,36 40,2,10,,93510,4,0,36 40,2,50,,93527,4,0,36 40,2,10,,93509,4,0,36 40,2,10,,93611,4,0,36 40,2,11,,86518,4,0,36 40,2,7,,93583,4,0,36 40,2,6,,93507,4,0,36 40,2,6,,93603,4,0,36 40,2,46,,93482,4,0,36 40,2,8,,93552,4,0,36 40,2,9,,93503,4,0,36 40,2,9,,93585,4,0,36 40,2,9,,93528,4,0,36 40,2,7,,93524,4,0,36 40,2,6,,93529,4,0,36 40,2,6,,93599,4,0,36 40,2,46,,93470,4,0,36 40,2,6,,93569,4,0,36 40,2,6,,93504,4,0,36 40,2,6,,93560,4,0,36 40,2,6,,93554,4,0,36 40,2,6,,93607,4,0,36 40,2,6,,93582,4,0,36 40,2,6,,93539,4,0,36 40,2,6,,93536,4,0,36 40,2,6,,93519,4,0,36 40,2,46,,93604,4,0,36 40,2,6,,93541,4,0,36 40,2,6,,93502,4,0,36 40,2,6,,93498,4,0,36 40,2,6,,93477,4,0,36 40,2,6,,93579,4,0,36 40,2,6,,93474,4,0,36 40,2,6,,93595,4,0,36 40,2,12,,93610,4,0,36 40,2,46,,93533,4,0,36 40,2,6,,93542,4,0,36 40,2,6,,93487,4,0,36 40,2,6,,93530,4,0,36 40,2,6,,93556,4,0,36 40,2,6,,93567,4,0,36 40,2,6,,78578,4,0,36 40,2,6,,93523,4,0,36 40,2,6,,93565,4,0,36 40,2,49,,93596,4,0,36 40,2,8,,93537,4,0,36 40,2,8,,93558,4,0,36 40,2,7,,93546,4,0,36 40,2,8,,79738,4,0,36 40,2,8,,93526,4,0,36 40,2,8,,93534,4,0,36 40,2,8,,93544,4,0,36 40,2,48,,93511,4,0,36 40,2,8,,93531,4,0,36 40,2,8,,93601,4,0,36 40,2,8,,93563,4,0,36 40,2,8,,93491,4,0,36 40,2,8,,93508,4,0,36 40,2,8,,93600,4,0,36 40,2,8,,93497,4,0,36 40,2,48,,93522,4,0,36 40,2,8,,93584,4,0,36 40,2,8,,93590,4,0,36 40,2,8,,93480,4,0,36 40,2,8,,93493,4,0,36 40,2,8,,93494,4,0,36 40,2,8,,93549,4,0,36 40,2,48,,93570,4,0,36 40,2,10,,93589,4,0,36 40,2,10,,93518,4,0,36 40,2,10,,93489,4,0,36 40,2,10,,93557,4,0,36 40,2,10,,77427,4,0,36 40,2,50,,86633,4,0,36 40,2,10,,93568,4,0,36 40,2,10,,93593,4,0,36 40,2,10,,93492,4,0,36 40,2,10,,93609,4,0,36 40,2,10,,93559,4,0,36 40,2,50,,93488,4,0,36 40,2,10,,93571,4,0,36 40,2,15,,93562,4,0,36 40,2,15,,93501,4,0,36 40,2,15,,93581,4,0,36 40,2,55,,93573,4,0,36 40,2,9,,93495,4,0,36 40,2
50301,'2',517,,87733,4,0,36 40,2,10,,87610,4,0,36 40,2,10,,93718,4,0,36 40,2,10,,93667,4,0,36 40,2,10,,93720,4,0,36 40,2,50,,93671,4,0,36 40,2,10,,93742,4,0,36 40,2,10,,93646,4,0,36 40,2,10,,93673,4,0,36 40,2,10,,93634,4,0,36 40,2,10,,93709,4,0,36 40,2,50,,93651,4,0,36 40,2,10,,93724,4,0,36 40,2,10,,87565,4,0,36 40,2,10,,93641,4,0,36 40,2,10,,93626,4,0,36 40,2,10,,93744,4,0,36 40,2,50,,93616,4,0,36 40,2,10,,93738,4,0,36 40,2,10,,93717,4,0,36 40,2,10,,93653,4,0,36 40,2,10,,93698,4,0,36 40,2,10,,93649,4,0,36 40,2,50,,93710,4,0,36 40,2,10,,93622,4,0,36 40,2,10,,93645,4,0,36 40,2,10,,93723,4,0,36 40,2,10,,93627,4,0,36 40,2,10,,93736,4,0,36 40,2,50,,93739,4,0,36 40,2,10,,93733,4,0,36 40,2,10,,93625,4,0,36 40,2,10,,93623,4,0,36 40,2,10,,93746,4,0,36 40,2,10,,93661,4,0,36 40,2,50,,93703,4,0,36 40,2,10,,93743,4,0,36 40,2,10,,93631,4,0,36 40,2,10,,93708,4,0,36 40,2,10,,93697,4,0,36 40,2,10,,93664,4,0,36 40,2,52,,93648,4,0,36 40,2,8,,93705,4,0,36 40,2,8,,93669,4,0,36 40,2,8,,93629,4,0,36 40,2,8,,93707,4,0,36 40,2,8,,93654,4,0,36 40,2,8,,93628,4,0,36 40,2,48,,93666,4,0,36 40,2,8,,93721,4,0,36 40,2,8,,93713,4,0,36 40,2,8,,93700,4,0,36 40,2,8,,93693,4,0,36 40,2,8,,93675,4,0,36 40,2,8,,93735,4,0,36 40,2,48,,93643,4,0,36 40,2,8,,93689,4,0,36 40,2,8,,93737,4,0,36 40,2,8,,93621,4,0,36 40,2,8,,93639,4,0,36 40,2,8,,93680,4,0,36 40,2,8,,93683,4,0,36 40,2,8,,93722,4,0,36 40,2,48,,93647,4,0,36 40,2,8,,93663,4,0,36 40,2,8,,93727,4,0,36 40,2,8,,93640,4,0,36 40,2,8,,93633,4,0,36 40,2,8,,93657,4,0,36 40,2,8,,93715,4,0,36 40,2,48,,93638,4,0,36 40,2,8,,93656,4,0,36 40,2,8,,93728,4,0,36 40,2,8,,93659,4,0,36 40,2,8,,93618,4,0,36 40,2,8,,93650,4,0,36 40,2,8,,93624,4,0,36 40,2,8,,93706,4,0,36 40,2,48,,93702,4,0,36 40,2,8,,93677,4,0,36 40,2,8,,93714,4,0,36 40,2,8,,93732,4,0,36 40,2,8,,93692,4,0,36 40,2,8,,93725,4,0,36 40,2,8,,93679,4,0,36 40,2,48,,93747,4,0,36 40,2,8,,93745,4,0,36 40,2,8,,93694,4,0,36 40,2,8,,93620,4,0,36 40,2,8,,93716,4,0,36 40,2,8,,93688,4,0,36 40,2,16,,93660,4,0,36 40,2,48,,93678,4,0,36 40,2,9,,93712,4,0,36 40,2,10,,93682,4,0,36 40,2,10,,93741,4,0,36 40,2,10,,93676,4,0,36 40,2,10,,93690,4,0,36 40,2,50,,93729,4,0,36 40,2,10,,93731,4,0,36 40,2,10,,93719,4,0,36 40,2,10,,93701,4,0,36 40,2,10,,93685,4,0,36 40,2,10,,93665,4,0,36 40,2,50,,93681,4,0,36 40,2,10,,93704,4,0,36 40,2,10,,93617,4,0,36 40,2,10,,93726,4,0,36 40,2,10,,93658,4,0,36 40,2,10,,93668,4,0,36 40,2,50,,93730,4,0,36 40,2,9,,93695,4,0,36 40,2,10,,93687,4,0,36 40,2,10,,93686,4,0,36 40,2,10,,93674,4,0,36 40,2,10,,93644,4,0,36 40,2,50,,93734,4,0,36 40,2,10,,93672,4,0,36 40,2,10,,93619,4,0,36 40,2,10,,93684,4,0,36 40,2,10,,93632,4,0,36 40,2,10,,93670,4,0,36 40,2,50,,93642,4,0,36 40,2,10,,93636,4,0,36 40,2,10,,93696,4,0,36 40,2,10,,93740,4,0,36 40,2,10,,93662,4,0,36 40,2,10,,93630,4,0,36 40,2,50,,93711,4,0,36 40,2,10,,93635,4,0,36 40,2,15,,93637,4,0,36 40,2,15,,93691,4,0,36 40,2,15,,93699,4,0,36 40,2,55,,93655,4,0,36 40,2,11,,93652,4,0,36 40,2
50301,'3',550,,93787,4,0,36 40,2,50,,93798,4,0,36 40,2,10,,93824,4,0,36 40,2,10,,93842,4,0,36 40,2,10,,93845,4,0,36 40,2,10,,93856,4,0,36 40,2,10,,93857,4,0,36 40,2,50,,93784,4,0,36 40,2,10,,93805,4,0,36 40,2,10,,93812,4,0,36 40,2,10,,93846,4,0,36 40,2,10,,93800,4,0,36 40,2,10,,93797,4,0,36 40,2,50,,93777,4,0,36 40,2,10,,93819,4,0,36 40,2,10,,93790,4,0,36 40,2,10,,93760,4,0,36 40,2,10,,93808,4,0,36 40,2,10,,93813,4,0,36 40,2,50,,93753,4,0,36 40,2,10,,93849,4,0,36 40,2,10,,85971,4,0,36 40,2,10,,93782,4,0,36 40,2,10,,93827,4,0,36 40,2,10,,93830,4,0,36 40,2,50,,93780,4,0,36 40,2,10,,93761,4,0,36 40,2,10,,93858,4,0,36 40,2,10,,93757,4,0,36 40,2,10,,93833,4,0,36 40,2,10,,93865,4,0,36 40,2,50,,93752,4,0,36 40,2,10,,93779,4,0,36 40,2,10,,93762,4,0,36 40,2,10,,93822,4,0,36 40,2,10,,93748,4,0,36 40,2,10,,93754,4,0,36 40,2,50,,93821,4,0,36 40,2,11,,93844,4,0,36 40,2,10,,93786,4,0,36 40,2,10,,93771,4,0,36 40,2,10,,93860,4,0,36 40,2,10,,93847,4,0,36 40,2,50,,93766,4,0,36 40,2,10,,93835,4,0,36 40,2,10,,93810,4,0,36 40,2,10,,93778,4,0,36 40,2,10,,93785,4,0,36 40,2,10,,93834,4,0,36 40,2,50,,93806,4,0,36 40,2,10,,93843,4,0,36 40,2,10,,93823,4,0,36 40,2,10,,93836,4,0,36 40,2,10,,93829,4,0,36 40,2,10,,93850,4,0,36 40,2,50,,93828,4,0,36 40,2,10,,93853,4,0,36 40,2,10,,93803,4,0,36 40,2,10,,93862,4,0,36 40,2,10,,93809,4,0,36 40,2,10,,93764,4,0,36 40,2,50,,93781,4,0,36 40,2,10,,93807,4,0,36 40,2,10,,93793,4,0,36 40,2,10,,93841,4,0,36 40,2,10,,93775,4,0,36 40,2,10,,93749,4,0,36 40,2,50,,93848,4,0,36 40,2,10,,93801,4,0,36 40,2,10,,93773,4,0,36 40,2,10,,93763,4,0,36 40,2,10,,93758,4,0,36 40,2,10,,93861,4,0,36 40,2,50,,93851,4,0,36 40,2,10,,93818,4,0,36 40,2,10,,93855,4,0,36 40,2,10,,93794,4,0,36 40,2,20,,93838,4,0,36 40,2,50,,93799,4,0,36 40,2,10,,93796,4,0,36 40,2,9,,93756,4,0,36 40,2,10,,93815,4,0,36 40,2,10,,93772,4,0,36 40,2,10,,93769,4,0,36 40,2,50,,93831,4,0,36 40,2,10,,93840,4,0,36 40,2,10,,93826,4,0,36 40,2,10,,93811,4,0,36 40,2,10,,93755,4,0,36 40,2,10,,93825,4,0,36 40,2,50,,93820,4,0,36 40,2,10,,93788,4,0,36 40,2,10,,93789,4,0,36 40,2,10,,93774,4,0,36 40,2,10,,93751,4,0,36 40,2,10,,93770,4,0,36 40,2,50,,93817,4,0,36 40,2,10,,93859,4,0,36 40,2,10,,93867,4,0,36 40,2,10,,93767,4,0,36 40,2,10,,93863,4,0,36 40,2,10,,93791,4,0,36 40,2,50,,93795,4,0,36 40,2,10,,93783,4,0,36 40,2,10,,93814,4,0,36 40,2,10,,93759,4,0,36 40,2,10,,93750,4,0,36 40,2,10,,93832,4,0,36 40,2,50,,93839,4,0,36 40,2,10,,93768,4,0,36 40,2,10,,93804,4,0,36 40,2,10,,93864,4,0,36 40,2,10,,93852,4,0,36 40,2,10,,93802,4,0,36 40,2,50,,93776,4,0,36 40,2,10,,93792,4,0,36 40,2,10,,93816,4,0,36 40,2,10,,93854,4,0,36 40,2,10,,93765,4,0,36 40,2,15,,93837,4,0,36 40,2,60,,93866,4,0,36 40,2
50301,'5',550,,93893,4,0,36 40,2,50,,93934,4,0,36 40,2,10,,93947,4,0,36 40,2,10,,93974,4,0,36 40,2,10,,93959,4,0,36 40,2,10,,90547,4,0,36 40,2,10,,93971,4,0,36 40,2,50,,93883,4,0,36 40,2,10,,93961,4,0,36 40,2,10,,93879,4,0,36 40,2,10,,93897,4,0,36 40,2,10,,93937,4,0,36 40,2,10,,93890,4,0,36 40,2,50,,93968,4,0,36 40,2,10,,93957,4,0,36 40,2,10,,93903,4,0,36 40,2,10,,93979,4,0,36 40,2,10,,93887,4,0,36 40,2,10,,93984,4,0,36 40,2,50,,93928,4,0,36 40,2,10,,93872,4,0,36 40,2,10,,93891,4,0,36 40,2,10,,93931,4,0,36 40,2,10,,93944,4,0,36 40,2,10,,93882,4,0,36 40,2,50,,93958,4,0,36 40,2,10,,93917,4,0,36 40,2,10,,93946,4,0,36 40,2,10,,93964,4,0,36 40,2,10,,93942,4,0,36 40,2,10,,93895,4,0,36 40,2,50,,93884,4,0,36 40,2,10,,93924,4,0,36 40,2,10,,93889,4,0,36 40,2,10,,93930,4,0,36 40,2,10,,93907,4,0,36 40,2,10,,93963,4,0,36 40,2,50,,93943,4,0,36 40,2,11,,93948,4,0,36 40,2,10,,93922,4,0,36 40,2,10,,93911,4,0,36 40,2,10,,93967,4,0,36 40,2,10,,93941,4,0,36 40,2,50,,93916,4,0,36 40,2,10,,93949,4,0,36 40,2,10,,93906,4,0,36 40,2,10,,93975,4,0,36 40,2,10,,93939,4,0,36 40,2,10,,93918,4,0,36 40,2,50,,93894,4,0,36 40,2,10,,93920,4,0,36 40,2,10,,93954,4,0,36 40,2,10,,93965,4,0,36 40,2,10,,93935,4,0,36 40,2,10,,93902,4,0,36 40,2,50,,93881,4,0,36 40,2,10,,93950,4,0,36 40,2,10,,93915,4,0,36 40,2,10,,93933,4,0,36 40,2,10,,93951,4,0,36 40,2,10,,93955,4,0,36 40,2,50,,93927,4,0,36 40,2,10,,93877,4,0,36 40,2,10,,93932,4,0,36 40,2,10,,93980,4,0,36 40,2,10,,93905,4,0,36 40,2,10,,93900,4,0,36 40,2,50,,93985,4,0,36 40,2,10,,93926,4,0,36 40,2,10,,93981,4,0,36 40,2,10,,93969,4,0,36 40,2,10,,93886,4,0,36 40,2,10,,93953,4,0,36 40,2,50,,93983,4,0,36 40,2,10,,93869,4,0,36 40,2,10,,93919,4,0,36 40,2,10,,93868,4,0,36 40,2,10,,93873,4,0,36 40,2,10,,93962,4,0,36 40,2,50,,93909,4,0,36 40,2,10,,93929,4,0,36 40,2,9,,93898,4,0,36 40,2,10,,93972,4,0,36 40,2,10,,93899,4,0,36 40,2,10,,93914,4,0,36 40,2,50,,93966,4,0,36 40,2,10,,93870,4,0,36 40,2,10,,93878,4,0,36 40,2,10,,93978,4,0,36 40,2,10,,76790,4,0,36 40,2,10,,93910,4,0,36 40,2,50,,93875,4,0,36 40,2,10,,93912,4,0,36 40,2,10,,93892,4,0,36 40,2,10,,93876,4,0,36 40,2,10,,93913,4,0,36 40,2,10,,93938,4,0,36 40,2,50,,93936,4,0,36 40,2,10,,91220,4,0,36 40,2,10,,93880,4,0,36 40,2,10,,93923,4,0,36 40,2,10,,93940,4,0,36 40,2,10,,93960,4,0,36 40,2,50,,93885,4,0,36 40,2,10,,93896,4,0,36 40,2,10,,93952,4,0,36 40,2,10,,93908,4,0,36 40,2,10,,93973,4,0,36 40,2,10,,93904,4,0,36 40,2,50,,93925,4,0,36 40,2,10,,93888,4,0,36 40,2,10,,93976,4,0,36 40,2,10,,93921,4,0,36 40,2,10,,79393,4,0,36 40,2,10,,93977,4,0,36 40,2,50,,93901,4,0,36 40,2,10,,93956,4,0,36 40,2,10,,93874,4,0,36 40,2,10,,93871,4,0,36 40,2,10,,93982,4,0,36 40,2,15,,93945,4,0,36 40,2,60,,93970,4,0,36 40,2
50401,'1',534,,94656,17,0,34,2,10,,94661,30,0,46 43 44 3 45,2,10,,94625,17,0,34,2,5,,94712,30,0,46 43 44 3 45,2,45,,80779,17,0,34,2,5,,94736,30,0,46 43 44 3 45,2,5,,94704,17,0,34,2,5,,94628,30,0,46 43 44 3 45,2,5,,94607,17,0,34,2,5,,94751,28,0,46 43 44 3 45,2,5,,94727,17,0,34,2,5,,94508,28,0,46 43 44 3 45,2,5,,94711,17,0,34,2,5,,94502,28,0,46 43 44 3 45,2,3,,94520,17,0,34,2,7,,94577,28,0,46 43 44 3 45,2,45,,94668,17,0,34,2,5,,94553,28,0,46 43 44 3 45,2,5,,94735,17,0,34,2,5,,94597,28,0,46 43 44 3 45,2,5,,94589,17,0,34,2,6,,78412,28,0,46 43 44 3 45,2,7,,94720,17,0,34,2,6,,94721,28,0,46 43 44 3 45,2,5,,94646,17,0,34,2,6,,94640,28,0,46 43 44 3 45,2,5,,94506,17,0,34,2,45,,94499,28,0,46 43 44 3 45,2,5,,94504,17,0,34,2,5,,87307,28,0,46 43 44 3 45,2,5,,94722,17,0,34,2,4,,94532,28,0,46 43 44 3 45,2,4,,94750,17,0,34,2,4,,94592,28,0,46 43 44 3 45,2,4,,94658,17,0,34,2,4,,94586,28,0,46 43 44 3 45,2,4,,94519,17,0,34,2,4,,94627,28,0,46 43 44 3 45,2,4,,94741,17,0,34,2,2,,94634,17,,,2,2,,94629,28,0,46 43 44 3 45,2,4,,94729,17,0,34,2,44,,94606,28,0,46 43 44 3 45,2,4,,94566,17,0,34,2,4,,94747,28,0,46 43 44 3 45,2,4,,82598,17,0,34,2,4,,94535,28,0,46 43 44 3 45,2,4,,94642,17,0,34,2,4,,94660,28,0,46 43 44 3 45,2,4,,94507,17,0,34,2,4,,94550,28,0,46 43 44 3 45,2,4,,94692,17,0,34,2,4,,94710,28,0,46 43 44 3 45,2,4,,94754,17,0,34,2,4,,94558,28,0,46 43 44 3 45,2,4,,94769,17,0,34,2,4,,94534,28,0,46 43 44 3 45,2,43,,94759,17,0,34,2,4,,94667,28,0,46 43 44 3 45,2,5,,94738,17,0,34,2,3,,94608,28,0,46 43 44 3 45,2,4,,94636,28,0,46 43 44 3 45,2,1,,94536,17,0,34,2,9,,94570,17,0,34,2,2,,94700,28,0,46 43 44 3 45,2,6,,94544,28,,,2,2,,94723,17,0,34,2,2,,94591,28,0,46 43 44 3 45,2,8,,94649,17,0,34,2,2,,94719,28,0,46 43 44 3 45,2,8,,94537,17,0,34,2,42,,94665,28,0,46 43 44 3 45,2,8,,94730,17,0,34,2,2,,94602,28,0,46 43 44 3 45,2,4,,85551,17,,,2,4,,94637,17,0,34,2,2,,94701,28,0,46 43 44 3 45,2,8,,94511,17,0,34,2,2,,94498,28,0,46 43 44 3 45,2,8,,94681,17,0,34,2,2,,94757,28,0,46 43 44 3 45,2,8,,94694,17,0,34,2,2,,94644,28,0,46 43 44 3 45,2,8,,94709,17,0,34,2,42,,94574,28,0,46 43 44 3 45,2,8,,94568,17,0,34,2,2,,94771,28,0,46 43 44 3 45,2,8,,94604,17,0,34,2,2,,94527,28,0,46 43 44 3 45,2,8,,94590,17,0,34,2,2,,94618,28,0,46 43 44 3 45,2,8,,94501,17,0,34,2,2,,94573,28,0,46 43 44 3 45,2,8,,94561,17,0,34,2,2,,94715,28,0,46 43 44 3 45,2,8,,94531,17,0,34,2,42,,94663,28,0,46 43 44 3 45,2,8,,94682,17,0,34,2,2,,94753,28,0,46 43 44 3 45,2,8,,94632,17,0,34,2,2,,94588,28,0,46 43 44 3 45,2,8,,94716,17,0,34,2,2,,94578,28,0,46 43 44 3 45,2,8,,94706,17,0,34,2,2,,94500,28,0,46 43 44 3 45,2,8,,94653,17,0,34,2,2,,94725,28,0,46 43 44 3 45,2,8,,94724,17,0,34,2,42,,94767,28,0,46 43 44 3 45,2,8,,94739,17,0,34,2,2,,80798,28,0,46 43 44 3 45,2,8,,94687,17,0,34,2,2,,82972,28,0,46 43 44 3 45,2,8,,94594,17,0,34,2,2,,94523,28,0,46 43 44 3 45,2,8,,94510,17,0,34,2,2,,94505,28,0,46 43 44 3 45,2,8,,94562,17,0,34,2,2,,94714,28,0,46 43 44 3 45,2,8,,94516,17,0,34,2,45,,94517,28,0,46 43 44 3 45,2,5,,94571,17,0,34,2,6,,94761,28,0,46 43 44 3 45,2,5,,94633,17,0,34,2,3,,94559,28,0,46 43 44 3 45,2,7,,94509,17,0,34,2,3,,94603,28,0,46 43 44 3 45,2,7,,94651,17,0,34,2,3,,94610,28,0,46 43 44 3 45,2,7,,94619,17,0,34,2,3,,94726,28,0,46 43 44 3 45,2,7,,94512,17,0,34,2,43,,94645,28,0,46 43 44 3 45,2,7,,94680,17,0,34,2,3,,94690,28,0,46 43 44 3 45,2,7,,94542,17,0,34,2,4,,94538,28,0,46 43 44 3 45,2,6,,94678,17,0,34,2,3,,94728,28,0,46 43 44 3 45,2,7,,94768,17,0,34,2,3,,94524,28,0,46 43 44 3 45,2,7,,94693,17,0,34,2,3,,94513,28,0,46 43 44 3 45,2,7,,94684,17,0,34,2,43,,94503,28,0,46 43 44 3 45,2,7,,94533,17,0,34,2,3,,94708,28,0,46 43 44 3 45,2,7,,94686,17,0,34,2,3,,94579,28,0,46 43 44 3 45,2,7,,94576,17,0,34,2,3,,94609,28,0,46 43 44 3 45,2,7,,94596,17,0,34,2,3,,94713,28,0,46 43 44 3 45,2,7,,84716,17,0,34,2,3,,94560,28,0,46 43 44 3 45,2,7,,94587,17,0,34,2,43,,94695,28,0,46 43 44 3 45,2,7,,94555,17,0,34,2,3,,94599,28,0,46 43 44 3 45,2,7,,94749,17,0,34,2,3,,94671,28,0,46 43 44 3 45,2,7,,90614,17,0,34,2,3,,94605,28,0,46 43 44 3 45,2,7,,94583,17,0,34,2,3,,94525,28,0,46 43 44 3 45,2,7,,94752,17,0,34,2,3,,94600,28,0,46 43 44 3 45,2,7,,94541,17,0,34,2,43,,94683,28,0,46 43 44 3 45,2,7,,94688,17,0,34,2,3,,94718,28,0,46 43 44 3 45,2,7,,94689,17,0,34,2,3,,94699,28,0,46 43 44 3 45,2,7,,94623,17,0,34,2,3,,94515,28,0,46 43 44 3 45,2,7,,94705,17,0,34,2,2,,94662,17,,,2,1,,94650,28,0,46 43 44 3 45,2,8,,77963,17,0,34,2,1,,90651,28,0,46 43 44 3 45,2,8,,94679,28,0,46 43 44 3 45,2,42,,94638,17,0,34,2,8,,94611,28,0,46 43 44 3 45,2,2,,94733,17,0,34,2,7,,94674,28,0,46 43 44 3 45,2,3,,94762,17,0,34,2,7,,94552,28,0,46 43 44 3 45,2,3,,94585,17,0,34,2,1,,94703,17,,,2,6,,94551,28,0,46 43 44 3 45,2,3,,94529,17,0,34,2,8,,94521,28,0,46 43 44 3 45,2,2,,94549,17,0,34,2,8,,94545,28,0,46 43 44 3 45,2,42,,94539,17,0,34,2,3,,94654,28,,,2,5,,94647,28,0,46 43 44 3 45,2,2,,94518,17,0,34,2,8,,94572,28,0,46 43 44 3 45,2,2,,76031,17,0,34,2,8,,94737,28,0,46 43 44 3 45,2,2,,94685,17,0,34,2,8,,94580,28,0,46 43 44 3 45,2,2,,94630,17,0,34,2,8,,94582,28,0,46 43 44 3 45,2,2,,94540,17,0,34,2,8,,94595,28,0,46 43 44 3 45,2,42,,94639,17,0,34,2,8,,94648,28,0,46 43 44 3 45,2,2,,94641,17,0,34,2,9,,94744,28,0,46 43 44 3 45,2,1,,94612,17,0,34,2,9,,94672,28,0,46 43 44 3 45,2,1,,94673,17,0,34,2,8,,94664,28,0,46 43 44 3 45,2,2,,94766,17,0,34,2,8,,94564,28,0,46 43 44 3 45,2,2,,94620,17,0,34,2,8,,94643,28,0,46 43 44 3 45,2,42,,94631,17,0,34,2,8,,94696,28,0,46 43 44 3 45,2,2,,94567,17,0,34,2,8,,94575,28,0,46 43 44 3 45,2,2,,94676,17,0,34,2,3,,94669,28,,,2,5,,94546,28,0,46 43 44 3 45,2,2,,94732,17,0,34,2,8,,94743,28,0,46 43 44 3 45,2,2,,94626,17,0,34,2,8,,94731,28,0,46 43 44 3 45,2,2,,94670,17,0,34,2,8,,94554,28,0,46 43 44 3 45,2,42,,94624,17,0,34,2,8,,94584,28,0,46 43 44 3 45,2,2,,94617,17,0,34,2,8,,94755,28,0,46 43 44 3 45,2,2,,94543,17,0,34,2,8,,94522,28,0,46 43 44 3 45,2,2,,94655,17,0,34,2,8,,94675,28,0,46 43 44 3 45,2,2,,94621,17,0,34,2,8,,94657,28,0,46 43 44 3 45,2,2,,94548,17,0,34,2,8,,94666,28,0,46 43 44 3 45,2,42,,94557,17,0,34,2,8,,94622,28,0,46 43 44 3 45,2,2,,94547,17,0,34,2,8,,94569,28,0,46 43 44 3 45,2,2,,94526,17,0,34,2,8,,94581,28,0,46 43 44 3 45,2,2,,94746,17,0,34,2,5,,94556,28,0,46 43 44 3 45,2,5,,94565,17,0,34,2,5,,94677,28,0,46 43 44 3 45,2,5,,94601,17,0,34,2,5,,94598,28,0,46 43 44 3 45,2,45,,94760,17,0,34,2,5,,94770,28,0,46 43 44 3 45,2,5,,94614,17,0,34,2,5,,94707,28,0,46 43 44 3 45,2,5,,94765,17,0,34,2,1,,94691,17,,,2,4,,94740,28,0,46 43 44 3 45,2,5,,94652,17,0,34,2,5,,94702,28,0,46 43 44 3 45,2,5,,90034,17,0,34,2,5,,94745,28,0,46 43 44 3 45,2
50401,'2',527,,94895,30,0,46 43 44 3 45,2,10,,94908,17,0,34,2,10,,94877,30,0,46 43 44 3 45,2,10,,94937,17,0,34,2,45,,94852,30,0,46 43 44 3 45,2,10,,94933,17,0,34,2,5,,94803,30,0,46 43 44 3 45,2,5,,94855,17,0,34,2,5,,78102,30,0,46 43 44 3 45,2,5,,94914,17,0,34,2,5,,94962,28,0,46 43 44 3 45,2,5,,95002,17,0,34,2,5,,94956,28,0,46 43 44 3 45,2,5,,94986,17,0,34,2,5,,94931,28,0,46 43 44 3 45,2,45,,94779,17,0,34,2,5,,94845,28,0,46 43 44 3 45,2,5,,94873,17,0,34,2,5,,94965,28,0,46 43 44 3 45,2,5,,94918,17,0,34,2,5,,95012,28,0,46 43 44 3 45,2,5,,94963,17,0,34,2,5,,94948,28,0,46 43 44 3 45,2,5,,89447,17,0,34,2,5,,94828,28,0,46 43 44 3 45,2,5,,94843,17,0,34,2,5,,94851,28,0,46 43 44 3 45,2,45,,94897,17,0,34,2,5,,94919,28,0,46 43 44 3 45,2,6,,95004,17,0,34,2,6,,94878,28,0,46 43 44 3 45,2,6,,94794,17,0,34,2,6,,94862,28,0,46 43 44 3 45,2,6,,95007,17,0,34,2,7,,94882,28,0,46 43 44 3 45,2,5,,94994,17,0,34,2,5,,94913,28,0,46 43 44 3 45,2,5,,94945,17,0,34,2,45,,94976,28,0,46 43 44 3 45,2,5,,94792,17,0,34,2,5,,94958,28,0,46 43 44 3 45,2,5,,95028,17,0,34,2,5,,94941,28,0,46 43 44 3 45,2,5,,95005,17,0,34,2,5,,94836,28,0,46 43 44 3 45,2,5,,95030,17,0,34,2,5,,94783,28,0,46 43 44 3 45,2,5,,90813,17,0,34,2,5,,95016,28,0,46 43 44 3 45,2,5,,94787,17,0,34,2,45,,94775,28,0,46 43 44 3 45,2,5,,94810,17,0,34,2,5,,94930,28,0,46 43 44 3 45,2,5,,94899,17,0,34,2,5,,88526,28,0,46 43 44 3 45,2,5,,94907,17,0,34,2,5,,94890,28,0,46 43 44 3 45,2,5,,94814,17,0,34,2,5,,94829,28,0,46 43 44 3 45,2,5,,94996,17,0,34,2,5,,94871,28,0,46 43 44 3 45,2,5,,94989,17,0,34,2,45,,94796,28,0,46 43 44 3 45,2,5,,94893,17,0,34,2,5,,94791,28,0,46 43 44 3 45,2,5,,94988,17,0,34,2,5,,95003,28,0,46 43 44 3 45,2,5,,94981,17,0,34,2,5,,94950,28,0,46 43 44 3 45,2,5,,94846,17,0,34,2,5,,94859,28,0,46 43 44 3 45,2,5,,94905,17,0,34,2,5,,94960,28,0,46 43 44 3 45,2,5,,94880,17,0,34,2,45,,94926,28,0,46 43 44 3 45,2,5,,95008,17,0,34,2,5,,94938,28,0,46 43 44 3 45,2,5,,94979,17,0,34,2,5,,94831,28,0,46 43 44 3 45,2,5,,94815,17,0,34,2,5,,94772,28,0,46 43 44 3 45,2,5,,94968,17,0,34,2,5,,94834,28,0,46 43 44 3 45,2,7,,95023,17,0,34,2,51,,94970,28,0,46 43 44 3 45,2,1,,95025,17,0,34,2,10,,94811,17,0,34,2,1,,94916,28,0,46 43 44 3 45,2,9,,94826,17,0,34,2,1,,94789,28,0,46 43 44 3 45,2,9,,95009,17,0,34,2,1,,94802,28,0,46 43 44 3 45,2,9,,94889,17,0,34,2,1,,94812,28,0,46 43 44 3 45,2,9,,78767,17,0,34,2,1,,94966,28,0,46 43 44 3 45,2,49,,94955,17,0,34,2,1,,94819,28,0,46 43 44 3 45,2,9,,89422,17,0,34,2,1,,94840,28,0,46 43 44 3 45,2,9,,94863,17,0,34,2,1,,94982,28,0,46 43 44 3 45,2,9,,94991,17,0,34,2,1,,94844,28,0,46 43 44 3 45,2,9,,94969,17,0,34,2,1,,94992,28,0,46 43 44 3 45,2,9,,95001,17,0,34,2,1,,94781,28,0,46 43 44 3 45,2,49,,94887,17,0,34,2,1,,94799,28,0,46 43 44 3 45,2,9,,94825,17,0,34,2,1,,94910,28,0,46 43 44 3 45,2,9,,94813,17,0,34,2,1,,94894,28,0,46 43 44 3 45,2,9,,94884,17,0,34,2,1,,95017,28,0,46 43 44 3 45,2,9,,94850,17,0,34,2,1,,94793,28,0,46 43 44 3 45,2,9,,94904,17,0,34,2,1,,94817,28,0,46 43 44 3 45,2,49,,94934,17,0,34,2,1,,94816,28,0,46 43 44 3 45,2,9,,94821,17,0,34,2,1,,94928,28,0,46 43 44 3 45,2,9,,94961,17,0,34,2,1,,94774,28,0,46 43 44 3 45,2,9,,95029,17,0,34,2,1,,94901,28,0,46 43 44 3 45,2,9,,94869,17,0,34,2,1,,94980,28,0,46 43 44 3 45,2,9,,94912,17,0,34,2,1,,94858,28,0,46 43 44 3 45,2,49,,94909,17,0,34,2,1,,94822,28,0,46 43 44 3 45,2,9,,95000,17,0,34,2,1,,94782,28,0,46 43 44 3 45,2,9,,94820,17,0,34,2,1,,94987,28,0,46 43 44 3 45,2,9,,94947,17,0,34,2,1,,94940,28,0,46 43 44 3 45,2,9,,94795,17,0,34,2,1,,94773,28,0,46 43 44 3 45,2,9,,94984,17,0,34,2,1,,94808,28,0,46 43 44 3 45,2,49,,94993,17,0,34,2,1,,94997,28,0,46 43 44 3 45,2,9,,94800,17,0,34,2,1,,95022,28,0,46 43 44 3 45,2,9,,94954,17,0,34,2,1,,94935,28,0,46 43 44 3 45,2,9,,94847,17,0,34,2,1,,94879,28,0,46 43 44 3 45,2,9,,94888,17,0,34,2,1,,94865,28,0,46 43 44 3 45,2,9,,94903,17,0,34,2,1,,94827,28,0,46 43 44 3 45,2,49,,94835,17,0,34,2,1,,95010,28,0,46 43 44 3 45,2,4,,95032,28,0,46 43 44 3 45,2,4,,94944,17,0,34,2,5,,94805,28,0,46 43 44 3 45,2,5,,94818,17,0,34,2,5,,82680,28,0,46 43 44 3 45,2,5,,94902,17,0,34,2,5,,94972,28,0,46 43 44 3 45,2,5,,94872,17,0,34,2,5,,94978,28,0,46 43 44 3 45,2,5,,94883,17,0,34,2,2,,94867,17,,,2,3,,94778,28,0,46 43 44 3 45,2,45,,94999,17,0,34,2,5,,94790,28,0,46 43 44 3 45,2,5,,94866,17,0,34,2,5,,94832,28,0,46 43 44 3 45,2,5,,94785,17,0,34,2,4,,94927,28,0,46 43 44 3 45,2,6,,94848,17,0,34,2,4,,94929,28,0,46 43 44 3 45,2,6,,95013,17,0,34,2,4,,94959,28,0,46 43 44 3 45,2,6,,94936,17,0,34,2,4,,94777,28,0,46 43 44 3 45,2,46,,94824,17,0,34,2,4,,95018,28,0,46 43 44 3 45,2,6,,94830,17,0,34,2,4,,94849,28,0,46 43 44 3 45,2,6,,94860,17,0,34,2,4,,94854,28,0,46 43 44 3 45,2,6,,94975,17,0,34,2,4,,94842,28,0,46 43 44 3 45,2,6,,94798,17,0,34,2,4,,94892,28,0,46 43 44 3 45,2,6,,95006,17,0,34,2,4,,94875,28,0,46 43 44 3 45,2,46,,94856,17,0,34,2,4,,94925,28,0,46 43 44 3 45,2,6,,80972,17,0,34,2,4,,94932,28,0,46 43 44 3 45,2,6,,94839,17,0,34,2,4,,94964,28,0,46 43 44 3 45,2,6,,94922,17,0,34,2,2,,94942,17,,,2,4,,88523,28,0,46 43 44 3 45,2,4,,94990,17,0,34,2,7,,94943,28,0,46 43 44 3 45,2,5,,94784,17,0,34,2,46,,94807,28,0,46 43 44 3 45,2,4,,94837,17,0,34,2,6,,94806,28,0,46 43 44 3 45,2,4,,94967,17,0,34,2,6,,95015,28,0,46 43 44 3 45,2,4,,95026,17,0,34,2,6,,94920,28,0,46 43 44 3 45,2,4,,94900,17,0,34,2,6,,94896,28,0,46 43 44 3 45,2,4,,94898,17,0,34,2,6,,94861,28,0,46 43 44 3 45,2,4,,95019,17,0,34,2,46,,94924,28,0,46 43 44 3 45,2,4,,94876,17,0,34,2,6,,94983,28,0,46 43 44 3 45,2,4,,94868,17,0,34,2,6,,94804,28,0,46 43 44 3 45,2,4,,94971,17,0,34,2,6,,95020,28,0,46 43 44 3 45,2,4,,94809,17,0,34,2,6,,94939,28,0,46 43 44 3 45,2,4,,94921,17,0,34,2,6,,94874,28,0,46 43 44 3 45,2,4,,95031,17,0,34,2,46,,94917,28,0,46 43 44 3 45,2,4,,94853,17,0,34,2,6,,94946,28,0,46 43 44 3 45,2,4,,94952,17,0,34,2,6,,94833,28,0,46 43 44 3 45,2,4,,94973,17,0,34,2,6,,95024,28,0,46 43 44 3 45,2,4,,94885,17,0,34,2,6,,94801,28,0,46 43 44 3 45,2,4,,94949,17,0,34,2,5,,94911,28,0,46 43 44 3 45,2,5,,94906,17,0,34,2,5,,94977,28,0,46 43 44 3 45,2,45,,94881,17,0,34,2,5,,94957,28,0,46 43 44 3 45,2,5,,95027,17,0,34,2,5,,94886,28,0,46 43 44 3 45,2,5,,94776,17,0,34,2,5,,94985,28,0,46 43 44 3 45,2,5,,94891,17,0,34,2,5,,94786,28,0,46 43 44 3 45,2,2,,94857,17,0,34,2,1,,94974,28,,,2,6,,94780,17,,,2,2,,95014,28,0,46 43 44 3 45,2,8,,94823,17,,,2
50401,'3',751,,95076,17,0,34,2,54,,85946,17,0,34,2,14,,95245,17,0,34,2,14,,95035,17,0,34,2,14,,95041,17,0,34,2,7,,95237,28,0,46 43 44 3 45,2,47,,95082,17,0,34,2,7,,95049,28,0,46 43 44 3 45,2,7,,95158,17,0,34,2,5,,95149,17,0,34,2,4,,95119,28,0,46 43 44 3 45,2,9,,95059,17,0,34,2,5,,95189,28,0,46 43 44 3 45,2,7,,95163,17,0,34,2,3,,95090,28,0,46 43 44 3 45,2,7,,95063,17,0,34,2,4,,95195,28,0,46 43 44 3 45,2,46,,95244,17,0,34,2,3,,95171,28,0,46 43 44 3 45,2,7,,95242,17,0,34,2,3,,95135,28,0,46 43 44 3 45,2,7,,95146,17,0,34,2,3,,95200,28,0,46 43 44 3 45,2,7,,95202,17,0,34,2,3,,95161,28,0,46 43 44 3 45,2,7,,95096,17,0,34,2,3,,95210,28,0,46 43 44 3 45,2,7,,95187,17,0,34,2,3,,95190,28,0,46 43 44 3 45,2,47,,95127,17,0,34,2,3,,95043,28,0,46 43 44 3 45,2,7,,95154,17,0,34,2,3,,95053,28,0,46 43 44 3 45,2,7,,95114,17,0,34,2,3,,95097,28,0,46 43 44 3 45,2,7,,90932,17,0,34,2,3,,95213,28,0,46 43 44 3 45,2,7,,95147,17,0,34,2,3,,95234,28,0,46 43 44 3 45,2,7,,95144,17,0,34,2,3,,95252,28,0,46 43 44 3 45,2,47,,95250,17,0,34,2,3,,95233,28,0,46 43 44 3 45,2,8,,95136,17,0,34,2,12,,95117,28,0,46 43 44 3 45,2,1,,95056,17,0,34,2,9,,95073,28,0,46 43 44 3 45,2,2,,95109,17,0,34,2,8,,95062,28,0,46 43 44 3 45,2,2,,95160,17,0,34,2,8,,95206,28,0,46 43 44 3 45,2,42,,95093,17,0,34,2,8,,95060,28,0,46 43 44 3 45,2,2,,95052,17,0,34,2,8,,95080,28,0,46 43 44 3 45,2,2,,95251,17,0,34,2,8,,95108,28,0,46 43 44 3 45,2,2,,95214,17,0,34,2,8,,95094,28,0,46 43 44 3 45,2,2,,95157,17,0,34,2,8,,95066,28,0,46 43 44 3 45,2,2,,95051,17,0,34,2,8,,95223,28,0,46 43 44 3 45,2,42,,95131,17,0,34,2,8,,95140,28,0,46 43 44 3 45,2,2,,95047,17,0,34,2,8,,95167,28,0,46 43 44 3 45,2,2,,95220,17,0,34,2,8,,95038,28,0,46 43 44 3 45,2,2,,95209,17,0,34,2,8,,95048,28,0,46 43 44 3 45,2,2,,95203,17,0,34,2,8,,95232,28,0,46 43 44 3 45,2,2,,95215,17,0,34,2,8,,95100,28,0,46 43 44 3 45,2,42,,95218,17,0,34,2,8,,95184,28,0,46 43 44 3 45,2,2,,95126,17,0,34,2,8,,95105,28,0,46 43 44 3 45,2,2,,95143,17,0,34,2,8,,95078,28,0,46 43 44 3 45,2,2,,95089,17,0,34,2,8,,95186,28,0,46 43 44 3 45,2,2,,95172,17,0,34,2,8,,95227,28,0,46 43 44 3 45,2,2,,95091,17,0,34,2,8,,95095,28,0,46 43 44 3 45,2,42,,95229,17,0,34,2,8,,95155,28,0,46 43 44 3 45,2,2,,95221,17,0,34,2,8,,95238,28,0,46 43 44 3 45,2,2,,95132,17,0,34,2,8,,95192,28,0,46 43 44 3 45,2,2,,95055,17,0,34,2,8,,95180,28,0,46 43 44 3 45,2,2,,95224,17,0,34,2,8,,95125,28,0,46 43 44 3 45,2,2,,95045,17,0,34,2,8,,95103,28,0,46 43 44 3 45,2,42,,95183,17,0,34,2,8,,95175,28,0,46 43 44 3 45,2,2,,95247,17,0,34,2,8,,95085,28,0,46 43 44 3 45,2,2,,95165,17,0,34,2,8,,95092,28,0,46 43 44 3 45,2,2,,95042,17,0,34,2,8,,95248,28,0,46 43 44 3 45,2,2,,76586,17,0,34,2,8,,95111,28,0,46 43 44 3 45,2,2,,95159,17,0,34,2,8,,95181,28,0,46 43 44 3 45,2,42,,95230,17,0,34,2,8,,95201,28,0,46 43 44 3 45,2,2,,95141,17,0,34,2,8,,95036,28,0,46 43 44 3 45,2,2,,95225,17,0,34,2,8,,95065,28,0,46 43 44 3 45,2,2,,95212,17,0,34,2,8,,95046,28,0,46 43 44 3 45,2,2,,95039,17,0,34,2,8,,95235,28,0,46 43 44 3 45,2,2,,95231,17,0,34,2,8,,95086,28,0,46 43 44 3 45,2,42,,95166,17,0,34,2,7,,95137,28,0,46 43 44 3 45,2,3,,78188,17,0,34,2,3,,95106,17,,,2,3,,95070,28,0,46 43 44 3 45,2,6,,95173,17,0,34,2,4,,95081,28,0,46 43 44 3 45,2,5,,95033,17,0,34,2,5,,95148,28,0,46 43 44 3 45,2,5,,95058,17,0,34,2,2,,95120,28,0,46 43 44 3 45,2,8,,95075,17,0,34,2,2,,95193,28,0,46 43 44 3 45,2,48,,95182,17,0,34,2,2,,95072,28,0,46 43 44 3 45,2,8,,95083,17,0,34,2,2,,95084,28,0,46 43 44 3 45,2,8,,95246,17,0,34,2,2,,95228,28,0,46 43 44 3 45,2,8,,95169,17,0,34,2,2,,95068,28,0,46 43 44 3 45,2,8,,95071,17,0,34,2,2,,95168,28,0,46 43 44 3 45,2,8,,95151,17,0,34,2,2,,95067,28,0,46 43 44 3 45,2,48,,95153,17,0,34,2,2,,95188,28,0,46 43 44 3 45,2,8,,95142,17,0,34,2,2,,95123,28,0,46 43 44 3 45,2,8,,95102,17,0,34,2,2,,95128,28,0,46 43 44 3 45,2,8,,95219,17,0,34,2,2,,95152,28,0,46 43 44 3 45,2,8,,95040,17,0,34,2,2,,95198,28,0,46 43 44 3 45,2,8,,76003,17,0,34,2,2,,95204,28,0,46 43 44 3 45,2,48,,95088,17,0,34,2,2,,95222,28,0,46 43 44 3 45,2,8,,95226,17,0,34,2,2,,87828,28,0,46 43 44 3 45,2,4,,95139,28,,,2,4,,95197,17,0,34,2,4,,95178,28,0,46 43 44 3 45,2,7,,95099,17,0,34,2,3,,95124,28,0,46 43 44 3 45,2,7,,95057,17,0,34,2,3,,95050,28,0,46 43 44 3 45,2,7,,95112,17,0,34,2,3,,95130,28,0,46 43 44 3 45,2,47,,95098,17,0,34,2,3,,95074,28,0,46 43 44 3 45,2,2,,95217,17,,,2,5,,75925,17,0,34,2,3,,95110,28,0,46 43 44 3 45,2,7,,95077,17,0,34,2,3,,95138,28,0,46 43 44 3 45,2,7,,95156,17,0,34,2,3,,95107,28,0,46 43 44 3 45,2,7,,95194,17,0,34,2,3,,95211,28,0,46 43 44 3 45,2,7,,95191,17,0,34,2,3,,95185,28,0,46 43 44 3 45,2,47,,95199,17,0,34,2,3,,95207,28,0,46 43 44 3 45,2,7,,95205,17,0,34,2,3,,95087,28,0,46 43 44 3 45,2,7,,95239,17,0,34,2,3,,95115,28,0,46 43 44 3 45,2,7,,95145,17,0,34,2,3,,95079,28,0,46 43 44 3 45,2,7,,95176,17,0,34,2,3,,95121,28,0,46 43 44 3 45,2,7,,95243,17,0,34,2,3,,95104,28,0,46 43 44 3 45,2,47,,95113,17,0,34,2,3,,95069,28,0,46 43 44 3 45,2,7,,95150,17,0,34,2,3,,95216,28,0,46 43 44 3 45,2,7,,95122,17,0,34,2,3,,95129,28,0,46 43 44 3 45,2,7,,95162,17,0,34,2,3,,95054,28,0,46 43 44 3 45,2,7,,95240,17,0,34,2,3,,95061,28,0,46 43 44 3 45,2,7,,95133,17,0,34,2,3,,95034,28,0,46 43 44 3 45,2,47,,95179,17,0,34,2,3,,95064,28,0,46 43 44 3 45,2,7,,95208,17,0,34,2,3,,95249,28,0,46 43 44 3 45,2,5,,95116,28,,,2,2,,95101,17,0,34,2,8,,95044,28,0,46 43 44 3 45,2,2,,95241,17,0,34,2,10,,95164,17,0,34,2,3,,95037,28,0,46 43 44 3 45,2,2,,95236,17,,,2
50401,'5',545,,95351,17,0,34,2,7,,95407,30,0,46 43 44 3 45,2,7,,95309,17,0,34,2,47,,95303,30,0,46 43 44 3 45,2,7,,95397,17,0,34,2,7,,95373,30,0,46 43 44 3 45,2,7,,95340,17,0,34,2,7,,95313,28,0,46 43 44 3 45,2,7,,95429,17,0,34,2,7,,95284,28,0,46 43 44 3 45,2,7,,95274,17,0,34,2,47,,95488,28,0,46 43 44 3 45,2,7,,95255,17,0,34,2,7,,95499,28,0,46 43 44 3 45,2,7,,95446,17,0,34,2,7,,95368,28,0,46 43 44 3 45,2,7,,95408,17,0,34,2,7,,95282,28,0,46 43 44 3 45,2,7,,95294,17,0,34,2,7,,95405,28,0,46 43 44 3 45,2,47,,95413,17,0,34,2,7,,95438,28,0,46 43 44 3 45,2,7,,95288,17,0,34,2,7,,95395,28,0,46 43 44 3 45,2,7,,95467,17,0,34,2,7,,95369,28,0,46 43 44 3 45,2,7,,95364,17,0,34,2,7,,95334,28,0,46 43 44 3 45,2,47,,95431,17,0,34,2,7,,95276,28,0,46 43 44 3 45,2,7,,95291,17,0,34,2,5,,95388,17,0,34,2,4,,95317,28,0,46 43 44 3 45,2,9,,95420,17,0,34,2,5,,95470,28,0,46 43 44 3 45,2,7,,95321,17,0,34,2,3,,95269,28,0,46 43 44 3 45,2,7,,95256,17,0,34,2,4,,95298,28,0,46 43 44 3 45,2,46,,95399,17,0,34,2,3,,95487,28,0,46 43 44 3 45,2,7,,95332,17,0,34,2,3,,95424,28,0,46 43 44 3 45,2,7,,95296,17,0,34,2,3,,95326,28,0,46 43 44 3 45,2,7,,95356,17,0,34,2,3,,95479,28,0,46 43 44 3 45,2,7,,95260,17,0,34,2,3,,95352,28,0,46 43 44 3 45,2,7,,95354,17,0,34,2,3,,95504,28,0,46 43 44 3 45,2,47,,95460,17,0,34,2,3,,95342,28,0,46 43 44 3 45,2,7,,95454,17,0,34,2,3,,95283,28,0,46 43 44 3 45,2,7,,95444,17,0,34,2,3,,95361,28,0,46 43 44 3 45,2,7,,95360,17,0,34,2,3,,95376,28,0,46 43 44 3 45,2,7,,95357,17,0,34,2,3,,95390,28,0,46 43 44 3 45,2,7,,95316,17,0,34,2,3,,95473,28,0,46 43 44 3 45,2,47,,95366,17,0,34,2,3,,95410,28,0,46 43 44 3 45,2,8,,95337,17,0,34,2,5,,95323,28,0,46 43 44 3 45,2,8,,95435,17,0,34,2,9,,95293,28,0,46 43 44 3 45,2,2,,95406,17,0,34,2,8,,95497,28,0,46 43 44 3 45,2,2,,95336,17,0,34,2,8,,95378,28,0,46 43 44 3 45,2,42,,95345,17,0,34,2,8,,95480,28,0,46 43 44 3 45,2,2,,95279,17,0,34,2,8,,95491,28,0,46 43 44 3 45,2,2,,95307,17,0,34,2,8,,95290,28,0,46 43 44 3 45,2,2,,95456,17,0,34,2,8,,95452,28,0,46 43 44 3 45,2,2,,95322,17,0,34,2,8,,95494,28,0,46 43 44 3 45,2,2,,95362,17,0,34,2,8,,95268,28,0,46 43 44 3 45,2,42,,95383,17,0,34,2,8,,95339,28,0,46 43 44 3 45,2,2,,95466,17,0,34,2,8,,95358,28,0,46 43 44 3 45,2,2,,95493,17,0,34,2,8,,95259,28,0,46 43 44 3 45,2,2,,95440,17,0,34,2,8,,95427,28,0,46 43 44 3 45,2,2,,95380,17,0,34,2,8,,95367,28,0,46 43 44 3 45,2,2,,95437,17,0,34,2,8,,95426,28,0,46 43 44 3 45,2,42,,95447,17,0,34,2,8,,95461,28,0,46 43 44 3 45,2,2,,95433,17,0,34,2,8,,95261,28,0,46 43 44 3 45,2,2,,95348,17,0,34,2,8,,95330,28,0,46 43 44 3 45,2,2,,95263,17,0,34,2,8,,95398,28,0,46 43 44 3 45,2,2,,95457,17,0,34,2,8,,95477,28,0,46 43 44 3 45,2,2,,95430,17,0,34,2,8,,95384,28,0,46 43 44 3 45,2,42,,95319,17,0,34,2,8,,95297,28,0,46 43 44 3 45,2,2,,95315,17,0,34,2,8,,95414,28,0,46 43 44 3 45,2,2,,95425,17,0,34,2,8,,95459,28,0,46 43 44 3 45,2,2,,95500,17,0,34,2,8,,95264,28,0,46 43 44 3 45,2,2,,95463,17,0,34,2,8,,95462,28,0,46 43 44 3 45,2,2,,95416,17,0,34,2,8,,95253,28,0,46 43 44 3 45,2,42,,95328,17,0,34,2,8,,95489,28,0,46 43 44 3 45,2,2,,95280,17,0,34,2,8,,95484,28,0,46 43 44 3 45,2,2,,95341,17,0,34,2,8,,95372,28,0,46 43 44 3 45,2,2,,76025,17,0,34,2,8,,95292,28,0,46 43 44 3 45,2,2,,95439,17,0,34,2,8,,95302,28,0,46 43 44 3 45,2,2,,95445,17,0,34,2,8,,95418,28,0,46 43 44 3 45,2,42,,95324,17,0,34,2,8,,95285,28,0,46 43 44 3 45,2,2,,95355,17,0,34,2,8,,95257,28,0,46 43 44 3 45,2,2,,95382,17,0,34,2,8,,95311,28,0,46 43 44 3 45,2,2,,95331,17,0,34,2,8,,95442,28,0,46 43 44 3 45,2,2,,95475,17,0,34,2,8,,95402,28,0,46 43 44 3 45,2,2,,95363,17,0,34,2,8,,95262,28,0,46 43 44 3 45,2,42,,95266,17,0,34,2,5,,95272,28,0,46 43 44 3 45,2,5,,95277,17,0,34,2,3,,95485,17,,,2,2,,95381,28,0,46 43 44 3 45,2,7,,95441,17,0,34,2,1,,95394,28,0,46 43 44 3 45,2,8,,95393,17,0,34,2,2,,95325,28,0,46 43 44 3 45,2,8,,95502,17,0,34,2,2,,95287,28,0,46 43 44 3 45,2,8,,95421,17,0,34,2,2,,95411,28,0,46 43 44 3 45,2,48,,95335,17,0,34,2,2,,95486,28,0,46 43 44 3 45,2,8,,95370,17,0,34,2,2,,95496,28,0,46 43 44 3 45,2,8,,95375,17,0,34,2,2,,95320,28,0,46 43 44 3 45,2,8,,95478,17,0,34,2,2,,95305,28,0,46 43 44 3 45,2,8,,95419,17,0,34,2,2,,95275,28,0,46 43 44 3 45,2,8,,95482,17,0,34,2,2,,95312,28,0,46 43 44 3 45,2,48,,95389,17,0,34,2,2,,95451,28,0,46 43 44 3 45,2,8,,95422,17,0,34,2,2,,95412,28,0,46 43 44 3 45,2,8,,95436,17,0,34,2,2,,95304,28,0,46 43 44 3 45,2,8,,95338,17,0,34,2,2,,95469,28,0,46 43 44 3 45,2,8,,95448,17,0,34,2,2,,95471,28,0,46 43 44 3 45,2,8,,95492,17,0,34,2,2,,95333,28,0,46 43 44 3 45,2,48,,95474,17,0,34,2,2,,95404,28,0,46 43 44 3 45,2,8,,95377,17,0,34,2,2,,95476,28,0,46 43 44 3 45,2,4,,95346,28,,,2,4,,95415,17,0,34,2,5,,95359,28,0,46 43 44 3 45,2,6,,95428,17,0,34,2,3,,95365,28,0,46 43 44 3 45,2,7,,95432,17,0,34,2,3,,95495,28,0,46 43 44 3 45,2,7,,95286,17,0,34,2,3,,95265,28,0,46 43 44 3 45,2,47,,95295,17,0,34,2,3,,95490,28,0,46 43 44 3 45,2,2,,95468,17,,,2,5,,95483,17,0,34,2,3,,95472,28,0,46 43 44 3 45,2,7,,95349,17,0,34,2,3,,84428,28,0,46 43 44 3 45,2,7,,95314,17,0,34,2,3,,95271,28,0,46 43 44 3 45,2,7,,95350,17,0,34,2,3,,95403,28,0,46 43 44 3 45,2,7,,95464,17,0,34,2,3,,95434,28,0,46 43 44 3 45,2,47,,95458,17,0,34,2,3,,95443,28,0,46 43 44 3 45,2,7,,95299,17,0,34,2,3,,95278,28,0,46 43 44 3 45,2,7,,95273,17,0,34,2,3,,95450,28,0,46 43 44 3 45,2,7,,95455,17,0,34,2,3,,95347,28,0,46 43 44 3 45,2,7,,95267,17,0,34,2,3,,95498,28,0,46 43 44 3 45,2,7,,95301,17,0,34,2,3,,95318,28,0,46 43 44 3 45,2,47,,95481,17,0,34,2,3,,95385,28,0,46 43 44 3 45,2,7,,95391,17,0,34,2,3,,95449,28,0,46 43 44 3 45,2,7,,95353,17,0,34,2,3,,95501,28,0,46 43 44 3 45,2,7,,95423,17,0,34,2,3,,95386,28,0,46 43 44 3 45,2,7,,95281,17,0,34,2,3,,95306,28,0,46 43 44 3 45,2,7,,95300,17,0,34,2,3,,95371,28,0,46 43 44 3 45,2,47,,95453,17,0,34,2,3,,86297,28,0,46 43 44 3 45,2,7,,95417,17,0,34,2,3,,95374,28,0,46 43 44 3 45,2,5,,95392,28,,,2,2,,95270,17,0,34,2,8,,95503,28,0,46 43 44 3 45,2,2,,95308,17,0,34,2,10,,95329,17,0,34,2,1,,95343,28,0,46 43 44 3 45,2,7,,95310,17,,,2,7,,95254,28,0,46 43 44 3 45,2,43,,95344,17,,,2
